1
0
23
7.0704721523395652749144346671528182923794e-01
3.5269390818943657794903856483870185911655e-01
3.2428940851398502243085886220796965062618e-01
6.4318936757605393861325637772097252309322e-01
0.0000000000000000000000000000000000000000e+00
5.9232611087240805147757782833650708198547e-01
7.2429970804447540988491027746931649744511e-01
2.9236371126721644175816550159652251750231e-01
8.3624964889021635716659375248127616941929e-01
8.5909645047892901903452411715989001095295e-01
7.4351718365252661424591451577725820243359e-01
5.7460778640912324455314319493481889367104e-01
5.4655316331586289990696059248875826597214e-01
4.1682379950361103659872696880483999848366e-01
1.0000000000000000000000000000000000000000e+00
1.0000000000000000000000000000000000000000e+00
0.0000000000000000000000000000000000000000e+00
1.0000000000000000000000000000000000000000e+00
8.0434229765778320064839590486371889710426e-01
6.5757931352999476892762231727829203009605e-01
9.2878319548184373743993091920856386423111e-01
1.0000000000000000000000000000000000000000e+00
2.4875425474913806511700897772243479266763e-01
6.8569375500365903342014917143387719988823e-01
5.0364317218176202217705395014490932226181e-01
4.9501754383823415306409287950373254716396e-01
5.9895922608919249796599615365266799926758e-01
7.2278251568345974753526661515934392809868e-01
7.6922812321573996729995315035921521484852e-01
3.2676315850213805136448286248196382075548e-01
6.1250513318562527231847525399643927812576e-01
7.3383752295910986696014788321917876601219e-01
7.9013970239088882063782648401684127748013e-01
6.6767193516296330368930966869811527431011e-01
2.7149998218908577563013295730343088507652e-01
9.1434295832268552839394715192611329257488e-01
5.4944256684922898603673502293531782925129e-01
1.2237211980381104692305882508662762120366e-01
5.1038892757421061574518716952297836542130e-01
4.7365360928878830204524774671881459653378e-01
7.9013970239088959779394372162641957402229e-01
6.0028095517488100352210267374175600707531e-01
2.1261850709731522357515132171101868152618e-01
9.9999999999999922284388276239042170345783e-01
5.4661172120253331829786702655837871134281e-01
6.0028095517488100352210267374175600707531e-01
0.0000000000000000000000000000000000000000e+00
5.2373623318957240879711889647296629846096e-01
5.1837928750143758005464178495458327233791e-01
4.6243686355671737020500700054981280118227e-01
8.4491405466652402811433830720488913357258e-01
1.4262135602253578348097562411567196249962e-01
5.6843382203656500628596859314711764454842e-01
5.3220320877861437836031655024271458387375e-01
4.0520726807314971784634849427675362676382e-01
6.3943504915365279028804934569052420556545e-01
1.4262135602253578348097562411567196249962e-01
5.0070249009299272469064590040943585336208e-01
4.9693725871907312718889215830131433904171e-01
6.1886958684002113528777044848538935184479e-01
7.4270539552184411391522189660463482141495e-01
2.6163793028818532748758229899976868182421e-01
9.7556644985909690692693629898712970316410e-01
5.3220320877861437836031655024271458387375e-01
6.5929470957038160960905770480167120695114e-01
4.2181756084617028079719602828845381736755e-01
2.3880490123675293667737662417493993416429e-01
1.9173347781423159125191446605640521738678e-02
7.1289838213130840571807311789598315954208e-01
4.1096883768657360702647451944358181208372e-01
5.7366173541116172174270104733295738697052e-01
7.3068447974126116140070053006638772785664e-01
1.0000000000000000000000000000000000000000e+00
7.3342456201955807948422716435743495821953e-01
5.2698656154755529890110210544662550091743e-01
6.1250513318562527231847525399643927812576e-01
7.7132578076926006094282683989149518311024e-01
5.8991329460423402863966657605487853288651e-01
8.5310351816647689293660050680045969784260e-01
4.1096883768657360702647451944358181208372e-01
6.3281739111530344032985340163577347993851e-01
1.0000000000000000000000000000000000000000e+00
1.0000000000000000000000000000000000000000e+00
1.0000000000000000000000000000000000000000e+00
4.6436884687268475957466762338299304246902e-01
8.9230756182778603324834421073319390416145e-01
9.8304638890271611728621792281046509742737e-01
6.2005294097123053731479558337014168500900e-01
1.0000000000000000000000000000000000000000e+00
5.6769597634530133412056329689221456646919e-01
5.2823146968174761184400267666205763816833e-01
7.0548412968408968914957313245395198464394e-01
0.0000000000000000000000000000000000000000e+00
8.9240351383843119492667028680443763732910e-01
4.5031473998071014364086295245215296745300e-01
1.0000000000000000000000000000000000000000e+00
6.3406742667562177029338954525883309543133e-01
3.5205824181657430216318971361033618450165e-01
6.1973801861750765773706461914116516709328e-01
9.3593758251882563925505564839113503694534e-01
5.4755597520659604615644866498769260942936e-01
5.7468934653875525242483490728773176670074e-01
2.8937683777795819572986601997399702668190e-01
3.0747727488611342749891264247708022594452e-01
6.3497975228985037432494209497235715389252e-01
3.0211849133498597241853644845832604914904e-01
0.0000000000000000000000000000000000000000e+00
6.9547649769047437118274501699488610029221e-01
5.4588698971295179784846141046728007495403e-01
7.6578826271081956722497352529899217188358e-01
6.9547649769047437118274501699488610029221e-01
1.0000000000000000000000000000000000000000e+00
5.9268609365550795065047395837609656155109e-01
5.4944256684922976319285226054489612579346e-01
6.9547649769047437118274501699488610029221e-01
5.9491016096577298277736645104596391320229e-01
5.8587877504005814177645561358076520264149e-01
4.8187962264383482624552357265201862901449e-01
4.9207171538737809468599948559131007641554e-01
7.3736301817227101196294825058430433273315e-01
6.6056240024778212216460815398022532463074e-01
5.6978463050834003700284569049472338519990e-02
5.3178094590841451516638471730402670800686e-01
6.8476915313103137172845435998169705271721e-01
6.2086461732493813947542093956144526600838e-01
5.7460778640912324455314319493481889367104e-01
5.5170526327710134317783285951009020209312e-01
8.8220268570732129909117702482035383582115e-01
5.3178094590841451516638471730402670800686e-01
6.9547649769047370504893024190096184611320e-01
2.7808920313634066801000699342694133520126e-01
6.6790348703411361874771046132082119584084e-01
4.8161199158357553828935238016129005700350e-01
6.2755708842720570039830363384680822491646e-01
5.0364317218176057888712193744140677154064e-01
7.8003604168157192333410421269945800304413e-01
6.3076894217883427984361333074048161506653e-01
2.7808920313634066801000699342694133520126e-01
6.1921883585296622065641258814139291644096e-01
6.0339891798415068446814757407992146909237e-01
7.9013970239088882063782648401684127748013e-01
8.1615984841730693233330384828150272369385e-01
4.5793620570140014525151173074846155941486e-01
7.4783053483408756800798755648429505527020e-01
6.5582538251981692400960355371353216469288e-01
7.8877059916068481548734325770055875182152e-01
3.6543523964042728957579697635082993656397e-01
3.8044689426900724082969418304855935275555e-01
3.6158145145453807201008089577953796833754e-01
7.6486254045543056179212726419791579246521e-01
5.2014490281793701598189727519638836383820e-01
7.4837376624791895896038340652012266218662e-01
5.9268609365550795065047395837609656155109e-01
5.4695424333201914102176033338764682412148e-01
3.4961499685866892495056390544050373136997e-01
7.5547942498427278490424896517652086913586e-01
4.7903538469560269508207284161471761763096e-01
1.0000000000000000000000000000000000000000e+00
1.0000000000000000000000000000000000000000e+00
1.2903681393073912486713084035727661103010e-01
6.7483163267854373579268667526775971055031e-01
5.2409837443834439429934946019784547388554e-01
6.9799288859681296592896160291275009512901e-01
5.2409837443834439429934946019784547388554e-01
5.3251199812993765814184143891907297074795e-01
4.1872764535965090182401127094635739922523e-01
5.0053198761946859907112639120896346867085e-01
4.4253211539273440422448402387090027332306e-01
2.6893088894175398717578673313255421817303e-01
1.5967975422878938340787158267630729824305e-01
4.9828485123660160027725396503228694200516e-01
3.4961499685866892495056390544050373136997e-01
0.0000000000000000000000000000000000000000e+00
8.5522323753937035117900222758180461823940e-01
3.9685909044380512922245429763279389590025e-01
5.7366173541116172174270104733295738697052e-01
7.0260097391073028649799425693345256149769e-01
3.7395653338476486649000207762583158910275e-01
8.6299557121412306948116111016133800148964e-01
4.7739293201472460248524498638289514929056e-01
6.1250513318562527231847525399643927812576e-01
5.0457961017656494107086473377421498298645e-01
4.3921245611654730067741070342890452593565e-01
4.9693725871907706848062957760703284293413e-01
9.2885991072550544433994446080760098993778e-01
5.9441531366935340674473309263703413307667e-01
4.3723795835585554936386643021251074969769e-01
9.7117491659613486287838668431504629552364e-01
7.3258428849177747999021903524408116936684e-01
6.8616449121968448032760079513536766171455e-01
2.5240510752052414122914569816202856600285e-01
2.2427600914821921307407137646805495023727e-01
7.2389456082362213518166527137509547173977e-01
6.0339891798415068446814757407992146909237e-01
6.6273292463369504190495717921294271945953e-01
7.6648654906595925506707089880364947021008e-01
3.5882325484048088748423310789803508669138e-01
8.5226202582924681649956255569122731685638e-01
6.8785788806885939106194882697309367358685e-01
6.8785788806885939106194882697309367358685e-01
5.5474835985323989184792026208015158772469e-01
4.0978684447551094738315669019357301294804e-01
3.8690676067101176238693938103097025305033e-01
5.5433422411939414775616796760004945099354e-01
6.6353133595610735984138273124699480831623e-01
4.8484754084771575222134742944035679101944e-01
7.2389456082362213518166527137509547173977e-01
5.9233670577452168792831344035221263766289e-01
5.1044806133500197908858808659715577960014e-01
6.4460976412662140955234235661919228732586e-01
6.0209865308956700413745011246646754443645e-01
3.5882325484048088748423310789803508669138e-01
3.2428940851398502243085886220796965062618e-01
0.0000000000000000000000000000000000000000e+00
2.9236371126721644175816550159652251750231e-01
5.7460778640912324455314319493481889367104e-01
0.0000000000000000000000000000000000000000e+00
2.4875425474913806511700897772243479266763e-01
3.2676315850213805136448286248196382075548e-01
1.2237211980381104692305882508662762120366e-01
0.0000000000000000000000000000000000000000e+00
1.4262135602253578348097562411567196249962e-01
1.9173347781423159125191446605640521738678e-02
4.1096883768657360702647451944358181208372e-01
0.0000000000000000000000000000000000000000e+00
0.0000000000000000000000000000000000000000e+00
5.6978463050834003700284569049472338519990e-02
2.7808920313634066801000699342694133520126e-01
3.4961499685866892495056390544050373136997e-01
0.0000000000000000000000000000000000000000e+00
2.2427600914821921307407137646805495023727e-01
3.5882325484048088748423310789803508669138e-01
0.0000000000000000000000000000000000000000e+00
3.2428940851398502243085886220796965062618e-01
0.0000000000000000000000000000000000000000e+00
2.9236371126721644175816550159652251750231e-01
5.7460778640912324455314319493481889367104e-01
0.0000000000000000000000000000000000000000e+00
2.4875425474913806511700897772243479266763e-01
3.2676315850213805136448286248196382075548e-01
1.2237211980381104692305882508662762120366e-01
0.0000000000000000000000000000000000000000e+00
1.4262135602253578348097562411567196249962e-01
1.9173347781423159125191446605640521738678e-02
4.1096883768657360702647451944358181208372e-01
0.0000000000000000000000000000000000000000e+00
0.0000000000000000000000000000000000000000e+00
5.6978463050834003700284569049472338519990e-02
2.7808920313634066801000699342694133520126e-01
3.4961499685866892495056390544050373136997e-01
0.0000000000000000000000000000000000000000e+00
2.2427600914821921307407137646805495023727e-01
3.5882325484048088748423310789803508669138e-01
0.0000000000000000000000000000000000000000e+00
0.0000000000000000000000000000000000000000e+00
3.2428940851398502243085886220796965062618e-01
0.0000000000000000000000000000000000000000e+00
2.9236371126721644175816550159652251750231e-01
5.7460778640912324455314319493481889367104e-01
0.0000000000000000000000000000000000000000e+00
2.4875425474913806511700897772243479266763e-01
3.2676315850213805136448286248196382075548e-01
1.2237211980381104692305882508662762120366e-01
0.0000000000000000000000000000000000000000e+00
1.4262135602253578348097562411567196249962e-01
1.9173347781423159125191446605640521738678e-02
4.1096883768657360702647451944358181208372e-01
0.0000000000000000000000000000000000000000e+00
0.0000000000000000000000000000000000000000e+00
5.6978463050834003700284569049472338519990e-02
2.7808920313634066801000699342694133520126e-01
3.4961499685866892495056390544050373136997e-01
0.0000000000000000000000000000000000000000e+00
2.2427600914821921307407137646805495023727e-01
3.5882325484048088748423310789803508669138e-01
0.0000000000000000000000000000000000000000e+00
0.0000000000000000000000000000000000000000e+00
0.0000000000000000000000000000000000000000e+00
7.7159346925152291873928334098309278488159e+01
5.6836729566158750159843293658923357725143e-01
