1
0
23
7.0470589512540637855408931500278413295746e-01
3.5104985694893275915973163137095980346203e-01
3.2169835660715623282257524806482251733541e-01
6.6906625253584173229626230750000104308128e-01
0.0000000000000000000000000000000000000000e+00
6.0313012280917788210388152947416529059410e-01
7.1637977407542585694955050712451338768005e-01
2.3991661904668254434724872226070147007704e-01
8.2741115788628494254197676127660088241100e-01
8.1595547160196535418918983850744552910328e-01
6.9751216661065840174416052832384593784809e-01
5.3605756002538762494680213421816006302834e-01
5.7439230246532713142215698098880238831043e-01
4.1922448514878207781464425352169200778008e-01
1.0000000000000000000000000000000000000000e+00
9.2731670817545797103065297051216475665569e-01
0.0000000000000000000000000000000000000000e+00
1.0000000000000000000000000000000000000000e+00
8.1267322051429002893740971558145247399807e-01
6.0050622734731329277479972006403841078281e-01
8.7387642402850851386375552465324290096760e-01
1.0000000000000000000000000000000000000000e+00
2.3855727419465291849753896258334862068295e-01
6.7702826436564400580664369044825434684753e-01
5.1353563146452674281761119345901533961296e-01
4.7668247825642567905291002716694492846727e-01
5.8136408273909379040844669361831620335579e-01
7.1662826756289388363541092985542491078377e-01
7.4191368280819536273895664635347202420235e-01
3.1734176967856414508517559625033754855394e-01
5.9913318514960989258355539277545176446438e-01
7.1216538833502851524315246933838352560997e-01
7.6563684134420861848724371157004497945309e-01
6.4623358093376070954150236502755433320999e-01
2.8573272374060632028403006188455037772655e-01
9.0837628022491534451887673640158027410507e-01
5.3775708711014424956431412283563986420631e-01
1.0450175819073913296985978149677976034582e-01
5.1832949296157670993068222742294892668724e-01
4.5898026240841954814797531980730127543211e-01
6.9759706193358739234611221036175265908241e-01
5.8397185761228009859280518867308273911476e-01
2.0032298140357007731893190793925896286964e-01
9.3823657928683656948010138876270502805710e-01
5.3229172911181343863518122816458344459534e-01
5.8936456447580398698704584603547118604183e-01
0.0000000000000000000000000000000000000000e+00
5.2273584308019493960273393895477056503296e-01
5.1894350424835467006090539143770001828671e-01
4.6416888933242628212383351637981832027435e-01
8.4297003077427590245207511543412692844868e-01
1.6606956343054862790253878301882650703192e-01
5.4922057937442225750146462814882397651672e-01
5.4408589444936772405725378121132962405682e-01
4.2242542348241551852794373189681209623814e-01
6.3613961064430979419626055459957569837570e-01
1.6606956343054862790253878301882650703192e-01
5.0574288500519093414453664081520400941372e-01
4.8402835258072085533598283291212283074856e-01
5.7582875694554014334158864585333503782749e-01
7.3800235050686269211439594073453918099403e-01
2.7319814642432688200912593856628518551588e-01
9.4204154222972880106112825160380452871323e-01
5.3042540062668119826838619701447896659374e-01
6.7127416136852280370561629752046428620815e-01
4.5415150848827967600129795755492523312569e-01
2.4558592893943340107476558387133991345763e-01
3.6530864069106279423682082097002421505749e-02
6.7591822915390253889711402734974399209023e-01
3.9629621049924323994417818539659492671490e-01
5.5393843758299832202851575857494026422501e-01
7.0596532824185098675684457703027874231339e-01
1.0000000000000000000000000000000000000000e+00
7.0973520212187057865094175213016569614410e-01
5.1851830697625944655015928219654597342014e-01
6.0971997302790292838636787564610131084919e-01
7.7628381010403646467210592163610272109509e-01
6.0002253206051825440425773194874636828899e-01
8.8644756202878760564800586507772095501423e-01
3.9629621049924323994417818539659492671490e-01
6.1932460940950173622354668623302131891251e-01
1.0000000000000000000000000000000000000000e+00
1.0000000000000000000000000000000000000000e+00
1.0000000000000000000000000000000000000000e+00
4.2122258963889624983067960783955641090870e-01
8.7490184353457312038671034315484575927258e-01
9.7213920966231215370356721905409358441830e-01
5.9402791003173871509090986364753916859627e-01
9.3823657928683656948010138876270502805710e-01
5.7684380738726115378511849485221318900585e-01
5.2607526203213306192907339209341444075108e-01
7.0654139335980514768920102142146788537502e-01
0.0000000000000000000000000000000000000000e+00
9.0098773088491279636969011335168033838272e-01
4.8394345725779208677863607590552419424057e-01
1.0000000000000000000000000000000000000000e+00
5.9682512161359491109635655448073521256447e-01
3.1641609241070511870930204167962074279785e-01
6.1866201272167575808680339832790195941925e-01
9.3085574338861221121987910009920597076416e-01
5.4807753543262305306882353761466220021248e-01
5.5925088799132660621893364805146120488644e-01
2.9677646151620984404928549338364973664284e-01
3.2447088609102942013961978773295413702726e-01
6.4484987960481399138501501511200331151485e-01
3.0348574968605129820176102839468512684107e-01
0.0000000000000000000000000000000000000000e+00
6.8307051391013806629359805810963734984398e-01
5.7892943562646059785237184769357554614544e-01
7.2033031863050234200329668965423479676247e-01
6.9580755792091042444269533007172867655754e-01
1.0000000000000000000000000000000000000000e+00
5.9663963454448454282186276032007299363613e-01
5.3955203869677870187615553732030093669891e-01
6.9198761949289078199143432357232086360455e-01
5.8165313791697992318319165860884822905064e-01
5.8743771269424638337142141608637757599354e-01
5.0447089998476946082206495702848769724369e-01
4.9739947704343162593332294818537775427103e-01
7.0072116972992204431136542552849277853966e-01
6.8101034074542088347925528069026768207550e-01
6.4107300379222090236375208860408747568727e-02
5.3461467632832926355490599235054105520248e-01
6.6649551822789776522881766140926629304886e-01
6.2625979403673526224594070299644954502583e-01
5.4326302168295781402918009916902519762516e-01
5.6496798770978440273893284029327332973480e-01
8.2871683517147320952034306174027733504772e-01
5.2379661397027543756621525972150266170502e-01
6.9198761949289055994682939854101277887821e-01
2.8217535892840228672895364070427604019642e-01
6.6813725794642242483689642540412023663521e-01
4.8148102443297352559525847937038633972406e-01
6.2434949920630833375412294117268174886703e-01
4.9813836159447028029134685311873909085989e-01
7.7682589471207597053847848656005226075649e-01
6.3460284886952900151868561806622892618179e-01
2.8217535892840228672895364070427604019642e-01
5.9961847851582283919213978151674382388592e-01
6.0566081382707448454993937048129737377167e-01
7.6563684134420861848724371157004497945309e-01
8.0229709412851901717544933489989489316940e-01
5.0106295597840555533508677399368025362492e-01
7.4191368280819536273895664635347202420235e-01
6.6363072524688326847552843901212327182293e-01
7.6521919168232765962045505148125812411308e-01
3.8701172314697795950877434734138660132885e-01
3.8279942948489981136006576889485586434603e-01
3.4788744831980833449591727912775240838528e-01
7.6521919168232044317079498796374537050724e-01
5.0481310668185430667875834842561744153500e-01
7.2324055424916844359017886745277792215347e-01
5.9663963454448454282186276032007299363613e-01
5.4326302168295781402918009916902519762516e-01
3.3727426103301072490836531869717873632908e-01
7.1336385569123694772031285538105294108391e-01
4.6002035168199506554032041094615124166012e-01
1.0000000000000000000000000000000000000000e+00
1.0000000000000000000000000000000000000000e+00
1.5560375681632682143273882502398919314146e-01
7.6007179237233302160348102916032075881958e-01
5.0716597586231504379838952445425093173981e-01
6.8803656762116482958901997335487976670265e-01
5.0716597586231926264588310004910454154015e-01
5.2105190319948058164101212241803295910358e-01
4.2265595038726538890117012670089025050402e-01
4.7887903594330938350509541123756207525730e-01
4.4585577500852791033025823708157986402512e-01
2.5561837678283549912805483472766354680061e-01
1.5863363732673574357789902933291159570217e-01
5.1129094156498677836708566246670670807362e-01
3.3727426103301072490836531869717873632908e-01
0.0000000000000000000000000000000000000000e+00
8.4421594991373105631993212227826006710529e-01
3.7689128137450228495097803715907502919436e-01
5.6368965533940185164141212226240895688534e-01
6.9118137345679797611808226065477356314659e-01
4.0146289788288114230851988395443186163902e-01
8.6048767516440394231835853133816272020340e-01
4.6516651452837709523890907803433947265148e-01
5.9913318514960989258355539277545176446438e-01
4.7059075043761255940921728324610739946365e-01
4.3756579468581247027714198338799178600311e-01
4.9717941268622045658531760636833496391773e-01
9.0340691232845060643086299023707397282124e-01
5.9458094254340621009902179139317013323307e-01
4.3234508990926640015217685686366166919470e-01
9.8384785055031975797845689157838933169842e-01
6.9198761949288578598782351036788895726204e-01
7.0114732615824071348953339111176319420338e-01
2.1181493020587191522530190468387445434928e-01
2.1181493020587191522530190468387445434928e-01
7.1336385569123583749728823022451251745224e-01
6.0106670441456711007077728936565108597279e-01
6.4635690807865719964553363752202130854130e-01
7.6349864443891424237165210797684267163277e-01
3.5450242535899567641877183632459491491318e-01
8.3547609785481258271033766504842787981033e-01
7.0047310764030989993500497803324833512306e-01
7.0379621077341003587690693166223354637623e-01
5.3871043417212993720255553853348828852177e-01
4.2242542348241551852794373189681209623814e-01
3.9079216551348816555133680594735778868198e-01
5.5345474229620328365797377045964822173119e-01
6.8699681768149323257688365629292093217373e-01
4.9745784138575022126360636320896446704865e-01
7.0251572808631357336395240054116584360600e-01
6.2151500856148578222359901701565831899643e-01
5.1284733070943133714791883903671987354755e-01
6.6009212387492333107275044312700629234314e-01
5.9847611294437064177742513493285514414310e-01
3.5450242535899567641877183632459491491318e-01
3.2169835660715623282257524806482251733541e-01
0.0000000000000000000000000000000000000000e+00
2.3991661904668254434724872226070147007704e-01
5.3605756002538762494680213421816006302834e-01
0.0000000000000000000000000000000000000000e+00
2.3855727419465291849753896258334862068295e-01
3.1734176967856414508517559625033754855394e-01
1.0450175819073913296985978149677976034582e-01
0.0000000000000000000000000000000000000000e+00
1.6606956343054862790253878301882650703192e-01
3.6530864069106279423682082097002421505749e-02
3.9629621049924323994417818539659492671490e-01
0.0000000000000000000000000000000000000000e+00
0.0000000000000000000000000000000000000000e+00
6.4107300379222090236375208860408747568727e-02
2.8217535892840228672895364070427604019642e-01
3.3727426103301072490836531869717873632908e-01
0.0000000000000000000000000000000000000000e+00
2.1181493020587191522530190468387445434928e-01
3.5450242535899567641877183632459491491318e-01
0.0000000000000000000000000000000000000000e+00
3.2169835660715623282257524806482251733541e-01
0.0000000000000000000000000000000000000000e+00
2.3991661904668254434724872226070147007704e-01
5.3605756002538762494680213421816006302834e-01
0.0000000000000000000000000000000000000000e+00
2.3855727419465291849753896258334862068295e-01
3.1734176967856414508517559625033754855394e-01
1.0450175819073913296985978149677976034582e-01
0.0000000000000000000000000000000000000000e+00
1.6606956343054862790253878301882650703192e-01
3.6530864069106279423682082097002421505749e-02
3.9629621049924323994417818539659492671490e-01
0.0000000000000000000000000000000000000000e+00
0.0000000000000000000000000000000000000000e+00
6.4107300379222090236375208860408747568727e-02
2.8217535892840228672895364070427604019642e-01
3.3727426103301072490836531869717873632908e-01
0.0000000000000000000000000000000000000000e+00
2.1181493020587191522530190468387445434928e-01
3.5450242535899567641877183632459491491318e-01
0.0000000000000000000000000000000000000000e+00
0.0000000000000000000000000000000000000000e+00
3.2169835660715623282257524806482251733541e-01
0.0000000000000000000000000000000000000000e+00
2.3991661904668254434724872226070147007704e-01
5.3605756002538762494680213421816006302834e-01
0.0000000000000000000000000000000000000000e+00
2.3855727419465291849753896258334862068295e-01
3.1734176967856414508517559625033754855394e-01
1.0450175819073913296985978149677976034582e-01
0.0000000000000000000000000000000000000000e+00
1.6606956343054862790253878301882650703192e-01
3.6530864069106279423682082097002421505749e-02
3.9629621049924323994417818539659492671490e-01
0.0000000000000000000000000000000000000000e+00
0.0000000000000000000000000000000000000000e+00
6.4107300379222090236375208860408747568727e-02
2.8217535892840228672895364070427604019642e-01
3.3727426103301072490836531869717873632908e-01
0.0000000000000000000000000000000000000000e+00
2.1181493020587191522530190468387445434928e-01
3.5450242535899567641877183632459491491318e-01
0.0000000000000000000000000000000000000000e+00
0.0000000000000000000000000000000000000000e+00
0.0000000000000000000000000000000000000000e+00
7.8014463327121546853959443978965282440186e+01
5.7845117225556041962164499636855907738209e-01
