1
0
23
7.1542867242917740355778732919134199619293e-01
3.5165370593695366441266969559364952147007e-01
3.0141001869242456390196593929431401193142e-01
6.5869881992521939206852721326868049800396e-01
3.6144117979403762863643834180038538761437e-02
6.2047100906534857767127277838881127536297e-01
7.5604951058996339163797983928816393017769e-01
3.6396404302305040978637862281175330281258e-01
8.7044442573789293504660236067138612270355e-01
8.9790331081902263754557225183816626667976e-01
8.9761138218286307122184553008992224931717e-01
6.1611488337937081460893296025460585951805e-01
4.9824389825039377965865128317091148346663e-01
4.9126046853391358570917191173066385090351e-01
1.0000000000000000000000000000000000000000e+00
1.0000000000000000000000000000000000000000e+00
0.0000000000000000000000000000000000000000e+00
1.0000000000000000000000000000000000000000e+00
7.6684098005282008703176188646466471254826e-01
7.3221999716959718096376263929414562880993e-01
9.9848077606364293856699987372849136590958e-01
1.0000000000000000000000000000000000000000e+00
2.5218793009177120634234370299964211881161e-01
7.3661111621327712839502055430784821510315e-01
5.1311404167651419871987172882654704153538e-01
5.3031000093063096478829265834065154194832e-01
6.3141146819330185024909951607696712017059e-01
7.4474855728721478520526488864561542868614e-01
7.8490568810699978818945510283811017870903e-01
3.1445571804137417704083645730861462652683e-01
6.0938385715270382281261163370800204575062e-01
6.9539325422462527903633144887862727046013e-01
7.4647068753215140013423933851299807429314e-01
6.8941371676052953798574662869214080274105e-01
2.6927241220598191473456495259597431868315e-01
9.1084576825697105562085198471322655677795e-01
5.1051979063815922099678346057771705091000e-01
5.8963076856057221319939998238623957149684e-02
4.9333438048460315217269567256153095513582e-01
4.9361902285455205863229366514133289456367e-01
8.7599778489402257974916210514493286609650e-01
6.1611488337937081460893296025460585951805e-01
1.9023926506713140227589065034408122301102e-01
9.5810772075614425435929888408281840384007e-01
5.8469401486594108074967834909330122172832e-01
5.8469401486594108074967834909330122172832e-01
0.0000000000000000000000000000000000000000e+00
4.8888128575682054943740695307496935129166e-01
5.1616863748873687001150756259448826313019e-01
4.7526890381499187210323498220532201230526e-01
7.4762040163114973356783821145654655992985e-01
9.5335469308633263851859851456538308411837e-02
5.9338175991311248314019621830084361135960e-01
4.8888128575682054943740695307496935129166e-01
3.7245779721643590409740909308311529457569e-01
6.6616813388595996769936391501687467098236e-01
9.5335469308633263851859851456538308411837e-02
5.2767211606466701834250443425844423472881e-01
5.2940521316712774169133126633823849260807e-01
6.4002462569197160480172215102356858551502e-01
7.4762040163115284219230716189485974609852e-01
2.5877418892164549824030927993590012192726e-01
1.0000000000000000000000000000000000000000e+00
5.0605835569272028529042017908068373799324e-01
5.4132354090132339674568129339604638516903e-01
4.2032473141947968020559756041620858013630e-01
2.0567074832911791393286193851963616907597e-01
0.0000000000000000000000000000000000000000e+00
7.2058713055465228869422844582004472613335e-01
4.5031226720964717680217859197000507265329e-01
6.0979718063264487515340306345024146139622e-01
7.8259946946584579841044160275487229228020e-01
1.0000000000000000000000000000000000000000e+00
7.8134405844420340425671156481257639825344e-01
5.6309499923887995631588410105905495584011e-01
5.4872995594489537563021031019161455333233e-01
8.3490752131235324018376786625594832003117e-01
6.9073444276667528285429398238193243741989e-01
8.1968186683319088636778815271100029349327e-01
4.5031226720964717680217859197000507265329e-01
6.3357549537569157749317128036636859178543e-01
1.0000000000000000000000000000000000000000e+00
1.0000000000000000000000000000000000000000e+00
1.0000000000000000000000000000000000000000e+00
5.8041846277229347528248126764083281159401e-01
8.9864593733315900614400106860557571053505e-01
9.0515256000351695941930074695846997201443e-01
7.2054828403339632458823871274944394826889e-01
9.3363758579773936663315225814585573971272e-01
5.7059948849007757765150472550885751843452e-01
5.0237058863717065637644054731936194002628e-01
7.3001572015440041596434639359358698129654e-01
2.8989473250455533026581633748719468712807e-02
9.6981308571989943700941694260109215974808e-01
4.5975134055667710164527761662611737847328e-01
1.0000000000000000000000000000000000000000e+00
6.2412409168860771835340983670903369784355e-01
3.1389314270247603566588168177986517548561e-01
5.8408677856011637086197652024566195905209e-01
9.5477617676164872051458587520755827426910e-01
4.9485291026261346569725674271467141807079e-01
5.2288519851452441855599317932501435279846e-01
2.2137082628463122802031648461706936359406e-01
2.7290177385638414442325938580324873328209e-01
6.3273219419944759511764686976675875484943e-01
2.9333924384030374277188002452021464705467e-01
0.0000000000000000000000000000000000000000e+00
8.1473653244931609762602420232724398374557e-01
5.5962011039494652386849793401779606938362e-01
7.9258709815901573492169518431182950735092e-01
7.2080037189314549728180736565263941884041e-01
1.0000000000000000000000000000000000000000e+00
6.5571734977479101402764172235038131475449e-01
4.9821416452881150949139055228442884981632e-01
5.9901016114216021346550178350298665463924e-01
5.8469401486594108074967834909330122172832e-01
6.1039760471631998584030043275561183691025e-01
5.1729149585183764603613099097856320440769e-01
4.8662094784427045723873561655636876821518e-01
7.4274761493815411039776108736987225711346e-01
5.8140925693184974942795406605000607669353e-01
8.6647724261461861461341982248995918780565e-02
5.5664699358632341308350532926851883530617e-01
6.6830788349844150175727008900139480829239e-01
6.3050608535979346669364531408064067363739e-01
6.1611488337937081460893296025460585951805e-01
4.0230706527921344939358050396549515426159e-01
8.9476803136397586868611142563167959451675e-01
5.1311404167651497587598896643612533807755e-01
6.9130850700480594994701277755666524171829e-01
3.0330841959194432266855301350005902349949e-01
6.5774253307554397807166424172464758157730e-01
4.2798953132781247798988033537170849740505e-01
6.1612945591179091309186333091929554939270e-01
5.2485577491656099091699161363067105412483e-01
7.1632484993842027165555919054895639419556e-01
6.4305366304499789187332225992577150464058e-01
3.0330841959194432266855301350005902349949e-01
6.0968998039606359107267508079530671238899e-01
5.4250198582430231297735190310049802064896e-01
8.0788368297294677056186174013419076800346e-01
8.1816383353895827390545036905677989125252e-01
4.4450212964617530353450547409011051058769e-01
6.8728155288339987105672435063752345740795e-01
6.3879550319531908098014127972419373691082e-01
7.5493443898970324923425323504488915205002e-01
3.6201741824615574216750246705487370491028e-01
3.5501310757077098045897400879766792058945e-01
3.2772850583649471012392950797220692038536e-01
7.2818440689516406028047867948771454393864e-01
5.4202352103698070440174205941730178892612e-01
7.7808816096733357525749852356966584920883e-01
5.8106707983087380053888182374066673219204e-01
5.2485577491656409954146056406898424029350e-01
3.0580611333184604117008120738319121301174e-01
7.9013566285601666283611166363698430359364e-01
4.9206475578883379640160455892328172922134e-01
1.0000000000000000000000000000000000000000e+00
1.0000000000000000000000000000000000000000e+00
2.2462037230262724141205410433030920103192e-01
6.3492542840305188356353482959093526005745e-01
5.2288472040445377331252529984340071678162e-01
6.7892958151499338548262585391057655215263e-01
5.2288472040445455046864253745297901332378e-01
4.7545507565430689123076035684789530932903e-01
4.6225234152040056700982972870406229048967e-01
5.3279577342820905183629065504646860063076e-01
4.2586723465144959988037953735329210758209e-01
2.4966817395656315525798163434956222772598e-01
1.9087923033798806504712786136224167421460e-01
5.8753013900624739829225973153370432555676e-01
3.0580611333184604117008120738319121301174e-01
0.0000000000000000000000000000000000000000e+00
8.1622795943330661572190365404821932315826e-01
3.7341431870164959461178000310610514134169e-01
4.4456071364525778788490129045385401695967e-01
6.8941371676052742856199984089471399784088e-01
4.6116345193291446991068482930131722241640e-01
7.4540121937636949489558446657611057162285e-01
4.3967177310402660861399226632784120738506e-01
4.8160949064799080110432782930729445070028e-01
4.2816847720681772138107135106110945343971e-01
3.6063827310147955618191417670459486544132e-01
4.1510273630380123410787973625701852142811e-01
9.0414718186955900236512206902261823415756e-01
3.6424239876585140507359028561040759086609e-01
3.3362738958891258178596217476297169923782e-01
9.3135299799104775964053715142654255032539e-01
7.5194660821422343310871383437188342213631e-01
5.7154482237345716200138667772989720106125e-01
2.3211831724260201248455359746003523468971e-01
7.5999348819285356126940200738317798823118e-02
6.5490697334889058645046588935656473040581e-01
6.2485604469410083172675740570412017405033e-01
7.2200168004326559234584692603675648570061e-01
7.2502313688452291184916020938544534146786e-01
3.5110358885013770446903436095453798770905e-01
7.8121549974352633149976554705062881112099e-01
6.2516857580416052009297800395870581269264e-01
5.5548610621693261801823382484144531190395e-01
5.7773034408969592412574911577394232153893e-01
3.4840692921889621080921983775624539703131e-01
3.2820530464591807229268738410610239952803e-01
5.2586221415068845619344983788323588669300e-01
6.2770317622681637281800703931367024779320e-01
4.0408416618387155150315948048955760896206e-01
7.5515033428635369716630520997568964958191e-01
6.0591113878545932447394761766190640628338e-01
4.5786197099333275639665430389868561178446e-01
6.2486245256080075183291455687140114605427e-01
4.9303769221147536461202776081336196511984e-01
3.2820530464591096686532978310424368828535e-01
3.0141001869242456390196593929431401193142e-01
3.6144117979403762863643834180038538761437e-02
3.6396404302305040978637862281175330281258e-01
6.1611488337937081460893296025460585951805e-01
0.0000000000000000000000000000000000000000e+00
2.5218793009177120634234370299964211881161e-01
3.1445571804137417704083645730861462652683e-01
5.8963076856057221319939998238623957149684e-02
0.0000000000000000000000000000000000000000e+00
9.5335469308633263851859851456538308411837e-02
0.0000000000000000000000000000000000000000e+00
4.5031226720964717680217859197000507265329e-01
2.8989473250455533026581633748719468712807e-02
0.0000000000000000000000000000000000000000e+00
8.6647724261461861461341982248995918780565e-02
3.0330841959194432266855301350005902349949e-01
3.0580611333184604117008120738319121301174e-01
0.0000000000000000000000000000000000000000e+00
7.5999348819285356126940200738317798823118e-02
3.2820530464591096686532978310424368828535e-01
0.0000000000000000000000000000000000000000e+00
3.0141001869242456390196593929431401193142e-01
3.6144117979403762863643834180038538761437e-02
3.6396404302305040978637862281175330281258e-01
6.1611488337937081460893296025460585951805e-01
0.0000000000000000000000000000000000000000e+00
2.5218793009177120634234370299964211881161e-01
3.1445571804137417704083645730861462652683e-01
5.8963076856057221319939998238623957149684e-02
0.0000000000000000000000000000000000000000e+00
9.5335469308633263851859851456538308411837e-02
0.0000000000000000000000000000000000000000e+00
4.5031226720964717680217859197000507265329e-01
2.8989473250455533026581633748719468712807e-02
0.0000000000000000000000000000000000000000e+00
8.6647724261461861461341982248995918780565e-02
3.0330841959194432266855301350005902349949e-01
3.0580611333184604117008120738319121301174e-01
0.0000000000000000000000000000000000000000e+00
7.5999348819285356126940200738317798823118e-02
3.2820530464591096686532978310424368828535e-01
0.0000000000000000000000000000000000000000e+00
0.0000000000000000000000000000000000000000e+00
3.0141001869242456390196593929431401193142e-01
3.6144117979403762863643834180038538761437e-02
3.6396404302305040978637862281175330281258e-01
6.1611488337937081460893296025460585951805e-01
0.0000000000000000000000000000000000000000e+00
2.5218793009177120634234370299964211881161e-01
3.1445571804137417704083645730861462652683e-01
5.8963076856057221319939998238623957149684e-02
0.0000000000000000000000000000000000000000e+00
9.5335469308633263851859851456538308411837e-02
0.0000000000000000000000000000000000000000e+00
4.5031226720964717680217859197000507265329e-01
2.8989473250455533026581633748719468712807e-02
0.0000000000000000000000000000000000000000e+00
8.6647724261461861461341982248995918780565e-02
3.0330841959194432266855301350005902349949e-01
3.0580611333184604117008120738319121301174e-01
0.0000000000000000000000000000000000000000e+00
7.5999348819285356126940200738317798823118e-02
3.2820530464591096686532978310424368828535e-01
0.0000000000000000000000000000000000000000e+00
0.0000000000000000000000000000000000000000e+00
0.0000000000000000000000000000000000000000e+00
7.8914249158623732682826812379062175750732e+01
5.2662685241151208082044377079000696539879e-01
