1
0
23
7.1244966855894942270310821186285465955734e-01
3.4778592858105228380338758142897859215736e-01
2.8879140340058445657334118550352286547422e-01
6.4025982394555525090140690736006945371628e-01
3.6823086072057462092566026967688230797648e-03
6.2244193708090977956715050822822377085686e-01
7.6178563411381561287782915314892306923866e-01
3.4215170790796844979553270604810677468777e-01
8.3969780761929413426258861363749019801617e-01
8.6151987884924685623388995736604556441307e-01
9.0746130485651921304679490276612341403961e-01
6.1342961029877274281574273118167184293270e-01
4.6942079341118092550289020437048748135567e-01
4.2856031711221964641822523844894021749496e-01
1.0000000000000000000000000000000000000000e+00
1.0000000000000000000000000000000000000000e+00
0.0000000000000000000000000000000000000000e+00
1.0000000000000000000000000000000000000000e+00
7.6178563411381561287782915314892306923866e-01
7.4488732184779227196713691228069365024567e-01
9.7943702398153642540989949338836595416069e-01
1.0000000000000000000000000000000000000000e+00
2.6875782887601490367401879666431341320276e-01
7.3215807466860016727849824746954254806042e-01
4.9210097504691580061475519869418349117041e-01
5.2251135261692038813663430119049735367298e-01
6.1749058450387572793971457940642721951008e-01
7.4304337729415537161514748731860890984535e-01
7.7882700547722671924333326387568376958370e-01
2.9996291264571856016729611837945412844419e-01
5.7572833752247321026374038410722278058529e-01
6.7655517972952572414158112223958596587181e-01
7.1821670391676262212854453537147492170334e-01
6.7786616903132146383370582043426111340523e-01
2.3548442581732942358030413743108510971069e-01
8.9696000987178869934268732322379946708679e-01
4.8410700738417006272484854889626149088144e-01
3.7585844569257391423189318402364733628929e-02
4.7002478567821992516684304064256139099598e-01
4.6885733721773675819477489312703255563974e-01
8.6246105260828076488621718453941866755486e-01
6.1342961029877274281574273118167184293270e-01
1.5873603682389397784291418247448746114969e-01
9.5664814622846472413897345177247188985348e-01
5.9412154701907038401031968533061444759369e-01
5.8154757335777507165630595409311354160309e-01
0.0000000000000000000000000000000000000000e+00
4.6158085567116580172353224043035879731178e-01
4.9191305029486737110389071858662646263838e-01
4.6158085567116580172353224043035879731178e-01
7.1344189430637394710998933078371919691563e-01
3.7200344924727762885297011052898596972227e-02
6.0826445582492416619402320066001266241074e-01
4.5673555629877499173474575400177855044603e-01
3.2812195791040299486240883197751827538013e-01
6.0826445582492305597099857550347223877907e-01
3.7200344924727762885297011052898596972227e-02
5.2501923525615767918139908942976035177708e-01
5.1600033095208996947178547998191788792610e-01
6.3429329851366667014644917799159884452820e-01
7.5983723783357692838080765795893967151642e-01
2.3046229665504835981693076973897404968739e-01
1.0000000000000000000000000000000000000000e+00
4.9848901238788023704273655312135815620422e-01
5.2980549933566611908730692448443733155727e-01
4.1506875144298749358284794652718119323254e-01
1.7820379743119849069721283285616664215922e-01
0.0000000000000000000000000000000000000000e+00
7.0761988403786324486333114691660739481449e-01
4.6505444747925839266144976136274635791779e-01
6.2099589110078545761695067994878627359867e-01
7.9709859030460639139903378236340358853340e-01
1.0000000000000000000000000000000000000000e+00
7.7882700547722283346274707582779228687286e-01
5.7373458629130591468481270567281171679497e-01
5.6672964252891600001049710044753737747669e-01
7.8882140315219295700899237999692559242249e-01
6.8178390415178413697105952451238408684731e-01
8.2921639593066787110586801645695231854916e-01
4.6505444747925839266144976136274635791779e-01
6.3019534949494238063039119879249483346939e-01
1.0000000000000000000000000000000000000000e+00
1.0000000000000000000000000000000000000000e+00
1.0000000000000000000000000000000000000000e+00
5.9522084083494175565931527671637013554573e-01
9.2387513981389401962474039464723318815231e-01
8.9405925348056236590110756878857500851154e-01
6.8031302531303960989816914661787450313568e-01
9.4120140066119506450093012972502037882805e-01
5.5542104268148684287353944455389864742756e-01
4.9848901238788023704273655312135815620422e-01
7.3054185760065815102848318929318338632584e-01
4.9794657315390011831368610728532075881958e-02
9.5190474983938222486301583558088168501854e-01
4.6163636718091372035388531003263778984547e-01
1.0000000000000000000000000000000000000000e+00
6.2302667723916727027244633063673973083496e-01
2.8597756948303226787189146307355258613825e-01
5.6785857655390326037547765736235305666924e-01
9.0436817923440115940536543348571285605431e-01
4.7206787294699370516326553115504793822765e-01
5.1269116090513855432675427437061443924904e-01
2.0749199550118685442257060458359774202108e-01
2.6952203518233597279163404891733080148697e-01
6.7543173684524615563162797116092406213284e-01
3.0651442054107214119085256243124604225159e-01
0.0000000000000000000000000000000000000000e+00
8.0952390174880961559722436504671350121498e-01
5.3104629604950992494138972688233479857445e-01
8.1206238260751983926155617155018262565136e-01
7.1974993138524034907987925180350430309772e-01
1.0000000000000000000000000000000000000000e+00
6.5310795256298415090157050144625827670097e-01
4.8410700738417006272484854889626149088144e-01
5.8655839407434606780356034505530260503292e-01
5.6388699788787910449627815978601574897766e-01
5.9132831437361810245079141168389469385147e-01
5.2567620226518729786846506613073870539665e-01
5.0441681321775699853304786302032880485058e-01
7.2017859918030047161607853922760114073753e-01
5.5290096386819853613303621386876329779625e-01
9.0828460384552778261735284104361198842525e-02
5.4442206194169573407748430327046662569046e-01
6.6605076167284416044367389986291527748108e-01
6.3195162207918509356119329822831787168980e-01
6.1342961029877274281574273118167184293270e-01
3.9226240884085950000326192821376025676727e-01
9.2322930486398724347907318588113412261009e-01
5.1105413161593216120337501706671901047230e-01
6.7817972421264927085360341152409091591835e-01
3.0143827551850532753263678387156687676907e-01
6.4795909547623575797103967488510534167290e-01
4.3169284630319915141427600246970541775227e-01
6.1010258181592968984574554269784130156040e-01
5.2770443663061572525663223132141865789890e-01
7.2732332967508817045398927803034894168377e-01
6.4483500368796531354576018202351406216621e-01
3.0143827551850532753263678387156687676907e-01
5.8624498619273568422727294091600924730301e-01
5.5272368038946684265511066769249737262726e-01
8.1206238260751972823925370903452858328819e-01
8.0369340456679183581911729561397805809975e-01
4.1031148512333981415167727391235530376434e-01
6.8351002972834984383609935321146622300148e-01
6.2510813511957175059308156050974503159523e-01
7.1930433808745697366049398624454624950886e-01
3.6450585416977160369000898754165973514318e-01
3.2534014943783529094645246004802174866199e-01
3.1940264433963022616680405008082743734121e-01
7.3497415419402134517667946056462824344635e-01
5.4899306263365943436838279012590646743774e-01
7.2321719788970606490607906380319036543369e-01
5.6238643076281991106668556312797591090202e-01
5.0981994506570638137077366991434246301651e-01
2.8781120983974367577573616472363937646151e-01
7.8119554133297164355553832137957215309143e-01
4.7816401345244030629544340627035126090050e-01
1.0000000000000000000000000000000000000000e+00
1.0000000000000000000000000000000000000000e+00
2.9898904634314665829109003425401169806719e-01
6.1548647965629643685758765059290453791618e-01
5.3108561507034623971890141547191888093948e-01
6.5669778109894538786761586379725486040115e-01
5.3108561507034623971890141547191888093948e-01
4.6235563492458364720505414879880845546722e-01
4.6270135121634858865746764422510750591755e-01
5.5295286147676647736659560905536636710167e-01
4.6344345800556752124066406395286321640015e-01
2.5575567020576861487768383085494861006737e-01
1.8519310928502330515499352259212173521519e-01
5.1021903429999482249002085154643282294273e-01
2.8781120983974367577573616472363937646151e-01
0.0000000000000000000000000000000000000000e+00
8.0337400284724702625993586480035446584225e-01
3.7172419257833816397251780472288373857737e-01
4.3487472914610120211520438715524505823851e-01
7.0361551499686769695074417541036382317543e-01
4.4455965335612579458768323092954233288765e-01
7.0695172468711620084036439948249608278275e-01
4.5576534223204301365939272727700881659985e-01
4.2167745398634703946072477265261113643646e-01
4.1319807227296601048749380424851551651955e-01
3.4341007007775120607462326915992889553308e-01
4.3691465576706350892877139813208486884832e-01
9.2128264213692601103389279160182923078537e-01
3.5659530576745135377336737292353063821793e-01
3.2029508130065442728096058999653905630112e-01
9.3376636477314467477128800965147092938423e-01
7.3756149806078119546270954742794856429100e-01
5.6956756065150748735703700731392018496990e-01
2.2281123178072848034503294911701232194901e-01
8.2346028183038488812428568053292110562325e-02
6.3316334687009556692061096327961422502995e-01
5.9393208182761714208908188084024004638195e-01
7.1987670830872274585487957665463909506798e-01
7.0614905964982788155737125634914264082909e-01
2.9712168365880642362242269882699474692345e-01
7.6803495197419091589097206451697275042534e-01
6.0330221671367745273073524003848433494568e-01
5.0602537359673227523870764343882910907269e-01
5.6228155003344904017126282269600778818130e-01
3.0531111641886210517071731374016962945461e-01
3.1875639378725456607455157609365414828062e-01
5.0821970295622986846240110025973990559578e-01
6.0330221671367745273073524003848433494568e-01
3.6931022760567411289400752139044925570488e-01
7.3433722237316456649125484545947983860970e-01
5.8509196827686027475579066958744078874588e-01
4.3228641115785249038339088656357489526272e-01
6.1640132153235827061621421307791024446487e-01
5.0648513167123176970108033856377005577087e-01
2.9124102792668821182431315719441045075655e-01
2.8879140340058445657334118550352286547422e-01
3.6823086072057462092566026967688230797648e-03
3.4215170790796844979553270604810677468777e-01
6.1342961029877274281574273118167184293270e-01
0.0000000000000000000000000000000000000000e+00
2.6875782887601490367401879666431341320276e-01
2.9996291264571856016729611837945412844419e-01
3.7585844569257391423189318402364733628929e-02
0.0000000000000000000000000000000000000000e+00
3.7200344924727762885297011052898596972227e-02
0.0000000000000000000000000000000000000000e+00
4.6505444747925839266144976136274635791779e-01
4.9794657315390011831368610728532075881958e-02
0.0000000000000000000000000000000000000000e+00
9.0828460384552778261735284104361198842525e-02
3.0143827551850532753263678387156687676907e-01
2.8781120983974367577573616472363937646151e-01
0.0000000000000000000000000000000000000000e+00
8.2346028183038488812428568053292110562325e-02
2.9124102792668821182431315719441045075655e-01
0.0000000000000000000000000000000000000000e+00
2.8879140340058445657334118550352286547422e-01
3.6823086072057462092566026967688230797648e-03
3.4215170790796844979553270604810677468777e-01
6.1342961029877274281574273118167184293270e-01
0.0000000000000000000000000000000000000000e+00
2.6875782887601490367401879666431341320276e-01
2.9996291264571856016729611837945412844419e-01
3.7585844569257391423189318402364733628929e-02
0.0000000000000000000000000000000000000000e+00
3.7200344924727762885297011052898596972227e-02
0.0000000000000000000000000000000000000000e+00
4.6505444747925839266144976136274635791779e-01
4.9794657315390011831368610728532075881958e-02
0.0000000000000000000000000000000000000000e+00
9.0828460384552778261735284104361198842525e-02
3.0143827551850532753263678387156687676907e-01
2.8781120983974367577573616472363937646151e-01
0.0000000000000000000000000000000000000000e+00
8.2346028183038488812428568053292110562325e-02
2.9124102792668821182431315719441045075655e-01
0.0000000000000000000000000000000000000000e+00
0.0000000000000000000000000000000000000000e+00
2.8879140340058445657334118550352286547422e-01
3.6823086072057462092566026967688230797648e-03
3.4215170790796844979553270604810677468777e-01
6.1342961029877274281574273118167184293270e-01
0.0000000000000000000000000000000000000000e+00
2.6875782887601490367401879666431341320276e-01
2.9996291264571856016729611837945412844419e-01
3.7585844569257391423189318402364733628929e-02
0.0000000000000000000000000000000000000000e+00
3.7200344924727762885297011052898596972227e-02
0.0000000000000000000000000000000000000000e+00
4.6505444747925839266144976136274635791779e-01
4.9794657315390011831368610728532075881958e-02
0.0000000000000000000000000000000000000000e+00
9.0828460384552778261735284104361198842525e-02
3.0143827551850532753263678387156687676907e-01
2.8781120983974367577573616472363937646151e-01
0.0000000000000000000000000000000000000000e+00
8.2346028183038488812428568053292110562325e-02
2.9124102792668821182431315719441045075655e-01
0.0000000000000000000000000000000000000000e+00
0.0000000000000000000000000000000000000000e+00
0.0000000000000000000000000000000000000000e+00
7.7696158874085583079249772708863019943237e+01
5.2137250256255907032709728810004889965057e-01
