1
0
23
7.1395282118806624449547371114022098481655e-01
3.4556910634378140700917469985142815858126e-01
2.8471651326629049405525506699632387608290e-01
6.3943824981351937708495825063437223434448e-01
0.0000000000000000000000000000000000000000e+00
6.1907026427731237649965123637230135500431e-01
7.5424299155580765141593246880802325904369e-01
3.3668229723013887166871427325531840324402e-01
8.2231783031248584237005161412525922060013e-01
8.6134159643902097336365386581746861338615e-01
9.0012129870741008907941704819677397608757e-01
6.0448379212878300403843923049862496554852e-01
4.8029250879423851516847321363457012921572e-01
4.3155356831556956898054977500578388571739e-01
1.0000000000000000000000000000000000000000e+00
1.0000000000000000000000000000000000000000e+00
0.0000000000000000000000000000000000000000e+00
1.0000000000000000000000000000000000000000e+00
7.5424299155580643017060538113582879304886e-01
7.3932972222114645699519996924209408462048e-01
9.8650219276361461595570290228351950645447e-01
1.0000000000000000000000000000000000000000e+00
2.6360506328841604162249723231070674955845e-01
7.2486373844568330326865179813466966152191e-01
4.8765382025490594530836574449494946748018e-01
5.1910624120946091686334966652793809771538e-01
6.1659597504896357378356697154231369495392e-01
7.3651125721655763545214767873403616249561e-01
7.7554198391602890971796568919671699404716e-01
3.0512485185089843753303284756839275360107e-01
5.6878236268867998770559779586619697511196e-01
6.6340659857837436241823070304235443472862e-01
7.1403284961712132350442061579087749123573e-01
6.6651060798333228163414787559304386377335e-01
2.3551759091739449258895433558791410177946e-01
9.0401482711863079266834120062412694096565e-01
4.7912617850621036508229622086219023913145e-01
2.9302977737548741715700728605042968410999e-02
4.6510294475123015178752439169329591095448e-01
4.6462769820645610785447843227302655577660e-01
8.5820892073424837054318459195201285183430e-01
6.0448379212878300403843923049862496554852e-01
1.7102983014763134539393263366946484893560e-01
9.6040587180404046740989087993511930108070e-01
6.0624288978102436331596436502877622842789e-01
5.6279848991499348276335012997151352465153e-01
0.0000000000000000000000000000000000000000e+00
4.5774389681298455201385877444408833980560e-01
4.8089418291051788667544997224467806518078e-01
4.5839892159767536838899104623124003410339e-01
7.0745975662686211293816995748784393072128e-01
3.5709207662675476746549918516393518075347e-02
6.0417911290355208464575298421550542116165e-01
4.5774389681298455201385877444408833980560e-01
3.2831292507649356693377740157302469015121e-01
6.0417911290355741371627118496689945459366e-01
3.5709207662675476746549918516393518075347e-02
5.2185652478610444759965503180865198373795e-01
5.1192211250522390297845731765846721827984e-01
6.1392262658927365670535891695180907845497e-01
7.4490523179267453812713029037695378065109e-01
2.3383370843191650378933843512641033157706e-01
1.0000000000000000000000000000000000000000e+00
4.9841960118289679870784425474994350224733e-01
5.2185652478610800031333383230958133935928e-01
4.1573428506919962721610772860003635287285e-01
1.7625116211271793509318683845776831731200e-01
0.0000000000000000000000000000000000000000e+00
7.0695720584513033202256337972357869148254e-01
4.6234378047560520386127791425678879022598e-01
6.2243547469203774902268833102425560355186e-01
7.9933521486453096294155784562462940812111e-01
1.0000000000000000000000000000000000000000e+00
7.7976408036851707628045460296561941504478e-01
5.7163432041467243660548547268263064324856e-01
5.5685110122137171373424280318431556224823e-01
7.9339794746290359661600177787477150559425e-01
6.8739997245696926597702258732169866561890e-01
8.2188707661010529381684364125248976051807e-01
4.6234378047560520386127791425678879022598e-01
6.3318683980698098334727319524972699582577e-01
1.0000000000000000000000000000000000000000e+00
1.0000000000000000000000000000000000000000e+00
1.0000000000000000000000000000000000000000e+00
5.9407779982744224334112459473544731736183e-01
9.2190409202169487645761591920745559036732e-01
8.9791110125933926155994413420557975769043e-01
6.7780653014510416909388368367217481136322e-01
9.4769413494774523698538359894882887601852e-01
5.5109415219410395891941334411967545747757e-01
4.9841960118289785341971764864865690469742e-01
7.4122562558789417686000433604931458830833e-01
5.1970262911211650980192189308581873774529e-02
9.4887671129265882541403698269277811050415e-01
4.5621355392026063935162483176100067794323e-01
1.0000000000000000000000000000000000000000e+00
6.3066231135003736341104740859009325504303e-01
2.8706104294513329344695762301853392273188e-01
5.5507838162423517314181253823335282504559e-01
9.0809247137982207487283403679612092673779e-01
4.5659508817995458906935368759150151163340e-01
5.1476794419632398991382160602370277047157e-01
2.0535392981908107135069485593703575432301e-01
2.7260297756856205486641897550725843757391e-01
7.0611034969838426533783604099880903959274e-01
3.0483662574136355383203067503927741199732e-01
0.0000000000000000000000000000000000000000e+00
8.0580000626488290649263035447802394628525e-01
5.4267012177864604183241681312210857868195e-01
8.0426219836947376862212877313140779733658e-01
7.1711580326742785373994593101087957620621e-01
1.0000000000000000000000000000000000000000e+00
6.6251358884798117188097421603742986917496e-01
4.7912617850620786708049081425997428596020e-01
5.7669436360353443227211300836643204092979e-01
5.5082459931467908642588326983968727290630e-01
5.8684829777527935945613535295706242322922e-01
5.1949887507588399238045440142741426825523e-01
5.0613537214330450719756981925456784665585e-01
7.1838471494716582554929118487052619457245e-01
5.4887797734682031158826021055574528872967e-01
8.7820057533865292231922694554668851196766e-02
5.3395980679453658446220742916921153664589e-01
6.5256163358280705466540894121862947940826e-01
6.2585747116653733801427961225272156298161e-01
6.0448379212878300403843923049862496554852e-01
3.8736250545960576596726809839310590177774e-01
9.1614010912563959010412872885353863239288e-01
5.0902138090763693334395156853133812546730e-01
6.8197460868482451257222010099212639033794e-01
2.9627872601229693350077809554932173341513e-01
6.3911312895757133034635444346349686384201e-01
4.2931990074162074133568012257455848157406e-01
6.0448379212878300403843923049862496554852e-01
5.2602046475197683506053181190509349107742e-01
7.2177526829601856839246920571895316243172e-01
6.4828307705081489320519949615118093788624e-01
2.9627872601229693350077809554932173341513e-01
5.8153274517768660523131529771490022540092e-01
5.5078712678358232590625220836955122649670e-01
8.0426219836947376862212877313140779733658e-01
7.9746471106351779489784803445218130946159e-01
4.1295848742874691206239390339760575443506e-01
6.7739383213532766703224297089036554098129e-01
6.2708493381549823553200440073851495981216e-01
7.1865845965051367016940275789238512516022e-01
3.4883290647863524069904883617709856480360e-01
3.2270340575066069899179410640499554574490e-01
3.2559035593236340666578598757041618227959e-01
7.3298156180777851442798009884427301585674e-01
5.4479476441506058392860722960904240608215e-01
7.1159187889312747188341745641082525253296e-01
5.6327143671460311313836655244813300669193e-01
5.0695001125511907069665085145970806479454e-01
2.8855707306510908205510190782661084085703e-01
7.6652580027160144293674193249898962676525e-01
4.5815024813631199940289207006571814417839e-01
1.0000000000000000000000000000000000000000e+00
1.0000000000000000000000000000000000000000e+00
2.5731088226566550813956268939364235848188e-01
6.1389309572190231545363303666817955672741e-01
5.2716280009796623318152342108078300952911e-01
6.4948529217120154477527194103458896279335e-01
5.2716280009796423478007909579901024699211e-01
4.5332256219976185818154590378981083631516e-01
4.4837467503382988365245864770258776843548e-01
5.3837962947048545458983426215127110481262e-01
4.4779117881332852757481077787815593183041e-01
2.4258838296698126413275531376712024211884e-01
1.8078872940527998536275333663070341572165e-01
4.9332868876966795568250745418481528759003e-01
2.8855707306510908205510190782661084085703e-01
0.0000000000000000000000000000000000000000e+00
7.8450774896587027740224584704264998435974e-01
3.7115140674515756380458242347231134772301e-01
4.2652882709963557683607859871699474751949e-01
6.9888998575105665267415133712347596883774e-01
4.5711876507735593744286006767651997506618e-01
7.1064226067898483840679091372294351458549e-01
4.5086873225704771073196752695366740226746e-01
4.1808834661412880295827676491171587258577e-01
4.2342208942921694125871567848662380129099e-01
3.4258177113106014211041383532574400305748e-01
4.3225210911680272962698268202075269073248e-01
9.2151698320574748635181094869039952754974e-01
3.7024624102936176672784540642169304192066e-01
3.2691333184234283582014768398948945105076e-01
9.4766624740867766440999275801004841923714e-01
7.4138337035735490943011427589226514101028e-01
5.7114026801844730574231334685464389622211e-01
1.9482819945353480051153383101336658000946e-01
7.8806170407467970862036565904418239369988e-02
6.2815108311536638208139038397348485887051e-01
5.8716438393461034550568911072332412004471e-01
7.2091850921990252576421198682510294020176e-01
7.0504379906524949905843868691590614616871e-01
3.0077910289916010011523894718266092240810e-01
7.6591824104541550433111751772230491042137e-01
6.0450302808586320324479856935795396566391e-01
4.9743626702080345758361090702237561345100e-01
5.5365121634302927322579535029944963753223e-01
3.0568046001132570532732302126532886177301e-01
3.1717116529380301459539737152226734906435e-01
5.0783400148221646830393183336127549409866e-01
6.0450302808586320324479856935795396566391e-01
3.6461566201860523550593029540323186665773e-01
7.2459204063976079268627472629304975271225e-01
5.8607257912753907280745124808163382112980e-01
4.3457295729125644534462935553165152668953e-01
6.1533976255788291886972274369327351450920e-01
4.9301640953249531440505393220519181340933e-01
2.8937733298576018281522692632279358804226e-01
2.8471651326629049405525506699632387608290e-01
0.0000000000000000000000000000000000000000e+00
3.3668229723013887166871427325531840324402e-01
6.0448379212878300403843923049862496554852e-01
0.0000000000000000000000000000000000000000e+00
2.6360506328841604162249723231070674955845e-01
3.0512485185089843753303284756839275360107e-01
2.9302977737548741715700728605042968410999e-02
0.0000000000000000000000000000000000000000e+00
3.5709207662675476746549918516393518075347e-02
0.0000000000000000000000000000000000000000e+00
4.6234378047560520386127791425678879022598e-01
5.1970262911211650980192189308581873774529e-02
0.0000000000000000000000000000000000000000e+00
8.7820057533865292231922694554668851196766e-02
2.9627872601229693350077809554932173341513e-01
2.8855707306510908205510190782661084085703e-01
0.0000000000000000000000000000000000000000e+00
7.8806170407467970862036565904418239369988e-02
2.8937733298576018281522692632279358804226e-01
0.0000000000000000000000000000000000000000e+00
2.8471651326629049405525506699632387608290e-01
0.0000000000000000000000000000000000000000e+00
3.3668229723013887166871427325531840324402e-01
6.0448379212878300403843923049862496554852e-01
0.0000000000000000000000000000000000000000e+00
2.6360506328841604162249723231070674955845e-01
3.0512485185089843753303284756839275360107e-01
2.9302977737548741715700728605042968410999e-02
0.0000000000000000000000000000000000000000e+00
3.5709207662675476746549918516393518075347e-02
0.0000000000000000000000000000000000000000e+00
4.6234378047560520386127791425678879022598e-01
5.1970262911211650980192189308581873774529e-02
0.0000000000000000000000000000000000000000e+00
8.7820057533865292231922694554668851196766e-02
2.9627872601229693350077809554932173341513e-01
2.8855707306510908205510190782661084085703e-01
0.0000000000000000000000000000000000000000e+00
7.8806170407467970862036565904418239369988e-02
2.8937733298576018281522692632279358804226e-01
0.0000000000000000000000000000000000000000e+00
0.0000000000000000000000000000000000000000e+00
2.8471651326629049405525506699632387608290e-01
0.0000000000000000000000000000000000000000e+00
3.3668229723013887166871427325531840324402e-01
6.0448379212878300403843923049862496554852e-01
0.0000000000000000000000000000000000000000e+00
2.6360506328841604162249723231070674955845e-01
3.0512485185089843753303284756839275360107e-01
2.9302977737548741715700728605042968410999e-02
0.0000000000000000000000000000000000000000e+00
3.5709207662675476746549918516393518075347e-02
0.0000000000000000000000000000000000000000e+00
4.6234378047560520386127791425678879022598e-01
5.1970262911211650980192189308581873774529e-02
0.0000000000000000000000000000000000000000e+00
8.7820057533865292231922694554668851196766e-02
2.9627872601229693350077809554932173341513e-01
2.8855707306510908205510190782661084085703e-01
0.0000000000000000000000000000000000000000e+00
7.8806170407467970862036565904418239369988e-02
2.8937733298576018281522692632279358804226e-01
0.0000000000000000000000000000000000000000e+00
0.0000000000000000000000000000000000000000e+00
0.0000000000000000000000000000000000000000e+00
7.9164575974188494456029729917645454406738e+01
5.2054739272979166919697036064462736248970e-01
