1
0
23
7.0248922284507109292661652943934313952923e-01
3.5807906399644950923288888589013367891312e-01
3.2124001932819012949948955792933702468872e-01
6.3896278640776782431487390567781403660774e-01
5.1123971343535476799524452928835671627894e-03
6.0752343740124636894961440702900290489197e-01
7.2211514496220019498906594890286214649677e-01
3.2112385933389631098577865486731752753258e-01
8.5159117887594704132681044939090497791767e-01
8.7606379301418790817024273565039038658142e-01
7.6194961833657592897850463486975058913231e-01
6.0097178703014375589219753237557597458363e-01
5.6154765303410136834116883619572035968304e-01
4.4208095244885470265217009000480175018311e-01
1.0000000000000000000000000000000000000000e+00
1.0000000000000000000000000000000000000000e+00
0.0000000000000000000000000000000000000000e+00
1.0000000000000000000000000000000000000000e+00
8.3754435976298946542328849318437278270721e-01
6.7419951352589002624426939291879534721375e-01
9.7078885771708223195730624865973368287086e-01
1.0000000000000000000000000000000000000000e+00
2.8743147645286043490031602232193108648062e-01
6.9935282402412368707445011750678531825542e-01
5.1025918982207918439542027044808492064476e-01
4.9960368919945002952331947199127171188593e-01
6.1563958560751075310690794140100479125977e-01
7.0918042530899261244314857322024181485176e-01
7.7554121845152967917869091252214275300503e-01
3.3414823906912854978301652408845257014036e-01
6.2337560921689938453482682234607636928558e-01
7.2726822999142848313880449495627544820309e-01
7.8969409882036223358170445862924680113792e-01
6.8976986506830895162778460871777497231960e-01
2.7223449099740137935299344462691806256771e-01
9.1273254858981578419019342618412338197231e-01
5.4376911281354689542411051661474630236626e-01
1.1518627194883419850857109167918679304421e-01
5.0738566250964123316435916422051377594471e-01
4.8361209079425504508975564021966420114040e-01
8.1055681166896897948959122004453092813492e-01
6.0097178703014419998140738243819214403629e-01
2.3494525560745144199259470951801631599665e-01
1.0000000000000000000000000000000000000000e+00
5.5181434073747348545424529220326803624630e-01
5.9030737689057510841905695997411385178566e-01
0.0000000000000000000000000000000000000000e+00
5.2343247365869849385688894471968524158001e-01
5.5033531412353275946713893063133582472801e-01
4.6988914957802102589923265441029798239470e-01
8.6062759084769346884513652184978127479553e-01
1.5695504911374394407808097184897633269429e-01
6.0521543766927576868397409270983189344406e-01
5.3617965102658304843430414621252566576004e-01
4.1012761944052444906816390357562340795994e-01
6.8114787132882870235306427275645546615124e-01
1.5695504911374394407808097184897633269429e-01
5.2118476727284002159024112188490107655525e-01
5.1025918982207918439542027044808492064476e-01
6.3049296873354443437875715972040779888630e-01
7.7533719692856684080339846332208253443241e-01
2.7656718174364830487022004490427207201719e-01
9.9005480647615540235051412309985607862473e-01
5.3404298531662097726524507379508577287197e-01
6.5564926868306605545200227425084449350834e-01
4.0752925668842732154217856077593751251698e-01
2.6366229896647169761436657609010580927134e-01
2.8902345915119094510448150003867340274155e-02
7.2362491300850018127732710127020254731178e-01
4.2092860482236355013085926657367963343859e-01
5.7548736236441355718085333137423731386662e-01
7.2376579606144153533620055895880796015263e-01
1.0000000000000000000000000000000000000000e+00
7.4692628175675634949470804713200777769089e-01
5.3432327511154797949899375453242100775242e-01
6.0642051862019330510378267717896960675716e-01
7.9477126453183610799158032023115083575249e-01
6.1630008324800256147568688902538269758224e-01
8.3629604940397173074018155602971091866493e-01
4.2092860482236355013085926657367963343859e-01
6.1691668416625633497574199282098561525345e-01
1.0000000000000000000000000000000000000000e+00
1.0000000000000000000000000000000000000000e+00
1.0000000000000000000000000000000000000000e+00
5.3729460982949739378256026611779816448689e-01
9.5215917624992263412764259555842727422714e-01
9.5661812164930759561087825204594992101192e-01
5.9981441117596945300505240084021352231503e-01
9.9381257453006210944579379429342225193977e-01
5.4197186039591227491030167584540322422981e-01
5.3404298531662097726524507379508577287197e-01
7.0571146805215001496236482125823386013508e-01
0.0000000000000000000000000000000000000000e+00
9.0286659444442562971744337119162082672119e-01
4.6165199648968607837318245401547756046057e-01
1.0000000000000000000000000000000000000000e+00
6.2336059141439370545612064233864657580853e-01
3.2974765575957126761963422723056282848120e-01
6.0092827881725796590473009928246028721333e-01
9.2661509362398952749373393089626915752888e-01
5.4107555490275960341506333861616440117359e-01
5.6329107973921987984056158893508836627007e-01
2.7811548905487715188655784004367887973785e-01
3.0438799357722090555000704625854268670082e-01
6.2616149931552977925264258374227210879326e-01
2.8454961877468420983205987795372493565083e-01
0.0000000000000000000000000000000000000000e+00
7.2439810733691412103496531926793977618217e-01
5.5285810861763451384831569157540798187256e-01
7.9588901309160442476553498636349104344845e-01
7.2439810733691412103496531926793977618217e-01
1.0000000000000000000000000000000000000000e+00
5.9123654700690053687139879912137985229492e-01
5.6255953319870044548878240675549022853374e-01
6.7618053364131713856011174357263371348381e-01
6.0371080142531208245770812936825677752495e-01
5.8535462432926577136527157563250511884689e-01
4.9681277446418414811546426790300756692886e-01
4.8293008054046432375727704311429988592863e-01
7.4772053145880024160874199878890067338943e-01
6.5134228159410134662010705142165534198284e-01
5.4379363286237089591956817002937896177173e-02
5.4146393990876773294473878195276483893394e-01
6.9212735777379053025981647806474938988686e-01
6.2616149931552578244975393317872658371925e-01
6.0977512590666682612550175690557807683945e-01
5.6614452354703403980096254599629901349545e-01
9.2989223295071243846621200646040961146355e-01
5.4376911281354689542411051661474630236626e-01
6.9731056815493197564848060210351832211018e-01
2.8845191173269341122775699659541714936495e-01
6.9330184833506625086130270574358291924000e-01
4.7261889149439817447984069076483137905598e-01
6.2616149931552977925264258374227210879326e-01
5.1098509866957653180463694297941401600838e-01
7.3820009886183668434966875793179497122765e-01
6.5648056374915497723776525162975303828716e-01
2.8845191173269341122775699659541714936495e-01
6.3026325407839645098562186831259168684483e-01
5.8119921523965878407125273952260613441467e-01
8.1055681166897142198024539538891986012459e-01
8.4143676543048773197597256512381136417389e-01
4.6039308217463204009334276634035632014275e-01
7.6095774896141266108173795146285556256771e-01
6.4210162801033676682749273822992108762264e-01
7.8559336947590818756026465052855201065540e-01
3.7188901567721921459508394036674872040749e-01
3.8528818557406840916712553735123947262764e-01
3.7007854685515145787277901945344638079405e-01
7.6391499563265607974926751921884715557098e-01
5.2478884224201771679929606762016192078590e-01
7.4537796665947142482622211900888942182064e-01
5.9123654700690053687139879912137985229492e-01
5.4376911281354689542411051661474630236626e-01
3.3850404725567140307163072066032327711582e-01
7.5885846841194548595410651614656671881676e-01
4.8544371927083251883061620901571586728096e-01
1.0000000000000000000000000000000000000000e+00
1.0000000000000000000000000000000000000000e+00
2.0017606707751378625204097261303104460239e-01
7.0217835775793036034997385286260396242142e-01
5.2347544034328752360352154937572777271271e-01
8.4627375349057942788277841827948577702045e-01
5.2347544034328563622437968660960905253887e-01
5.1093691042660360768223881677840836346149e-01
4.4313425505674852722393097792519256472588e-01
4.8405052146757021613865390463615767657757e-01
4.1198395615865002206135159212863072752953e-01
2.5894161349421307427576266491087153553963e-01
1.7556417470243265710472257978835841640830e-01
5.5652575881754440256798943664762191474438e-01
3.3850404725567140307163072066032327711582e-01
0.0000000000000000000000000000000000000000e+00
8.6353253021389275723151968122692778706551e-01
4.0541465878892124496957194423885084688663e-01
5.7548736236441355718085333137423731386662e-01
7.1792784163686906850898594711907207965851e-01
4.1336536257850564624050093698315322399139e-01
9.0426189326357941933309803062002174556255e-01
4.7986522250850832671531520645658019930124e-01
6.2337560921689871840101204725215211510658e-01
5.2738376580313972574742820143001154065132e-01
4.4525307168724875817034103420155588537455e-01
5.0824183523773014403701608898700214922428e-01
9.2468957844696819670105014665750786662102e-01
5.9461691825851437087635531497653573751450e-01
4.2995174752579806698449260693450924009085e-01
9.6273681598564087025238222850020974874496e-01
7.3698035623277746708481572568416595458984e-01
6.6877752247186927903044306731317192316055e-01
2.5938171894955475149657786460011266171932e-01
2.3638931617564368226069859701965469866991e-01
7.2362491300850018127732710127020254731178e-01
5.9767581999555219329778310566325671970844e-01
6.5781314011702718413943102859775535762310e-01
7.6209499220393084328861732501536607742310e-01
3.5745065803388270664342485360975842922926e-01
8.3875868698766720132908858431619592010975e-01
6.7279256187646274689484471309697255492210e-01
6.7279256187646274689484471309697255492210e-01
5.4844035787462253050961180633748881518841e-01
4.0226586145304443764558754992322064936161e-01
3.7765546083636958307749864616198465228081e-01
5.4561356651235581871617341676028445363045e-01
6.6536421206861062760395952864200808107853e-01
4.5437453908899183563363521898281760513783e-01
7.3458425206621191794198466595844365656376e-01
6.0977512590666682612550175690557807683945e-01
5.1452684596315700904511913904570974409580e-01
6.4676847276018667454167143660015426576138e-01
5.9448269942419451616899550572270527482033e-01
3.5745065803388270664342485360975842922926e-01
3.2124001932819012949948955792933702468872e-01
5.1123971343535476799524452928835671627894e-03
3.2112385933389631098577865486731752753258e-01
6.0097178703014375589219753237557597458363e-01
0.0000000000000000000000000000000000000000e+00
2.8743147645286043490031602232193108648062e-01
3.3414823906912854978301652408845257014036e-01
1.1518627194883419850857109167918679304421e-01
0.0000000000000000000000000000000000000000e+00
1.5695504911374394407808097184897633269429e-01
2.8902345915119094510448150003867340274155e-02
4.2092860482236355013085926657367963343859e-01
0.0000000000000000000000000000000000000000e+00
0.0000000000000000000000000000000000000000e+00
5.4379363286237089591956817002937896177173e-02
2.8845191173269341122775699659541714936495e-01
3.3850404725567140307163072066032327711582e-01
0.0000000000000000000000000000000000000000e+00
2.3638931617564368226069859701965469866991e-01
3.5745065803388270664342485360975842922926e-01
0.0000000000000000000000000000000000000000e+00
3.2124001932819012949948955792933702468872e-01
5.1123971343535476799524452928835671627894e-03
3.2112385933389631098577865486731752753258e-01
6.0097178703014375589219753237557597458363e-01
0.0000000000000000000000000000000000000000e+00
2.8743147645286043490031602232193108648062e-01
3.3414823906912854978301652408845257014036e-01
1.1518627194883419850857109167918679304421e-01
0.0000000000000000000000000000000000000000e+00
1.5695504911374394407808097184897633269429e-01
2.8902345915119094510448150003867340274155e-02
4.2092860482236355013085926657367963343859e-01
0.0000000000000000000000000000000000000000e+00
0.0000000000000000000000000000000000000000e+00
5.4379363286237089591956817002937896177173e-02
2.8845191173269341122775699659541714936495e-01
3.3850404725567140307163072066032327711582e-01
0.0000000000000000000000000000000000000000e+00
2.3638931617564368226069859701965469866991e-01
3.5745065803388270664342485360975842922926e-01
0.0000000000000000000000000000000000000000e+00
0.0000000000000000000000000000000000000000e+00
3.2124001932819012949948955792933702468872e-01
5.1123971343535476799524452928835671627894e-03
3.2112385933389631098577865486731752753258e-01
6.0097178703014375589219753237557597458363e-01
0.0000000000000000000000000000000000000000e+00
2.8743147645286043490031602232193108648062e-01
3.3414823906912854978301652408845257014036e-01
1.1518627194883419850857109167918679304421e-01
0.0000000000000000000000000000000000000000e+00
1.5695504911374394407808097184897633269429e-01
2.8902345915119094510448150003867340274155e-02
4.2092860482236355013085926657367963343859e-01
0.0000000000000000000000000000000000000000e+00
0.0000000000000000000000000000000000000000e+00
5.4379363286237089591956817002937896177173e-02
2.8845191173269341122775699659541714936495e-01
3.3850404725567140307163072066032327711582e-01
0.0000000000000000000000000000000000000000e+00
2.3638931617564368226069859701965469866991e-01
3.5745065803388270664342485360975842922926e-01
0.0000000000000000000000000000000000000000e+00
0.0000000000000000000000000000000000000000e+00
0.0000000000000000000000000000000000000000e+00
7.8389786665924958697360125370323657989502e+01
5.5921449426821556727418283117003738880157e-01
