1
0
23
7.1495890541040185706123111231136135756969e-01
3.5178239599940436255209874616411980241537e-01
3.0944515137277101013424385200778488069773e-01
6.4962477124408057882476441591279581189156e-01
2.8464854703337899577419989327609073370695e-02
6.1027673987047847958820057101547718048096e-01
7.5230435569437770215728278344613499939442e-01
3.5409181257100980078078578117128927260637e-01
8.7324465901873160600388246166403405368328e-01
8.8963050247993580299521454435307532548904e-01
8.8452223736800783537859160787775181233883e-01
6.1233826517043554726882348404615186154842e-01
4.9479631863520201484618610265897586941719e-01
4.6436044363647321908672438439680263400078e-01
1.0000000000000000000000000000000000000000e+00
1.0000000000000000000000000000000000000000e+00
0.0000000000000000000000000000000000000000e+00
1.0000000000000000000000000000000000000000e+00
7.8264547509492377042050748059409670531750e-01
7.1586921221818422544913573801750317215919e-01
9.8616824075266529270322735101217404007912e-01
1.0000000000000000000000000000000000000000e+00
2.4899341956112713836191119298746343702078e-01
7.3279222752072503688225424411939457058907e-01
5.1316883467202201174472975253593176603317e-01
5.2174793431620225536704538171761669218540e-01
6.2809616802017897985166428043157793581486e-01
7.4864921635665371280055069291847757995129e-01
7.7839002555028025120975598838413134217262e-01
3.1304006620883884082218173716682940721512e-01
6.0579967289149938558523444953607395291328e-01
6.9044036603530067885969856433803215622902e-01
7.4897842387671209607447053713258355855942e-01
6.9154899574263128947393397538689896464348e-01
2.5463727208479131070006928894144948571920e-01
9.0960616562569951426553416240494698286057e-01
5.1399323041608735440632926838588900864124e-01
5.0679757338512029796184776841982966288924e-02
4.9302151704631658191146925673820078372955e-01
4.9812978215823489058777795435162261128426e-01
8.9470990618108448000356247575837187469006e-01
6.1233826517043554726882348404615186154842e-01
1.9258500654133559049085988590377382934093e-01
9.4724086285002451202075235414667986333370e-01
5.8018448874845640617081699019763618707657e-01
5.8018448874845129914490371447755023837090e-01
0.0000000000000000000000000000000000000000e+00
4.9302151704631658191146925673820078372955e-01
5.1240989668522385347415593059849925339222e-01
4.6695372965757075967019318341044709086418e-01
7.3620913945788424292970830720150843262672e-01
9.6478873274684365246578465757920639589429e-02
5.8313438635714665014830870859441347420216e-01
4.9302151704631658191146925673820078372955e-01
3.6866525865913624127045977729721926152706e-01
6.8163680439606022520848682688665576279163e-01
9.6478873274684365246578465757920639589429e-02
5.1997663675211702738465646689292043447495e-01
5.2448701478672332676467249257257208228111e-01
6.3720554287508368584980189552879892289639e-01
7.4395516235313663422346053266664966940880e-01
2.4195692582637468026618421390594448894262e-01
1.0000000000000000000000000000000000000000e+00
5.1016101854104956014879235226544551551342e-01
5.4499647576229004464209992875112220644951e-01
4.0730663185719390151362517826783005148172e-01
2.0724541921236816488516296885791234672070e-01
0.0000000000000000000000000000000000000000e+00
7.1908121930820578793230879455222748219967e-01
4.4267736875772989435517956735566258430481e-01
5.8862412930904006724830423991079442203045e-01
7.7561721097868430163657649245578795671463e-01
1.0000000000000000000000000000000000000000e+00
7.7535649186159250056959990615723654627800e-01
5.5125513121088620671628177660750225186348e-01
5.3022446250854948779362985078478232026100e-01
8.2954558559672364470571892525185830891132e-01
6.8199367890907325318039511330425739288330e-01
8.1545162274951932257494036093703471124172e-01
4.4267736875772989435517956735566258430481e-01
6.2752507676171942474496745489886961877346e-01
1.0000000000000000000000000000000000000000e+00
1.0000000000000000000000000000000000000000e+00
9.8857176230328314137096867852960713207722e-01
5.7165587306648124599206539642182178795338e-01
9.0306690942373701869172464284929446876049e-01
9.1163351277931736760251624218653887510300e-01
7.1979078810712904257229638460557907819748e-01
9.3983218106788646295512990036513656377792e-01
5.6714661742199146132747955562081187963486e-01
5.0706714332043900661517454864224418997765e-01
7.2711161472232410662996926475898362696171e-01
5.8060293807859264525461640005232766270638e-02
9.9222877564762235191864192529465071856976e-01
4.6453877440531454734440330867073498666286e-01
1.0000000000000000000000000000000000000000e+00
6.4277902019464416838445686153136193752289e-01
3.1890250631292021976648243253293912857771e-01
5.9276035285304240485260152127011679112911e-01
9.7237061125106138970153324407874606549740e-01
5.0225778943196330850184949667891487479210e-01
5.1765773391807634595807030564174056053162e-01
2.2407014911530165335307174245826900005341e-01
2.7312515446682544828505001532903406769037e-01
6.1854085118662105458042788086459040641785e-01
2.9434981066908899594025683654763270169497e-01
0.0000000000000000000000000000000000000000e+00
8.1220016114308768440110952724353410303593e-01
5.4889941943441045157925373132457025349140e-01
7.9064809753324549745912008802406489849091e-01
7.1753973832504691632294679948245175182819e-01
1.0000000000000000000000000000000000000000e+00
6.4006076771442532713507489461335353553295e-01
4.9952385957273498506836517663032282143831e-01
5.9727470957994888145492495823418721556664e-01
5.9281939286461848848119871036033146083355e-01
6.0609853646834432883139243131154216825962e-01
5.1399323041608591111639725568238645792007e-01
4.8167420899667962030932244488212745636702e-01
7.4377394423501996811864955816417932510376e-01
5.9911478006094132098269255948252975940704e-01
8.4806695680848614982139110907155554741621e-02
5.5482106029014377490682363713858649134636e-01
6.6133361329488571378476535755908116698265e-01
6.2009991780070738975894073519157245755196e-01
6.1233826517043554726882348404615186154842e-01
3.9377316081633972899567197600845247507095e-01
8.9211586572436085695869678602321073412895e-01
5.1399323041608735440632926838588900864124e-01
6.8001037009716502890199762987322174012661e-01
2.9901913363712473437061589720542542636395e-01
6.4854063668204875447997892479179427027702e-01
4.2993979129550918827362693264149129390717e-01
6.0980057463325476607707287257653661072254e-01
5.2151150704101334465434547382756136357784e-01
7.0766647529029103047548687754897400736809e-01
6.3725863929027293242057794486754573881626e-01
2.9901913363712473437061589720542542636395e-01
6.0656264824886352293731306417612358927727e-01
5.3120283388187627959808878586045466363430e-01
8.0640600038298881901965842189383693039417e-01
8.0424113833323496169924737841938622295856e-01
4.3512703907259792091011263437394518405199e-01
6.8091719609237266741530447689001448452473e-01
6.3311309899770928932838387481751851737499e-01
7.5041229767207151546415389020694419741631e-01
3.4928464726634506076763386772654484957457e-01
3.4680035093850464233966590654745232313871e-01
3.2151299348852008241905764407420065253973e-01
7.2255666930257522739822206858661957085133e-01
5.5174522203788001206703484058380126953125e-01
7.8375033989411369006461427488829940557480e-01
5.7731492014153906744411415274953469634056e-01
5.2151150704102022803709814979811199009418e-01
2.9348123416582622136061786477512214332819e-01
7.9070183310492836437077812661300413310528e-01
5.0122161222520889012344014190603047609329e-01
1.0000000000000000000000000000000000000000e+00
1.0000000000000000000000000000000000000000e+00
2.5022309667061110038943638755881693214178e-01
6.3651500889039869246488478893297724425793e-01
5.1825307162464617771746588914538733661175e-01
7.1208529521072116974522714372142218053341e-01
5.1825307162464617771746588914538733661175e-01
4.8048122800608250582143909923615865409374e-01
4.7055504934007197359591145868762396275997e-01
5.5021245724119882680724913370795547962189e-01
4.1592180332229078398853516773669980466366e-01
2.3535045745016830442963851055537816137075e-01
1.8912969668052442839822901987645309418440e-01
5.8411382784429943804127560724737122654915e-01
2.9348123416582622136061786477512214332819e-01
0.0000000000000000000000000000000000000000e+00
8.1376067609819247028468680582591332495213e-01
3.7768218439104567218933539152203593403101e-01
4.4540083512377581786978453237679786980152e-01
6.9082324629164326701413756381953135132790e-01
4.4851816841820846271104983316035941243172e-01
7.5930552239027726546538588081602938473225e-01
4.3892036007026230537420019572891760617495e-01
5.1399323041608735440632926838588900864124e-01
4.2713365607250308730868937345803715288639e-01
3.5936349501978287479531104509078431874514e-01
4.2012845192982389841418466858158353716135e-01
9.0916838028257063175630037221708334982395e-01
3.8151596721747249585376948743942193686962e-01
3.4538251877404502199198077505570836365223e-01
9.3771526423727291632559399658930487930775e-01
7.5333779733827133107126883260207250714302e-01
5.7667670665981751731976601149654015898705e-01
2.3657970524280935720184970705304294824600e-01
8.0348991097860880672421046710951486602426e-02
6.5803150939031918031929535572999157011509e-01
6.2648636856169004349936813014210201799870e-01
7.0967640860311664852133617387153208255768e-01
7.2431485105450865713550001601106487214565e-01
3.3064950433061546242186068411683663725853e-01
7.9050877258893170740350342384772375226021e-01
6.2648636856169004349936813014210201799870e-01
5.5360306285151072991368437214987352490425e-01
5.7474911176829535097709822366596199572086e-01
3.4810872255123320728742442042857874184847e-01
3.2707298130156114979172343737445771694183e-01
5.1471039542988827886205172035261057317257e-01
6.4039256122419097039255575509741902351379e-01
4.1183176972904961266053192048275377601385e-01
7.4876022190087321295237643425934948027134e-01
6.0360777101818718914927330843056552112103e-01
4.5613023339360331265268655442923773080111e-01
6.2572339320432590614728951550205238163471e-01
5.0206928260221295179377420936361886560917e-01
3.2707298130156114979172343737445771694183e-01
3.0944515137277101013424385200778488069773e-01
2.8464854703337899577419989327609073370695e-02
3.5409181257100980078078578117128927260637e-01
6.1233826517043554726882348404615186154842e-01
0.0000000000000000000000000000000000000000e+00
2.4899341956112713836191119298746343702078e-01
3.1304006620883884082218173716682940721512e-01
5.0679757338512029796184776841982966288924e-02
0.0000000000000000000000000000000000000000e+00
9.6478873274684365246578465757920639589429e-02
2.0388471478656972698017534918921689783668e-20
4.4267736875772989435517956735566258430481e-01
5.8060293807859264525461640005232766270638e-02
0.0000000000000000000000000000000000000000e+00
8.4806695680848614982139110907155554741621e-02
2.9901913363712473437061589720542542636395e-01
2.9348123416582622136061786477512214332819e-01
0.0000000000000000000000000000000000000000e+00
8.0348991097860880672421046710951486602426e-02
3.2707298130156114979172343737445771694183e-01
0.0000000000000000000000000000000000000000e+00
3.0944515137277101013424385200778488069773e-01
2.8464854703337899577419989327609073370695e-02
3.5409181257100980078078578117128927260637e-01
6.1233826517043554726882348404615186154842e-01
0.0000000000000000000000000000000000000000e+00
2.4899341956112713836191119298746343702078e-01
3.1304006620883884082218173716682940721512e-01
5.0679757338512029796184776841982966288924e-02
0.0000000000000000000000000000000000000000e+00
9.6478873274684365246578465757920639589429e-02
2.0388471478656972698017534918921689783668e-20
4.4267736875772989435517956735566258430481e-01
5.8060293807859264525461640005232766270638e-02
0.0000000000000000000000000000000000000000e+00
8.4806695680848614982139110907155554741621e-02
2.9901913363712473437061589720542542636395e-01
2.9348123416582622136061786477512214332819e-01
0.0000000000000000000000000000000000000000e+00
8.0348991097860880672421046710951486602426e-02
3.2707298130156114979172343737445771694183e-01
0.0000000000000000000000000000000000000000e+00
0.0000000000000000000000000000000000000000e+00
3.0944515137277101013424385200778488069773e-01
2.8464854703337899577419989327609073370695e-02
3.5409181257100980078078578117128927260637e-01
6.1233826517043554726882348404615186154842e-01
0.0000000000000000000000000000000000000000e+00
2.4899341956112713836191119298746343702078e-01
3.1304006620883884082218173716682940721512e-01
5.0679757338512029796184776841982966288924e-02
0.0000000000000000000000000000000000000000e+00
9.6478873274684365246578465757920639589429e-02
2.0388471478656972698017534918921689783668e-20
4.4267736875772989435517956735566258430481e-01
5.8060293807859264525461640005232766270638e-02
0.0000000000000000000000000000000000000000e+00
8.4806695680848614982139110907155554741621e-02
2.9901913363712473437061589720542542636395e-01
2.9348123416582622136061786477512214332819e-01
0.0000000000000000000000000000000000000000e+00
8.0348991097860880672421046710951486602426e-02
3.2707298130156114979172343737445771694183e-01
0.0000000000000000000000000000000000000000e+00
0.0000000000000000000000000000000000000000e+00
0.0000000000000000000000000000000000000000e+00
7.8312908519455945111076289322227239608765e+01
5.2868828998885641912153232624405063688755e-01
