1
0
23
7.0898913241059147161138298542937263846397e-01
3.4057831576033165132955105036671739071608e-01
2.8000084871174951706152000951988156884909e-01
6.4248889827269417551747210382018238306046e-01
4.7289283765516556060082287160639680223539e-03
6.1788700460796275315544789918931201100349e-01
7.6017485270435891653306725856964476406574e-01
3.5272051142293459058407734119100496172905e-01
8.1065055085484027941333806666079908609390e-01
8.4451627744775004114075045436038635671139e-01
8.8780866946417125173951490069157443940639e-01
5.9319501591818746266682182977092452347279e-01
4.4118724408849885332273288440774194896221e-01
4.1126351573017416729527440111269243061543e-01
1.0000000000000000000000000000000000000000e+00
1.0000000000000000000000000000000000000000e+00
0.0000000000000000000000000000000000000000e+00
1.0000000000000000000000000000000000000000e+00
7.6017485270436102595681404636707156896591e-01
7.4122994219920090852582461593556217849255e-01
1.0000000000000000000000000000000000000000e+00
1.0000000000000000000000000000000000000000e+00
2.5504887172939277872885099895938765257597e-01
7.1994727236760491795308780638151802122593e-01
4.9001515481178181676824578971718437969685e-01
5.2877177156548349490350346968625672161579e-01
6.1705152017761244476190540808602236211300e-01
7.0847033447201601674692028609570115804672e-01
7.8397068855483242888482209309586323797703e-01
3.0158597588584379334264440331025980412960e-01
5.6095659797413788272280044111539609730244e-01
6.4894791832896758787541102719842456281185e-01
6.8903123987422665308599789568688720464706e-01
6.4814062808025574291548309702193364500999e-01
2.1479342685240054855455582583090290427208e-01
8.9589237190206771899170234974008053541183e-01
4.6999266455880261972311018325854092836380e-01
1.3767030756497472716859409302969652344473e-03
4.4630719268000873523050131552736274898052e-01
4.5577430504667748589753273336100392043591e-01
8.7089385067510338700458305538631975650787e-01
5.9319501591818746266682182977092452347279e-01
1.5347951776048252003903371587512083351612e-01
9.7419170250431674773494705732446163892746e-01
6.1383497493396577127100499637890607118607e-01
5.5320558391683694043905461512622423470020e-01
3.9018973974506154789310130581725388765335e-03
4.5588676315618337220314515434438362717628e-01
4.6455947187533058739816738125227857381105e-01
4.6208856392407560154111934025422669947147e-01
6.9006278963933354031468070388655178248882e-01
1.8996616320996844579083173698563768994063e-02
5.9518615087682025244220085369306616485119e-01
4.5052364312127896051052289294602815061808e-01
3.1880740124408302182956731485319323837757e-01
6.2207037209808002664601644937647506594658e-01
1.8739383047638186879924049321743950713426e-02
5.0607873939048353406633395934477448463440e-01
5.0607873939048420020014873443869873881340e-01
6.0006574185275463051425504090730100870132e-01
7.1238412818138019400038274397957138717175e-01
2.1052378752163081188086835027206689119339e-01
1.0000000000000000000000000000000000000000e+00
4.9001515481178181676824578971718437969685e-01
5.0607873939047243183608770777937024831772e-01
4.0994692688567946348143777868244796991348e-01
1.6337660829026395825636086556187365204096e-01
0.0000000000000000000000000000000000000000e+00
6.9609076810817993585800422806642018258572e-01
4.5600224859227089790891795928473584353924e-01
6.2276138017266702284757684537908062338829e-01
8.0578935699034293094200620544143021106720e-01
1.0000000000000000000000000000000000000000e+00
7.8531218776173516982197497782181017100811e-01
5.5166231756039629807730761967832222580910e-01
5.1760679766682804459065891933278180658817e-01
7.9501021627009915704320519580505788326263e-01
6.7887246500842479690618347376585006713867e-01
8.2373881418238126261854858967126347124577e-01
4.5600224859227089790891795928473584353924e-01
6.2716839834395055053306577974581159651279e-01
1.0000000000000000000000000000000000000000e+00
9.6187596755395521341824860428459942340851e-01
1.0000000000000000000000000000000000000000e+00
5.8911745989954167335156398621620610356331e-01
9.1654608582538676930795418229536153376102e-01
9.0621029314636480922473538157646544277668e-01
6.7594639839804759873231887468136847019196e-01
9.0098200976498077352516702376306056976318e-01
5.5461300450095185610166481637861579656601e-01
4.9001515481178103961212855210760608315468e-01
7.2830547455107186305411914872820489108562e-01
6.3029485034453269776122397161088883876801e-02
9.7533727047129126219715544721111655235291e-01
4.8532011346718967326197002876142505556345e-01
1.0000000000000000000000000000000000000000e+00
6.4819418343207491073343362586456350982189e-01
2.9607560198550331165279203560203313827515e-01
5.7782698120448505729740418246365152299404e-01
9.2890084687958762721393668471137061715126e-01
4.1655183810900264784748969759675674140453e-01
5.0492711580168947449465122190304100513458e-01
1.8485988585853832533167917517857858911157e-01
2.6953451306820680466458384216821286827326e-01
7.1947456463037284812855887139448896050453e-01
2.9398060573256717953327665782126132398844e-01
0.0000000000000000000000000000000000000000e+00
8.1065055085484027941333806666079908609390e-01
5.5088141344282581801650167108164168894291e-01
7.8849316591095952588830186869017779827118e-01
7.2011569165843813955518726288573816418648e-01
1.0000000000000000000000000000000000000000e+00
6.5437397855383427902609128068434074521065e-01
4.7732481290084322056443966175720561295748e-01
5.2714719234552931403925413178512826561928e-01
5.4954956525356335461651724472176283597946e-01
5.8325657960740728835702384458272717893124e-01
5.0212208339815578295173281730967573821545e-01
4.9073727002163547439295143703930079936981e-01
6.9786322677283241233681110315956175327301e-01
5.3576041913455363374652051788871176540852e-01
8.3127551095855178875382307523977942764759e-02
5.3617706763917072354530546363093890249729e-01
6.5041631724397419578309609278221614658833e-01
6.1986796341366467988365229757619090378284e-01
5.9319501591818746266682182977092452347279e-01
3.6976607446037601523158855343353934586048e-01
9.0025710456465868336550784079008735716343e-01
5.0806142115237362677504506791592575609684e-01
6.7420576748049620974256868066731840372086e-01
2.9318316721428233639912264152371790260077e-01
5.9454015411885996478247307095443829894066e-01
4.3785628600008236199769839913642499595881e-01
5.9342835434142249262379209540085867047310e-01
5.2510563705281920743317414235207252204418e-01
7.0684094711929834620178780824062414467335e-01
6.6089083582866303689939968535327352583408e-01
2.9318316721428233639912264152371790260077e-01
5.6525207272080635334532416891306638717651e-01
5.4445994644675965723479293956188485026360e-01
7.8849316591095952588830186869017779827118e-01
7.7903093713994486790852533886209130287170e-01
3.8515478906248246104837562597822397947311e-01
6.5893430434908151216433225272339768707752e-01
6.1498651881221455539616727037355303764343e-01
7.0875151190524465771858331208932213485241e-01
3.3923802641666811474863152398029342293739e-01
3.0288891980164628359162293236295226961374e-01
3.1210182443579514988130085839657112956047e-01
7.1743753454669578761837556157843209803104e-01
5.2233128883902169015129857143620029091835e-01
6.9761131886065130824903235406964085996151e-01
5.5509572486068359253863491176161915063858e-01
5.0536127876928393920508142400649376213551e-01
2.6914621127642651687850161579262930899858e-01
7.6678836669246241974917666084365919232368e-01
4.6687645397340049591150545893469825387001e-01
1.0000000000000000000000000000000000000000e+00
1.0000000000000000000000000000000000000000e+00
2.4469015215500244941893015493405982851982e-01
5.8448365955735637200518794998060911893845e-01
5.1975606248401207132303625257918611168861e-01
6.5590309785415490395621418429072946310043e-01
5.1975606248401207132303625257918611168861e-01
4.2071371611044705574045110552106052637100e-01
4.3899217263268885957927523122634738683701e-01
4.8589790715155456446439075079979375004768e-01
4.5935780302723971946221581674763001501560e-01
2.4088221687716615537766529087093658745289e-01
1.6776414168024236794884984647069359198213e-01
4.8094629812279965364041345310397446155548e-01
2.6914621127642651687850161579262930899858e-01
0.0000000000000000000000000000000000000000e+00
7.6544660755134563689949800391332246363163e-01
3.6111812125795900163538476590474601835012e-01
4.3351431746013840973219544139283243566751e-01
6.8333858340511921536375439245603047311306e-01
4.4780565302378766423530009888054337352514e-01
7.1884839152067481204966270524892024695873e-01
4.2585940542871858482953939528670161962509e-01
4.0085679085431880075418575870571658015251e-01
4.2366116715074114695838147781614679843187e-01
3.2461392805359196023218260052090045064688e-01
4.0417598615362748670776227299938909709454e-01
9.0219517485105893417340894302469678223133e-01
3.5575285554586516534314455384446773678064e-01
3.3806436507830533999552358181972522288561e-01
9.2945387357860886901050889719044789671898e-01
7.2415076517849841231111440720269456505775e-01
5.5509572486068370356093737427727319300175e-01
1.5739025072868606525133827744866721332073e-01
4.6199345800987612342680677102180197834969e-02
6.2467476385174092179397575819166377186775e-01
5.7987770630204127364493160712299868464470e-01
7.2345856481670034465736307538463734090328e-01
6.8333858340512121376519871773780323565006e-01
2.9441952616018518540386139648035168647766e-01
7.4336958272009767689780801447341218590736e-01
6.0265544565635364993028133540065027773380e-01
4.8297789587127587518367022312304470688105e-01
5.6147479493459540034194787949672900140285e-01
2.8869960463894961399944349977886304259300e-01
2.9938826852358668695330834452761337161064e-01
5.0289162093196071445788675191579386591911e-01
6.0266489570192083302657692911452613770962e-01
3.5425576217301146808580369906849227845669e-01
6.9786322677283263438141602819086983799934e-01
5.8395363999902227813976196557632647454739e-01
4.2224043220643520113455338105268310755491e-01
6.0793954138585903912428420881042256951332e-01
4.5844422545614882391618039036984555423260e-01
2.6729222340414343639380945205630268901587e-01
2.8000084871174951706152000951988156884909e-01
4.7289283765516556060082287160639680223539e-03
3.5272051142293459058407734119100496172905e-01
5.9319501591818746266682182977092452347279e-01
0.0000000000000000000000000000000000000000e+00
2.5504887172939277872885099895938765257597e-01
3.0158597588584379334264440331025980412960e-01
1.3767030756497472716859409302969652344473e-03
3.9018973974506154789310130581725388765335e-03
1.8739383047638186879924049321743950713426e-02
0.0000000000000000000000000000000000000000e+00
4.5600224859227089790891795928473584353924e-01
6.3029485034453269776122397161088883876801e-02
0.0000000000000000000000000000000000000000e+00
8.3127551095855178875382307523977942764759e-02
2.9318316721428233639912264152371790260077e-01
2.6914621127642651687850161579262930899858e-01
0.0000000000000000000000000000000000000000e+00
4.6199345800987612342680677102180197834969e-02
2.6729222340414343639380945205630268901587e-01
0.0000000000000000000000000000000000000000e+00
2.8000084871174951706152000951988156884909e-01
4.7289283765516556060082287160639680223539e-03
3.5272051142293459058407734119100496172905e-01
5.9319501591818746266682182977092452347279e-01
0.0000000000000000000000000000000000000000e+00
2.5504887172939277872885099895938765257597e-01
3.0158597588584379334264440331025980412960e-01
1.3767030756497472716859409302969652344473e-03
3.9018973974506154789310130581725388765335e-03
1.8739383047638186879924049321743950713426e-02
0.0000000000000000000000000000000000000000e+00
4.5600224859227089790891795928473584353924e-01
6.3029485034453269776122397161088883876801e-02
0.0000000000000000000000000000000000000000e+00
8.3127551095855178875382307523977942764759e-02
2.9318316721428233639912264152371790260077e-01
2.6914621127642651687850161579262930899858e-01
0.0000000000000000000000000000000000000000e+00
4.6199345800987612342680677102180197834969e-02
2.6729222340414343639380945205630268901587e-01
0.0000000000000000000000000000000000000000e+00
0.0000000000000000000000000000000000000000e+00
2.8000084871174951706152000951988156884909e-01
4.7289283765516556060082287160639680223539e-03
3.5272051142293459058407734119100496172905e-01
5.9319501591818746266682182977092452347279e-01
0.0000000000000000000000000000000000000000e+00
2.5504887172939277872885099895938765257597e-01
3.0158597588584379334264440331025980412960e-01
1.3767030756497472716859409302969652344473e-03
3.9018973974506154789310130581725388765335e-03
1.8739383047638186879924049321743950713426e-02
0.0000000000000000000000000000000000000000e+00
4.5600224859227089790891795928473584353924e-01
6.3029485034453269776122397161088883876801e-02
0.0000000000000000000000000000000000000000e+00
8.3127551095855178875382307523977942764759e-02
2.9318316721428233639912264152371790260077e-01
2.6914621127642651687850161579262930899858e-01
0.0000000000000000000000000000000000000000e+00
4.6199345800987612342680677102180197834969e-02
2.6729222340414343639380945205630268901587e-01
0.0000000000000000000000000000000000000000e+00
0.0000000000000000000000000000000000000000e+00
0.0000000000000000000000000000000000000000e+00
7.8229744388507228336493426468223333358765e+01
5.1752372232160392950817140444996766746044e-01
