1
0
23
7.0881384620703336008062933615292422473431e-01
3.4345588691351774945914598902163561433554e-01
2.9287404250100323999106421979377046227455e-01
6.4727600771073268148825263779144734144211e-01
1.3151060897142975367191120028564910171553e-02
6.2334213909285729471321246819570660591125e-01
7.6861874373358207712669809552608057856560e-01
3.3457679421933045338377610278257634490728e-01
8.1903179766453548804605588884442113339901e-01
8.4795765167916992144370169626199640333652e-01
8.9309976988213868320798383138026110827923e-01
6.0450447977368049201629673916613683104515e-01
4.5442578064663352588326006298302672803402e-01
4.3042979719299473417848389544815290719271e-01
1.0000000000000000000000000000000000000000e+00
1.0000000000000000000000000000000000000000e+00
0.0000000000000000000000000000000000000000e+00
1.0000000000000000000000000000000000000000e+00
7.5806348205004603357792802853509783744812e-01
7.4798004536659401519926859691622667014599e-01
1.0000000000000000000000000000000000000000e+00
1.0000000000000000000000000000000000000000e+00
2.6521945608322589071903507829119917005301e-01
7.2707478666056324367872321090544573962688e-01
4.8968104216398566919110635353717952966690e-01
5.2905468387800536067544499019277282059193e-01
6.2197350582723309742050332715734839439392e-01
7.0159943055032936154447043008985929191113e-01
7.8551911280717734431533472161390818655491e-01
3.0588222819173072064558027705061249434948e-01
5.7220245815596693095272939899587072432041e-01
6.5812436881688385348354586312780156731606e-01
7.0484917288429393966708857988123781979084e-01
6.5876497334832539998217271204339340329170e-01
2.3026391405715243565488492549775401130319e-01
8.9171354332572083656316408450948074460030e-01
4.7573262763781493100978536858747247606516e-01
1.6316576586311491714464949609464383684099e-02
4.5938845515115300788266949894023127853870e-01
4.5938845515115400708339166158111765980721e-01
8.7589199363686853772037466114852577447891e-01
6.0450447977368049201629673916613683104515e-01
1.8813514941635545163478582253446802496910e-01
9.7352202912109542243257465088390745222569e-01
6.2329647456013259620988264941843226552010e-01
5.5471455087674126360752779874019324779510e-01
1.4467857845142151340667169279186055064201e-02
4.6196086472884062557042739172175060957670e-01
4.7489301929527627521565591450780630111694e-01
4.6663221368042484549221171619137749075890e-01
6.9521106505561669486326081823790445923805e-01
2.7271052861750567225529451320653606671840e-02
6.0450447977368149121701890180702321231365e-01
4.4959051741177930017201447299157734960318e-01
3.2979130464861006188925784954335540533066e-01
6.3008200240860623431160547625040635466576e-01
2.7271052861750567225529451320653606671840e-02
5.0720213506516553803038505066069774329662e-01
5.0720213506517219936853280159994028508663e-01
6.0292154433693645465552890527760609984398e-01
7.1856712606190586978271994667011313140392e-01
2.1905072892911695014994677421782398596406e-01
1.0000000000000000000000000000000000000000e+00
4.9049138695552690903056713978003244847059e-01
5.0720213506517031198939093883382156491280e-01
4.1383138797972346401010668159869965165854e-01
1.6843051615181267588461366813135100528598e-01
0.0000000000000000000000000000000000000000e+00
7.0427258636016087933739981963299214839935e-01
4.6339490786003678657323234801879152655602e-01
6.3307486486639408251875238420325331389904e-01
8.1289381639164459691926367668202146887779e-01
1.0000000000000000000000000000000000000000e+00
7.8992163861086606146955091389827430248260e-01
5.5444796025296327890430347906658425927162e-01
5.3504572753999279921544030003133229911327e-01
8.1413846581205540076098259305581450462341e-01
6.9367137516084476089872623560950160026550e-01
8.2943653492262436888182719485484994947910e-01
4.6339490786003678657323234801879152655602e-01
6.2716855476739552521792120387544855475426e-01
1.0000000000000000000000000000000000000000e+00
9.7033126622969800845197596572688780725002e-01
1.0000000000000000000000000000000000000000e+00
5.8666857921603354775186289771227166056633e-01
9.2517119775457967723042429497581906616688e-01
9.0661229397508091842894373257877305150032e-01
6.7784461081863489617660434305435046553612e-01
9.2420668099255065541797193873208016157150e-01
5.6079152212983651715205724030965939164162e-01
4.9049138695552679800826467726437840610743e-01
7.4154529288551862542533399391686543822289e-01
5.9126528109156861745532296481542289257050e-02
9.9126472048611902199155565540422685444355e-01
4.8942944592267301207044738475815393030643e-01
1.0000000000000000000000000000000000000000e+00
6.5221345164534549887491721165133640170097e-01
3.0813438561281730754259911009285133332014e-01
5.8237922942218434130268178705591708421707e-01
9.3902431345238979165657156045199371874332e-01
4.3283799708768394554070368940301705151796e-01
5.0725696060624847483211397047853097319603e-01
1.9280828702285823794682073639705777168274e-01
2.7240868779606519645142270746873691678047e-01
7.3098200737380503166917833368643186986446e-01
2.9935106335127120713579529365233611315489e-01
0.0000000000000000000000000000000000000000e+00
8.1739512887107779182116473748465068638325e-01
5.4736680562160577867558686193660832941532e-01
7.9759927066809122031543211051030084490776e-01
7.2203162942919774103245345031609758734703e-01
1.0000000000000000000000000000000000000000e+00
6.5493787980850370900043344590812921524048e-01
4.7997249294107197092884575795324053615332e-01
5.4768892322113338355649148070369847118855e-01
5.6807356866019764751740694919135421514511e-01
5.7876713103147470196319090973702259361744e-01
5.0222468741863501850986040153657086193562e-01
5.0222468741863701691130472681834362447262e-01
7.1549297955711999019712266090209595859051e-01
5.4491110091318784025560262307408265769482e-01
8.2006131320061861900150290694000432267785e-02
5.4473380780934088640776735701365396380424e-01
6.6327955008129424463447776361135765910149e-01
6.3299595073176739834508452986483462154865e-01
6.0450447977368049201629673916613683104515e-01
3.7903451335838855840165706467814743518829e-01
9.1259514189773405234973324695602059364319e-01
5.1233977074352210490104653217713348567486e-01
6.7981126714195150295694247688516043126583e-01
3.0636771237679422119626337916997727006674e-01
6.0450447977368149121701890180702321231365e-01
4.4613104868472702735360257975116837769747e-01
6.0450447977368149121701890180702321231365e-01
5.2796167556658812891612342355074360966682e-01
7.2013248897427384331848543297383002936840e-01
6.6412440165697450566995030385442078113556e-01
3.0636771237679422119626337916997727006674e-01
5.7363657041095239552674911465146578848362e-01
5.4799352614385954396425404411274939775467e-01
7.9759927066809122031543211051030084490776e-01
7.8011370252087353094339050585404038429260e-01
4.1132564778975777564085092308232560753822e-01
6.7845686909128455344131225501769222319126e-01
6.2788609259956740249464246517163701355457e-01
7.1972329157721826042859447625232860445976e-01
3.5789307845731377355491531488951295614243e-01
3.1179094855191225033053115112124942243099e-01
3.1971416179837053306300731492228806018829e-01
7.2794421620153193508429012581473216414452e-01
5.2587678937465598405509581425576470792294e-01
7.0170884472910510787357907247496768832207e-01
5.5808025723091714276336006150813773274422e-01
5.1233977074352166081183668211451731622219e-01
2.7954254903473629845223058509873226284981e-01
7.8737838000264170901232319010887295007706e-01
4.6785225100489824523464221783797256648540e-01
1.0000000000000000000000000000000000000000e+00
1.0000000000000000000000000000000000000000e+00
2.7657351063727919626700213484582491219044e-01
5.9478817176839526847942352105746977031231e-01
5.2693151490759981836475844829692505300045e-01
6.7822806986413397556390236786683090031147e-01
5.2693151490759349009351808490464463829994e-01
4.2384065339146470563491675420664250850677e-01
4.4354216524665635024149423770722933113575e-01
5.0529603524753463617003035324160009622574e-01
4.8693094755753718594348811166128143668175e-01
2.4338779495603679592363732808735221624374e-01
1.8046431468638954309646749152307165786624e-01
4.8656623449248914692333300990867428481579e-01
2.7954254903473629845223058509873226284981e-01
0.0000000000000000000000000000000000000000e+00
7.8463159577839935998611053946660831570625e-01
3.7466556456769212202218000129505526274443e-01
4.2924119048859754599334337399341166019440e-01
6.9296692102292611892266904760617762804031e-01
4.5062643185579054350142769180820323526859e-01
7.2167400728445263435872902846313081681728e-01
4.4466950780729824765913349438051227480173e-01
4.1163218132673057292336693535617087036371e-01
4.3002736623433313045694603715674020349979e-01
3.3973615757226283129455168818822130560875e-01
4.1546805677318132676845152673195116221905e-01
9.0470805461550818371563309483462944626808e-01
3.6337194628979996302575727895600721240044e-01
3.4205279255687082162751266878331080079079e-01
9.3418325498410725860054526492604054510593e-01
7.4420188825792665809899517626035958528519e-01
5.5808025723091714276336006150813773274422e-01
1.6251435116289825177915417953045107424259e-01
7.1443673908067217848127938850666396319866e-02
6.3804023690664302126407392279361374676228e-01
5.8343814992360920612668451212812215089798e-01
7.2844347119625585396107680935529060661793e-01
6.8690235873853688897128222379251383244991e-01
2.9504112204103383199083054932998493313789e-01
7.4772464959071571755089280486572533845901e-01
6.0053957141917269080266805758583359420300e-01
4.8997468394914595046785166232439223676920e-01
5.6892799425768292298499773096409626305103e-01
2.9170811244383582083727901590464171022177e-01
3.0433825592118712854983186844037845730782e-01
5.0711658436223461254854782964685000479221e-01
6.0053957141917269080266805758583359420300e-01
3.6730559241373228474003553856164216995239e-01
6.9336344242516978475521227665012702345848e-01
5.8496790560334332997882711424608714878559e-01
4.2921260479337702831159617744560819119215e-01
6.1967859488756438235412815629388205707073e-01
4.7424579536880401287035624591226223856211e-01
2.7187026434188027446126056929642800241709e-01
2.9287404250100323999106421979377046227455e-01
1.3151060897142975367191120028564910171553e-02
3.3457679421933045338377610278257634490728e-01
6.0450447977368049201629673916613683104515e-01
0.0000000000000000000000000000000000000000e+00
2.6521945608322589071903507829119917005301e-01
3.0588222819173072064558027705061249434948e-01
1.6316576586311491714464949609464383684099e-02
1.4467857845142151340667169279186055064201e-02
2.7271052861750567225529451320653606671840e-02
0.0000000000000000000000000000000000000000e+00
4.6339490786003678657323234801879152655602e-01
5.9126528109156861745532296481542289257050e-02
0.0000000000000000000000000000000000000000e+00
8.2006131320061861900150290694000432267785e-02
3.0636771237679422119626337916997727006674e-01
2.7954254903473629845223058509873226284981e-01
0.0000000000000000000000000000000000000000e+00
7.1443673908067217848127938850666396319866e-02
2.7187026434188027446126056929642800241709e-01
0.0000000000000000000000000000000000000000e+00
2.9287404250100323999106421979377046227455e-01
1.3151060897142975367191120028564910171553e-02
3.3457679421933045338377610278257634490728e-01
6.0450447977368049201629673916613683104515e-01
0.0000000000000000000000000000000000000000e+00
2.6521945608322589071903507829119917005301e-01
3.0588222819173072064558027705061249434948e-01
1.6316576586311491714464949609464383684099e-02
1.4467857845142151340667169279186055064201e-02
2.7271052861750567225529451320653606671840e-02
0.0000000000000000000000000000000000000000e+00
4.6339490786003678657323234801879152655602e-01
5.9126528109156861745532296481542289257050e-02
0.0000000000000000000000000000000000000000e+00
8.2006131320061861900150290694000432267785e-02
3.0636771237679422119626337916997727006674e-01
2.7954254903473629845223058509873226284981e-01
0.0000000000000000000000000000000000000000e+00
7.1443673908067217848127938850666396319866e-02
2.7187026434188027446126056929642800241709e-01
0.0000000000000000000000000000000000000000e+00
0.0000000000000000000000000000000000000000e+00
2.9287404250100323999106421979377046227455e-01
1.3151060897142975367191120028564910171553e-02
3.3457679421933045338377610278257634490728e-01
6.0450447977368049201629673916613683104515e-01
0.0000000000000000000000000000000000000000e+00
2.6521945608322589071903507829119917005301e-01
3.0588222819173072064558027705061249434948e-01
1.6316576586311491714464949609464383684099e-02
1.4467857845142151340667169279186055064201e-02
2.7271052861750567225529451320653606671840e-02
0.0000000000000000000000000000000000000000e+00
4.6339490786003678657323234801879152655602e-01
5.9126528109156861745532296481542289257050e-02
0.0000000000000000000000000000000000000000e+00
8.2006131320061861900150290694000432267785e-02
3.0636771237679422119626337916997727006674e-01
2.7954254903473629845223058509873226284981e-01
0.0000000000000000000000000000000000000000e+00
7.1443673908067217848127938850666396319866e-02
2.7187026434188027446126056929642800241709e-01
0.0000000000000000000000000000000000000000e+00
0.0000000000000000000000000000000000000000e+00
0.0000000000000000000000000000000000000000e+00
7.7762467666119619025266729295253753662109e+01
5.1831901579078876185491253636428155004978e-01
