1
0
23
7.2141896623162493629166647224337793886662e-01
3.5246368447705506143918796624348033219576e-01
3.1872210352746638273302437482925597578287e-01
6.4856278755733709484587734550586901605129e-01
2.3545047516186005769067701720587137970142e-03
5.9173861005324301931551644884166307747364e-01
7.2800570159127175884350435808300971984863e-01
3.1597222732249863330622474677511490881443e-01
8.7102549423919639615121468523284420371056e-01
8.7607371783701937228983069871901534497738e-01
8.3657588910780755764307059507700614631176e-01
6.1668605909801355036137238130322657525539e-01
5.0482950492321876367896038573235273361206e-01
4.4624036928581956029660204876563511788845e-01
1.0000000000000000000000000000000000000000e+00
1.0000000000000000000000000000000000000000e+00
0.0000000000000000000000000000000000000000e+00
1.0000000000000000000000000000000000000000e+00
7.7063777829869839486320870491908863186836e-01
6.8539259075333791582096409911173395812511e-01
9.8274227596674379459074089027126319706440e-01
1.0000000000000000000000000000000000000000e+00
2.3829314676877355605455477416398935019970e-01
7.1490217876964590182353731506736949086189e-01
4.9980328630845299864304820403049234300852e-01
4.9622498441966073068343234808708075433969e-01
6.2262771904037139680809787023463286459446e-01
7.8993384205277938914235846823430620133877e-01
7.6808535194173399585082506746402941644192e-01
3.0800759776809144563358699997479561716318e-01
6.0203272938096874522528878515004180371761e-01
7.1558736898468433551556699967477470636368e-01
7.3125361016781276202181061307783238589764e-01
6.9081215807095741610055483761243522167206e-01
2.7628502704091822961274260705977212637663e-01
9.1230664500960900742398962393053807318211e-01
5.2134768751500315531188789464067667722702e-01
6.1564306885369124433537990626064129173756e-02
5.0046186099248735068556470650946721434593e-01
4.9127047634096809858306187379639595746994e-01
8.9027675082745794110650194852496497333050e-01
6.1668605909801355036137238130322657525539e-01
2.1732171707308634012179027195088565349579e-01
9.2776478954217667105552891371189616620541e-01
5.8214491842352322770182126987492665648460e-01
6.0056708580485829163109201545012183487415e-01
0.0000000000000000000000000000000000000000e+00
5.0046186099248735068556470650946721434593e-01
5.2149301458081376292597042265697382390499e-01
4.3661519397905118600178298038372304290533e-01
7.3811577082066293087336816824972629547119e-01
1.0104858613226531949269570986871258355677e-01
5.8920016722195212022228361092857085168362e-01
5.0046186099248735068556470650946721434593e-01
3.6023099519897594511519400839461013674736e-01
6.8737829408353734450543015555012971162796e-01
1.0104858613226531949269570986871258355677e-01
5.1779428446679442998856757185421884059906e-01
5.1624892984479231472505489364266395568848e-01
6.2042749306735200942597430184832774102688e-01
7.4549289081992786698549480206565931439400e-01
2.2873181993111629806136875231459271162748e-01
1.0000000000000000000000000000000000000000e+00
5.1779428446679442998856757185421884059906e-01
5.6222474238714092997781790472799912095070e-01
4.1356908570520151124938479370030108839273e-01
2.0781752253319332734982083366048755124211e-01
0.0000000000000000000000000000000000000000e+00
7.2727402622432790746387354374746792018414e-01
4.3434119843176599573553176014684140682220e-01
5.6185328654132649095487295198836363852024e-01
7.6782349779340153261841805942822247743607e-01
1.0000000000000000000000000000000000000000e+00
7.6140082837460132392237710519111715257168e-01
5.4507485343705819325066386227263137698174e-01
5.4272318986503553794875642779516056180000e-01
8.4745214518294165184641997257131151854992e-01
6.6954859795646237685673440864775329828262e-01
8.1811435330855108993830526742385700345039e-01
4.3434119843176599573553176014684140682220e-01
6.0253297586755616421783088298980146646500e-01
1.0000000000000000000000000000000000000000e+00
1.0000000000000000000000000000000000000000e+00
1.0000000000000000000000000000000000000000e+00
5.7913225732934558998010743380291387438774e-01
9.0919566918834560098616748291533440351486e-01
9.2683672244166181997115927515551447868347e-01
6.9222609437909554674916989824851043522358e-01
9.2776478954218277728216435207286849617958e-01
5.9879055310462603323173880198737606406212e-01
5.1840568143275522761115325920400209724903e-01
7.0586132764873765754742862554849125444889e-01
3.3913248376898796898615273676114156842232e-02
9.2797576113476654136036358977435156702995e-01
4.6254806812514204228392600271035917103291e-01
1.0000000000000000000000000000000000000000e+00
6.6445556552202111877392098904238082468510e-01
3.4439977594874604527319661428919062018394e-01
5.8920016722195212022228361092857085168362e-01
9.4311047706131700962828290357720106840134e-01
5.0353122184608489764201522120856679975986e-01
5.6362017989588375499465655593667179346085e-01
2.4017963364812833226835664390819147229195e-01
2.7381984037059409198278103758639190346003e-01
6.0278766974660857869139363174326717853546e-01
3.0403076584433591511569261456315871328115e-01
0.0000000000000000000000000000000000000000e+00
8.0997509560973723896637466168613173067570e-01
5.5308956545648690905636613024398684501648e-01
7.8897358847589715846737590254633687436581e-01
7.0366955486478333092748016497353091835976e-01
1.0000000000000000000000000000000000000000e+00
6.1348829529267412397075531771406531333923e-01
5.0383785905904854285353167142602615058422e-01
6.0635411154619567319912221137201413512230e-01
5.8835439059342875545155493455240502953529e-01
5.8832299075105365382398758811177685856819e-01
5.0383785905904854285353167142602615058422e-01
4.7109610780342786595653592485177796334028e-01
7.4200742544671671740985630094655789434910e-01
6.2273025279243454654931611003121361136436e-01
6.4391095566669276362148366388282738626003e-02
5.5928743455637808246194708772236481308937e-01
6.5350851377447083390137549940845929086208e-01
6.1392144555796523963664412804064340889454e-01
6.1668605909801355036137238130322657525539e-01
4.4014982714609340863631814499967731535435e-01
8.9413619817950062973466174298664554953575e-01
5.2134768751500315531188789464067667722702e-01
6.8397657859314786588100787412258796393871e-01
3.1161111781756278826804873460787348449230e-01
6.6867166125955124211799329714267514646053e-01
4.3378966218984299496597145662235561758280e-01
6.0098386028375683221014469381771050393581e-01
5.1578150246430110037465510686160996556282e-01
7.1465721323391140362701889898744411766529e-01
6.3956773024033997110393556795315816998482e-01
3.1161111781756278826804873460787348449230e-01
5.9884718567008565770493078161962330341339e-01
5.3911111371714126594412164195091463625431e-01
7.9491524841825500491410139147774316370487e-01
8.0568220622270958486410563637036830186844e-01
4.2257902866074792402883986142114736139774e-01
6.7296926135348844599803896926459856331348e-01
6.3290520576024422716443496028659865260124e-01
7.6559773978444567443801815898041240870953e-01
3.3191660620127361180919933758559636771679e-01
3.4182445400308952843104748353653121739626e-01
3.2044225841384332831296433141687884926796e-01
7.2625783486465278482313578933826647698879e-01
5.5621292475787154074851059704087674617767e-01
7.6444731537841836832569697435246780514717e-01
5.6279571642284764720898238010704517364502e-01
5.2195908448096373088986865695915184915066e-01
2.9107997425938969549008561443770304322243e-01
7.8553748422478530955004316638223826885223e-01
4.8558798595365104677767931207199580967426e-01
1.0000000000000000000000000000000000000000e+00
1.0000000000000000000000000000000000000000e+00
2.2425870404079731312840806367603363469243e-01
6.0560453938690872455197222734568640589714e-01
4.9436617636074198234297227827482856810093e-01
7.1043689371384222130956231922027654945850e-01
4.9436617636073687531705900255474261939526e-01
4.6091151369441718532726781631936319172382e-01
4.5080504283068062454375990455446299165487e-01
5.2022619674214276574986115520005114376545e-01
3.8311340610054578359466859183157794177532e-01
2.0242016095619427828999903340445598587394e-01
1.7052905117503358578545658019720576703548e-01
5.5382448562239450229327530905720777809620e-01
2.9107997425938969549008561443770304322243e-01
0.0000000000000000000000000000000000000000e+00
8.1321999793293309188868533965433016419411e-01
3.7443676548269921866562981449533253908157e-01
4.3364221814949954758589001357904635369778e-01
6.9081215807095741610055483761243522167206e-01
4.3781692634588509349669038783758878707886e-01
7.6918988178000968769509881894919089972973e-01
4.2052194119289226792446356739674229174852e-01
5.4272318986503553794875642779516056180000e-01
4.3881694890256195407118866569362580776215e-01
3.5868825134248599750819153086922597140074e-01
4.1290304130540028682005981863767374306917e-01
9.2253434241859677555908092472236603498459e-01
3.8428152737221055179617223984678275883198e-01
3.6984558260812544494555709206906612962484e-01
9.2286386095517125571774386116885580122471e-01
7.4493357963594331039303142460994422435760e-01
5.6395172282960182030819851206615567207336e-01
1.9149676340275323394024553635972552001476e-01
9.9364118087936215140132389933569356799126e-02
6.6883174995493677172930802043993026018143e-01
6.2136375930683451773717251853668130934238e-01
6.8539259075333791582096409911173395812511e-01
7.3748491053789577698296398011734709143639e-01
3.2780061876482236016272509004920721054077e-01
7.9316903759932388950915083114523440599442e-01
6.3080213854714739518669830431463196873665e-01
5.8440219303398777128677465952932834625244e-01
5.5437525771724038836651970996172167360783e-01
3.5238806841460912355756818215013481676579e-01
3.2780061876482269322963247759616933763027e-01
5.0741854887998205647647864680038765072823e-01
6.3685765175003161697731002277578227221966e-01
4.1862262933939697884255792814656160771847e-01
7.4142435905670311946380479639628902077675e-01
6.0762126263009008653170894831418991088867e-01
4.5645438905694524223122243711259216070175e-01
6.3080213854714739518669830431463196873665e-01
5.0721326390910981274373625637963414192200e-01
3.2780061876482269322963247759616933763027e-01
3.1872210352746638273302437482925597578287e-01
2.3545047516186005769067701720587137970142e-03
3.1597222732249863330622474677511490881443e-01
6.1668605909801355036137238130322657525539e-01
0.0000000000000000000000000000000000000000e+00
2.3829314676877355605455477416398935019970e-01
3.0800759776809144563358699997479561716318e-01
6.1564306885369124433537990626064129173756e-02
0.0000000000000000000000000000000000000000e+00
1.0104858613226531949269570986871258355677e-01
0.0000000000000000000000000000000000000000e+00
4.3434119843176599573553176014684140682220e-01
3.3913248376898796898615273676114156842232e-02
0.0000000000000000000000000000000000000000e+00
6.4391095566669276362148366388282738626003e-02
3.1161111781756278826804873460787348449230e-01
2.9107997425938969549008561443770304322243e-01
0.0000000000000000000000000000000000000000e+00
9.9364118087936215140132389933569356799126e-02
3.2780061876482269322963247759616933763027e-01
0.0000000000000000000000000000000000000000e+00
3.1872210352746638273302437482925597578287e-01
2.3545047516186005769067701720587137970142e-03
3.1597222732249863330622474677511490881443e-01
6.1668605909801355036137238130322657525539e-01
0.0000000000000000000000000000000000000000e+00
2.3829314676877355605455477416398935019970e-01
3.0800759776809144563358699997479561716318e-01
6.1564306885369124433537990626064129173756e-02
0.0000000000000000000000000000000000000000e+00
1.0104858613226531949269570986871258355677e-01
0.0000000000000000000000000000000000000000e+00
4.3434119843176599573553176014684140682220e-01
3.3913248376898796898615273676114156842232e-02
0.0000000000000000000000000000000000000000e+00
6.4391095566669276362148366388282738626003e-02
3.1161111781756278826804873460787348449230e-01
2.9107997425938969549008561443770304322243e-01
0.0000000000000000000000000000000000000000e+00
9.9364118087936215140132389933569356799126e-02
3.2780061876482269322963247759616933763027e-01
0.0000000000000000000000000000000000000000e+00
0.0000000000000000000000000000000000000000e+00
3.1872210352746638273302437482925597578287e-01
2.3545047516186005769067701720587137970142e-03
3.1597222732249863330622474677511490881443e-01
6.1668605909801355036137238130322657525539e-01
0.0000000000000000000000000000000000000000e+00
2.3829314676877355605455477416398935019970e-01
3.0800759776809144563358699997479561716318e-01
6.1564306885369124433537990626064129173756e-02
0.0000000000000000000000000000000000000000e+00
1.0104858613226531949269570986871258355677e-01
0.0000000000000000000000000000000000000000e+00
4.3434119843176599573553176014684140682220e-01
3.3913248376898796898615273676114156842232e-02
0.0000000000000000000000000000000000000000e+00
6.4391095566669276362148366388282738626003e-02
3.1161111781756278826804873460787348449230e-01
2.9107997425938969549008561443770304322243e-01
0.0000000000000000000000000000000000000000e+00
9.9364118087936215140132389933569356799126e-02
3.2780061876482269322963247759616933763027e-01
0.0000000000000000000000000000000000000000e+00
0.0000000000000000000000000000000000000000e+00
0.0000000000000000000000000000000000000000e+00
7.9169638138681023065146291628479957580566e+01
5.3232488068258143609767785164876841008663e-01
