1
0
23
6.4290516542039688463461288847611285746098e-01
3.6866164445001209371000072678725700825453e-01
3.2083489561386507871176831940829288214445e-01
7.2493230334732883246573464930406771600246e-01
5.1311535557496637527385985322325723245740e-02
6.9351848038062269274917071015806868672371e-01
8.6036253578305688094474135141354054212570e-01
3.3376176176291988406674704492616001516581e-01
7.7135253966592620678000002953922376036644e-01
7.5271266284511151312131005397532135248184e-01
6.9663837361390457125764896773034706711769e-01
3.8237452540739835793459633350721560418606e-01
6.4106291902042944474970909141120500862598e-01
5.2219901756349895727282728330465033650398e-01
1.0000000000000000000000000000000000000000e+00
7.7012105501720073963412005468853749334812e-01
0.0000000000000000000000000000000000000000e+00
1.0000000000000000000000000000000000000000e+00
6.1752595752495942349469260079786181449890e-01
5.9106182448346045177345331467222422361374e-01
7.2571468692122875765448952734004706144333e-01
7.5231314320740549916877171199303120374680e-01
1.5905066126772443579895366383425425738096e-01
6.5818749561210276866063395573291927576065e-01
6.0723820051522581220382335231988690793514e-01
5.7709669305832467234296245806035585701466e-01
5.9254629083213838924848460010252892971039e-01
8.8676357526053894986262093880213797092438e-01
6.6430929830693186133316885388921946287155e-01
3.5658967442578998197078021803463343530893e-01
6.2977309777988688122007943093194626271725e-01
7.8008735306480392335259921310353092849255e-01
7.3481014387783871733006435533752664923668e-01
6.3792788193833172005753340272349305450916e-01
3.5082407016720495995798501098761335015297e-01
9.0082098177940994609969038720009848475456e-01
6.6189133799028732063618463143939152359962e-01
1.4596605788581018536831379606155678629875e-01
5.7175939164433509098728336539352312684059e-01
6.2754432611318700097058354003820568323135e-01
5.9106182448346045177345331467222422361374e-01
6.9663837361390790192672284319996833801270e-01
2.7453597966640302940888318516954313963652e-01
7.5420003432895010853087569557828828692436e-01
5.4799445871371055272192052143509499728680e-01
6.3857564963230395438387176909600384533405e-01
5.5670828660443039126448638853617012500763e-02
6.4820881083407022593689816858386620879173e-01
5.9432201148121233114096639837953262031078e-01
7.3612107419092820403960786279640160501003e-01
8.9104998920348066349106375128030776977539e-01
3.0999779026464624465120323293376713991165e-01
6.4820881083407022593689816858386620879173e-01
7.0801007144091787637307788827456533908844e-01
6.3405440149511893555001051936415024101734e-01
8.5977875073142273620874220796395093202591e-01
2.8367837264632733695890465241973288357258e-01
6.1611276112560831030862118495861068367958e-01
6.6985490585849327693779287073994055390358e-01
6.8978228650536854704711231534020043909550e-01
8.6618156530147505378636196837760508060455e-01
3.7348484053338970589663858845597133040428e-01
7.7353462474830225747979284278699196875095e-01
6.6189133799028687654697478137677535414696e-01
7.6637744661797202461173128540394827723503e-01
6.1611276112561164097769506042823195457458e-01
3.9056995990749199254565837691188789904118e-01
2.1555680151330197658054999010346364229918e-01
7.0203891422227948648782103191479109227657e-01
4.3991604581118942673967353584885131567717e-01
6.1418151549535782152133833733387291431427e-01
6.9072598645078620016590775776421651244164e-01
8.0673050766602294459062250098213553428650e-01
6.3583675538423445328106708984705619513988e-01
5.9421604108129433274854136470821686089039e-01
6.3857564963230395438387176909600384533405e-01
7.9130931891451761206468518139445222914219e-01
6.9190884335127467164028303159284405410290e-01
8.6370341848397302886297666191239841282368e-01
4.3991604581118942673967353584885131567717e-01
6.3015271169716990939946299477014690637589e-01
1.0000000000000000000000000000000000000000e+00
9.6712032315088913847489493491593748331070e-01
1.0000000000000000000000000000000000000000e+00
5.2771268474577914808776313293492421507835e-01
8.5847963839811658459666432463563978672028e-01
9.8912409816478574775544529984472319483757e-01
5.2676867093032242461703162916819564998150e-01
7.5420003432895021955317815809394232928753e-01
6.5752786053355505302420169755350798368454e-01
5.9086493270766038410357623433810658752918e-01
6.8832785243866478896990201974404044449329e-01
0.0000000000000000000000000000000000000000e+00
9.0993743041448804653725801472319290041924e-01
5.3314982873718097522441894398070871829987e-01
1.0000000000000000000000000000000000000000e+00
7.7135253966592576269079017947660759091377e-01
4.0174878736456942629473587658139877021313e-01
7.3281698784961502024515311859431676566601e-01
7.7611141935926730717199006903683766722679e-01
5.6212916753201025432673532122862525284290e-01
5.5910952777335620744736388587625697255135e-01
3.5162722114407013451753414301492739468813e-01
4.2139464443231744450457654238562099635601e-01
7.2245841979174207914127237017964944243431e-01
3.2099981211155648175292753876419737935066e-01
3.5774061228840314981269887795178874512203e-03
6.4187129143581023171805099991615861654282e-01
6.7936014984555281870370890828780829906464e-01
7.9923181586565705813995919015724211931229e-01
6.9744674602929124240802138956496492028236e-01
1.0000000000000000000000000000000000000000e+00
6.0898099303347219546367341536097228527069e-01
6.5818749561210487808438074353034608066082e-01
7.6692838408823915674616955584497191011906e-01
6.5480010490393603106440423289313912391663e-01
6.3695642697897980610832746606320142745972e-01
6.1512703563829429498355239047668874263763e-01
5.9421604108129433274854136470821686089039e-01
6.8777392094631739638543876935727894306183e-01
7.4594356943399331427713150333147495985031e-01
1.2663345645884965806615696237713564187288e-01
5.5544475930643799621577727521071210503578e-01
7.0459132132167323625537846965016797184944e-01
7.0580812925947378211333216313505545258522e-01
5.9254629083213572471322549972683191299438e-01
6.7450124853329451735106658816221170127392e-01
7.0590012083573128176539057676563970744610e-01
5.5544475930643799621577727521071210503578e-01
6.5464152168189571057155262678861618041992e-01
4.1214206300726607956619318429147824645042e-01
6.6557232599349047674763824034016579389572e-01
5.9254629083213572471322549972683191299438e-01
7.0801007144091532286012125041452236473560e-01
5.4572246994554518551012733951210975646973e-01
6.5657212746439674866394398122793063521385e-01
7.0590012083573128176539057676563970744610e-01
3.6297917021321685071555407375853974372149e-01
5.3817300670640877413575253740418702363968e-01
5.8836826427042943077339032242889516055584e-01
7.9923181586565705813995919015724211931229e-01
7.6232061012224539009451973470277152955532e-01
6.1328473429114627180069874157197773456573e-01
6.3583675538423545248178925248794257640839e-01
6.3796237308276937394424521698965691030025e-01
7.2452453853633191904748400702374055981636e-01
4.8411317088200256364416418364271521568298e-01
4.2834382710667640026258595753461122512817e-01
4.7218836906048572421568110257794614881277e-01
7.0117673742666730696271315537160262465477e-01
5.7397343889685092932495535933412611484528e-01
7.4514083616054671566075739974621683359146e-01
5.7936683213826312144334451659233309328556e-01
5.5544475930643799621577727521071210503578e-01
3.5176142287157580179624005722871515899897e-01
7.0199291843415134728445536893559619784355e-01
6.2421568077549882680443715798901394009590e-01
1.0000000000000000000000000000000000000000e+00
1.0000000000000000000000000000000000000000e+00
2.7119582481315573918578820666880346834660e-01
9.1631024022993612376808414410334080457687e-01
5.0405631654116556106259849912021309137344e-01
7.2954912090470680485765342382364906370640e-01
5.0405631654116556106259849912021309137344e-01
6.0732197313354163714649303074111230671406e-01
6.4029443731599078315497308722115121781826e-01
7.7697242328184312754046914051286876201630e-01
6.1488291288202223672243462715414352715015e-01
3.6539193781027401453087577465339563786983e-01
4.3616250280990165322236862266436219215393e-01
6.6123914996391641718531673177494667470455e-01
4.2585545277384539986087474972009658813477e-01
0.0000000000000000000000000000000000000000e+00
8.6722781323158881772172890123329125344753e-01
4.4969549032530120591388822504086419939995e-01
6.1418151549535782152133833733387291431427e-01
7.0315928209789091418713269376894459128380e-01
3.4576079340332854794581862734048627316952e-01
8.1222594769333122943777425462030805647373e-01
5.5891099948090416926760326532530598342419e-01
6.3792788193833172005753340272349305450916e-01
4.9687288387683953283513460519316140562296e-01
4.9687288387683953283513460519316140562296e-01
6.3216809772282023249800886333105154335499e-01
7.9130931891451761206468518139445222914219e-01
5.5891099948090416926760326532530598342419e-01
4.2139464443231744450457654238562099635601e-01
8.9775271793788768981414705194765701889992e-01
7.0580812925947145064498045030632056295872e-01
7.4728021902107133467296762319165281951427e-01
3.2304280458860268332443865801906213164330e-01
1.9439830665242818774629540712339803576469e-01
7.0203891422227948648782103191479109227657e-01
7.0964342383150436077698941517155617475510e-01
7.3481014387783871733006435533752664923668e-01
7.5271266284511140209900759145966731011868e-01
4.1501603142162074577825592314184177666903e-01
7.8105579667970692625544870679732412099838e-01
7.2511354673303651807714231836143881082535e-01
7.8732215926589754761977246744208969175816e-01
7.4487472442692903573657758897752501070499e-01
5.0144270237027932513029782057856209576130e-01
4.9830629909650409059551634527451824396849e-01
6.2713025200163186045898555676103569567204e-01
6.8832785243866478896990201974404044449329e-01
5.4565041529615476711967403389280661940575e-01
7.5089327363527447189994745713192969560623e-01
7.0590012083573128176539057676563970744610e-01
5.5398807223222701345832774677546694874763e-01
7.8732215926589776966437739247339777648449e-01
6.0426949417886721693804474853095598518848e-01
3.9320466369560336250543741698493249714375e-01
3.2083489561386507871176831940829288214445e-01
5.1311535557496637527385985322325723245740e-02
3.3376176176291988406674704492616001516581e-01
3.8237452540739835793459633350721560418606e-01
0.0000000000000000000000000000000000000000e+00
1.5905066126772443579895366383425425738096e-01
3.5658967442578998197078021803463343530893e-01
1.4596605788581018536831379606155678629875e-01
5.5670828660443039126448638853617012500763e-02
2.8367837264632733695890465241973288357258e-01
2.1555680151330197658054999010346364229918e-01
4.3991604581118942673967353584885131567717e-01
0.0000000000000000000000000000000000000000e+00
3.5774061228840314981269887795178874512203e-03
1.2663345645884965806615696237713564187288e-01
3.6297917021321685071555407375853974372149e-01
3.5176142287157580179624005722871515899897e-01
0.0000000000000000000000000000000000000000e+00
1.9439830665242818774629540712339803576469e-01
3.9320466369560336250543741698493249714375e-01
0.0000000000000000000000000000000000000000e+00
3.2083489561386507871176831940829288214445e-01
5.1311535557496637527385985322325723245740e-02
3.3376176176291988406674704492616001516581e-01
3.8237452540739835793459633350721560418606e-01
0.0000000000000000000000000000000000000000e+00
1.5905066126772443579895366383425425738096e-01
3.5658967442578998197078021803463343530893e-01
1.4596605788581018536831379606155678629875e-01
5.5670828660443039126448638853617012500763e-02
2.8367837264632733695890465241973288357258e-01
2.1555680151330197658054999010346364229918e-01
4.3991604581118942673967353584885131567717e-01
0.0000000000000000000000000000000000000000e+00
3.5774061228840314981269887795178874512203e-03
1.2663345645884965806615696237713564187288e-01
3.6297917021321685071555407375853974372149e-01
3.5176142287157580179624005722871515899897e-01
0.0000000000000000000000000000000000000000e+00
1.9439830665242818774629540712339803576469e-01
3.9320466369560336250543741698493249714375e-01
0.0000000000000000000000000000000000000000e+00
0.0000000000000000000000000000000000000000e+00
3.2083489561386507871176831940829288214445e-01
5.1311535557496637527385985322325723245740e-02
3.3376176176291988406674704492616001516581e-01
3.8237452540739835793459633350721560418606e-01
0.0000000000000000000000000000000000000000e+00
1.5905066126772443579895366383425425738096e-01
3.5658967442578998197078021803463343530893e-01
1.4596605788581018536831379606155678629875e-01
5.5670828660443039126448638853617012500763e-02
2.8367837264632733695890465241973288357258e-01
2.1555680151330197658054999010346364229918e-01
4.3991604581118942673967353584885131567717e-01
0.0000000000000000000000000000000000000000e+00
3.5774061228840314981269887795178874512203e-03
1.2663345645884965806615696237713564187288e-01
3.6297917021321685071555407375853974372149e-01
3.5176142287157580179624005722871515899897e-01
0.0000000000000000000000000000000000000000e+00
1.9439830665242818774629540712339803576469e-01
3.9320466369560336250543741698493249714375e-01
0.0000000000000000000000000000000000000000e+00
0.0000000000000000000000000000000000000000e+00
0.0000000000000000000000000000000000000000e+00
7.5871276388618497321658651344478130340576e+01
7.4429237765570466223152834572829306125641e-01
