1
0
23
7.1619801432547214314894290509982965886593e-01
3.5215379715469169452646269746765028685331e-01
3.1117566107918392948050723134656436741352e-01
6.3498318786650420619821488799061626195908e-01
0.0000000000000000000000000000000000000000e+00
5.9068911190524908683130433928454294800758e-01
7.2459860534836362244703877877327613532543e-01
3.0636950326251638498931129106495063751936e-01
8.6452607025091454673315638501662760972977e-01
8.6149227238296777198200970815378241240978e-01
8.2099372377325918748169897298794239759445e-01
6.0799851296339024742110268562100827693939e-01
5.2505276692141511496458861074643209576607e-01
4.7176417826726191329100856819422915577888e-01
1.0000000000000000000000000000000000000000e+00
1.0000000000000000000000000000000000000000e+00
0.0000000000000000000000000000000000000000e+00
1.0000000000000000000000000000000000000000e+00
7.8849898406166696318564390821848064661026e-01
6.8418278114708708237401424412382766604424e-01
1.0000000000000000000000000000000000000000e+00
1.0000000000000000000000000000000000000000e+00
2.3624940010097295051139099086867645382881e-01
7.0018811910077016769093916082056239247322e-01
5.0035828565312789883989808004116639494896e-01
4.8384267425958388253448561044933740049601e-01
6.0799851296339024742110268562100827693939e-01
7.4465298519423339662637317815097048878670e-01
7.6581865348966049467094308056402951478958e-01
2.9850403670497854813348226343805436044931e-01
6.0749185211371237169686310153338126838207e-01
7.3039435574109790039187828369904309511185e-01
7.3932576143330841489387239562347531318665e-01
6.8329975749696747477912595059024170041084e-01
2.9320493388752461028090579020499717444181e-01
9.0752405419679105236241412058006972074509e-01
5.2203851120970301558088522142497822642326e-01
7.1494862736453529405977747046563308686018e-02
4.9742348536398983682715879695024341344833e-01
4.9002162367606305615197470615385100245476e-01
8.6996961134245731628311659733299165964127e-01
6.0799851296339024742110268562100827693939e-01
2.1236956955668118141034028667490929365158e-01
9.2056105458660963947181699040811508893967e-01
5.8505551384038578799362539939465932548046e-01
5.8505551384038578799362539939465932548046e-01
0.0000000000000000000000000000000000000000e+00
5.0086026978857889346841147926170378923416e-01
5.0890312960940464748205158684868365526199e-01
4.2642158924550388476859552611131221055984e-01
7.4042275807530510967069403704954311251640e-01
1.0745931824706771162691865129090729169548e-01
6.0256618109685355921811833468382246792316e-01
5.0086026978857889346841147926170378923416e-01
3.6860103555114592799313300020003225654364e-01
7.0040144121170222479833000761573202908039e-01
1.0745931824706771162691865129090729169548e-01
5.0894348354862417593835743900854140520096e-01
5.1659392973402395998760994189069606363773e-01
6.0806590262461490681289433268830180168152e-01
7.4042275807530510967069403704954311251640e-01
2.2317849765368588665914728608186123892665e-01
1.0000000000000000000000000000000000000000e+00
5.1880439809781253579501480999169871211052e-01
5.5565790788958169255096208871691487729549e-01
4.3107693104344102508207470236811786890030e-01
2.1373234398964865987657901769125601276755e-01
0.0000000000000000000000000000000000000000e+00
7.1299412625599278836574512752122245728970e-01
4.3099433460529584793974322565190959721804e-01
5.7348755994672473423889869081904180347919e-01
7.6061742747057370372942841640906408429146e-01
1.0000000000000000000000000000000000000000e+00
7.4453204597111033447021100073470734059811e-01
5.2203851120970301558088522142497822642326e-01
5.5688258558536563036511779500870034098625e-01
8.1080937363078564583673824017751030623913e-01
6.5756673854035163628850568784400820732117e-01
8.1458290961006141195355212403228506445885e-01
4.3099433460529584793974322565190959721804e-01
6.0423599751381440459141458632075227797031e-01
1.0000000000000000000000000000000000000000e+00
1.0000000000000000000000000000000000000000e+00
1.0000000000000000000000000000000000000000e+00
5.5910045631169069668686688601155765354633e-01
9.0566834508131655034901541512226685881615e-01
9.1749460103125834997683796245837584137917e-01
6.8520720421330372218449156207498162984848e-01
9.2056105458660575369123080236022360622883e-01
5.8540197965348872433111182544962503015995e-01
5.1880439809781198068350249741342850029469e-01
7.0546012933821522494781675050035119056702e-01
6.8439589038646886365313548594713211059570e-03
9.3831651038336816306184573477366939187050e-01
4.6761804216482566465273862377216573804617e-01
1.0000000000000000000000000000000000000000e+00
6.7128008313729115030810135067440569400787e-01
3.4432112657123109533685578753647860139608e-01
5.8843965039687828877390529669355601072311e-01
9.4189813081475226574923453881638124585152e-01
5.1308634207520309455929918840411119163036e-01
5.4291596756230520171015996311325579881668e-01
2.5880120887428342824065907734620850533247e-01
2.7836955511820804520795036296476610004902e-01
6.0799851296339646467004058649763464927673e-01
2.7836955511821054320975576956698205322027e-01
0.0000000000000000000000000000000000000000e+00
8.0865174036986220418299353696056641638279e-01
5.5445457947321907798965412439429201185703e-01
7.8336343012625020421069166332017630338669e-01
7.0174655696979038044247545258258469402790e-01
1.0000000000000000000000000000000000000000e+00
5.8841581403625398127843482143362052738667e-01
4.9691902964945194876023037977574858814478e-01
6.2109691566328217859904725628439337015152e-01
5.8505551384038578799362539939465932548046e-01
5.9671508527315253456180244029383175075054e-01
5.0011939910747982285244006561697460711002e-01
4.7100188709810275611289398511871695518494e-01
7.3347883244660982970941631720052100718021e-01
6.2647648827081181543974253145279362797737e-01
6.0770236314415804201871651457622647285461e-02
5.6343235314145423409115664981072768568993e-01
6.5872856602014862037464126842678524553776e-01
6.0600181646088691067575382476206868886948e-01
6.0799851296339024742110268562100827693939e-01
4.4634454178680704750092900212621316313744e-01
8.8949084624888485883786870545009151101112e-01
5.2203851120970301558088522142497822642326e-01
6.9769308928598183783265085367020219564438e-01
3.0391984615744915831925254678935743868351e-01
6.6387284284444258997126553367706947028637e-01
4.4362588874701613939066646707942709326744e-01
6.0799851296339024742110268562100827693939e-01
5.2342840999403894564068195904837921261787e-01
7.2289325389136083188645898189861327409744e-01
6.3885430623820926854250501492060720920563e-01
3.0391984615744915831925254678935743868351e-01
6.0621044804330403987790987230255268514156e-01
5.4896389536883483106777248394791968166828e-01
7.8336343012624265469412421225570142269135e-01
7.9752332807073278431175822333898395299911e-01
4.5046884598380171338405375536240171641111e-01
7.0836854478168465032439371498185209929943e-01
6.4094919140924266898196037800516933202744e-01
7.6567651308230955109479509701486676931381e-01
3.3243237203838527094035271147731691598892e-01
3.4531583092928069822491465856728609651327e-01
3.2806074691309233815061929817602504044771e-01
7.3469723541564324609254299502936191856861e-01
5.5185872788961010115826866240240633487701e-01
7.7524726399592469583410547784296795725822e-01
5.8110588179893318816482405964052304625511e-01
5.2540286052352858092717724503017961978912e-01
3.0582759625703553885145424828806426376104e-01
7.1299412625600411264059630411793477833271e-01
4.4167126850435406426598206053313333541155e-01
1.0000000000000000000000000000000000000000e+00
1.0000000000000000000000000000000000000000e+00
2.0616892159370450721134204741247231140733e-01
6.1115085040368422042433849128428846597672e-01
4.7509763572259311459333730454090982675552e-01
7.3710893121250398163368799941963516175747e-01
4.7509763572260299557825646843411959707737e-01
4.8819616028023560261317470576614141464233e-01
4.4758359464783664671827523307001683861017e-01
5.0468416464326426584818818810163065791130e-01
3.2171115778066033952242719351488631218672e-01
2.0374881588265761345191151576727861538529e-01
1.6443987003842608363157751227845437824726e-01
5.4558082768680171703579162567621096968651e-01
3.0582759625703553885145424828806426376104e-01
0.0000000000000000000000000000000000000000e+00
8.1550960690904983341198430935037322342396e-01
3.5932759482800180617090290979831479489803e-01
4.3667115779710263812063431032584048807621e-01
6.8329975749696836295754565071547403931618e-01
4.3667115779711362932857809937559068202972e-01
7.8294315110476220276325420854846015572548e-01
4.1898375705074525354731918014294933527708e-01
5.5688258558536840592267935790005140006542e-01
4.4638052270720973702111677994253113865852e-01
3.6998534145604367040505167096853256225586e-01
4.1471283893031135603379766507714521139860e-01
9.1782164215428352349590568337589502334595e-01
4.0374269608849222557012126344488933682442e-01
3.8893739831584417387944085930939763784409e-01
9.2061131146218144749582279473543167114258e-01
7.2330152027969818462338480458129197359085e-01
5.7556422499747839083283906802535057067871e-01
1.7984062000785638879563066439004614949226e-01
1.1974565755347955919862812379506067372859e-01
6.6972164526827326902491677174111828207970e-01
6.1612021622008172894169319988577626645565e-01
6.8418278114708708237401424412382766604424e-01
7.3680787198332253762345089853624813258648e-01
3.3352839276722984207523836630571167916059e-01
7.9192495217427005815835627799970097839832e-01
6.1612021622008172894169319988577626645565e-01
6.0970980634905214134988682417315430939198e-01
5.4876064127493284772185688780155032873154e-01
3.5807716656463911553132106746488716453314e-01
3.3352839276722856531876004737569019198418e-01
5.0922999171224780923239450203254818916321e-01
6.1827883952917583876285334554268047213554e-01
4.2151886908018415534016298806818667799234e-01
7.2318473461187149364803872231277637183666e-01
6.0799851296339024742110268562100827693939e-01
4.5885676363615107709037488348258193582296e-01
6.1955700064467089660524834471289068460464e-01
5.0889488163719842628296419206890277564526e-01
3.3352839276722984207523836630571167916059e-01
3.1117566107918392948050723134656436741352e-01
0.0000000000000000000000000000000000000000e+00
3.0636950326251638498931129106495063751936e-01
6.0799851296339024742110268562100827693939e-01
0.0000000000000000000000000000000000000000e+00
2.3624940010097295051139099086867645382881e-01
2.9850403670497854813348226343805436044931e-01
7.1494862736453529405977747046563308686018e-02
0.0000000000000000000000000000000000000000e+00
1.0745931824706771162691865129090729169548e-01
0.0000000000000000000000000000000000000000e+00
4.3099433460529584793974322565190959721804e-01
6.8439589038646886365313548594713211059570e-03
0.0000000000000000000000000000000000000000e+00
6.0770236314415804201871651457622647285461e-02
3.0391984615744915831925254678935743868351e-01
3.0582759625703553885145424828806426376104e-01
0.0000000000000000000000000000000000000000e+00
1.1974565755347955919862812379506067372859e-01
3.3352839276722984207523836630571167916059e-01
0.0000000000000000000000000000000000000000e+00
3.1117566107918392948050723134656436741352e-01
0.0000000000000000000000000000000000000000e+00
3.0636950326251638498931129106495063751936e-01
6.0799851296339024742110268562100827693939e-01
0.0000000000000000000000000000000000000000e+00
2.3624940010097295051139099086867645382881e-01
2.9850403670497854813348226343805436044931e-01
7.1494862736453529405977747046563308686018e-02
0.0000000000000000000000000000000000000000e+00
1.0745931824706771162691865129090729169548e-01
0.0000000000000000000000000000000000000000e+00
4.3099433460529584793974322565190959721804e-01
6.8439589038646886365313548594713211059570e-03
0.0000000000000000000000000000000000000000e+00
6.0770236314415804201871651457622647285461e-02
3.0391984615744915831925254678935743868351e-01
3.0582759625703553885145424828806426376104e-01
0.0000000000000000000000000000000000000000e+00
1.1974565755347955919862812379506067372859e-01
3.3352839276722984207523836630571167916059e-01
0.0000000000000000000000000000000000000000e+00
0.0000000000000000000000000000000000000000e+00
3.1117566107918392948050723134656436741352e-01
0.0000000000000000000000000000000000000000e+00
3.0636950326251638498931129106495063751936e-01
6.0799851296339024742110268562100827693939e-01
0.0000000000000000000000000000000000000000e+00
2.3624940010097295051139099086867645382881e-01
2.9850403670497854813348226343805436044931e-01
7.1494862736453529405977747046563308686018e-02
0.0000000000000000000000000000000000000000e+00
1.0745931824706771162691865129090729169548e-01
0.0000000000000000000000000000000000000000e+00
4.3099433460529584793974322565190959721804e-01
6.8439589038646886365313548594713211059570e-03
0.0000000000000000000000000000000000000000e+00
6.0770236314415804201871651457622647285461e-02
3.0391984615744915831925254678935743868351e-01
3.0582759625703553885145424828806426376104e-01
0.0000000000000000000000000000000000000000e+00
1.1974565755347955919862812379506067372859e-01
3.3352839276722984207523836630571167916059e-01
0.0000000000000000000000000000000000000000e+00
0.0000000000000000000000000000000000000000e+00
0.0000000000000000000000000000000000000000e+00
8.0092231524490287597473070491105318069458e+01
5.3447804453277614200601419724989682435989e-01
