1
0
23
7.1567755078666761558991993297240696847439e-01
3.4878612613848969381535880529554560780525e-01
2.7864178568368241917241334704158362001181e-01
6.4641874370920149317498726304620504379272e-01
2.5639672965213702870990175597398774698377e-02
6.1361007874106510140421733012772165238857e-01
7.6234414713917408867871472466504201292992e-01
3.5134537673622201481293814140371978282928e-01
8.5629276435443490989030124183045700192451e-01
8.8941554921349763596083448646822944283485e-01
9.2229616799907410129577556290314532816410e-01
6.1861532080312109371789119904860854148865e-01
4.8586093171938138368659565458074212074280e-01
4.5711816685804190774078392678347881883383e-01
1.0000000000000000000000000000000000000000e+00
1.0000000000000000000000000000000000000000e+00
0.0000000000000000000000000000000000000000e+00
1.0000000000000000000000000000000000000000e+00
7.6024601786296641670048757077893242239952e-01
7.4248122474830213768370867910562083125114e-01
9.8515486883978697907338073491700924932957e-01
1.0000000000000000000000000000000000000000e+00
2.7175429328062233880203280023124534636736e-01
7.3297577961394200229960915748961269855499e-01
5.0018794994187476543601178491371683776379e-01
5.2437864798598121662820403798832558095455e-01
6.2638539460971720540527485354687087237835e-01
7.3749172696698950257854221490561030805111e-01
7.8186628996674401026467648989637382328510e-01
3.1223595127146042127463942961185239255428e-01
5.8630680685881952918236947880359366536140e-01
6.8842302439360636423515416026930324733257e-01
7.2052684843647518686537978283013217151165e-01
6.8551164683654741693885625863913446664810e-01
2.5345146991787931289863422534835990518332e-01
9.0442443586911180908316509885480627417564e-01
4.9167479650325501827623497774766292423010e-01
4.6273388319874660112862585492621292360127e-02
4.8228782388316315810072865133406594395638e-01
4.8228782388316282503382126378710381686687e-01
8.5598929967584780342804151587188243865967e-01
6.1861532080312109371789119904860854148865e-01
1.5966259109455727127624413697049021720886e-01
9.5527401840261039200896675538388080894947e-01
5.9165500087899314252126714563928544521332e-01
5.8319485754363509233400009179604239761829e-01
0.0000000000000000000000000000000000000000e+00
4.6457270448826482045490138261811807751656e-01
5.1480654179541629478222830584854818880558e-01
4.6457270448826482045490138261811807751656e-01
7.3365896166149746626672367710852995514870e-01
5.5762273307951720768826930907380301505327e-02
6.0401716180395093047650334483478218317032e-01
4.6216275491919234230664415008504875004292e-01
3.3540890650483617951849169003253336995840e-01
6.2104815175840166752152526896679773926735e-01
5.5762273307951720768826930907380301505327e-02
5.2735770581198904149999862056574784219265e-01
5.2735770581198904149999862056574784219265e-01
6.3704058411517583415673016133951023221016e-01
7.5726471850417120812437588028842583298683e-01
2.2080967423899258705866088803304592147470e-01
1.0000000000000000000000000000000000000000e+00
5.0018794994187476543601178491371683776379e-01
5.3391149977670837589727170779951848089695e-01
4.2471517787444107439043250451504718512297e-01
1.9126502907600320679826211289764614775777e-01
0.0000000000000000000000000000000000000000e+00
7.0348611613438427614397596698836423456669e-01
4.6403349880460564857997951548895798623562e-01
6.2179563555402872498945043844287283718586e-01
7.9220003835551833226702456158818677067757e-01
1.0000000000000000000000000000000000000000e+00
7.8607041012496303711287737314705736935139e-01
5.6157265888311691526268987217918038368225e-01
5.7189262098298443426358517172047868371010e-01
8.0643373057410761006735810951795428991318e-01
6.8925342183202698009836240089498460292816e-01
8.2835278626442976346311297675129026174545e-01
4.6403349880460564857997951548895798623562e-01
6.2395350573387076131837147840997204184532e-01
1.0000000000000000000000000000000000000000e+00
1.0000000000000000000000000000000000000000e+00
1.0000000000000000000000000000000000000000e+00
5.8527805488597250960225437665940262377262e-01
9.0905594454883198451966563879977911710739e-01
8.8614926934928450741324468253878876566887e-01
6.9561456791416254041848787892377004027367e-01
9.3814556309396168742864574596751481294632e-01
5.6325829296475704577318310839473269879818e-01
5.0018794994187698588206103522679768502712e-01
7.2718440783345272837578932012547738850117e-01
3.5835182980823221399191425007302314043045e-02
9.5301561150813474121434865082846954464912e-01
4.7455297112080119248389564745593816041946e-01
1.0000000000000000000000000000000000000000e+00
6.1861532080312109371789119904860854148865e-01
2.7869008231396785735256571570062078535557e-01
5.7213932176808379725940767457359470427036e-01
8.9621742146147953533841246098745614290237e-01
4.8371428842501040801238332278444431722164e-01
5.0979215721699056018678675172850489616394e-01
2.1381031967123653725337817377294413745403e-01
2.6690465408374791644874335361237172037363e-01
6.3795814815506457495786207800847478210926e-01
3.0346316299634523705464062004466541111469e-01
0.0000000000000000000000000000000000000000e+00
8.0881395516715692828313422069186344742775e-01
5.3997919047537434877881423744838684797287e-01
8.1570569589815100641772005474194884300232e-01
7.2330085847717517921751095855142921209335e-01
1.0000000000000000000000000000000000000000e+00
6.6016910884324986330540241397102363407612e-01
4.8784767016405594652894706086954101920128e-01
6.0059649387477953563774235590244643390179e-01
5.7780594451982181247728931339224800467491e-01
5.8936401565828600013219329412095248699188e-01
5.2758373413682202457408720874809660017490e-01
4.9796637712064562020231051064911298453808e-01
7.2461135388105391008650713047245517373085e-01
5.5913699864839450093256800755625590682030e-01
8.5969673529931026068062749345699558034539e-02
5.4878851137328599207876322907395660877228e-01
6.6674279379361556241434527692035771906376e-01
6.3240515231568339427070668534724973142147e-01
6.1861532080312109371789119904860854148865e-01
4.0247671932220774326793844011262990534306e-01
9.3238761556608062974760287033859640359879e-01
5.1894474689606040485045923560392111539841e-01
6.8431233135351199337037542136386036872864e-01
3.0199837536272128302172745861753355711699e-01
6.6623093895085350180096384065109305083752e-01
4.2623230374061960024079098729998804628849e-01
6.1861532080312087167328627401730045676231e-01
5.2950189823369431252331196446903049945831e-01
7.2234264034247541719224727785331197082996e-01
6.4485366431436330625359687473974190652370e-01
3.0199837536272128302172745861753355711699e-01
5.9086049253171957218455645488575100898743e-01
5.4980366585160334036430640480830334126949e-01
8.2347576970474289925761013364535756409168e-01
8.1528249121053719683516192162642255425453e-01
4.3088981260404390916107786324573680758476e-01
6.9755196219194237627903021348174661397934e-01
6.3464066880969349782048993802163749933243e-01
7.3155613267715080549891126793227158486843e-01
3.7203566773361296249333918240154162049294e-01
3.3408981590187541987901909124047961086035e-01
3.2287598152733121281698913662694394588470e-01
7.3155613267715058345430634290096350014210e-01
5.5199433050951540735695743933320045471191e-01
7.3223434665668407639316228596726432442665e-01
5.6966611753789586636287367582553997635841e-01
5.1894474689605729622599028516560792922974e-01
2.9611605412737973530568069691071286797523e-01
7.9013106029128765683822166465688496828079e-01
4.7991871885628611948959587607532739639282e-01
1.0000000000000000000000000000000000000000e+00
1.0000000000000000000000000000000000000000e+00
2.9064244606089889577660301256400998681784e-01
6.3762126318786283007966630975715816020966e-01
5.3456911441875487600583483072114177048206e-01
6.5266463503865423945171642117202281951904e-01
5.3456911441876120427707519411342218518257e-01
4.5968110868665423840440098501858301460743e-01
4.5294558486971514543739658620324917137623e-01
5.3456911441875487600583483072114177048206e-01
4.5240790379935413856316017700009979307652e-01
2.6655558377576338280334766750456765294075e-01
1.8628290821210272132368857000983553007245e-01
5.4319369836867581469164178997743874788284e-01
2.9611605412737973530568069691071286797523e-01
0.0000000000000000000000000000000000000000e+00
8.1004683165951751888655962829943746328354e-01
3.6681620394170810772749291572836227715015e-01
4.3649706571192603554720790270948782563210e-01
6.9856880157359801941652222012635320425034e-01
4.5040658888077478305689282933599315583706e-01
7.1690416157364045268707286595599725842476e-01
4.5263172416574326550886553377495147287846e-01
4.4293955546686003543754850397817790508270e-01
4.1034474457148406578710364556172862648964e-01
3.5876447456682258874138824467081576585770e-01
4.4247023501094900899133222083037253469229e-01
9.1410102979817053903133228232036344707012e-01
3.5467861833809655180971276422496885061264e-01
3.2697092731210120053475520762731321156025e-01
9.4348270078151363904339632426854223012924e-01
7.4997085820181996762556764224427752196789e-01
5.6966611753790130645569433909258805215359e-01
2.2806346497536256201499327289639040827751e-01
9.0178345737489798428221376980218337848783e-02
6.2953823547136644744881550650461576879025e-01
5.9784660099404252076027432849514298141003e-01
7.2132866539195172883580653433455154299736e-01
7.1160737345737845593873771576909348368645e-01
3.1270953634585835212433835295087192207575e-01
7.6892588147905849282892631890717893838882e-01
6.0488617951812673201317238635965622961521e-01
5.1866730082778489396844179282197728753090e-01
5.7247590801062164800327991542872041463852e-01
3.1468703431024769301416199596133083105087e-01
3.1914024451961170436575798703415784984827e-01
5.1622070219919935496477592096198350191116e-01
6.0488617951812728712468469893792644143105e-01
3.7503177517151736752865076596208382397890e-01
7.3984046603337072500750082326703704893589e-01
5.8481774031296662741397085483185946941376e-01
4.3523461159971060796536335146811325103045e-01
6.1690873263993872832600118272239342331886e-01
4.9946383791891246772820522892288863658905e-01
2.9654332001790728590151502430671826004982e-01
2.7864178568368241917241334704158362001181e-01
2.5639672965213702870990175597398774698377e-02
3.5134537673622201481293814140371978282928e-01
6.1861532080312109371789119904860854148865e-01
0.0000000000000000000000000000000000000000e+00
2.7175429328062233880203280023124534636736e-01
3.1223595127146042127463942961185239255428e-01
4.6273388319874660112862585492621292360127e-02
0.0000000000000000000000000000000000000000e+00
5.5762273307951720768826930907380301505327e-02
0.0000000000000000000000000000000000000000e+00
4.6403349880460564857997951548895798623562e-01
3.5835182980823221399191425007302314043045e-02
0.0000000000000000000000000000000000000000e+00
8.5969673529931026068062749345699558034539e-02
3.0199837536272128302172745861753355711699e-01
2.9611605412737973530568069691071286797523e-01
0.0000000000000000000000000000000000000000e+00
9.0178345737489798428221376980218337848783e-02
2.9654332001790728590151502430671826004982e-01
0.0000000000000000000000000000000000000000e+00
2.7864178568368241917241334704158362001181e-01
2.5639672965213702870990175597398774698377e-02
3.5134537673622201481293814140371978282928e-01
6.1861532080312109371789119904860854148865e-01
0.0000000000000000000000000000000000000000e+00
2.7175429328062233880203280023124534636736e-01
3.1223595127146042127463942961185239255428e-01
4.6273388319874660112862585492621292360127e-02
0.0000000000000000000000000000000000000000e+00
5.5762273307951720768826930907380301505327e-02
0.0000000000000000000000000000000000000000e+00
4.6403349880460564857997951548895798623562e-01
3.5835182980823221399191425007302314043045e-02
0.0000000000000000000000000000000000000000e+00
8.5969673529931026068062749345699558034539e-02
3.0199837536272128302172745861753355711699e-01
2.9611605412737973530568069691071286797523e-01
0.0000000000000000000000000000000000000000e+00
9.0178345737489798428221376980218337848783e-02
2.9654332001790728590151502430671826004982e-01
0.0000000000000000000000000000000000000000e+00
0.0000000000000000000000000000000000000000e+00
2.7864178568368241917241334704158362001181e-01
2.5639672965213702870990175597398774698377e-02
3.5134537673622201481293814140371978282928e-01
6.1861532080312109371789119904860854148865e-01
0.0000000000000000000000000000000000000000e+00
2.7175429328062233880203280023124534636736e-01
3.1223595127146042127463942961185239255428e-01
4.6273388319874660112862585492621292360127e-02
0.0000000000000000000000000000000000000000e+00
5.5762273307951720768826930907380301505327e-02
0.0000000000000000000000000000000000000000e+00
4.6403349880460564857997951548895798623562e-01
3.5835182980823221399191425007302314043045e-02
0.0000000000000000000000000000000000000000e+00
8.5969673529931026068062749345699558034539e-02
3.0199837536272128302172745861753355711699e-01
2.9611605412737973530568069691071286797523e-01
0.0000000000000000000000000000000000000000e+00
9.0178345737489798428221376980218337848783e-02
2.9654332001790728590151502430671826004982e-01
0.0000000000000000000000000000000000000000e+00
0.0000000000000000000000000000000000000000e+00
0.0000000000000000000000000000000000000000e+00
7.8419603371067779562508803792297840118408e+01
5.2349176959142107445899227968766354024410e-01
