1
0
23
7.0825101075934870920036701136268675327301e-01
3.5171758824490012562691276798432227224112e-01
3.1759677675343839231558717983716633170843e-01
6.7434603907318635407364126876927912235260e-01
0.0000000000000000000000000000000000000000e+00
5.8613141674529489755229860747931525111198e-01
7.4729916721397005030524951507686637341976e-01
2.3610769759196514883115014526993036270142e-01
8.1243402656270025108398158408817835152149e-01
7.9684476688213423667406232198118232190609e-01
6.8669050456257363368450796770048327744007e-01
5.0785265664047374301048876077402383089066e-01
5.7931682349337831894331429793965071439743e-01
4.8565788087814104612149890272121410816908e-01
1.0000000000000000000000000000000000000000e+00
7.7482661964289800682337272519362159073353e-01
0.0000000000000000000000000000000000000000e+00
1.0000000000000000000000000000000000000000e+00
7.5572384829591232602297168341465294361115e-01
5.9878976835838226833175212959758937358856e-01
8.4915636941812799864948146932874806225300e-01
9.9458238403604504185295809293165802955627e-01
2.3200111135914119886436424167186487466097e-01
6.6988860198945121560143434180645272135735e-01
5.3108848196860802826080316663137637078762e-01
4.7049922177206188189657609655114356428385e-01
5.5203228526865200098683317264658398926258e-01
7.4637902696969993243669705407228320837021e-01
7.2585641291578251177440961328102275729179e-01
3.1525028404164107120877247325552161782980e-01
6.0288072731337560838937861262820661067963e-01
7.1527648447286829025415499927476048469543e-01
7.6399815487256828028250765783013775944710e-01
6.2326704801529286825712006248068064451218e-01
2.7665905788930794662050516308227088302374e-01
8.8990150778032117706572989845881238579750e-01
5.5203228526865077974150608497438952326775e-01
9.3752262652982726320871620373509358614683e-02
5.2435543660291739076484418546897359192371e-01
4.9411887594955572478028216210077516734600e-01
7.0115749977581875995724658423569053411484e-01
5.7477333905523542156856819929089397192001e-01
2.0527808234296707201593790159677155315876e-01
9.2203494663730678482238545257132500410080e-01
5.2683329487882923913844024355057626962662e-01
5.7477333905523542156856819929089397192001e-01
0.0000000000000000000000000000000000000000e+00
5.2435543660291861201017127314116805791855e-01
5.1577138514942888480874216838856227695942e-01
4.6138766837878136817252539003675337880850e-01
8.3487215423319416363057143826154060661793e-01
1.8604163490965303084934134858485776931047e-01
5.3686638832815880562066013226285576820374e-01
5.6482537492147932844943625241285189986229e-01
4.1866322617649581738774600125907454639673e-01
6.7715777342131089344690053621889092028141e-01
1.6107149425853314883561040460335789248347e-01
5.0552142048590165135379947969340719282627e-01
5.1069653362548350639116279126028530299664e-01
5.6855036463919483846751745659275911748409e-01
7.4150679427802101972844184274435974657536e-01
2.7785839656746103010220849682809785008430e-01
9.3776529539050967887447995963157154619694e-01
5.3702333657507439479417143957107327878475e-01
6.8378867235788653999861708143725991249084e-01
4.5714110683778935717569424923567567020655e-01
2.5920531811696273516432142969279084354639e-01
5.2218302737337025931640965836777468211949e-02
6.7434603907318013682470336789265275001526e-01
4.0721792216119900853499302684213034808636e-01
5.4954634721085338089352489987504668533802e-01
6.9516630520351674338286329657421447336674e-01
1.0000000000000000000000000000000000000000e+00
7.0872610432174520944670348399085924029350e-01
5.1899838429935685191196625964948907494545e-01
6.0288072731337682963470570030040107667446e-01
7.8412288460349799379400792531669139862061e-01
5.8439677714418813980756794990156777203083e-01
9.1387866687749574889920722853275947272778e-01
4.0721792216119900853499302684213034808636e-01
5.9222593604620121787718289851909503340721e-01
1.0000000000000000000000000000000000000000e+00
1.0000000000000000000000000000000000000000e+00
1.0000000000000000000000000000000000000000e+00
4.3794903772522386642407354884198866784573e-01
9.0025857483832161243242353521054610610008e-01
9.6735724641848630511731244041584432125092e-01
5.6032888340591524567457781813573092222214e-01
9.2203494663730611868857067747740074992180e-01
5.7339802424917918344249301298987120389938e-01
5.1676035351909266335468373654293827712536e-01
7.0910373619676370093856121457065455615520e-01
0.0000000000000000000000000000000000000000e+00
8.9338940412090961373792197264265269041061e-01
4.9622953841223843562957540598290506750345e-01
1.0000000000000000000000000000000000000000e+00
6.0608280529086078214362487415201030671597e-01
3.3963011080295413268714810328674502670765e-01
6.2942601408511711369442309660371392965317e-01
9.0355843598542862071809622648288495838642e-01
5.2641241139096017764842372343991883099079e-01
5.5854728022453881131070829724194481968880e-01
2.9450360540471087755776125050033442676067e-01
3.3844144516094465391375933904782868921757e-01
6.5034968495385647724305044903303496539593e-01
3.2739297590386978731302747291920240968466e-01
0.0000000000000000000000000000000000000000e+00
6.7564158920731554047733879997394979000092e-01
5.9022115724941193182218057700083591043949e-01
7.3973704906543213954961402123444713652134e-01
6.8509730688125847208880259131547063589096e-01
1.0000000000000000000000000000000000000000e+00
6.0866468875586587916615144422394223511219e-01
5.5203228526865200098683317264658398926258e-01
7.0217333343174381798945660193567164242268e-01
5.8757092194534554785434465884463861584663e-01
5.7680205975360065995261038551689125597477e-01
5.2119076107496009608865961126866750419140e-01
5.0036622611633196910929655132349580526352e-01
7.2700024850053945879579941902193240821362e-01
6.7564158920731753887878312525572255253792e-01
6.4094986809543605388306275472132256254554e-02
5.3736160781442832146126420411746948957443e-01
6.4975736497392100332604059076402336359024e-01
6.1061684619513867389173356059473007917404e-01
5.3247457957279942242223569337511435151100e-01
5.7653479397010198859163665474625304341316e-01
7.9669686285442664619438346562674269080162e-01
5.0340348152261904512982937376364134252071e-01
6.8764198722812042152696676566847600042820e-01
2.9028264088654193164629191414860542863607e-01
6.4019591887800375573647215787786990404129e-01
5.0616729169279384148438793999957852065563e-01
6.4019591887800375573647215787786990404129e-01
4.8382032465964552869763792841695249080658e-01
7.5625182755649877908155076511320658028126e-01
6.5423497478124137405330884575960226356983e-01
2.9028264088654193164629191414860542863607e-01
5.7158329462632029294155699972179718315601e-01
5.9689167918897234610398072618409059941769e-01
7.7270439218318309748667616077000275254250e-01
7.7673139129072499287076425389386713504791e-01
5.2553442517074289153100608018576167523861e-01
7.2585641291578251177440961328102275729179e-01
6.6002469828960685926944051971076987683773e-01
7.6399815487256828028250765783013775944710e-01
3.8304363716366696124282498203683644533157e-01
3.6433815378604977874843484642042312771082e-01
3.7027871264801492934282123314915224909782e-01
7.4369749032142984379589734089677222073078e-01
4.9386347114370604538535758365469519048929e-01
7.1651958801195114734383651011739857494831e-01
5.9022115724941603964737169008003547787666e-01
5.3247457957279942242223569337511435151100e-01
3.2527340076014393810410751939343754202127e-01
7.2912746446171283754011938071926124393940e-01
5.3806710732322426959939321022829972207546e-01
1.0000000000000000000000000000000000000000e+00
1.0000000000000000000000000000000000000000e+00
2.0070610349106943193220331522752530872822e-01
8.2463773324669442654766271516564302146435e-01
5.2176886950745904325543733648373745381832e-01
7.1403859517513812438238574031856842339039e-01
5.2176886950745937632234472403069958090782e-01
5.1977791891345026531467965469346381723881e-01
4.5934966968202073367422144656302407383919e-01
5.0178449171275163465111290861386805772781e-01
4.7378236782768978763158429501345381140709e-01
2.4086592744301027479991716973017901182175e-01
1.7603784652815332445463525345985544845462e-01
5.4495632520501557927161684347083792090416e-01
3.3017751378784288007750546967145055532455e-01
0.0000000000000000000000000000000000000000e+00
8.2806165806178932964343175626709125936031e-01
3.9019036507406307245915400017111096531153e-01
5.7761770534897449724809348481358028948307e-01
6.9516630520351674338286329657421447336674e-01
4.0801235388503104273283383918169420212507e-01
8.7075236626340113410549292893847450613976e-01
4.8762953036609857360161868200520984828472e-01
6.0288072731337560838937861262820661067963e-01
4.2469475049366534058492561598541215062141e-01
4.2451523775296895468756019909051246941090e-01
5.2409428034604199631019127991748973727226e-01
9.0367983466491685895505270309513434767723e-01
5.7184664526465101008767533130594529211521e-01
4.2013435620062411501862698059994727373123e-01
9.9031915528116465363694942425354383885860e-01
6.7523398175106075225215818136348389089108e-01
6.9181625122776246872291494582896120846272e-01
2.2711075801280383723579348043131176382303e-01
2.2711075801280383723579348043131176382303e-01
7.2464925578126870853168384201126173138618e-01
5.9689167918897234610398072618409059941769e-01
6.3392666962008770159542336841695941984653e-01
7.6038985456969276910399457847233861684799e-01
3.7319666697427356094607375780469737946987e-01
8.4915636941812366877968543121824041008949e-01
7.0910373619676370093856121457065455615520e-01
7.4870189744912785112518349706078879535198e-01
5.5873458657188412868066507144249044358730e-01
4.2423935356827524589817812739056535065174e-01
4.0769088164107303295935480491607449948788e-01
5.4954634721084805182300669912365265190601e-01
7.0910373619676370093856121457065455615520e-01
4.9799831733477611939164830801018979400396e-01
7.1010268271934740003104025163338519632816e-01
6.1337765161945367875517831635079346597195e-01
5.1128465446379345316074704896891489624977e-01
6.9051882034481781857948590186424553394318e-01
5.9689167918897456655002997649717144668102e-01
3.7319666697427356094607375780469737946987e-01
3.1759677675343839231558717983716633170843e-01
0.0000000000000000000000000000000000000000e+00
2.3610769759196514883115014526993036270142e-01
5.0785265664047374301048876077402383089066e-01
0.0000000000000000000000000000000000000000e+00
2.3200111135914119886436424167186487466097e-01
3.1525028404164107120877247325552161782980e-01
9.3752262652982726320871620373509358614683e-02
0.0000000000000000000000000000000000000000e+00
1.6107149425853314883561040460335789248347e-01
5.2218302737337025931640965836777468211949e-02
4.0721792216119900853499302684213034808636e-01
0.0000000000000000000000000000000000000000e+00
7.9529478588275265668249250666343963370415e-19
6.4094986809543605388306275472132256254554e-02
2.9028264088654193164629191414860542863607e-01
3.2527340076014393810410751939343754202127e-01
0.0000000000000000000000000000000000000000e+00
2.2711075801280383723579348043131176382303e-01
3.7319666697427356094607375780469737946987e-01
7.9529478588275265668249250666343963370415e-19
3.1759677675343839231558717983716633170843e-01
0.0000000000000000000000000000000000000000e+00
2.3610769759196514883115014526993036270142e-01
5.0785265664047374301048876077402383089066e-01
0.0000000000000000000000000000000000000000e+00
2.3200111135914119886436424167186487466097e-01
3.1525028404164107120877247325552161782980e-01
9.3752262652982726320871620373509358614683e-02
0.0000000000000000000000000000000000000000e+00
1.6107149425853314883561040460335789248347e-01
5.2218302737337025931640965836777468211949e-02
4.0721792216119900853499302684213034808636e-01
0.0000000000000000000000000000000000000000e+00
0.0000000000000000000000000000000000000000e+00
6.4094986809543605388306275472132256254554e-02
2.9028264088654193164629191414860542863607e-01
3.2527340076014393810410751939343754202127e-01
0.0000000000000000000000000000000000000000e+00
2.2711075801280383723579348043131176382303e-01
3.7319666697427356094607375780469737946987e-01
0.0000000000000000000000000000000000000000e+00
0.0000000000000000000000000000000000000000e+00
3.1759677675343839231558717983716633170843e-01
0.0000000000000000000000000000000000000000e+00
2.3610769759196514883115014526993036270142e-01
5.0785265664047374301048876077402383089066e-01
0.0000000000000000000000000000000000000000e+00
2.3200111135914119886436424167186487466097e-01
3.1525028404164107120877247325552161782980e-01
9.3752262652982726320871620373509358614683e-02
0.0000000000000000000000000000000000000000e+00
1.6107149425853314883561040460335789248347e-01
5.2218302737337025931640965836777468211949e-02
4.0721792216119900853499302684213034808636e-01
0.0000000000000000000000000000000000000000e+00
0.0000000000000000000000000000000000000000e+00
6.4094986809543605388306275472132256254554e-02
2.9028264088654193164629191414860542863607e-01
3.2527340076014393810410751939343754202127e-01
0.0000000000000000000000000000000000000000e+00
2.2711075801280383723579348043131176382303e-01
3.7319666697427356094607375780469737946987e-01
0.0000000000000000000000000000000000000000e+00
0.0000000000000000000000000000000000000000e+00
0.0000000000000000000000000000000000000000e+00
7.7830000278140900604739726986736059188843e+01
5.8907676932156005644714014124474488198757e-01
