1
0
23
6.8898579551372407525633434488554485142231e-01
3.4863551608810366966295646307116840034723e-01
3.1182403872342823181185167413786984980106e-01
6.7403486495025621838550478059914894402027e-01
6.5137270654051114202043315515311405761167e-03
5.8209738405337085875856928396387957036495e-01
7.5436222599849767078694640076719224452972e-01
2.1164635732807071666350395844347076490521e-01
8.0803753551243784336577391513856127858162e-01
7.7046657533147155927366611649631522595882e-01
6.6118261208074702306447534283506684005260e-01
4.6869437142316883182502351701259613037109e-01
5.6680853706428924176918826560722663998604e-01
4.3192670053363069193608225759817287325859e-01
1.0000000000000000000000000000000000000000e+00
7.3276288416366042177685358183225616812706e-01
0.0000000000000000000000000000000000000000e+00
1.0000000000000000000000000000000000000000e+00
7.2020341041460234077220547987963072955608e-01
5.8930842251176229762421598934452049434185e-01
7.9759987707406754253725011949427425861359e-01
8.3305102316784285232387219366501085460186e-01
1.7665768346114607556529563225922174751759e-01
6.6047171216873956645088128425413742661476e-01
5.1280857820066749752641044324263930320740e-01
4.5212948430424182433284840954001992940903e-01
5.6449319750573700993356851540738716721535e-01
7.5360899796080671464437727991025894880295e-01
6.9133109379559909424273200784227810800076e-01
3.0225320750741063724476020979636814445257e-01
6.0299642850997159371218003798276185989380e-01
7.7046657533147155927366611649631522595882e-01
7.4329690245738422316179594417917542159557e-01
6.2849108012103904741252335952594876289368e-01
2.6272537451007960118687378781032748520374e-01
8.6771029454343340248101412726100534200668e-01
5.7117442067160384411295126483310014009476e-01
9.9784414957232489551408605166216148063540e-02
5.1203769298856294245325670999591238796711e-01
5.1599879023695882640510035344050265848637e-01
6.0757167319382165970864662085659801959991e-01
5.6617227869227959580200604250421747565269e-01
2.0568751983048438880530284222913905978203e-01
8.7641428208341332073416651837760582566261e-01
5.2384717256629464987582878165994770824909e-01
5.7176206749611691027013193888706155121326e-01
0.0000000000000000000000000000000000000000e+00
5.4818991833132280078189069172367453575134e-01
5.2924054112124085946788909495808184146881e-01
5.2253216995591122984166077003465034067631e-01
8.4181575888312376587663266036543063819408e-01
1.6679610060872046561897263927676249295473e-01
5.2490909397961205140603624386130832135677e-01
5.9751287012631026929199151709326542913914e-01
4.6086510924124574062332726498425472527742e-01
6.7829036550079879752672695758519694209099e-01
1.6679610060872046561897263927676249295473e-01
5.2071739089431212654801583994412794709206e-01
5.2943600349406094718318627201369963586330e-01
5.8462533836775498752302837601746432483196e-01
7.4005676609808290766778782199253328144550e-01
3.2885971349228682036880400119116529822350e-01
8.7192940654417294688016681902809068560600e-01
5.7117442067160384411295126483310014009476e-01
7.1032051471257762198519003504770807921886e-01
4.8416699519628331183085379052499774843454e-01
2.7481133066077961801809692587994504719973e-01
9.0848177546582947750053449453844223171473e-02
6.6680104493283942623804705362999811768532e-01
3.9467409558238997213663878937950357794762e-01
5.4643445118418920714020714513026177883148e-01
6.8408180536796614479300160382990725338459e-01
1.0000000000000000000000000000000000000000e+00
6.7923547190734390177624391071731224656105e-01
5.2809054011486922242113450920442119240761e-01
6.0299642850997159371218003798276185989380e-01
7.8768411505604440936423316088621504604816e-01
5.9775476898059642927307777426904067397118e-01
8.8487345061573829951839798013679683208466e-01
3.9467409558238997213663878937950357794762e-01
5.8209738405337552169527270962134934961796e-01
9.9928165382713374231826719551463611423969e-01
1.0000000000000000000000000000000000000000e+00
1.0000000000000000000000000000000000000000e+00
4.3981100089241276229756749671651050448418e-01
8.7145715051379413207399693419574759900570e-01
9.3076169081958259887699114187853410840034e-01
5.2778816996256794347175400616833940148354e-01
8.7641428208341798367086994403507560491562e-01
5.2364280724098166697189071783213876187801e-01
5.0534069197090614178335954420617781579494e-01
6.8338587690624053028187745439936406910419e-01
0.0000000000000000000000000000000000000000e+00
9.0745613748692832700726285111159086227417e-01
4.8473980911849023911486256110947579145432e-01
1.0000000000000000000000000000000000000000e+00
5.9644266773810550308354549997602589428425e-01
3.5946818743612685143062890347209759056568e-01
6.4085625428820391924489285884192213416100e-01
8.7894179746735978664418098560418002307415e-01
5.2951800114726410573240400481154210865498e-01
5.7823779016334031499724233071901835501194e-01
3.1604227214949059954207655209756921976805e-01
3.4929846649238960321071090220357291400433e-01
6.6140442102300889271049300077720545232296e-01
2.7839279139802475260268010970321483910084e-01
0.0000000000000000000000000000000000000000e+00
6.4186426576158939205640763248084113001823e-01
6.0399827824260887698670785539434291422367e-01
7.5452272651825424976124168097157962620258e-01
6.4825054193277886760427008994156494736671e-01
1.0000000000000000000000000000000000000000e+00
5.8558092204680201042776843678439036011696e-01
5.7563370209424868928493879138841293752193e-01
7.0789817006455324488456426479388028383255e-01
5.7514020259060005813012139697093516588211e-01
5.5666393532381386322072103212121874094009e-01
5.4028298119004514177277087583206593990326e-01
5.0312475278743851170304424158530309796333e-01
7.2375054997810017720638597893412224948406e-01
6.7399671354255030752966604268294759094715e-01
6.1692282818096862151424630837937002070248e-02
5.3223295970212503025464911843300797045231e-01
6.4939063562005128193987957274657674133778e-01
6.2171002498528660229482056820415891706944e-01
5.2091885387729597312045370927080512046814e-01
5.9853807259939906249002206095610745251179e-01
7.5701864387526618394019806146388873457909e-01
5.0160577088261248945855186320841312408447e-01
6.8718892589941227289074276995961554348469e-01
2.9660814529547874229820081382058560848236e-01
6.3535718583834943640198389402939938008785e-01
5.2029239843011254595950276780058629810810e-01
6.4250002137691442083422543873894028365612e-01
4.6112358832175381895268628795747645199299e-01
7.2198579339430224433016292095999233424664e-01
6.3588211020496177017236050232895649969578e-01
2.9660814529547874229820081382058560848236e-01
5.4624504145014918243816737231099978089333e-01
5.6292075867819979517747697173035703599453e-01
7.6718284977843687055809596131439320743084e-01
7.3839343190239392633600346016464754939079e-01
4.7169462847547044548335293256968725472689e-01
6.8480150942277107084521503566065803170204e-01
6.0797479193403203279189028762630186975002e-01
7.3839343190239381531370099764899350702763e-01
3.4929685859155934490871686648461036384106e-01
3.4007091528075200637104558154533151537180e-01
3.6957604688332013065377168459235690534115e-01
7.2614796256577018862543582145008258521557e-01
4.8194078848845522955457454372663050889969e-01
7.1592051890740937558632595028029754757881e-01
5.6292075867819979517747697173035703599453e-01
5.0974089493287844110369633199297823011875e-01
2.7220736649833549014587674719223286956549e-01
7.1489840477652555339460604955093003809452e-01
5.4902276980297615160964141978183761239052e-01
1.0000000000000000000000000000000000000000e+00
1.0000000000000000000000000000000000000000e+00
1.7283278269625823586608248660922981798649e-01
7.6668175943039085229457896275562234222889e-01
5.2152703956450574551695353875402361154556e-01
7.3479912827333826452758103187079541385174e-01
5.1715194505509909372875654298695735633373e-01
4.9338656841276085085468139368458651006222e-01
4.6831177498003773163048890637583099305630e-01
4.7809588064065888790565850285929627716541e-01
4.0870435630632850898535934902611188590527e-01
2.3566779591153094730593409167340723797679e-01
2.0607178498171138669725621639372548088431e-01
5.7332379335890115701346303467289544641972e-01
3.3980933781922817438214678986696526408195e-01
0.0000000000000000000000000000000000000000e+00
8.3819692484627084105852645734557881951332e-01
3.9589393797967692423256380607199389487505e-01
5.6230175456625708374502892183954827487469e-01
6.8408180536796614479300160382990725338459e-01
3.6371574222147828869822205888340249657631e-01
8.4090957547081834899671548555488698184490e-01
4.7922844718383839079933750326745212078094e-01
6.0299642850997159371218003798276185989380e-01
4.6568475299985723214746258236118592321873e-01
4.3029621917718635648597569343110080808401e-01
5.4028298119004514177277087583206593990326e-01
8.5850616423438064206408171230577863752842e-01
5.4704072854191732044881746332976035773754e-01
4.1753330381105496771354523843911010771990e-01
9.5937789764406145032182848808588460087776e-01
6.7104681616492967144438352988800033926964e-01
6.5926281383278595438213187662768177688122e-01
1.7668048768731847708579607569845393300056e-01
1.7668048768731847708579607569845393300056e-01
7.1489840477652555339460604955093003809452e-01
6.1948132654856813417154626222327351570129e-01
6.5211524560386435744874233932932838797569e-01
7.4065712130830507753387337288586422801018e-01
3.6556424100239498509168356576992664486170e-01
7.9654847931798700155781034482060931622982e-01
6.9864690293058084868960122548742219805717e-01
7.4329690245739110654454862014972604811192e-01
5.7571822902902547447467895835870876908302e-01
4.3978774194902559013797826992231421172619e-01
4.2257040858402805660887224803445860743523e-01
5.5488079765302333878906893005478195846081e-01
6.8338587690624053028187745439936406910419e-01
4.8987100550530049414277300456888042390347e-01
7.1489840477652555339460604955093003809452e-01
6.3269749101810979219351338542765006422997e-01
4.9016384381884475773816234323021490126848e-01
7.3479912827333826452758103187079541385174e-01
5.9907670145828362251450016628950834274292e-01
3.6556424100239498509168356576992664486170e-01
3.1182403872342823181185167413786984980106e-01
6.5137270654051114202043315515311405761167e-03
2.1164635732807071666350395844347076490521e-01
4.6869437142316883182502351701259613037109e-01
0.0000000000000000000000000000000000000000e+00
1.7665768346114607556529563225922174751759e-01
3.0225320750741063724476020979636814445257e-01
9.9784414957232489551408605166216148063540e-02
0.0000000000000000000000000000000000000000e+00
1.6679610060872046561897263927676249295473e-01
9.0848177546582947750053449453844223171473e-02
3.9467409558238997213663878937950357794762e-01
0.0000000000000000000000000000000000000000e+00
0.0000000000000000000000000000000000000000e+00
6.1692282818096862151424630837937002070248e-02
2.9660814529547874229820081382058560848236e-01
2.7220736649833549014587674719223286956549e-01
0.0000000000000000000000000000000000000000e+00
1.7668048768731847708579607569845393300056e-01
3.6556424100239498509168356576992664486170e-01
0.0000000000000000000000000000000000000000e+00
3.1182403872342823181185167413786984980106e-01
6.5137270654051114202043315515311405761167e-03
2.1164635732807071666350395844347076490521e-01
4.6869437142316883182502351701259613037109e-01
0.0000000000000000000000000000000000000000e+00
1.7665768346114607556529563225922174751759e-01
3.0225320750741063724476020979636814445257e-01
9.9784414957232489551408605166216148063540e-02
0.0000000000000000000000000000000000000000e+00
1.6679610060872046561897263927676249295473e-01
9.0848177546582947750053449453844223171473e-02
3.9467409558238997213663878937950357794762e-01
0.0000000000000000000000000000000000000000e+00
0.0000000000000000000000000000000000000000e+00
6.1692282818096862151424630837937002070248e-02
2.9660814529547874229820081382058560848236e-01
2.7220736649833549014587674719223286956549e-01
0.0000000000000000000000000000000000000000e+00
1.7668048768731847708579607569845393300056e-01
3.6556424100239498509168356576992664486170e-01
0.0000000000000000000000000000000000000000e+00
0.0000000000000000000000000000000000000000e+00
3.1182403872342823181185167413786984980106e-01
6.5137270654051114202043315515311405761167e-03
2.1164635732807071666350395844347076490521e-01
4.6869437142316883182502351701259613037109e-01
0.0000000000000000000000000000000000000000e+00
1.7665768346114607556529563225922174751759e-01
3.0225320750741063724476020979636814445257e-01
9.9784414957232489551408605166216148063540e-02
0.0000000000000000000000000000000000000000e+00
1.6679610060872046561897263927676249295473e-01
9.0848177546582947750053449453844223171473e-02
3.9467409558238997213663878937950357794762e-01
0.0000000000000000000000000000000000000000e+00
0.0000000000000000000000000000000000000000e+00
6.1692282818096862151424630837937002070248e-02
2.9660814529547874229820081382058560848236e-01
2.7220736649833549014587674719223286956549e-01
0.0000000000000000000000000000000000000000e+00
1.7668048768731847708579607569845393300056e-01
3.6556424100239498509168356576992664486170e-01
0.0000000000000000000000000000000000000000e+00
0.0000000000000000000000000000000000000000e+00
0.0000000000000000000000000000000000000000e+00
7.9738881317275343008077470585703849792480e+01
6.0895192617073812257899589894805103540421e-01
