1
0
23
7.1805916817801218599015555810183286666870e-01
3.5130727914794351862681764941953588277102e-01
3.2036568560139883077297895397350657731295e-01
6.5115747493607789575520428115851245820522e-01
2.1457487851866845207648992754911887459457e-02
5.9504641265814084416518880971125327050686e-01
7.3197743706435836053003640699898824095726e-01
3.2170896948975957752026033631409518420696e-01
8.6094400343010046849911987010273151099682e-01
8.9641730336568159476229311621864326298237e-01
8.6856803651471903293668219703249633312225e-01
6.1131486772947662977628624503267928957939e-01
4.9814633533708085888491723380866460502148e-01
4.5463986179169296741875427869672421365976e-01
1.0000000000000000000000000000000000000000e+00
1.0000000000000000000000000000000000000000e+00
0.0000000000000000000000000000000000000000e+00
1.0000000000000000000000000000000000000000e+00
7.8382766225058564391048321340349502861500e-01
6.9572962831777995784676704715820960700512e-01
9.9588542349115383167657000740291550755501e-01
1.0000000000000000000000000000000000000000e+00
2.4353143587984105167265624913852661848068e-01
7.2259491218561799907860176972462795674801e-01
5.0345301256230456932172501183231361210346e-01
5.0212934226891570155260069441283121705055e-01
6.2469114454113972012549993451102636754513e-01
7.7479008286880379774430593897704966366291e-01
7.7042557647500309325749867639387957751751e-01
3.0492657483643098581538311009353492408991e-01
6.0269493450932332123670676082838326692581e-01
6.9442397516656040323823617654852569103241e-01
7.3049444240380401183188041613902896642685e-01
6.8950524016618386369259496859740465879440e-01
2.6277065534449850492393352396902628242970e-01
9.0196724217293977599041454595862887799740e-01
5.1107109944634254716788746009115129709244e-01
4.8156296710288870599470101296901702880859e-02
5.0089160362722384700617794806021265685558e-01
4.8908535410746489802136238722596317529678e-01
8.9163239965725415991926183778559789061546e-01
6.1131486772947662977628624503267928957939e-01
1.8391475733765594302582258023903705179691e-01
9.4407377285562310564870358575717546045780e-01
5.8330138293333921861716362400329671800137e-01
5.8330138293333921861716362400329671800137e-01
0.0000000000000000000000000000000000000000e+00
5.0089160362722384700617794806021265685558e-01
5.1393105630425572893926755568827502429485e-01
4.5263037429694547020275763316021766513586e-01
7.3979713318865603088880789073300547897816e-01
9.6681659789375512525921863016264978796244e-02
5.8559526152566754308992358346586115658283e-01
5.0089160362722384700617794806021265685558e-01
3.6530817299858392432909681701858062297106e-01
6.8603773057336991936239201095304451882839e-01
9.6681659789375512525921863016264978796244e-02
5.1471200910989611809753796478617005050182e-01
5.1471200910988568200110648831469006836414e-01
6.1339654320411085564046516083180904388428e-01
7.3979713318865603088880789073300547897816e-01
2.3241588729882775576918163551454199478030e-01
1.0000000000000000000000000000000000000000e+00
5.0798038662755851113672633800888434052467e-01
5.4109733566536899473931043758057057857513e-01
4.0938537359711890672997469664551317691803e-01
2.0750726085503665152565133666939800605178e-01
0.0000000000000000000000000000000000000000e+00
7.1268028723569365467938041547313332557678e-01
4.3470323177727265839820347537170164287090e-01
5.7143782353662886386302943719783797860146e-01
7.7425760915812580353900784757570363581181e-01
1.0000000000000000000000000000000000000000e+00
7.6889161711342102201172110653715208172798e-01
5.4475782762751434606940392768592573702335e-01
5.2362989264161152735965742976986803114414e-01
8.3465381182904718748716277332277968525887e-01
6.7405457302780302786260335778933949768543e-01
8.2624011916463901972207395374425686895847e-01
4.3470323177727265839820347537170164287090e-01
6.2528523778003408661874118479317985475063e-01
1.0000000000000000000000000000000000000000e+00
1.0000000000000000000000000000000000000000e+00
9.9539661007755375621286475507076829671860e-01
5.7062721274185690401026249674032442271709e-01
8.9299718632637736792645455352612771093845e-01
9.1139726994278325022946773970033973455429e-01
7.2572547290967892585911158676026389002800e-01
9.3256129708054646965109668599325232207775e-01
5.7263232309506728601178338067256845533848e-01
5.0798038662755851113672633800888434052467e-01
7.2572547290967459598931554864975623786449e-01
5.7961189419397873834327583608683198690414e-02
9.5081648914117389281841496995184570550919e-01
4.6934913454670901256093884512665681540966e-01
1.0000000000000000000000000000000000000000e+00
6.5398372348198330339386075138463638722897e-01
3.3919686263361414901851276226807385683060e-01
5.8735393116150613757042719953460618853569e-01
9.5690867125581369201370307564502581954002e-01
4.9661613690240047347401741717476397752762e-01
5.2836832092096486235277552623301744461060e-01
2.3683553150035258072492183600843418389559e-01
2.7227842922619788224025683120999019593000e-01
6.0859901667156801607916349894367158412933e-01
3.0862271734267737732793079885595943778753e-01
0.0000000000000000000000000000000000000000e+00
8.0800236656554547121089626671164296567440e-01
5.4271932924434485023823526717023923993111e-01
7.9162869702174287755980230940622277557850e-01
7.1477159154138347751938908913871273398399e-01
1.0000000000000000000000000000000000000000e+00
6.2279979444903799112864817288937047123909e-01
5.0212934226891570155260069441283121705055e-01
5.9535090835244786067192990230978466570377e-01
5.8905534631811917734012240543961524963379e-01
5.9481969728135963837445387980551458895206e-01
5.0496614075805401622432100339210592210293e-01
4.7535128497209716558202785563480574637651e-01
7.4234724023724263375356713368091732263565e-01
6.1624891629506262091808821423910558223724e-01
6.8167175454928771727303171701350947842002e-02
5.5186114290261389925262847100384533405304e-01
6.4359018355986141735058936319546774029732e-01
6.0315392073056772748174125808873213827610e-01
6.1131486772947662977628624503267928957939e-01
3.9898008693608399966024080640636384487152e-01
8.7941069157109363896296372331562452018261e-01
5.1107109944634254716788746009115129709244e-01
6.7362180830574525103315863816533237695694e-01
2.9387331922670101302941247922717593610287e-01
6.4626781919400511089435212852549739181995e-01
4.2458724718240964390858493970881681889296e-01
5.9332618232944922542770882500917650759220e-01
5.1418018325498948684071365278214216232300e-01
7.0275062949145361557157229981385171413422e-01
6.3150646697096213255662178198690526187420e-01
2.9387331922670101302941247922717593610287e-01
6.0508214127348136646133980320882983505726e-01
5.2557937339275695443063796119531616568565e-01
8.0500497383340596790901599888456985354424e-01
8.0515472368607410302843163663055747747421e-01
4.2846262187517558661653538365499116480350e-01
6.7633344407824502741988226262037642300129e-01
6.3542895261748610913343782158335670828819e-01
7.5397349860365581175614124731509946286678e-01
3.3275928552606814925240996672073379158974e-01
3.4673198815207778578084685250360053032637e-01
3.1913566145405503071685870963847264647484e-01
7.2550939961772598074674078816315159201622e-01
5.6373435581734898658368138057994656264782e-01
7.7895910619002384223108492733445018529892e-01
5.6802817049453580011686426587402820587158e-01
5.1918848826181185351913427439285442233086e-01
2.8888426729278132709666238042700570076704e-01
7.7105017023171362744449197634821757674217e-01
4.9263703231763833478851211111759766936302e-01
1.0000000000000000000000000000000000000000e+00
1.0000000000000000000000000000000000000000e+00
2.9767389037528219075667834658815991133451e-01
6.1421191184525092410240176832303404808044e-01
5.0739921098528806275851366081042215228081e-01
7.2307058805907575838034517801133915781975e-01
5.0739921098528806275851366081042215228081e-01
4.7448802755615404613820373924681916832924e-01
4.7549071981067819736566093524743337184191e-01
5.4183691273854062142589782524737529456615e-01
4.0511557621375460236379240086534991860390e-01
2.2151368929944237340379231682163663208485e-01
1.7920520630582120746865371074818540364504e-01
5.6847986013118423365142461989307776093483e-01
2.8888426729278132709666238042700570076704e-01
0.0000000000000000000000000000000000000000e+00
7.9287026043267716524098887020954862236977e-01
3.7393894746819672514348553704621735960245e-01
4.3949060386224086949269462820666376501322e-01
6.8950524016618042200121863061212934553623e-01
4.5476343820436038178911530849291011691093e-01
7.6529893960257922014278619826654903590679e-01
4.1941868192251979818863105720083694905043e-01
5.2362989264161152735965742976986803114414e-01
4.2079954882680215000334555952576920390129e-01
3.5485686736981936206802856759168207645416e-01
4.1760749239125471987676974094938486814499e-01
9.1401429422249269585165620810585096478462e-01
3.8189091539510400252765975892543792724609e-01
3.5040998983273730082999009027844294905663e-01
9.3478632552919083131826027965871617197990e-01
7.3931800635451072611914469234761781990528e-01
5.6552853186496332416055565772694535553455e-01
1.9548910982480238729408483777660876512527e-01
8.2516890805881398796017833774385508149862e-02
6.6180704412621726984156111939228139817715e-01
6.2452425409829337432654483563965186476707e-01
6.9572962831777995784676704715820960700512e-01
7.2312686995801489509005932632135227322578e-01
3.2220663481876760103617129971098620444536e-01
7.8307549622294148061740770572214387357235e-01
6.3050864065724621099207070074044167995453e-01
5.5683697615634997202249678593943826854229e-01
5.6418731892635898272914118933840654790401e-01
3.4718255242781026481679873540997505187988e-01
3.2105644220991114146102063386933878064156e-01
5.0638614552627558840214305746485479176044e-01
6.3880778041573027525856787178781814873219e-01
4.1057628386025274425108477771573234349489e-01
7.5251732236581203583369870102615095674992e-01
5.9332618232945000258382606261875480413437e-01
4.5498714675143875352247846421960275620222e-01
6.2812143389308816576743765835999511182308e-01
4.9877062542162364788822515038191340863705e-01
3.2105644220991114146102063386933878064156e-01
3.2036568560139883077297895397350657731295e-01
2.1457487851866845207648992754911887459457e-02
3.2170896948975957752026033631409518420696e-01
6.1131486772947662977628624503267928957939e-01
0.0000000000000000000000000000000000000000e+00
2.4353143587984105167265624913852661848068e-01
3.0492657483643098581538311009353492408991e-01
4.8156296710288870599470101296901702880859e-02
0.0000000000000000000000000000000000000000e+00
9.6681659789375512525921863016264978796244e-02
0.0000000000000000000000000000000000000000e+00
4.3470323177727265839820347537170164287090e-01
5.7961189419397873834327583608683198690414e-02
0.0000000000000000000000000000000000000000e+00
6.8167175454928771727303171701350947842002e-02
2.9387331922670101302941247922717593610287e-01
2.8888426729278132709666238042700570076704e-01
0.0000000000000000000000000000000000000000e+00
8.2516890805881398796017833774385508149862e-02
3.2105644220991114146102063386933878064156e-01
0.0000000000000000000000000000000000000000e+00
3.2036568560139883077297895397350657731295e-01
2.1457487851866845207648992754911887459457e-02
3.2170896948975957752026033631409518420696e-01
6.1131486772947662977628624503267928957939e-01
0.0000000000000000000000000000000000000000e+00
2.4353143587984105167265624913852661848068e-01
3.0492657483643098581538311009353492408991e-01
4.8156296710288870599470101296901702880859e-02
0.0000000000000000000000000000000000000000e+00
9.6681659789375512525921863016264978796244e-02
0.0000000000000000000000000000000000000000e+00
4.3470323177727265839820347537170164287090e-01
5.7961189419397873834327583608683198690414e-02
0.0000000000000000000000000000000000000000e+00
6.8167175454928771727303171701350947842002e-02
2.9387331922670101302941247922717593610287e-01
2.8888426729278132709666238042700570076704e-01
0.0000000000000000000000000000000000000000e+00
8.2516890805881398796017833774385508149862e-02
3.2105644220991114146102063386933878064156e-01
0.0000000000000000000000000000000000000000e+00
0.0000000000000000000000000000000000000000e+00
3.2036568560139883077297895397350657731295e-01
2.1457487851866845207648992754911887459457e-02
3.2170896948975957752026033631409518420696e-01
6.1131486772947662977628624503267928957939e-01
0.0000000000000000000000000000000000000000e+00
2.4353143587984105167265624913852661848068e-01
3.0492657483643098581538311009353492408991e-01
4.8156296710288870599470101296901702880859e-02
0.0000000000000000000000000000000000000000e+00
9.6681659789375512525921863016264978796244e-02
0.0000000000000000000000000000000000000000e+00
4.3470323177727265839820347537170164287090e-01
5.7961189419397873834327583608683198690414e-02
0.0000000000000000000000000000000000000000e+00
6.8167175454928771727303171701350947842002e-02
2.9387331922670101302941247922717593610287e-01
2.8888426729278132709666238042700570076704e-01
0.0000000000000000000000000000000000000000e+00
8.2516890805881398796017833774385508149862e-02
3.2105644220991114146102063386933878064156e-01
0.0000000000000000000000000000000000000000e+00
0.0000000000000000000000000000000000000000e+00
0.0000000000000000000000000000000000000000e+00
7.8249881790114855562023876700550317764282e+01
5.3014931092720241068150244245771318674088e-01
