1
0
23
6.7001554498474946708341803969233296811581e-01
3.6066362510542576691463523275160696357489e-01
2.9748680827909312895940274756867438554764e-01
6.8768032240539900268316841902560554444790e-01
2.6093260606877170110218244758470973465592e-02
6.5066462263904756291310604865429922938347e-01
7.9035267464822489547060513359610922634602e-01
2.6071745021697878552657812178949825465679e-01
7.7810127598149703143093347534886561334133e-01
7.4223476900065565864395011885790154337883e-01
6.7257868764311279363710127654485404491425e-01
4.0272862792789099195545077236602082848549e-01
6.0555077643685006894003208799404092133045e-01
4.5014006936041550677174427619320340454578e-01
1.0000000000000000000000000000000000000000e+00
6.5212503871955318501818510412704199552536e-01
0.0000000000000000000000000000000000000000e+00
1.0000000000000000000000000000000000000000e+00
6.7103135392934876168880009572603739798069e-01
6.1786429558340771883706565859029069542885e-01
7.4343979374428648121408969018375501036644e-01
6.0754569635553246076398181685362942516804e-01
1.5595667386134393073149340125382877886295e-01
6.5432358402080481596385652665048837661743e-01
5.8351187745572419274253661569673568010330e-01
5.2095904131373804712978881070739589631557e-01
5.7791320990860250983445212114020250737667e-01
8.4086694309333531727190802484983578324318e-01
6.5114829672247021008502088079694658517838e-01
3.4340712544417656415518536050512921065092e-01
6.2547293767699496669365544221363961696625e-01
8.0944914037800785866494379661162383854389e-01
7.4223476900064999650652453055954538285732e-01
6.5212503871955318501818510412704199552536e-01
3.0382423791004586899333617111551575362682e-01
8.5380398432420157028843732405221089720726e-01
6.4485496005216813575344758646679110825062e-01
1.3885373802329561976343086371343815699220e-01
5.4602509320156034089421837052213959395885e-01
5.8944242761859200196994379439274780452251e-01
6.1786429558340771883706565859029069542885e-01
6.6351203186315854676280423518619500100613e-01
2.8102476101215778658826138780568726360798e-01
8.5750873336437305471946501711499877274036e-01
5.2095904131373804712978881070739589631557e-01
6.4797023606237602599833280692109838128090e-01
0.0000000000000000000000000000000000000000e+00
6.0714833550788993576929897244554013013840e-01
5.7244492675514713209139472382958047091961e-01
6.6233356359364681242851702336338348686695e-01
8.8654766839610732453991204238263890147209e-01
2.4671488678040504050059666951710823923349e-01
5.9745742797830880821408072733902372419834e-01
6.6233356359364914389686873619211837649345e-01
5.6612939325030464665644558408530429005623e-01
7.6026543843566984914872364242910407483578e-01
2.4671488678040504050059666951710823923349e-01
5.6770777762380597586400199361378327012062e-01
6.1161194296652243718170893771457485854626e-01
6.2102717732129952832309527366305701434612e-01
8.2288191985410463757943944074213504791260e-01
3.4634789616756367358618717844365164637566e-01
8.2209761352171506487707119958940893411636e-01
6.2471293052228848985407694271998479962349e-01
7.3955699463069968224715466931229457259178e-01
5.5864112184385161796740248973947018384933e-01
3.3321547293356751362480849820713046938181e-01
1.5616450151896646425520032153144711628556e-01
6.8384436260961234399502473024767823517323e-01
4.2239865904776208171966800364316441118717e-01
5.5610642590671877094621322612510994076729e-01
6.6692171649204956551670875342097133398056e-01
8.1427625762111288665323627355974167585373e-01
6.3831794450696732745598183100810274481773e-01
5.7793458127250940670194268022896721959114e-01
6.2386577502918949544863380651804618537426e-01
7.7683070166388612509678068818175233900547e-01
6.7713340331322380283296524794423021376133e-01
8.8591756438743174406624802941223606467247e-01
4.2239865904776208171966800364316441118717e-01
6.1149115282101562662830929184565320611000e-01
1.0000000000000000000000000000000000000000e+00
9.3290662403139734681900563373346813023090e-01
1.0000000000000000000000000000000000000000e+00
4.6777246949755235672085973419598303735256e-01
8.4283525592121977254578268912155181169510e-01
9.7162527856068459097826917059137485921383e-01
5.0295213877175226624416382037452422082424e-01
8.5750873336437305471946501711499877274036e-01
6.3447569746372944887724543150397948920727e-01
5.4421476137175228693365625076694414019585e-01
6.9795048999659048405419525806792080402374e-01
0.0000000000000000000000000000000000000000e+00
9.2158374605131665457946610331418924033642e-01
5.4387930597488687300966603288543410599232e-01
1.0000000000000000000000000000000000000000e+00
6.4075124688850149112795406836085021495819e-01
3.9080291899918628839571965727373026311398e-01
6.3831794450696655029986459339852444827557e-01
8.2565996637036564997913501429138705134392e-01
5.2573982166428478990383155178278684616089e-01
5.1965916567506187373481907343375496566296e-01
3.1455736333772255086671520984964445233345e-01
3.9186055387134288707784435246139764785767e-01
6.8922634753410461083689142469665966928005e-01
2.6938930634884106218862598325358703732491e-01
0.0000000000000000000000000000000000000000e+00
6.4147604292686821736424462869763374328613e-01
6.3235689549620399674267900991253554821014e-01
7.7619341109380801668748972588218748569489e-01
6.7248156282354176749294083492713980376720e-01
1.0000000000000000000000000000000000000000e+00
6.2935693099275091810795856872573494911194e-01
6.4485496005216813575344758646679110825062e-01
7.4933104085931145910137729515554383397102e-01
6.2105764869390200910714838755666278302670e-01
5.9038473733931240428063347280840389430523e-01
5.7486007378347114826766528494772501289845e-01
5.6487984682945069359050194179872050881386e-01
6.9795048999659048405419525806792080402374e-01
7.3634714541837242851585187963792122900486e-01
1.0305388528758765986914625045756110921502e-01
5.1976497489714312827402409311616793274879e-01
6.7047001451646448533239208700251765549183e-01
6.5783149690334552506243426250875927507877e-01
5.4672518102304690224002570175798609852791e-01
6.4069863163848628229146697776741348206997e-01
6.6660784115480942180198553614900447428226e-01
5.3672116499181610205226888865581713616848e-01
6.6079206061875972455510463987593539059162e-01
3.2785548620403581754345623266999609768391e-01
6.4457422593954094569568269434967078268528e-01
5.4672518102304690224002570175798609852791e-01
6.4457422593954072365107776931836269795895e-01
5.0499416611697744983189295453485101461411e-01
6.7358910629009782766729586001019924879074e-01
6.3191433696252219398559191176900640130043e-01
3.1149015134610158472838747911737300455570e-01
5.4182546319194402340002625351189635694027e-01
5.8504478323405506579035773029318079352379e-01
8.0795594784159496803965794242685660719872e-01
7.4142590894696536185648483296972699463367e-01
5.6258825959681957318281320112873800098896e-01
6.6265647348370282365692673920420929789543e-01
6.1086959710075527940631445744656957685947e-01
7.2942655977597969929604460048722103238106e-01
4.0354821929807971336856553534744307398796e-01
3.8423717090035003351999876031186431646347e-01
4.1386696490742475029733782321272883564234e-01
6.9896221286527560057066921217483468353748e-01
4.7116358195710017486845799794537015259266e-01
7.3096831424361408124923400464467704296112e-01
5.8504478323405506579035773029318079352379e-01
5.3672116499181543591845411356189288198948e-01
3.3462838224789459573571548389736562967300e-01
7.1616243783919530940806907892692834138870e-01
5.5744587849330551332371896933182142674923e-01
1.0000000000000000000000000000000000000000e+00
1.0000000000000000000000000000000000000000e+00
1.7838072578268659995615053048823028802872e-01
1.0000000000000000000000000000000000000000e+00
4.9834546591204409438091715855989605188370e-01
7.6263480104640235524016134149860590696335e-01
4.9834546591204409438091715855989605188370e-01
6.0284376803846784209639508844702504575253e-01
5.5633745974842485626510324436821974813938e-01
5.6993784799119062700611948457662947475910e-01
5.6253315512237767048731029717600904405117e-01
2.6412484983142486827389916470565367490053e-01
2.4058523196958736534156741981860250234604e-01
5.9671601516337713366766593026113696396351e-01
3.5112905700675722808767886817804537713528e-01
0.0000000000000000000000000000000000000000e+00
8.4048795970963940948905701588955707848072e-01
4.1539062088493328150917704988387413322926e-01
5.7991597446472076260448602624819613993168e-01
6.6692171649204956551670875342097133398056e-01
3.0008558279422270498315583608928136527538e-01
8.6487693292364498098834246775368228554726e-01
5.1128432305325510753846174338832497596741e-01
6.1002244160765628500087132124463096261024e-01
4.9439607180287004073448997587547637522221e-01
4.2375080275906235049987458296527620404959e-01
6.0446832339086065122302215968375094234943e-01
7.7303130841552214480572047250461764633656e-01
5.4413842764096531645634513552067801356316e-01
4.2146654117996734667528357931587379425764e-01
9.8688050746198696661082294667721726000309e-01
6.7108847220361400598420686947065405547619e-01
7.1916292895840250309902330627664923667908e-01
2.4592901746782946936775715585099533200264e-01
1.4520782158918524307189557021047221496701e-01
7.1616243783919208976129766597296111285686e-01
6.7047001451646448533239208700251765549183e-01
6.8873109840665169834039716079132631421089e-01
7.4223476900065066264033930565346963703632e-01
3.8050054055398663255260771620669402182102e-01
7.8204645180588305830582385169691406190395e-01
7.3141277630238898943559888721210882067680e-01
7.4223476900065066264033930565346963703632e-01
6.6611588707462454639340876383357681334019e-01
4.8419102855946960506372533927788026630878e-01
4.6097887250651714552418525272514671087265e-01
5.9106567906632945241796051050187088549137e-01
6.9795048999659048405419525806792080402374e-01
5.1256036196710719199387540356838144361973e-01
7.3623158149961076546219373994972556829453e-01
6.6611588707462454639340876383357681334019e-01
5.3672116499181543591845411356189288198948e-01
7.6263480104640235524016134149860590696335e-01
5.9578027509062958522179087594849988818169e-01
3.8050054055398663255260771620669402182102e-01
2.9748680827909312895940274756867438554764e-01
2.6093260606877170110218244758470973465592e-02
2.6071745021697878552657812178949825465679e-01
4.0272862792789099195545077236602082848549e-01
0.0000000000000000000000000000000000000000e+00
1.5595667386134393073149340125382877886295e-01
3.4340712544417656415518536050512921065092e-01
1.3885373802329561976343086371343815699220e-01
0.0000000000000000000000000000000000000000e+00
2.4671488678040504050059666951710823923349e-01
1.5616450151896646425520032153144711628556e-01
4.2239865904776208171966800364316441118717e-01
0.0000000000000000000000000000000000000000e+00
0.0000000000000000000000000000000000000000e+00
1.0305388528758765986914625045756110921502e-01
3.1149015134610158472838747911737300455570e-01
3.3462838224789459573571548389736562967300e-01
0.0000000000000000000000000000000000000000e+00
1.4520782158918524307189557021047221496701e-01
3.8050054055398663255260771620669402182102e-01
0.0000000000000000000000000000000000000000e+00
2.9748680827909312895940274756867438554764e-01
2.6093260606877170110218244758470973465592e-02
2.6071745021697878552657812178949825465679e-01
4.0272862792789099195545077236602082848549e-01
0.0000000000000000000000000000000000000000e+00
1.5595667386134393073149340125382877886295e-01
3.4340712544417656415518536050512921065092e-01
1.3885373802329561976343086371343815699220e-01
0.0000000000000000000000000000000000000000e+00
2.4671488678040504050059666951710823923349e-01
1.5616450151896646425520032153144711628556e-01
4.2239865904776208171966800364316441118717e-01
0.0000000000000000000000000000000000000000e+00
0.0000000000000000000000000000000000000000e+00
1.0305388528758765986914625045756110921502e-01
3.1149015134610158472838747911737300455570e-01
3.3462838224789459573571548389736562967300e-01
0.0000000000000000000000000000000000000000e+00
1.4520782158918524307189557021047221496701e-01
3.8050054055398663255260771620669402182102e-01
0.0000000000000000000000000000000000000000e+00
0.0000000000000000000000000000000000000000e+00
2.9748680827909312895940274756867438554764e-01
2.6093260606877170110218244758470973465592e-02
2.6071745021697878552657812178949825465679e-01
4.0272862792789099195545077236602082848549e-01
0.0000000000000000000000000000000000000000e+00
1.5595667386134393073149340125382877886295e-01
3.4340712544417656415518536050512921065092e-01
1.3885373802329561976343086371343815699220e-01
0.0000000000000000000000000000000000000000e+00
2.4671488678040504050059666951710823923349e-01
1.5616450151896646425520032153144711628556e-01
4.2239865904776208171966800364316441118717e-01
0.0000000000000000000000000000000000000000e+00
0.0000000000000000000000000000000000000000e+00
1.0305388528758765986914625045756110921502e-01
3.1149015134610158472838747911737300455570e-01
3.3462838224789459573571548389736562967300e-01
0.0000000000000000000000000000000000000000e+00
1.4520782158918524307189557021047221496701e-01
3.8050054055398663255260771620669402182102e-01
0.0000000000000000000000000000000000000000e+00
0.0000000000000000000000000000000000000000e+00
0.0000000000000000000000000000000000000000e+00
7.7125803131866604189781355671584606170654e+01
6.7507471230765248026983726958860643208027e-01
