1
0
23
7.1338651601143110436709093846729956567287e-01
3.5781595631754464781337787826487328857183e-01
3.4042298900477213630111350539664272218943e-01
6.4796668875611629356825460490654222667217e-01
5.5566494137124760460677563855824701022357e-03
5.9443341239679159393460849969414994120598e-01
7.3063637173990081397079165981267578899860e-01
3.3923529517907075048199772027146536856890e-01
8.5254106019540720762250884945387952029705e-01
8.6977055886373155768609422011650167405605e-01
7.9202190793104254584733325827983208000660e-01
6.0180115508048981354249917785637080669403e-01
5.4889086157323307979538640211103484034538e-01
4.3481573165245501755293844325933605432510e-01
1.0000000000000000000000000000000000000000e+00
1.0000000000000000000000000000000000000000e+00
0.0000000000000000000000000000000000000000e+00
1.0000000000000000000000000000000000000000e+00
8.1399394679475500780085894803050905466080e-01
6.6975381230727148995640618522884324193001e-01
1.0000000000000000000000000000000000000000e+00
1.0000000000000000000000000000000000000000e+00
2.8299444696206460525544912343320902436972e-01
7.1935061963711499632978529916726984083652e-01
5.0173407054691687712022485357010737061501e-01
4.8926412196537844012667051174503285437822e-01
6.1239729946942211835647640327806584537029e-01
7.7378481195075543563888231801684014499187e-01
8.0512794469749782155787443116423673927784e-01
3.1880310906632436385166329273488372564316e-01
6.1687855676557612483179582341108471155167e-01
7.3984774186576840460105586316785775125027e-01
7.6889409075609504995441056962590664625168e-01
6.8003802548655023496593230447615496814251e-01
2.5871182493459998763540852451114915311337e-01
8.9223558043175577036976164890802465379238e-01
5.4780384925808600637964218549313955008984e-01
1.0309767695911332963110140781282098032534e-01
5.1682591726388238395628604848752729594707e-01
4.9572331375597794567156029188481625169516e-01
8.5846540862872511290504462522221729159355e-01
6.0180115508048981354249917785637080669403e-01
2.3526605402598832483818114269524812698364e-01
1.0000000000000000000000000000000000000000e+00
5.6912669184078157336159620172111317515373e-01
6.0180115508048981354249917785637080669403e-01
0.0000000000000000000000000000000000000000e+00
5.1682591726387594466274322257959283888340e-01
5.2955457002645567321508224267745390534401e-01
4.4739445121271115279881769311032257974148e-01
8.0565692881724071394700104065123014152050e-01
1.5099571901922964611841848636686336249113e-01
6.4125148558424216460593925148714333772659e-01
5.3557915037870773566908155771670863032341e-01
3.9453999078445733950104568066308274865150e-01
6.9758520896439180081216591133852489292622e-01
1.5099571901922964611841848636686336249113e-01
5.2055219562991617010538902832195162773132e-01
5.2967150763275039349053940895828418433666e-01
6.1252945153907234487888899820973165333271e-01
7.4910870822912289934691898452001623809338e-01
2.6556310675420502498411678971024230122566e-01
9.9779379974016646492884774488629773259163e-01
5.2684609342036536894227083394071087241173e-01
6.4337005126718527225904153965529985725880e-01
4.1256876137883891075830433692317456007004e-01
2.4453339202377166738955338587402366101742e-01
1.6996653774772465389508724342704226728529e-02
7.4830606652978248760632595804054290056229e-01
4.2677920727337309569904277850582730025053e-01
5.6111104072979589574288183939643204212189e-01
7.3125520706090019196210505469935014843941e-01
1.0000000000000000000000000000000000000000e+00
7.8022740847883387260708332178182899951935e-01
5.4361960296508626822031828851322643458843e-01
5.8290118390195688746757696208078414201736e-01
8.2197201242046391556073103856761008501053e-01
6.2985883512452367494205418552155606448650e-01
8.4126487517282599881696114607620984315872e-01
4.2677920727337309569904277850582730025053e-01
6.0796903030289306535394189268117770552635e-01
1.0000000000000000000000000000000000000000e+00
1.0000000000000000000000000000000000000000e+00
1.0000000000000000000000000000000000000000e+00
5.6777969337471989597077026701299473643303e-01
9.4683408877939878589558020394179038703442e-01
9.3965310681388702906957632876583375036716e-01
6.1965076802250362852930720691801980137825e-01
9.5368096354195441843870639786473475396633e-01
5.7383477395119897312980583592434413731098e-01
5.1815715789819771774915579953812994062901e-01
7.1081146076150247825609085339237935841084e-01
0.0000000000000000000000000000000000000000e+00
9.3772376589256811740824559819884598255157e-01
4.5772615139713401788412738824263215065002e-01
1.0000000000000000000000000000000000000000e+00
6.4436287742855280491482972138328477740288e-01
3.3674980939887355635420362887089140713215e-01
6.3335273348797604953119844140019267797470e-01
9.2646300496121170020558110991260036826134e-01
5.3011612420675457979513112150016240775585e-01
5.6826961719666657657512587320525199174881e-01
2.8654755002287546350459024324663914740086e-01
3.0325776137397458809275008206896018236876e-01
6.2301811225813663597250524617265909910202e-01
3.0325776137397458809275008206896018236876e-01
0.0000000000000000000000000000000000000000e+00
7.8064320823312771668867071639397181570530e-01
5.7694406525950892028475891493144445121288e-01
8.0088125637861096173253372398903593420982e-01
7.0177009764720010842609099199762567877769e-01
1.0000000000000000000000000000000000000000e+00
6.1187749768223820279189339998993091285229e-01
5.5651329549312966715746142654097639024258e-01
6.5094763613978678939986366458470001816750e-01
5.9636814713197305870551190309925004839897e-01
6.1203074640831434116705622727749869227409e-01
4.9952905496368976701049291477829683572054e-01
4.8048662324073271312485644557455088943243e-01
7.6037126144434252772441595880081877112389e-01
6.4493031650233079155043469654629006981850e-01
5.3248830125024231019192910707715782336891e-02
5.5596693412829367719751871845801360905170e-01
6.8863701859837400665043105618678964674473e-01
6.2207946179568684996752381266560405492783e-01
6.0349942833377667739114258438348770141602e-01
5.2073936467651149584412451076786965131760e-01
9.3092453643405659313714295421959832310677e-01
5.4437899234383491098299145960481837391853e-01
7.0263651217711897700723966408986598253250e-01
2.9524937385232086217712321740691550076008e-01
6.8940778667659730061245682009030133485794e-01
4.6075442776183284099289494406548328697681e-01
6.3810617059432228614923587883822619915009e-01
5.2357565071440048676265632821014150977135e-01
7.4814949829711197004655787168303504586220e-01
6.7281598537559506034710921085206791758537e-01
2.9524937385232086217712321740691550076008e-01
6.2877237193233059819874597451416775584221e-01
5.7641259749428375158686321810819208621979e-01
8.1147740076754326654651094941073097288609e-01
8.3198696464740973244289534704876132309437e-01
4.8886277715139669908239739015698432922363e-01
7.5817876587566723767253051846637390553951e-01
6.7322685753931554852869112437474541366100e-01
7.9297939243014448074120537057751789689064e-01
3.7861439070697699982304129662225022912025e-01
3.8550714814220848891679338521498721092939e-01
3.6943037359171726485840281384298577904701e-01
7.6425887062986530562369580366066657006741e-01
5.7024215457089333369822270469740033149719e-01
7.6721844582827825043125358206452801823616e-01
6.1187749768223820279189339998993091285229e-01
5.4437899234383801960746041004313156008720e-01
3.4140386639206593555329050104774069041014e-01
7.4830606652978248760632595804054290056229e-01
4.7912962371540479544762547448044642806053e-01
1.0000000000000000000000000000000000000000e+00
1.0000000000000000000000000000000000000000e+00
1.4968577792000936632632601686054840683937e-01
6.3980491201112821286756116023752838373184e-01
5.2248753194189134774205740541219711303711e-01
8.0006681589027439649441930669127032160759e-01
5.2248753194189134774205740541219711303711e-01
4.8019118022137585732878051203442737460136e-01
4.2670899183909638541223330321372486650944e-01
4.6707116367154477565293291263515129685402e-01
4.0739322486221662966698886521044187247753e-01
2.3989280618408359568860532817780040204525e-01
1.5720010311004806169421499362215399742126e-01
4.9821992748972909748061965728993527591228e-01
3.4140386639206593555329050104774069041014e-01
0.0000000000000000000000000000000000000000e+00
8.4551627083509428572938304569106549024582e-01
3.9411700032865515375135601061629131436348e-01
5.5442916831622446327543229926959611475468e-01
7.0310431898093861402543325311853550374508e-01
4.0552661290287317363834063144167885184288e-01
8.5692574185152070587179196081706322729588e-01
4.6202777254855609267991667366004548966885e-01
5.9696721035876709748890789342112839221954e-01
4.8832431620384564308068320315214805305004e-01
4.2462018589434719073594237670477014034986e-01
4.7046527299085605378081709204707294702530e-01
9.2569345319886398026909546388196758925915e-01
5.0902676926502987697631397168152034282684e-01
4.3496658943412558340213536212104372680187e-01
9.8603165458118557928912650822894647717476e-01
7.4559432844748541047152912142337299883366e-01
6.4464434699980266429975017672404646873474e-01
2.1349509159952420600525613281206460669637e-01
2.1349509159952420600525613281206460669637e-01
7.1192968637670328568844979599816724658012e-01
6.0198394992900927658041609902284108102322e-01
6.4915757642726523712894959317054599523544e-01
7.4583007163580394838220399833517149090767e-01
3.6926801709549766927764835600100923329592e-01
8.5692574185152070587179196081706322729588e-01
6.4917762620716812360655012525967322289944e-01
6.6236740043837238900437114352826029062271e-01
5.4432135049076135757673000625800341367722e-01
3.7828323551493836518488933506887406110764e-01
3.7344715580321297121457746470696292817593e-01
5.3900220288292177706068741827039048075676e-01
6.4886621913876940670462545313057489693165e-01
4.4944665350304452422491863217146601527929e-01
7.4330239923728047557460740790702402591705e-01
6.1750993471431603332177928677992895245552e-01
5.0154856508862555308780883933650329709053e-01
6.3663597487270862096409018704434856772423e-01
5.9511331939262157586512103080167435109615e-01
3.6926801709549766927764835600100923329592e-01
3.4042298900477213630111350539664272218943e-01
5.5566494137124760460677563855824701022357e-03
3.3923529517907075048199772027146536856890e-01
6.0180115508048981354249917785637080669403e-01
0.0000000000000000000000000000000000000000e+00
2.8299444696206460525544912343320902436972e-01
3.1880310906632436385166329273488372564316e-01
1.0309767695911332963110140781282098032534e-01
0.0000000000000000000000000000000000000000e+00
1.5099571901922964611841848636686336249113e-01
1.6996653774772465389508724342704226728529e-02
4.2677920727337309569904277850582730025053e-01
0.0000000000000000000000000000000000000000e+00
0.0000000000000000000000000000000000000000e+00
5.3248830125024231019192910707715782336891e-02
2.9524937385232086217712321740691550076008e-01
3.4140386639206593555329050104774069041014e-01
0.0000000000000000000000000000000000000000e+00
2.1349509159952420600525613281206460669637e-01
3.6926801709549766927764835600100923329592e-01
0.0000000000000000000000000000000000000000e+00
3.4042298900477213630111350539664272218943e-01
5.5566494137124760460677563855824701022357e-03
3.3923529517907075048199772027146536856890e-01
6.0180115508048981354249917785637080669403e-01
0.0000000000000000000000000000000000000000e+00
2.8299444696206460525544912343320902436972e-01
3.1880310906632436385166329273488372564316e-01
1.0309767695911332963110140781282098032534e-01
0.0000000000000000000000000000000000000000e+00
1.5099571901922964611841848636686336249113e-01
1.6996653774772465389508724342704226728529e-02
4.2677920727337309569904277850582730025053e-01
0.0000000000000000000000000000000000000000e+00
0.0000000000000000000000000000000000000000e+00
5.3248830125024231019192910707715782336891e-02
2.9524937385232086217712321740691550076008e-01
3.4140386639206593555329050104774069041014e-01
0.0000000000000000000000000000000000000000e+00
2.1349509159952420600525613281206460669637e-01
3.6926801709549766927764835600100923329592e-01
0.0000000000000000000000000000000000000000e+00
0.0000000000000000000000000000000000000000e+00
3.4042298900477213630111350539664272218943e-01
5.5566494137124760460677563855824701022357e-03
3.3923529517907075048199772027146536856890e-01
6.0180115508048981354249917785637080669403e-01
0.0000000000000000000000000000000000000000e+00
2.8299444696206460525544912343320902436972e-01
3.1880310906632436385166329273488372564316e-01
1.0309767695911332963110140781282098032534e-01
0.0000000000000000000000000000000000000000e+00
1.5099571901922964611841848636686336249113e-01
1.6996653774772465389508724342704226728529e-02
4.2677920727337309569904277850582730025053e-01
0.0000000000000000000000000000000000000000e+00
0.0000000000000000000000000000000000000000e+00
5.3248830125024231019192910707715782336891e-02
2.9524937385232086217712321740691550076008e-01
3.4140386639206593555329050104774069041014e-01
0.0000000000000000000000000000000000000000e+00
2.1349509159952420600525613281206460669637e-01
3.6926801709549766927764835600100923329592e-01
0.0000000000000000000000000000000000000000e+00
0.0000000000000000000000000000000000000000e+00
0.0000000000000000000000000000000000000000e+00
7.9382805329179760178703872952610254287720e+01
5.5033278199449031653500696847913786768913e-01
