1
0
23
1.0000000000000000000000000000000000000000e+00
3.5360080752253963964903960004448890686035e-01
3.7058156825070925899368035061343107372522e-01
7.8111934917197289873769250334589742124081e-01
0.0000000000000000000000000000000000000000e+00
6.7572960325701580952539870850159786641598e-01
5.1440275021517578579732798971235752105713e-01
5.1440275021517578579732798971235752105713e-01
9.5768358426175426156845560399233363568783e-01
7.4434002353783190741864927986171096563339e-01
6.3588002125813003484466889858595095574856e-01
6.0198248064573511850738896100665442645550e-01
5.8949465535018930051336383257876150310040e-01
6.9003652853242591902471758658066391944885e-01
7.3007865726733045530494337072013877332211e-01
1.0000000000000000000000000000000000000000e+00
0.0000000000000000000000000000000000000000e+00
6.1597218012007681764430344628635793924332e-01
5.7612259812119104296357363637071102857590e-01
5.1440275021517578579732798971235752105713e-01
7.5207394136115224281269320272258482873440e-01
1.0000000000000000000000000000000000000000e+00
2.8792043514409898508077390033577103167772e-01
4.1513564726104185131916324280609842389822e-01
4.9347645997876266044102067098719999194145e-01
5.1440275021517578579732798971235752105713e-01
6.7537285793512102927138585073407739400864e-01
1.0000000000000000000000000000000000000000e+00
4.7514739290660990000958463497227057814598e-01
2.4152349923367566475462808739393949508667e-04
5.7613561656220346751666738782660104334354e-01
6.7541805435131607726617630760301835834980e-01
6.3588002125813003484466889858595095574856e-01
8.9170929689230593595539176021702587604523e-01
7.2398115597180578983937948578386567533016e-01
6.7087929367403742464404103884589858353138e-01
6.6592982907085962462900852187885902822018e-01
2.0368217801346527595640623076178599148989e-01
9.9809376232280411223030114342691376805305e-01
4.0191393535072095222204779929597862064838e-01
5.1440275021517578579732798971235752105713e-01
7.6455071212558256554814306582557037472725e-01
1.0000000000000000000000000000000000000000e+00
2.8792043514409898508077390033577103167772e-01
6.2359477748082980941290998089243657886982e-01
8.6412899861746950147534107600222341716290e-01
0.0000000000000000000000000000000000000000e+00
7.0964359857162195854840547326602973043919e-01
8.1346840719609714298599101311992853879929e-01
7.0964359857162195854840547326602973043919e-01
7.9932724515155895161910848401021212339401e-01
9.6632993001466704896529336110688745975494e-01
7.5952445683837521706038842239649966359138e-01
6.6592982907085962462900852187885902822018e-01
7.4245652077835511128967027616454288363457e-01
8.1553511992775107319886274126474745571613e-01
3.9235911326551409228358124892110936343670e-01
6.6978765328907585718809514219174161553383e-01
8.0556352235111772230879978451412171125412e-01
5.1440275021517578579732798971235752105713e-01
9.2783011232414025482029273916850797832012e-01
6.4315253411997519439324833001592196524143e-01
9.1828760062128578223195063401362858712673e-01
5.9115381126962185387441195416613481938839e-01
8.9170929689230593595539176021702587604523e-01
6.3068914732603298389790325018111616373062e-01
5.1702592510454392638052922848146408796310e-01
0.0000000000000000000000000000000000000000e+00
5.8595430186946717565632525293040089309216e-01
4.2125159827269809120764421095373108983040e-01
5.1440275021517578579732798971235752105713e-01
7.0964359857162195854840547326602973043919e-01
1.0000000000000000000000000000000000000000e+00
6.2568441265432561682047207796131260693073e-01
4.7308933717996615175849228762672282755375e-01
6.4266772026356799862867319461656734347343e-01
1.0000000000000000000000000000000000000000e+00
7.0964359857162195854840547326602973043919e-01
1.0000000000000000000000000000000000000000e+00
2.5369813057073065110103016195353120565414e-01
4.1592905757501208441340168064925819635391e-01
1.0000000000000000000000000000000000000000e+00
1.0000000000000000000000000000000000000000e+00
1.0000000000000000000000000000000000000000e+00
1.0000000000000000000000000000000000000000e+00
1.0000000000000000000000000000000000000000e+00
8.3244653229803255989338595099980011582375e-01
1.0000000000000000000000000000000000000000e+00
1.0000000000000000000000000000000000000000e+00
8.1642535977198316121672405643039382994175e-01
5.8127908470952194264214085706043988466263e-01
9.3002681836573641849241766976774670183659e-01
2.7718045533913959754812594837858341634274e-01
8.8008215623365637636510427910252474248409e-01
1.0000000000000000000000000000000000000000e+00
5.6319244129496004447332779818680137395859e-01
9.2660962271061420025830557278823107481003e-01
2.0089575159000738757697490655118599534035e-01
9.5929712341963480071171943563967943191528e-01
8.4368924069121464803799881337909027934074e-01
8.0249842065169652016720647225156426429749e-01
7.7801591915258438980629307479830458760262e-01
4.7731827211140037681147418879845645278692e-01
2.9808529077618051150722067177412100136280e-01
1.0000000000000000000000000000000000000000e+00
8.2993880488787497018421390748699195683002e-01
1.9052052749659389996317315763008082285523e-01
9.5768358426175426156845560399233363568783e-01
7.5843328965140544006828804413089528679848e-01
6.3588002125813003484466889858595095574856e-01
8.2035915865400377278149335324997082352638e-01
9.8988239069391670277298089786199852824211e-01
9.7823313224014307731835060621961019933224e-01
8.1047124439948481366968735528644174337387e-01
7.5843328965140544006828804413089528679848e-01
9.8237055558505292918169971017050556838512e-01
8.1553511992775107319886274126474745571613e-01
9.5717168315386569332758881500922143459320e-01
9.7823313224014307731835060621961019933224e-01
9.7811041439807000497097533298074267804623e-01
1.0000000000000000000000000000000000000000e+00
5.3053248583270884441986936508328653872013e-01
6.4744364622150096799657603696687147021294e-01
6.4744364622150096799657603696687147021294e-01
7.0964359857162195854840547326602973043919e-01
7.0964359857162195854840547326602973043919e-01
8.5604363756621992820328159723430871963501e-01
7.0964359857162195854840547326602973043919e-01
6.6947018255158174948604710152721963822842e-01
7.0964359857162195854840547326602973043919e-01
8.6412899861746950147534107600222341716290e-01
7.0964359857162195854840547326602973043919e-01
6.6794563346265767300735660683130845427513e-01
7.0964359857162195854840547326602973043919e-01
6.0270237350856847857727416339912451803684e-01
1.0000000000000000000000000000000000000000e+00
5.3053248583270884441986936508328653872013e-01
5.3053248583270884441986936508328653872013e-01
6.4744364622150096799657603696687147021294e-01
6.0321612511465372286068031826289370656013e-01
6.0270237350856847857727416339912451803684e-01
7.7443370284238199907633770635584369301796e-01
6.0270237350856847857727416339912451803684e-01
5.2703533263844248857310503808548673987389e-01
7.5207394136115224281269320272258482873440e-01
7.0717208209293902498870920680928975343704e-01
5.2703533263844248857310503808548673987389e-01
6.1231684963260468723689200487569905817509e-01
7.1286906765620594583765523566398769617081e-01
6.0270237350856847857727416339912451803684e-01
5.8127908470952194264214085706043988466263e-01
7.6317099584486425278839760721893981099129e-01
7.8476807182925156780584075022488832473755e-01
6.0270237350856847857727416339912451803684e-01
5.2703533263844248857310503808548673987389e-01
1.0000000000000000000000000000000000000000e+00
8.5302144580586158895130211021751165390015e-01
9.2660962271061420025830557278823107481003e-01
1.0000000000000000000000000000000000000000e+00
0.0000000000000000000000000000000000000000e+00
1.0000000000000000000000000000000000000000e+00
6.6947018255158174948604710152721963822842e-01
1.0000000000000000000000000000000000000000e+00
9.4540735444291246203363243694184347987175e-01
1.0000000000000000000000000000000000000000e+00
1.0000000000000000000000000000000000000000e+00
7.6943159270977123931345431628869846463203e-01
9.3113790772952431673559203773038461804390e-01
3.1998236202518420823182054846256505697966e-01
9.2660962271061420025830557278823107481003e-01
6.7360718105675299050005833123577758669853e-01
9.9752848352131717746260619605891406536102e-01
0.0000000000000000000000000000000000000000e+00
6.2065638410384404988207052156212739646435e-01
8.0329563529849434821983322763117030262947e-01
5.1440275021517578579732798971235752105713e-01
6.0198248064573511850738896100665442645550e-01
5.2895813133618174717298643372487276792526e-01
5.6842797020433566412833670256077311933041e-01
6.6947018255158174948604710152721963822842e-01
7.0964359857162195854840547326602973043919e-01
4.8156402619118376939866266184253618121147e-01
4.7731827211140037681147418879845645278692e-01
4.0574640870206735154823718403349630534649e-01
7.8299228388369701558957558518159203231335e-01
4.1125435868167747877066631190245971083641e-01
2.9808529077618051150722067177412100136280e-01
1.0000000000000000000000000000000000000000e+00
6.3397655770149585752193388543673790991306e-01
6.1126682272734067513653144487761892378330e-01
5.1440275021517578579732798971235752105713e-01
2.9808529077618051150722067177412100136280e-01
5.2441215774907434798990379931638017296791e-01
6.5845286377004352829089839360676705837250e-01
7.3007865726733001121573352065752260386944e-01
7.0964359857162195854840547326602973043919e-01
8.4739961321623735734931415208848193287849e-01
7.0714455320852276365428679127944633364677e-01
6.6947018255158174948604710152721963822842e-01
6.2541210848272377198497906647389754652977e-01
6.1605005727857964359372999751940369606018e-01
5.0470320190032003093705270657665096223354e-01
3.1603773796766071457753355389286298304796e-01
4.9188839391903033115838184130552690476179e-01
6.0738642749086391159352160684647969901562e-01
5.0766369653281051554927216784562915563583e-01
1.0000000000000000000000000000000000000000e+00
7.0964359857162195854840547326602973043919e-01
5.2703533263844248857310503808548673987389e-01
3.1373133568779276725280169557663612067699e-01
4.8871670400068234485502216557506471872330e-01
8.3395930217928571082097732869442552328110e-02
3.7058156825070925899368035061343107372522e-01
0.0000000000000000000000000000000000000000e+00
5.1440275021517578579732798971235752105713e-01
6.0198248064573511850738896100665442645550e-01
0.0000000000000000000000000000000000000000e+00
2.8792043514409898508077390033577103167772e-01
2.4152349923367566475462808739393949508667e-04
2.0368217801346527595640623076178599148989e-01
0.0000000000000000000000000000000000000000e+00
3.9235911326551409228358124892110936343670e-01
0.0000000000000000000000000000000000000000e+00
2.5369813057073065110103016195353120565414e-01
2.7718045533913959754812594837858341634274e-01
1.9052052749659389996317315763008082285523e-01
5.3053248583270884441986936508328653872013e-01
5.3053248583270884441986936508328653872013e-01
5.2703533263844248857310503808548673987389e-01
0.0000000000000000000000000000000000000000e+00
2.9808529077618051150722067177412100136280e-01
8.3395930217928571082097732869442552328110e-02
0.0000000000000000000000000000000000000000e+00
3.7058156825070925899368035061343107372522e-01
0.0000000000000000000000000000000000000000e+00
5.1440275021517578579732798971235752105713e-01
6.0198248064573511850738896100665442645550e-01
0.0000000000000000000000000000000000000000e+00
2.8792043514409898508077390033577103167772e-01
2.4152349923367566475462808739393949508667e-04
2.0368217801346527595640623076178599148989e-01
0.0000000000000000000000000000000000000000e+00
3.9235911326551409228358124892110936343670e-01
0.0000000000000000000000000000000000000000e+00
2.5369813057073065110103016195353120565414e-01
2.7718045533913959754812594837858341634274e-01
1.9052052749659389996317315763008082285523e-01
5.3053248583270884441986936508328653872013e-01
5.3053248583270884441986936508328653872013e-01
5.2703533263844248857310503808548673987389e-01
0.0000000000000000000000000000000000000000e+00
2.9808529077618051150722067177412100136280e-01
8.3395930217928571082097732869442552328110e-02
0.0000000000000000000000000000000000000000e+00
0.0000000000000000000000000000000000000000e+00
3.7058156825070925899368035061343107372522e-01
0.0000000000000000000000000000000000000000e+00
5.1440275021517578579732798971235752105713e-01
6.0198248064573511850738896100665442645550e-01
0.0000000000000000000000000000000000000000e+00
2.8792043514409898508077390033577103167772e-01
2.4152349923367566475462808739393949508667e-04
2.0368217801346527595640623076178599148989e-01
0.0000000000000000000000000000000000000000e+00
3.9235911326551409228358124892110936343670e-01
0.0000000000000000000000000000000000000000e+00
2.5369813057073065110103016195353120565414e-01
2.7718045533913959754812594837858341634274e-01
1.9052052749659389996317315763008082285523e-01
5.3053248583270884441986936508328653872013e-01
5.3053248583270884441986936508328653872013e-01
5.2703533263844248857310503808548673987389e-01
0.0000000000000000000000000000000000000000e+00
2.9808529077618051150722067177412100136280e-01
8.3395930217928571082097732869442552328110e-02
0.0000000000000000000000000000000000000000e+00
0.0000000000000000000000000000000000000000e+00
0.0000000000000000000000000000000000000000e+00
9.7627657207064061140044941566884517669678e+01
6.1700573558729911172182625023197033442557e-02
