1
0
23
9.6031416641144862200718534950283356010914e-01
3.5331034371468533761273533855273853987455e-01
3.3406858171107822741419113299343734979630e-01
7.9794813395976271763743170595262199640274e-01
0.0000000000000000000000000000000000000000e+00
7.8998519894112095851568255966412834823132e-01
5.3320872033825339464385706378379836678505e-01
5.3320872033825339464385706378379836678505e-01
9.0078415613343698620241184471524320542812e-01
7.4258144791778024629280707813450135290623e-01
6.0828966150246888133779066265560686588287e-01
5.5051300146639714494511963494005613029003e-01
6.2294957213889357028335780341876670718193e-01
6.4197640644962128408934631806914694607258e-01
7.9177653590566987595877890271367505192757e-01
1.0000000000000000000000000000000000000000e+00
0.0000000000000000000000000000000000000000e+00
6.5409976228847765966634142387192696332932e-01
5.7471844545423267369699260598281398415565e-01
5.3320872033825339464385706378379836678505e-01
7.0001442173059924556355326785705983638763e-01
1.0000000000000000000000000000000000000000e+00
2.6188514901103288057271356592536903917789e-01
4.2628550736885378880103303345094900578260e-01
4.6049413247585296860009407282632309943438e-01
5.3320872033825339464385706378379836678505e-01
5.8171499928944392365792737109586596488953e-01
1.0000000000000000000000000000000000000000e+00
4.5078471585171131508218422823119908571243e-01
0.0000000000000000000000000000000000000000e+00
5.6961120711712265318737991037778556346893e-01
6.7705709200953845261494734586449339985847e-01
6.7705709200953845261494734586449339985847e-01
8.2258331056808564607507605614955537021160e-01
8.1804296527180475617768706797505728900433e-01
6.7705709200953845261494734586449339985847e-01
6.5244570422256442654429520189296454191208e-01
2.1423304127610717784158111953729530796409e-01
1.0000000000000000000000000000000000000000e+00
3.3850081428718270526445621726452372968197e-01
5.3320872033825339464385706378379836678505e-01
7.1405156877679210047915603354340419173241e-01
1.0000000000000000000000000000000000000000e+00
2.7772195200309102158797713855165056884289e-01
5.5241353216558564120930441276868805289268e-01
8.2805978541650282487296408362453803420067e-01
0.0000000000000000000000000000000000000000e+00
6.8264242666770091894079541816608980298042e-01
6.8168450111536826874214511917671188712120e-01
6.7705709200953845261494734586449339985847e-01
7.4415536660509418176445706194499507546425e-01
1.0000000000000000000000000000000000000000e+00
6.8154121384065957656162026978563517332077e-01
6.5872043990652828782117467198986560106277e-01
7.5561402238419983490302911377511918544769e-01
7.5849003398791614571905483899172395467758e-01
4.1394412558412724267853377568826545029879e-01
6.7071125768930550670177126448834314942360e-01
6.8085150901989965888105871272273361682892e-01
6.4983797881587501699129916232777759432793e-01
9.3221415413865615917643481225240975618362e-01
6.7858036319360781618570399587042629718781e-01
8.2060832534850769448553364782128483057022e-01
6.5244570422256442654429520189296454191208e-01
1.0000000000000000000000000000000000000000e+00
6.1871838013889413065982125772279687225819e-01
5.1875133559985475706355373404221609234810e-01
6.4473386775980223370452470987856941064820e-03
6.2294957213889379232796272845007479190826e-01
4.6049413247585285757779161031066905707121e-01
5.3320872033825339464385706378379836678505e-01
7.3383106198424619126541301739052869379520e-01
1.0000000000000000000000000000000000000000e+00
5.7780690541297841100742971320869401097298e-01
4.7890048784879651888601870268757920712233e-01
6.7705709200953845261494734586449339985847e-01
9.1112901781963306913070255177444778382778e-01
6.8264242666770091894079541816608980298042e-01
1.0000000000000000000000000000000000000000e+00
1.7390542475020387414019751304294914007187e-01
4.3281772696761477980942345311632379889488e-01
1.0000000000000000000000000000000000000000e+00
6.8597107137235924234630601858953014016151e-01
1.0000000000000000000000000000000000000000e+00
1.0000000000000000000000000000000000000000e+00
8.7445713883252440545845729502616450190544e-01
9.6362628182263021514586398552637547254562e-01
1.0000000000000000000000000000000000000000e+00
1.0000000000000000000000000000000000000000e+00
7.6430469386489630068126643891446292400360e-01
5.8610458420082345298851578263565897941589e-01
8.2330617140163742107006328296847641468048e-01
3.2744234161517049574996462979470379650593e-01
8.6306832500725016998899263853672891855240e-01
1.0000000000000000000000000000000000000000e+00
6.1093368746712761740980113245313987135887e-01
9.0078415613343698620241184471524320542812e-01
2.0617737233076743885717974080762360244989e-01
7.9275184059106906797609326531528495252132e-01
7.9559785161091201022287577870883978903294e-01
8.1356330324552739163834758073789998888969e-01
7.4607430193702262144483938755001872777939e-01
4.5862278221733365768386647687293589115143e-01
3.7626832122946118897033329631085507571697e-01
9.5813405254266081900738072363310493528843e-01
7.7758937959221663405173785577062517404556e-01
2.0617737233076743885717974080762360244989e-01
9.0078415613343698620241184471524320542812e-01
7.5165818451575028280586820983444340527058e-01
7.3687765642561686707523449513246305286884e-01
8.1994688882874711133297296328237280249596e-01
8.8991827499286380032117449445649981498718e-01
8.4616501538499866441611629852559417486191e-01
8.2939964269800892093797983761760406196117e-01
7.5165818451575028280586820983444340527058e-01
8.8418527438588456757173617006628774106503e-01
7.5849003398791614571905483899172395467758e-01
1.0000000000000000000000000000000000000000e+00
9.0078415613343698620241184471524320542812e-01
9.7272229962159983962521891953656449913979e-01
1.0000000000000000000000000000000000000000e+00
5.4684483777579406815760876270360313355923e-01
6.7071125768930550670177126448834314942360e-01
6.3585069450150188963277742004720494151115e-01
6.7705709200953845261494734586449339985847e-01
6.7705709200953845261494734586449339985847e-01
9.3848010439929574477702090007369406521320e-01
6.8360062499910667632718741515418514609337e-01
6.5538186327459468927258967596571892499924e-01
6.7705709200953845261494734586449339985847e-01
8.4943467839702435639992472715675830841064e-01
6.7705709200953856363724980838014744222164e-01
6.7705709200953845261494734586449339985847e-01
6.7705709200953845261494734586449339985847e-01
5.7780690541297841100742971320869401097298e-01
9.8858243525087174941035073061357252299786e-01
5.4684483777579406815760876270360313355923e-01
4.8853587159264977302086663257796317338943e-01
6.3957333293396656515028553258161991834641e-01
5.7732705675497464348211451579118147492409e-01
5.7784127879425795093482065567513927817345e-01
7.0001442173059924556355326785705983638763e-01
5.7784127879425795093482065567513927817345e-01
4.9228675324216519815223591649555601179600e-01
7.2332623816924823678675693372497335076332e-01
7.2035449179560540056144191112252883613110e-01
5.2242160747600108194887980062048882246017e-01
5.9153693983872535078205601166700944304466e-01
7.3599920530423601494618424112559296190739e-01
5.7784127879425795093482065567513927817345e-01
5.2779561801767915785177365251001901924610e-01
7.0001442173059924556355326785705983638763e-01
7.5849003398791614571905483899172395467758e-01
5.7780690541297841100742971320869401097298e-01
4.9228675324216519815223591649555601179600e-01
1.0000000000000000000000000000000000000000e+00
1.0000000000000000000000000000000000000000e+00
9.6031416641144862200718534950283356010914e-01
1.0000000000000000000000000000000000000000e+00
0.0000000000000000000000000000000000000000e+00
1.0000000000000000000000000000000000000000e+00
5.7046223017214836570332181509002111852169e-01
8.2258331056808564607507605614955537021160e-01
7.1405156877679210047915603354340419173241e-01
8.5328335172401170716227625234751030802727e-01
1.0000000000000000000000000000000000000000e+00
7.8400341124800676517736519599566236138344e-01
6.9837838966096443815700922641553916037083e-01
3.7626832122946118897033329631085507571697e-01
9.6129230903769036231665268132928758859634e-01
5.9486365036909027992351184366270899772644e-01
9.3286420100660527587876913457876071333885e-01
0.0000000000000000000000000000000000000000e+00
6.6034990298436124778191924633574672043324e-01
6.3585069450150188963277742004720494151115e-01
5.4955094579204522009518996128463186323643e-01
6.9339931746333027806628024336532689630985e-01
6.6034990298436124778191924633574672043324e-01
4.9228675324216519815223591649555601179600e-01
6.5538186327459468927258967596571892499924e-01
7.5316346743862738755126429168740287423134e-01
5.1580650320873211445160677612875588238239e-01
4.5862278221733365768386647687293589115143e-01
5.2589501140227723485764954602927900850773e-01
6.6034990298436124778191924633574672043324e-01
3.8223740691525276425011270475806668400764e-01
3.7626832122946118897033329631085507571697e-01
9.9338489573273103250272697550826705992222e-01
6.1319436313195385679364335373975336551666e-01
5.7784127879425795093482065567513927817345e-01
5.0639373016828004292477771741687320172787e-01
2.7678323806714488775071458803722634911537e-01
5.1049908890642425873807042080443352460861e-01
6.5244570422256442654429520189296454191208e-01
7.9177653590566987595877890271367505192757e-01
7.1889487779508998155364452031790278851986e-01
8.8849652808648249546763508988078683614731e-01
7.7543431045187816152974846772849559783936e-01
7.0930657471999036811638461585971526801586e-01
6.9183762009967197936788352308212779462337e-01
4.8672392524288066173454581075930036604404e-01
4.5862278221733365768386647687293589115143e-01
3.4938148988346134915516927321732509881258e-01
4.9859893735064431119496930477907881140709e-01
5.4865838499472274758517187365214340388775e-01
5.1049908890642425873807042080443352460861e-01
9.6150346601234071286512516962829977273941e-01
6.9183762009967197936788352308212779462337e-01
5.1049908890642425873807042080443352460861e-01
3.7378961466151372494692850523279048502445e-01
4.5858719489572308258829025362501852214336e-01
9.4712589362056398556433123303577303886414e-02
3.3406858171107822741419113299343734979630e-01
0.0000000000000000000000000000000000000000e+00
5.3320872033825339464385706378379836678505e-01
5.5051300146639714494511963494005613029003e-01
0.0000000000000000000000000000000000000000e+00
2.6188514901103288057271356592536903917789e-01
0.0000000000000000000000000000000000000000e+00
2.1423304127610717784158111953729530796409e-01
0.0000000000000000000000000000000000000000e+00
4.1394412558412724267853377568826545029879e-01
6.4473386775980223370452470987856941064820e-03
1.7390542475020387414019751304294914007187e-01
3.2744234161517049574996462979470379650593e-01
2.0617737233076743885717974080762360244989e-01
5.4684483777579406815760876270360313355923e-01
4.8853587159264977302086663257796317338943e-01
4.9228675324216519815223591649555601179600e-01
0.0000000000000000000000000000000000000000e+00
2.7678323806714488775071458803722634911537e-01
9.4712589362056398556433123303577303886414e-02
0.0000000000000000000000000000000000000000e+00
3.3406858171107822741419113299343734979630e-01
0.0000000000000000000000000000000000000000e+00
5.3320872033825339464385706378379836678505e-01
5.5051300146639714494511963494005613029003e-01
0.0000000000000000000000000000000000000000e+00
2.6188514901103288057271356592536903917789e-01
0.0000000000000000000000000000000000000000e+00
2.1423304127610717784158111953729530796409e-01
0.0000000000000000000000000000000000000000e+00
4.1394412558412724267853377568826545029879e-01
6.4473386775980223370452470987856941064820e-03
1.7390542475020387414019751304294914007187e-01
3.2744234161517049574996462979470379650593e-01
2.0617737233076743885717974080762360244989e-01
5.4684483777579406815760876270360313355923e-01
4.8853587159264977302086663257796317338943e-01
4.9228675324216519815223591649555601179600e-01
0.0000000000000000000000000000000000000000e+00
2.7678323806714488775071458803722634911537e-01
9.4712589362056398556433123303577303886414e-02
0.0000000000000000000000000000000000000000e+00
0.0000000000000000000000000000000000000000e+00
3.3406858171107822741419113299343734979630e-01
0.0000000000000000000000000000000000000000e+00
5.3320872033825339464385706378379836678505e-01
5.5051300146639714494511963494005613029003e-01
0.0000000000000000000000000000000000000000e+00
2.6188514901103288057271356592536903917789e-01
0.0000000000000000000000000000000000000000e+00
2.1423304127610717784158111953729530796409e-01
0.0000000000000000000000000000000000000000e+00
4.1394412558412724267853377568826545029879e-01
6.4473386775980223370452470987856941064820e-03
1.7390542475020387414019751304294914007187e-01
3.2744234161517049574996462979470379650593e-01
2.0617737233076743885717974080762360244989e-01
5.4684483777579406815760876270360313355923e-01
4.8853587159264977302086663257796317338943e-01
4.9228675324216519815223591649555601179600e-01
0.0000000000000000000000000000000000000000e+00
2.7678323806714488775071458803722634911537e-01
9.4712589362056398556433123303577303886414e-02
0.0000000000000000000000000000000000000000e+00
0.0000000000000000000000000000000000000000e+00
0.0000000000000000000000000000000000000000e+00
9.7860420094389183987004798837006092071533e+01
7.8513418001934107137707030688034137710929e-02
