1
0
23
1.0000000000000000000000000000000000000000e+00
3.5701613209300642193255725942435674369335e-01
3.8212600857066070236811583527014590799809e-01
7.9437372278792173219130745565053075551987e-01
0.0000000000000000000000000000000000000000e+00
7.1159158118877907650556835505994968116283e-01
5.3480786307684968772235833966988138854504e-01
5.3480786307684968772235833966988138854504e-01
9.3601491247551760199741011092555709183216e-01
7.7180169320835823043580603552982211112976e-01
6.5655389299054589535842296754708513617516e-01
6.2123869256504393732143398665357381105423e-01
5.9926174580047286699624464745284058153629e-01
6.6509285187439792785824010934447869658470e-01
7.4926241530479953389942693320335820317268e-01
1.0000000000000000000000000000000000000000e+00
0.0000000000000000000000000000000000000000e+00
6.2991421544814985011839780781883746385574e-01
5.8688668766506213447797790649929083883762e-01
5.3480786307684968772235833966988138854504e-01
7.5527399580374521281811439621378667652607e-01
1.0000000000000000000000000000000000000000e+00
2.9214584900583506765769925550557672977448e-01
4.5716953726955850134672232343291398137808e-01
5.0610916180560217014772206312045454978943e-01
5.3480786307684968772235833966988138854504e-01
6.7068951784419061912245751955197192728519e-01
1.0000000000000000000000000000000000000000e+00
5.0562925099859079569597497538779862225056e-01
1.7523966520570286725666520055710861925036e-02
5.7321756910542731588975584600120782852173e-01
6.7656466720380603607765124252182431519032e-01
6.6623502518892796508964693202869966626167e-01
8.6693870199374956087012833449989557266235e-01
5.8791843058997839133184015736333094537258e-01
6.7656466720380603607765124252182431519032e-01
6.7068951784419061912245751955197192728519e-01
2.0773065925131048437002334594581043347716e-01
1.0000000000000000000000000000000000000000e+00
4.3408550805624585011699423375830519944429e-01
5.3480786307684968772235833966988138854504e-01
7.5823509814328060585353341593872755765915e-01
1.0000000000000000000000000000000000000000e+00
2.9214584900583506765769925550557672977448e-01
6.1595523451688960481220647125155664980412e-01
8.8024220697290900261577917262911796569824e-01
4.0341600146001965754294360522180795669556e-02
7.1159158118877907650556835505994968116283e-01
7.7037973525243597094913639011792838573456e-01
7.1159158118877918752787081757560372352600e-01
8.3359175521725281665652573792613111436367e-01
1.0000000000000000000000000000000000000000e+00
8.2575834396385883184876774976146407425404e-01
6.7587434933780077273013375815935432910919e-01
7.3733718174681317503171840144204907119274e-01
8.1734326094155351771775031011202372610569e-01
4.1145892481450718758395623808610253036022e-01
6.7854682188411785670467679665307514369488e-01
7.5641523082345485384792027616640552878380e-01
5.3480786307684968772235833966988138854504e-01
9.3908063036857547523084122076397761702538e-01
6.3949924741266794825378383393399417400360e-01
9.4711635798982629630415885912952944636345e-01
6.1743317983902734624734875978901982307434e-01
9.9229755586577161885486475512152537703514e-01
6.2349060865645478113350463900133036077023e-01
5.3480092827569514213337242836132645606995e-01
0.0000000000000000000000000000000000000000e+00
5.9926174580047286699624464745284058153629e-01
4.3408550805624562807238930872699711471796e-01
5.3480786307684968772235833966988138854504e-01
7.4537952226527415255930009152507409453392e-01
1.0000000000000000000000000000000000000000e+00
6.2991421544814985011839780781883746385574e-01
4.9110835237797040297991202351113315671682e-01
6.3388523745842040302278519448009319603443e-01
9.9980289882171036186520041155745275318623e-01
7.1159158118877907650556835505994968116283e-01
1.0000000000000000000000000000000000000000e+00
2.4771169136734352833606465082993963733315e-01
3.8212600857066070236811583527014590799809e-01
1.0000000000000000000000000000000000000000e+00
9.0192616250750690110038476632325910031796e-01
1.0000000000000000000000000000000000000000e+00
1.0000000000000000000000000000000000000000e+00
9.5224393821535735504824060626560822129250e-01
1.0000000000000000000000000000000000000000e+00
1.0000000000000000000000000000000000000000e+00
1.0000000000000000000000000000000000000000e+00
8.4158965029502752486223471350967884063721e-01
5.8579098181741873219152694218792021274567e-01
8.9804867733771431836942156223813071846962e-01
2.5008624029908654851084293113672174513340e-01
9.0510592903747777437928334620664827525616e-01
1.0000000000000000000000000000000000000000e+00
6.0125574070500853451903822133317589759827e-01
9.0854810442213296273195055618998594582081e-01
1.9321973137120207475447841716231778264046e-01
9.7785065052181718847634783742250874638557e-01
7.5802823211529191116397896621492691338062e-01
7.9733322223644498283334769439534284174442e-01
8.4916155935394899145762792613822966814041e-01
4.7295180285094512440124958629894535988569e-01
3.0336025480218903327411794634826947003603e-01
1.0000000000000000000000000000000000000000e+00
8.3887913348555009918072755681350827217102e-01
1.9321973137120207475447841716231778264046e-01
9.4003770945287956628533265757141634821892e-01
7.7803252401578326669095986289903521537781e-01
6.6623502518892796508964693202869966626167e-01
8.3141549363520994564424881900777108967304e-01
1.0000000000000000000000000000000000000000e+00
9.0011698397638961743894014944089576601982e-01
8.2041883453377983936860573521698825061321e-01
7.7803252401578326669095986289903521537781e-01
1.0000000000000000000000000000000000000000e+00
8.1734326094155351771775031011202372610569e-01
1.0000000000000000000000000000000000000000e+00
9.5401878364673531329742672824067994952202e-01
9.7024804076235293681662597009562887251377e-01
1.0000000000000000000000000000000000000000e+00
5.2891924684250379851135903663816861808300e-01
6.6466748933823727174541318163392134010792e-01
6.4906587556400874294837421984993852674961e-01
7.1158464638762453091658244375139474868774e-01
7.1158464638762453091658244375139474868774e-01
8.1592638264690964255976268759695813059807e-01
7.2822472509090818704180492204613983631134e-01
6.7068951784419061912245751955197192728519e-01
7.1158464638762453091658244375139474868774e-01
8.8024220697290900261577917262911796569824e-01
7.1158464638762453091658244375139474868774e-01
6.7909438185010495558913135027978569269180e-01
7.1158464638762453091658244375139474868774e-01
5.8983861647392843430282027838984504342079e-01
1.0000000000000000000000000000000000000000e+00
5.2891924684250379851135903663816861808300e-01
5.2891924684250379851135903663816861808300e-01
6.6466748933823727174541318163392134010792e-01
5.9588601560625242825608438579365611076355e-01
5.8983861647392843430282027838984504342079e-01
7.7328970515590700340879948271322064101696e-01
5.8983861647392843430282027838984504342079e-01
5.1758979241604929910636201384477317333221e-01
7.5527399580374521281811439621378667652607e-01
7.1130000525392667043433903018012642860413e-01
5.1758979241604929910636201384477317333221e-01
6.1466315827826545348244735578191466629505e-01
6.9930748578837576001632214683922939002514e-01
5.8983861647392843430282027838984504342079e-01
5.8741525165901808946955497958697378635406e-01
7.5802823211529191116397896621492691338062e-01
7.7328970515590700340879948271322064101696e-01
5.8983861647392843430282027838984504342079e-01
5.1758979241604929910636201384477317333221e-01
1.0000000000000000000000000000000000000000e+00
1.0000000000000000000000000000000000000000e+00
9.5054917472085331819897646710160188376904e-01
1.0000000000000000000000000000000000000000e+00
0.0000000000000000000000000000000000000000e+00
1.0000000000000000000000000000000000000000e+00
6.7068951784419061912245751955197192728519e-01
9.5782319775929702920791442011250182986259e-01
1.0000000000000000000000000000000000000000e+00
9.5782319775929702920791442011250182986259e-01
1.0000000000000000000000000000000000000000e+00
7.6316116989607607479229045566171407699585e-01
9.3255079874321000765746703109471127390862e-01
3.3429427368169539747100316162686794996262e-01
1.0000000000000000000000000000000000000000e+00
6.4017009481965558848060027230530977249146e-01
9.8647496801208567340779609367018565535545e-01
0.0000000000000000000000000000000000000000e+00
6.3790170359545350642349603731418028473854e-01
7.3691631339611640694187144617899321019650e-01
5.3480786307684968772235833966988138854504e-01
6.2876590239126428638627430700580589473248e-01
5.0874514929391567719108024903107434511185e-01
5.1759672721720384469534792515332810580730e-01
6.7068951784419061912245751955197192728519e-01
7.1876470161775640743684334665886126458645e-01
5.0642032533859182574786927943932823836803e-01
4.7295180285094512440124958629894535988569e-01
4.1997387467619873291369003709405660629272e-01
7.2334020066561477424471604535938240587711e-01
4.3559372524490180822454021836165338754654e-01
3.0336025480218903327411794634826947003603e-01
1.0000000000000000000000000000000000000000e+00
6.5075798610535318111658398265717551112175e-01
6.2524149567532782967305138299707323312759e-01
5.3480786307684968772235833966988138854504e-01
3.0336025480218903327411794634826947003603e-01
5.2401501375751358136056978764827363193035e-01
6.4671693463212065466905187349766492843628e-01
7.4926241530479953389942693320335820317268e-01
7.1158464638762453091658244375139474868774e-01
6.6548652537619690239267811193712987005711e-01
7.2932076170417459159978079696884378790855e-01
6.7068951784419061912245751955197192728519e-01
6.4671693463212065466905187349766492843628e-01
6.4151748070099601228832852939376607537270e-01
5.1227916813922014238613655834342353045940e-01
3.1485042684344166641352558144717477262020e-01
4.9848705333607151723995798420219216495752e-01
6.0519715200463131132835314929252490401268e-01
4.9475046924085930299952451605349779129028e-01
1.0000000000000000000000000000000000000000e+00
7.1158464638762453091658244375139474868774e-01
5.1758979241604929910636201384477317333221e-01
3.2762140080665780317303870106115937232971e-01
4.7823040273590305959672264179971534758806e-01
7.5771561472084858479547619936056435108185e-02
3.8212600857066070236811583527014590799809e-01
0.0000000000000000000000000000000000000000e+00
5.3480786307684968772235833966988138854504e-01
6.2123869256504393732143398665357381105423e-01
0.0000000000000000000000000000000000000000e+00
2.9214584900583506765769925550557672977448e-01
1.7523966520570286725666520055710861925036e-02
2.0773065925131048437002334594581043347716e-01
4.0341600146001965754294360522180795669556e-02
4.1145892481450718758395623808610253036022e-01
0.0000000000000000000000000000000000000000e+00
2.4771169136734352833606465082993963733315e-01
2.5008624029908654851084293113672174513340e-01
1.9321973137120207475447841716231778264046e-01
5.2891924684250379851135903663816861808300e-01
5.2891924684250379851135903663816861808300e-01
5.1758979241604929910636201384477317333221e-01
0.0000000000000000000000000000000000000000e+00
3.0336025480218903327411794634826947003603e-01
7.5771561472084858479547619936056435108185e-02
0.0000000000000000000000000000000000000000e+00
3.8212600857066070236811583527014590799809e-01
0.0000000000000000000000000000000000000000e+00
5.3480786307684968772235833966988138854504e-01
6.2123869256504393732143398665357381105423e-01
0.0000000000000000000000000000000000000000e+00
2.9214584900583506765769925550557672977448e-01
1.7523966520570286725666520055710861925036e-02
2.0773065925131048437002334594581043347716e-01
4.0341600146001965754294360522180795669556e-02
4.1145892481450718758395623808610253036022e-01
0.0000000000000000000000000000000000000000e+00
2.4771169136734352833606465082993963733315e-01
2.5008624029908654851084293113672174513340e-01
1.9321973137120207475447841716231778264046e-01
5.2891924684250379851135903663816861808300e-01
5.2891924684250379851135903663816861808300e-01
5.1758979241604929910636201384477317333221e-01
0.0000000000000000000000000000000000000000e+00
3.0336025480218903327411794634826947003603e-01
7.5771561472084858479547619936056435108185e-02
0.0000000000000000000000000000000000000000e+00
0.0000000000000000000000000000000000000000e+00
3.8212600857066070236811583527014590799809e-01
0.0000000000000000000000000000000000000000e+00
5.3480786307684968772235833966988138854504e-01
6.2123869256504393732143398665357381105423e-01
0.0000000000000000000000000000000000000000e+00
2.9214584900583506765769925550557672977448e-01
1.7523966520570286725666520055710861925036e-02
2.0773065925131048437002334594581043347716e-01
4.0341600146001965754294360522180795669556e-02
4.1145892481450718758395623808610253036022e-01
0.0000000000000000000000000000000000000000e+00
2.4771169136734352833606465082993963733315e-01
2.5008624029908654851084293113672174513340e-01
1.9321973137120207475447841716231778264046e-01
5.2891924684250379851135903663816861808300e-01
5.2891924684250379851135903663816861808300e-01
5.1758979241604929910636201384477317333221e-01
0.0000000000000000000000000000000000000000e+00
3.0336025480218903327411794634826947003603e-01
7.5771561472084858479547619936056435108185e-02
0.0000000000000000000000000000000000000000e+00
0.0000000000000000000000000000000000000000e+00
0.0000000000000000000000000000000000000000e+00
9.7587503450523257697568624280393123626709e+01
6.4558095292324674252526506279536988586187e-02
