1
0
23
8.8329817123321952010428503854200243949890e-01
3.6536012765063702323331540355866309255362e-01
3.0183906109321034794135130141512490808964e-01
7.9193799192066294256875380597193725407124e-01
0.0000000000000000000000000000000000000000e+00
7.8655180801372803767179675560328178107738e-01
5.3442973985883512888506174931535497307777e-01
5.3442973985883512888506174931535497307777e-01
8.9460765155111343638338894379558041691780e-01
7.6112933207104727095781981915934011340141e-01
6.2139758979493520119063987294794060289860e-01
4.8124934496213095380667823519615922123194e-01
5.9607077951122888759272200331906788051128e-01
9.3298014847182075826026448339689522981644e-01
8.6662053244150416553281957021681591868401e-01
1.0000000000000000000000000000000000000000e+00
0.0000000000000000000000000000000000000000e+00
6.7934406209715147983985161772579886019230e-01
5.8087102098732201760356019804021343588829e-01
5.6437330880747171857336752509581856429577e-01
6.8168656658089021860291722987312823534012e-01
1.0000000000000000000000000000000000000000e+00
2.9135280349780534603354453793144784867764e-01
4.5652985025661457774148743737896438688040e-01
4.3789243635721397662763365588034503161907e-01
5.3442973985883512888506174931535497307777e-01
5.3442973985883512888506174931535497307777e-01
1.0000000000000000000000000000000000000000e+00
4.5652985025661341200731158096459694206715e-01
0.0000000000000000000000000000000000000000e+00
5.7118283552807580516486041233292780816555e-01
6.8406339004705851714049913425697013735771e-01
6.7696723863098318130226971334195695817471e-01
7.8348710490723671995283439173363149166107e-01
8.6844919062927905528681549185421317815781e-01
6.8406339004705851714049913425697013735771e-01
6.2444346438480324845698987701325677335262e-01
2.0663720292637835496130094270483823493123e-01
1.0000000000000000000000000000000000000000e+00
3.6847241085410376015829569951165467500687e-01
5.3442973985883512888506174931535497307777e-01
7.3910807590024307778264756052521988749504e-01
1.0000000000000000000000000000000000000000e+00
2.9135280349780534603354453793144784867764e-01
5.6201456629495549766062367780250497162342e-01
8.1185195395684039976202939214999787509441e-01
0.0000000000000000000000000000000000000000e+00
7.1003682417992308728571515530347824096680e-01
6.8406339004705851714049913425697013735771e-01
7.0040682537733200963003810102236457169056e-01
7.4480294012624825850110710234730504453182e-01
1.0000000000000000000000000000000000000000e+00
6.8483323297654585815052996622398495674133e-01
6.5323181521298689933274772556615062057972e-01
7.7374316733517534139252802560804411768913e-01
8.0609696066888025800523109865025617182255e-01
4.6369590961774287407592964882496744394302e-01
6.7696723863098318130226971334195695817471e-01
7.1566361501680020307247787059168331325054e-01
7.8340706470530308003219488455215469002724e-01
8.9148524777426529919210906882653944194317e-01
6.4710427866668140950423548929393291473389e-01
8.0891321559250439765520468426984734833241e-01
6.7858519264328576170441920112352818250656e-01
9.8635063550840773594075017172144725918770e-01
6.8633022291607448384098688620724715292454e-01
5.5645588650879473924248941330006346106529e-01
9.5954269558797003480954401766211958602071e-02
5.9607077951122888759272200331906788051128e-01
4.9231687480879671170441724825650453567505e-01
5.8437347556308183449402804399142041802406e-01
7.5286961100274585323433029770967550575733e-01
1.0000000000000000000000000000000000000000e+00
5.8437347556308183449402804399142041802406e-01
4.7252997897100551538684953811753075569868e-01
7.2256379048022412181495610639103688299656e-01
7.5162299179655023273483038792619481682777e-01
7.1367691393397147958665982514503411948681e-01
9.1738397748899647154985359520651400089264e-01
2.5218268298041279784627022308995947241783e-01
5.7736652538707911030968489285442046821117e-01
8.6833742357727716765225522976834326982498e-01
6.9150495255145261186413563336827792227268e-01
1.0000000000000000000000000000000000000000e+00
1.0000000000000000000000000000000000000000e+00
8.9065063809743438838495421805419027805328e-01
1.0000000000000000000000000000000000000000e+00
1.0000000000000000000000000000000000000000e+00
9.3807578017124360059142418322153389453888e-01
6.9688451112865934522488942093332298099995e-01
6.4710427866668140950423548929393291473389e-01
8.5871546355232752922859162936219945549965e-01
4.1921423409118152569874382606940343976021e-01
8.6236559128126089035504264757037162780762e-01
1.0000000000000000000000000000000000000000e+00
6.4190437783324916232174928154563531279564e-01
8.8263748345589321253612524742493405938148e-01
2.4281312968382340322648360597668215632439e-01
7.8436483383347166409294004552066326141357e-01
8.1607975206931127054588159808190539479256e-01
8.2254922153525256156569867016514763236046e-01
6.6998277370584746748249926895368844270706e-01
5.3556004304061510801204804010922089219093e-01
4.3136915969712186225137884321156889200211e-01
9.5624869120350719509104919779929332435131e-01
8.1341342665785532073385866169701330363750e-01
2.4281312968382340322648360597668215632439e-01
8.8206101531333969134607286832761019468307e-01
7.6540185566912477543866089035873301327229e-01
7.8117512073439787645412479832884855568409e-01
7.8815939398736689636137953129946254193783e-01
8.6362938960625545981031336850719526410103e-01
7.7438968782401329526976496708812192082405e-01
7.8815939398736689636137953129946254193783e-01
7.8117512073439787645412479832884855568409e-01
7.3470655896947689722509267085115425288677e-01
8.0609696066888025800523109865025617182255e-01
1.0000000000000000000000000000000000000000e+00
9.2197752676838951035875879824743606150150e-01
9.0838296358671843933052514330483973026276e-01
1.0000000000000000000000000000000000000000e+00
5.9407816695778570270647378492867574095726e-01
6.7696723863098318130226971334195695817471e-01
6.1117037811606245156781369587406516075134e-01
6.7696723863098318130226971334195695817471e-01
6.7696723863098318130226971334195695817471e-01
9.1944316312087304154943012690637260675430e-01
6.7696723863098318130226971334195695817471e-01
6.2444346438480335947929233952891081571579e-01
6.7696723863098318130226971334195695817471e-01
8.0472270878735474575194075441686436533928e-01
6.9771997130345175808230351321981288492680e-01
7.1566361501679864876024339537252672016621e-01
6.7696723863098318130226971334195695817471e-01
6.1117037811606245156781369587406516075134e-01
9.3581787835259744312565999280195683240891e-01
5.9407816695778570270647378492867574095726e-01
4.7336824485647005511523843779286835342646e-01
6.7696723863098318130226971334195695817471e-01
5.9188441254563539661859294938039965927601e-01
6.1588970606596948886846121240523643791676e-01
6.8168656658089021860291722987312823534012e-01
6.1117037811606245156781369587406516075134e-01
5.2639435656536581742415137341595254838467e-01
7.0518085559349086288705166225554421544075e-01
7.7374316733517534139252802560804411768913e-01
5.2639435656536581742415137341595254838467e-01
6.1898811963326716423239304276648908853531e-01
7.4493942917103617151752814606879837810993e-01
6.1117037811606245156781369587406516075134e-01
5.2639435656536581742415137341595254838467e-01
6.8435093976837590989958926002145744860172e-01
7.8815939398736689636137953129946254193783e-01
6.1117037811606245156781369587406516075134e-01
5.2639435656536581742415137341595254838467e-01
1.0000000000000000000000000000000000000000e+00
1.0000000000000000000000000000000000000000e+00
9.4681960510329576941046525462297722697258e-01
1.0000000000000000000000000000000000000000e+00
0.0000000000000000000000000000000000000000e+00
1.0000000000000000000000000000000000000000e+00
5.6930590767519761996595661912579089403152e-01
7.1015451478362168202806969929952174425125e-01
7.8797796855534385507269234949490055441856e-01
8.9021315085816765666493211028864607214928e-01
1.0000000000000000000000000000000000000000e+00
7.8481069718184115480141826992621645331383e-01
5.6414001644836286875062114631873555481434e-01
5.3556004304061544107895542765618301928043e-01
9.8360724029365120824053292380995117127895e-01
5.8454719189607429186139597732108086347580e-01
1.0000000000000000000000000000000000000000e+00
0.0000000000000000000000000000000000000000e+00
6.7696723863098318130226971334195695817471e-01
6.8168656658089021860291722987312823534012e-01
6.2016222966404699334930228360462933778763e-01
7.5657078404825517381482313794549554586411e-01
6.6598483459239565807052940726862289011478e-01
5.9798398988807111020804541112738661468029e-01
6.2444346438480324845698987701325677335262e-01
7.7374316733517534139252802560804411768913e-01
4.7005734732788850838147709509939886629581e-01
5.3556004304061510801204804010922089219093e-01
5.7224203795289263485557285093818791210651e-01
6.7696723863098318130226971334195695817471e-01
4.2460760237005579220692652597790583968163e-01
4.3136915969712186225137884321156889200211e-01
9.1926260879131171943612343966378830373287e-01
6.7696723863098318130226971334195695817471e-01
6.2339399784963822614969330970779992640018e-01
5.1506088498040680789813450246583670377731e-01
2.1194223115025612180772895953850820660591e-01
5.9607077951122888759272200331906788051128e-01
7.0473582454359662285980903106974437832832e-01
8.6062934598797979912632172272424213588238e-01
7.7319572592509344666211745789041742682457e-01
9.0555968143883347476474909854005090892315e-01
8.2876537476114142677374729828443378210068e-01
7.0363580457865115835858205173281021416187e-01
7.2953417642273699073030002182349562644958e-01
6.1684066506251622463707917631836608052254e-01
5.3556004304061510801204804010922089219093e-01
4.0770988655761081220774144640017766505480e-01
5.9607077951122888759272200331906788051128e-01
6.3714366417413936805047569578164257109165e-01
5.6493091398278760806306308950297534465790e-01
9.5038118545421390592764510074630379676819e-01
7.2243802500666165489207060090848244726658e-01
6.0685987587445899826832373946672305464745e-01
6.8571078771432236731442344535025767982006e-01
5.6793153571128918155608289453084580600262e-01
1.9094807976254513093294917780440300703049e-01
3.0183906109321034794135130141512490808964e-01
0.0000000000000000000000000000000000000000e+00
5.3442973985883512888506174931535497307777e-01
4.8124934496213095380667823519615922123194e-01
0.0000000000000000000000000000000000000000e+00
2.9135280349780534603354453793144784867764e-01
0.0000000000000000000000000000000000000000e+00
2.0663720292637835496130094270483823493123e-01
0.0000000000000000000000000000000000000000e+00
4.6369590961774287407592964882496744394302e-01
9.5954269558797003480954401766211958602071e-02
2.5218268298041279784627022308995947241783e-01
4.1921423409118152569874382606940343976021e-01
2.4281312968382340322648360597668215632439e-01
5.9407816695778570270647378492867574095726e-01
4.7336824485647005511523843779286835342646e-01
5.2639435656536581742415137341595254838467e-01
0.0000000000000000000000000000000000000000e+00
2.1194223115025612180772895953850820660591e-01
1.9094807976254513093294917780440300703049e-01
0.0000000000000000000000000000000000000000e+00
3.0183906109321034794135130141512490808964e-01
0.0000000000000000000000000000000000000000e+00
5.3442973985883512888506174931535497307777e-01
4.8124934496213095380667823519615922123194e-01
0.0000000000000000000000000000000000000000e+00
2.9135280349780534603354453793144784867764e-01
0.0000000000000000000000000000000000000000e+00
2.0663720292637835496130094270483823493123e-01
0.0000000000000000000000000000000000000000e+00
4.6369590961774287407592964882496744394302e-01
9.5954269558797003480954401766211958602071e-02
2.5218268298041279784627022308995947241783e-01
4.1921423409118152569874382606940343976021e-01
2.4281312968382340322648360597668215632439e-01
5.9407816695778570270647378492867574095726e-01
4.7336824485647005511523843779286835342646e-01
5.2639435656536581742415137341595254838467e-01
0.0000000000000000000000000000000000000000e+00
2.1194223115025612180772895953850820660591e-01
1.9094807976254513093294917780440300703049e-01
0.0000000000000000000000000000000000000000e+00
0.0000000000000000000000000000000000000000e+00
3.0183906109321034794135130141512490808964e-01
0.0000000000000000000000000000000000000000e+00
5.3442973985883512888506174931535497307777e-01
4.8124934496213095380667823519615922123194e-01
0.0000000000000000000000000000000000000000e+00
2.9135280349780534603354453793144784867764e-01
0.0000000000000000000000000000000000000000e+00
2.0663720292637835496130094270483823493123e-01
0.0000000000000000000000000000000000000000e+00
4.6369590961774287407592964882496744394302e-01
9.5954269558797003480954401766211958602071e-02
2.5218268298041279784627022308995947241783e-01
4.1921423409118152569874382606940343976021e-01
2.4281312968382340322648360597668215632439e-01
5.9407816695778570270647378492867574095726e-01
4.7336824485647005511523843779286835342646e-01
5.2639435656536581742415137341595254838467e-01
0.0000000000000000000000000000000000000000e+00
2.1194223115025612180772895953850820660591e-01
1.9094807976254513093294917780440300703049e-01
0.0000000000000000000000000000000000000000e+00
0.0000000000000000000000000000000000000000e+00
0.0000000000000000000000000000000000000000e+00
9.7651272771934614524980133865028619766235e+01
9.4378674659502004296030008845264092087746e-02
