1
0
23
9.7519008038358900858355582386138848960400e-01
3.5346489906698308480770265305181965231895e-01
3.5373670707969701032524767470022197812796e-01
7.9260152901585001483653059040079824626446e-01
0.0000000000000000000000000000000000000000e+00
7.7442626571815642577689686731901019811630e-01
5.3026607658814606249819689764990471303463e-01
5.3026607658814606249819689764990471303463e-01
9.0802201661889503370161946804728358983994e-01
7.4079544335893587891916922671953216195107e-01
6.1791401876837681594878404212067835032940e-01
5.7149390993932869253768558337469585239887e-01
6.2314510266067402177725398360053077340126e-01
6.2962826977151453711201156693277880549431e-01
7.7682384624721356747301115319714881479740e-01
1.0000000000000000000000000000000000000000e+00
0.0000000000000000000000000000000000000000e+00
6.5171078385464153992501223910949192941189e-01
5.7873040152698707050404891560901887714863e-01
5.3026607658814606249819689764990471303463e-01
7.0701296391156975840175391567754559218884e-01
1.0000000000000000000000000000000000000000e+00
2.7906488383510125173003757481637876480818e-01
4.0988753814579198531120596271648537367582e-01
4.4445879140577709831561037390201818197966e-01
5.3026607658814606249819689764990471303463e-01
5.9460035742855021911879020990454591810703e-01
1.0000000000000000000000000000000000000000e+00
4.4908547940893289718289338452450465410948e-01
0.0000000000000000000000000000000000000000e+00
5.8334748458849794428004997826064936816692e-01
6.7982231811576487867654350338852964341640e-01
6.7982231811576487867654350338852964341640e-01
8.2906624367342640624656269210390746593475e-01
7.7926766872195429858294346558977849781513e-01
6.7982231811576487867654350338852964341640e-01
6.4922183024392432493243632052326574921608e-01
2.1694814795039307764312752624391578137875e-01
1.0000000000000000000000000000000000000000e+00
3.6760913705771164350366575490625109523535e-01
5.3026607658814606249819689764990471303463e-01
7.2040547758095385688648093491792678833008e-01
1.0000000000000000000000000000000000000000e+00
2.7906488383510125173003757481637876480818e-01
6.0170069859228825226438175377552397549152e-01
8.1181214909544963109766513298382051289082e-01
0.0000000000000000000000000000000000000000e+00
6.7982231811576487867654350338852964341640e-01
7.1008096692560795926141281597665511071682e-01
6.7982231811576487867654350338852964341640e-01
7.7091274013515487251169133742223493754864e-01
1.0000000000000000000000000000000000000000e+00
7.0701296391156964737945145316189154982567e-01
6.5266192651160415127975511495606042444706e-01
7.6098901275279429157194499566685408353806e-01
7.8047865441397779040499926850316114723682e-01
4.0474450604453821034311999937926884740591e-01
6.7982231811576487867654350338852964341640e-01
7.1497646367697764713255992319318465888500e-01
5.9041234439508838427457249053986743092537e-01
9.4263037103043523234902067997609265148640e-01
6.6078983660346468642643458224483765661716e-01
8.4787707074719609323665281408466398715973e-01
6.4922183024392432493243632052326574921608e-01
1.0000000000000000000000000000000000000000e+00
6.2681369369877570907334529692889191210270e-01
5.1134896406763341580870019242865964770317e-01
0.0000000000000000000000000000000000000000e+00
6.2314510266067402177725398360053077340126e-01
4.4445879140577443378035127352632116526365e-01
5.3026607658814606249819689764990471303463e-01
7.5605334258082590448424298301688395440578e-01
1.0000000000000000000000000000000000000000e+00
5.8078391793282513333451788639649748802185e-01
4.8671135037386126231950811416027136147022e-01
6.7982231811576365743121641571633517742157e-01
9.1188744746474381663858821411849930882454e-01
6.7982231811576487867654350338852964341640e-01
1.0000000000000000000000000000000000000000e+00
1.8961063512195908131729993328917771577835e-01
4.0251551952605618689418065514473710209131e-01
1.0000000000000000000000000000000000000000e+00
7.6759044072103166378440164407948032021523e-01
1.0000000000000000000000000000000000000000e+00
1.0000000000000000000000000000000000000000e+00
9.2222845612584403163225488242460414767265e-01
9.2533432856984421110979610602953471243382e-01
1.0000000000000000000000000000000000000000e+00
1.0000000000000000000000000000000000000000e+00
7.6615683029484948907139596485649235546589e-01
6.1796205789390645790604139619972556829453e-01
8.4740729171129125507633261804585345089436e-01
3.4906744946815398966677435055316891521215e-01
8.7294610195616706427301778603577986359596e-01
1.0000000000000000000000000000000000000000e+00
6.3486652791474929014015060602105222642422e-01
9.0802201661889458961240961798466742038727e-01
2.2654799644949297210416716552572324872017e-01
8.1004606878517038115461446068366058170795e-01
7.7189832127895829927410886739380657672882e-01
7.9289393669648300377872374156140722334385e-01
8.1043130507727323408317943176371045410633e-01
4.4037822247904589989531132232514210045338e-01
3.4430193377926682218870269025501329451799e-01
9.9310012258067215107359970716061070561409e-01
7.9484974886022929929652036662446334958076e-01
1.7293925391805550773050015322951367124915e-01
9.0802201661889503370161946804728358983994e-01
7.4079544335893587891916922671953216195107e-01
7.1670326992770494456408414407633244991302e-01
8.2906624367342640624656269210390746593475e-01
9.2737898327507406470715523028047755360603e-01
8.6634513081963404612650947456131689250469e-01
8.3474136397574372203678194637177512049675e-01
7.4079544335893587891916922671953216195107e-01
9.4215777054346883101487719613942317664623e-01
7.8047865441397779040499926850316114723682e-01
1.0000000000000000000000000000000000000000e+00
9.0802201661889514472392193056293763220310e-01
1.0000000000000000000000000000000000000000e+00
1.0000000000000000000000000000000000000000e+00
5.2236613205208426435888213745784014463425e-01
6.7982231811576510072114842841983772814274e-01
6.2466388622574364752892961405450478196144e-01
6.7982231811576487867654350338852964341640e-01
6.7982231811576443458733365332591347396374e-01
8.2593098699811351437460871238727122545242e-01
6.8410650834538389020167414855677634477615e-01
6.5649512256689024347622307686833664774895e-01
6.7982231811576487867654350338852964341640e-01
8.6288653828464734196757035533664748072624e-01
6.7982231811576465663193857835722155869007e-01
6.7982231811576399049812380326329730451107e-01
6.7982231811576365743121641571633517742157e-01
5.7873040152698707050404891560901887714863e-01
9.9191967870521735584077305247774347662926e-01
5.2236613205208426435888213745784014463425e-01
4.9417690696370131231418554307310841977596e-01
6.5863332865748613897949326201342046260834e-01
5.7873040152698707050404891560901887714863e-01
5.9038665290765490745172883180202916264534e-01
7.1661569888639919945205747353611513972282e-01
5.9038665290765468540712390677072107791901e-01
5.0699630752373037179125958573422394692898e-01
7.1701424371388722267539606036734767258167e-01
7.1661569888639919945205747353611513972282e-01
5.1313134056455445008992910516099072992802e-01
6.0822886436638168294877004882437177002430e-01
6.9516882237010635403606784166186116635799e-01
5.9038665290765468540712390677072107791901e-01
6.0902034808555072231683880090713500976562e-01
7.1661569888639919945205747353611513972282e-01
7.5650731400191617570527569114346988499165e-01
5.7873040152698707050404891560901887714863e-01
5.0699630752373159303658667340641841292381e-01
1.0000000000000000000000000000000000000000e+00
1.0000000000000000000000000000000000000000e+00
9.6989010759893323765368222666438668966293e-01
1.0000000000000000000000000000000000000000e+00
0.0000000000000000000000000000000000000000e+00
1.0000000000000000000000000000000000000000e+00
5.5439544647637806207285393611527979373932e-01
8.5357569614723804996003764244960620999336e-01
7.2040547758095385688648093491792678833008e-01
8.5357569614723804996003764244960620999336e-01
1.0000000000000000000000000000000000000000e+00
7.6100291529497687825767116009956225752831e-01
6.9021703154885394315698476930265314877033e-01
3.5892852556077037284865127730881795287132e-01
9.6989010759893568014433640200877562165260e-01
5.9874128331708964534385586375719867646694e-01
9.1095283676201987965725948015460744500160e-01
0.0000000000000000000000000000000000000000e+00
6.6386182748888467042291949837817810475826e-01
6.2466388622574364752892961405450478196144e-01
5.3026607658814606249819689764990471303463e-01
6.7093926054551822346638800809159874916077e-01
6.2479349553592578025984494161093607544899e-01
5.0923174721587516344811774615664035081863e-01
6.4962037507141234815577490735449828207493e-01
7.6098901275279429157194499566685408353806e-01
5.1234352801770410845705328028998337686062e-01
4.4037822247904589989531132232514210045338e-01
5.1134896406763341580870019242865964770317e-01
6.6386182748888467042291949837817810475826e-01
4.2264441555099857561472731504181865602732e-01
3.4430193377926682218870269025501329451799e-01
9.9921218745314965836712417512899264693260e-01
6.1967605030882311201168022307683713734150e-01
5.9082814846990228119238963699899613857269e-01
4.9505771450779789688567689154297113418579e-01
2.9067267879359365290170558182580862194300e-01
5.0895690670483129114387566005461849272251e-01
6.4922183024392432493243632052326574921608e-01
7.7682384624721356747301115319714881479740e-01
7.1793783034829516953578831817139871418476e-01
8.3096045728860812307203786986065097153187e-01
7.6892126325895782112951337694539688527584e-01
6.7932551346345071419108307964052073657513e-01
6.8410650834538389020167414855677634477615e-01
5.2339542275551709238357034337241202592850e-01
4.4811853325834921646375619275204371660948e-01
3.3719981523642639231752582418266683816910e-01
4.8671135037386126231950811416027136147022e-01
5.7170385242630294975185734074329957365990e-01
5.0895690670483206829999289766419678926468e-01
9.3500923497023757935409093988710083067417e-01
6.8410650834538389020167414855677634477615e-01
5.0895690670483129114387566005461849272251e-01
3.3035317090532878570030561604653485119343e-01
4.4811853325834921646375619275204371660948e-01
6.8891380131796742247729525843169540166855e-02
3.5373670707969701032524767470022197812796e-01
0.0000000000000000000000000000000000000000e+00
5.3026607658814606249819689764990471303463e-01
5.7149390993932869253768558337469585239887e-01
0.0000000000000000000000000000000000000000e+00
2.7906488383510125173003757481637876480818e-01
0.0000000000000000000000000000000000000000e+00
2.1694814795039307764312752624391578137875e-01
0.0000000000000000000000000000000000000000e+00
4.0474450604453821034311999937926884740591e-01
0.0000000000000000000000000000000000000000e+00
1.8961063512195908131729993328917771577835e-01
3.4906744946815398966677435055316891521215e-01
1.7293925391805550773050015322951367124915e-01
5.2236613205208426435888213745784014463425e-01
4.9417690696370131231418554307310841977596e-01
5.0699630752373159303658667340641841292381e-01
0.0000000000000000000000000000000000000000e+00
2.9067267879359365290170558182580862194300e-01
6.8891380131796742247729525843169540166855e-02
0.0000000000000000000000000000000000000000e+00
3.5373670707969701032524767470022197812796e-01
0.0000000000000000000000000000000000000000e+00
5.3026607658814606249819689764990471303463e-01
5.7149390993932869253768558337469585239887e-01
0.0000000000000000000000000000000000000000e+00
2.7906488383510125173003757481637876480818e-01
0.0000000000000000000000000000000000000000e+00
2.1694814795039307764312752624391578137875e-01
0.0000000000000000000000000000000000000000e+00
4.0474450604453821034311999937926884740591e-01
0.0000000000000000000000000000000000000000e+00
1.8961063512195908131729993328917771577835e-01
3.4906744946815398966677435055316891521215e-01
1.7293925391805550773050015322951367124915e-01
5.2236613205208426435888213745784014463425e-01
4.9417690696370131231418554307310841977596e-01
5.0699630752373159303658667340641841292381e-01
0.0000000000000000000000000000000000000000e+00
2.9067267879359365290170558182580862194300e-01
6.8891380131796742247729525843169540166855e-02
0.0000000000000000000000000000000000000000e+00
0.0000000000000000000000000000000000000000e+00
3.5373670707969701032524767470022197812796e-01
0.0000000000000000000000000000000000000000e+00
5.3026607658814606249819689764990471303463e-01
5.7149390993932869253768558337469585239887e-01
0.0000000000000000000000000000000000000000e+00
2.7906488383510125173003757481637876480818e-01
0.0000000000000000000000000000000000000000e+00
2.1694814795039307764312752624391578137875e-01
0.0000000000000000000000000000000000000000e+00
4.0474450604453821034311999937926884740591e-01
0.0000000000000000000000000000000000000000e+00
1.8961063512195908131729993328917771577835e-01
3.4906744946815398966677435055316891521215e-01
1.7293925391805550773050015322951367124915e-01
5.2236613205208426435888213745784014463425e-01
4.9417690696370131231418554307310841977596e-01
5.0699630752373159303658667340641841292381e-01
0.0000000000000000000000000000000000000000e+00
2.9067267879359365290170558182580862194300e-01
6.8891380131796742247729525843169540166855e-02
0.0000000000000000000000000000000000000000e+00
0.0000000000000000000000000000000000000000e+00
0.0000000000000000000000000000000000000000e+00
9.7556080886349647585120692383497953414917e+01
7.4396884362953094593784442167816450819373e-02
