1
0
23
1.0000000000000000000000000000000000000000e+00
3.5396064416390271567536274233134463429451e-01
3.6977536070430511161433173583645839244127e-01
7.7420529822411898734912938380148261785507e-01
0.0000000000000000000000000000000000000000e+00
6.8553602416824976906184474501060321927071e-01
5.1234718540407664377767105179373174905777e-01
5.1234718540407664377767105179373174905777e-01
9.5061971964869373952211617506691254675388e-01
7.4024260696938426473678873662720434367657e-01
6.3834328121744998707498552903416566550732e-01
6.0607505997292432375900261831702664494514e-01
5.8685032345315990554013296787161380052567e-01
7.1284764075881501543818785648909397423267e-01
7.3565086936461399069742128631332889199257e-01
1.0000000000000000000000000000000000000000e+00
0.0000000000000000000000000000000000000000e+00
6.2037883663638937470352630043635144829750e-01
5.7633860586801277658963726935326121747494e-01
5.1234718540407664377767105179373174905777e-01
7.5027901659010498569557512382743880152702e-01
1.0000000000000000000000000000000000000000e+00
2.9062620721968263071133264929812867194414e-01
4.2254042968552585346486694106715731322765e-01
4.8997500024692386411118150135735049843788e-01
5.1234718540407664377767105179373174905777e-01
6.7810047728386835252933906303951516747475e-01
1.0000000000000000000000000000000000000000e+00
4.7441830177759847231300227576866745948792e-01
0.0000000000000000000000000000000000000000e+00
5.7976225489899846365915436763316392898560e-01
6.7274553880304077679852525761816650629044e-01
6.3834328121744998707498552903416566550732e-01
8.8669524773613594970100848513538949191570e-01
7.1066972425797958479165572498459368944168e-01
6.6907800684573603966498467343626543879509e-01
6.6404162510224895576982362399576231837273e-01
2.0300265499970451821276640202995622530580e-01
1.0000000000000000000000000000000000000000e+00
4.1162969104800989361692131751624401658773e-01
5.1234718540407664377767105179373174905777e-01
7.6383746028791810189773059391882270574570e-01
1.0000000000000000000000000000000000000000e+00
2.9062620721968263071133264929812867194414e-01
6.1695041770569747363595070055453106760979e-01
8.6651618520044770832555514061823487281799e-01
0.0000000000000000000000000000000000000000e+00
7.1066972425797925172474833743763156235218e-01
8.1175260003733840097339680141885764896870e-01
7.1066972425797925172474833743763156235218e-01
8.1219666467276407928466142038814723491669e-01
9.8303194359668977231336839395225979387760e-01
7.5862718271400997327447157658752985298634e-01
6.6404162510224895576982362399576231837273e-01
7.4441480154312589245790832137572579085827e-01
8.1737111604347867377384773135418072342873e-01
3.9325161706767003400031512683199252933264e-01
6.6948334493006600443010256640263833105564e-01
7.6778797056636749474023417860735207796097e-01
5.1234718540407664377767105179373174905777e-01
9.3675742101195536015723064338089898228645e-01
6.3621956086189646040196521425968967378139e-01
9.3628014316119112514513744827127084136009e-01
5.8961195648677189318220825953176245093346e-01
9.0633118901032572178877444457612000405788e-01
6.2875376245047698287038429043604992330074e-01
5.1761769991109773947357552970061078667641e-01
0.0000000000000000000000000000000000000000e+00
5.8685032345315990554013296787161380052567e-01
4.1489594986875932836056790620204992592335e-01
5.1234718540407664377767105179373174905777e-01
7.1066972425797925172474833743763156235218e-01
1.0000000000000000000000000000000000000000e+00
6.3089830881969877207637864557909779250622e-01
4.7557840885253688245626335628912784159184e-01
6.3881165704401687843727586368913762271404e-01
1.0000000000000000000000000000000000000000e+00
7.1066972425797925172474833743763156235218e-01
1.0000000000000000000000000000000000000000e+00
2.5936801934715708606304929162433836609125e-01
4.0710301404203153019523142575053498148918e-01
1.0000000000000000000000000000000000000000e+00
1.0000000000000000000000000000000000000000e+00
1.0000000000000000000000000000000000000000e+00
1.0000000000000000000000000000000000000000e+00
9.8013146101298342927066187257878482341766e-01
8.4447206947839781321363261668011546134949e-01
1.0000000000000000000000000000000000000000e+00
1.0000000000000000000000000000000000000000e+00
8.1661295240847597831645998667227104306221e-01
5.8068086245255656763220031280070543289185e-01
9.4097967325540743388501141453161835670471e-01
2.8395088556659769940537785259948577731848e-01
8.8996701288871982171713170828297734260559e-01
1.0000000000000000000000000000000000000000e+00
5.6241712603072513410040755843510851264000e-01
9.2797458268905574918505863024620339274406e-01
1.9611821767618525802490125897747930139303e-01
9.5697113860869653656493483140366151928902e-01
8.6549863056005005290671761031262576580048e-01
7.9787315338384012797234845493221655488014e-01
7.7095088911580256230138274986529722809792e-01
4.7855978985177827222941004947642795741558e-01
2.9918690550198279165527992518036626279354e-01
1.0000000000000000000000000000000000000000e+00
8.3409787666520229798550190025707706809044e-01
1.8847835602699314350161330366972833871841e-01
9.5061971964869373952211617506691254675388e-01
7.6073966488462629875755283137550577521324e-01
6.3834328121745076423110276664374396204948e-01
8.1973318186992472078600258100777864456177e-01
9.8007269054296575205853514489717781543732e-01
9.7741221132113309533195888434420339763165e-01
8.1973318186992183420613855560077354311943e-01
7.6073966488462629875755283137550577521324e-01
9.8342552336810884483497829933185130357742e-01
8.1737111604347867377384773135418072342873e-01
9.5244264153321078758551720966352149844170e-01
9.7741221132113487168879828459466807544231e-01
9.7199142867177967808345329103758558630943e-01
1.0000000000000000000000000000000000000000e+00
5.2932033656736920956831227158545516431332e-01
6.5102115315996744726589895435608923435211e-01
6.5053369042595854399024801750783808529377e-01
7.1066972425797925172474833743763156235218e-01
7.1066972425797925172474833743763156235218e-01
8.6444098837701388582388517534127458930016e-01
7.1066972425797925172474833743763156235218e-01
6.7123987360488246434186976330238394439220e-01
7.1066972425797958479165572498459368944168e-01
8.6651618520044770832555514061823487281799e-01
7.1066972425797925172474833743763156235218e-01
6.6948334493006567136319517885567620396614e-01
7.1066972425797969581395818750024773180485e-01
6.0055830324812609077866909501608461141586e-01
1.0000000000000000000000000000000000000000e+00
5.2932033656736920956831227158545516431332e-01
5.2932033656736920956831227158545516431332e-01
6.5102115315996744726589895435608923435211e-01
6.0337980241747757315096123420516960322857e-01
6.0055830324812609077866909501608461141586e-01
7.7481288324711583559434302515001036226749e-01
6.0055830324812653486787894507870078086853e-01
5.2447044657969521530560541577870026230812e-01
7.5027901659010509671787758634309284389019e-01
7.1056453713909561997752462048083543777466e-01
5.2715349595652338798856817447813227772713e-01
6.1316986766454506518897460409789346158504e-01
7.1056453713909561997752462048083543777466e-01
6.0055830324812653486787894507870078086853e-01
5.8068086245255656763220031280070543289185e-01
7.6341630630844825589065294479951262474060e-01
7.8190769093873657702431501093087717890739e-01
6.0055830324812609077866909501608461141586e-01
5.2447044657969588143942019087262451648712e-01
1.0000000000000000000000000000000000000000e+00
8.2624659208262019038926382563658989965916e-01
9.2797458268905597122966355527751147747040e-01
1.0000000000000000000000000000000000000000e+00
0.0000000000000000000000000000000000000000e+00
1.0000000000000000000000000000000000000000e+00
6.7123987360488257536417222581803798675537e-01
1.0000000000000000000000000000000000000000e+00
9.4441479412251960745550150022609159350395e-01
1.0000000000000000000000000000000000000000e+00
1.0000000000000000000000000000000000000000e+00
7.6281401448746966043046313643571920692921e-01
9.0969345790623679093300779641140252351761e-01
3.2505989054957939998757865396328270435333e-01
9.2797458268905552714045370521489530801773e-01
6.7693922867601230564105208031833171844482e-01
9.9989481288111614620817135801189579069614e-01
0.0000000000000000000000000000000000000000e+00
6.3217434952931439440249050676357001066208e-01
8.0039081428904712556260392375406809151173e-01
5.1234718540407664377767105179373174905777e-01
6.0607505997292432375900261831702664494514e-01
5.2543428990129414923870854181586764752865e-01
5.6337758585006403322381629550363868474960e-01
6.7123987360488268638647468833369202911854e-01
7.1066972425797958479165572498459368944168e-01
4.8649973657926293135744799656094983220100e-01
4.7855978985177827222941004947642795741558e-01
4.0378156978703771962102564430097118020058e-01
7.7908967246723048738488159870030358433723e-01
4.1289964605993856316956680529983714222908e-01
2.9918690550198279165527992518036626279354e-01
1.0000000000000000000000000000000000000000e+00
6.3228615727294801285296443893457762897015e-01
6.1095418250917066238514507858781144022942e-01
5.1234718540407664377767105179373174905777e-01
2.9918690550198279165527992518036626279354e-01
5.2447044657969588143942019087262451648712e-01
6.5775035950426430364501584335812367498875e-01
7.3565086936461399069742128631332889199257e-01
7.1066972425797914070244587492197751998901e-01
8.4357912049378414032219097862252965569496e-01
7.1066972425797914070244587492197751998901e-01
6.7123987360488213127496237575542181730270e-01
6.2418598832850480384593083726940676569939e-01
6.2835374497047946640293503151042386889458e-01
5.1024860053399678783137005666503682732582e-01
3.1925397091986751352266082903952337801456e-01
4.9750944435588545511350844208209309726954e-01
6.0464841368631261353527861501788720488548e-01
4.9750944435588545511350844208209309726954e-01
1.0000000000000000000000000000000000000000e+00
7.1066972425797914070244587492197751998901e-01
5.2447044657969588143942019087262451648712e-01
3.0918735580375700244815106998430564999580e-01
4.9543294349821720423676651989808306097984e-01
8.8240196744993060207207236089743673801422e-02
3.6977536070430511161433173583645839244127e-01
0.0000000000000000000000000000000000000000e+00
5.1234718540407664377767105179373174905777e-01
6.0607505997292432375900261831702664494514e-01
0.0000000000000000000000000000000000000000e+00
2.9062620721968263071133264929812867194414e-01
0.0000000000000000000000000000000000000000e+00
2.0300265499970451821276640202995622530580e-01
0.0000000000000000000000000000000000000000e+00
3.9325161706767003400031512683199252933264e-01
0.0000000000000000000000000000000000000000e+00
2.5936801934715708606304929162433836609125e-01
2.8395088556659769940537785259948577731848e-01
1.8847835602699314350161330366972833871841e-01
5.2932033656736920956831227158545516431332e-01
5.2932033656736920956831227158545516431332e-01
5.2447044657969588143942019087262451648712e-01
0.0000000000000000000000000000000000000000e+00
2.9918690550198279165527992518036626279354e-01
8.8240196744993060207207236089743673801422e-02
0.0000000000000000000000000000000000000000e+00
3.6977536070430511161433173583645839244127e-01
0.0000000000000000000000000000000000000000e+00
5.1234718540407664377767105179373174905777e-01
6.0607505997292432375900261831702664494514e-01
0.0000000000000000000000000000000000000000e+00
2.9062620721968263071133264929812867194414e-01
0.0000000000000000000000000000000000000000e+00
2.0300265499970451821276640202995622530580e-01
0.0000000000000000000000000000000000000000e+00
3.9325161706767003400031512683199252933264e-01
0.0000000000000000000000000000000000000000e+00
2.5936801934715708606304929162433836609125e-01
2.8395088556659769940537785259948577731848e-01
1.8847835602699314350161330366972833871841e-01
5.2932033656736920956831227158545516431332e-01
5.2932033656736920956831227158545516431332e-01
5.2447044657969588143942019087262451648712e-01
0.0000000000000000000000000000000000000000e+00
2.9918690550198279165527992518036626279354e-01
8.8240196744993060207207236089743673801422e-02
0.0000000000000000000000000000000000000000e+00
0.0000000000000000000000000000000000000000e+00
3.6977536070430511161433173583645839244127e-01
0.0000000000000000000000000000000000000000e+00
5.1234718540407664377767105179373174905777e-01
6.0607505997292432375900261831702664494514e-01
0.0000000000000000000000000000000000000000e+00
2.9062620721968263071133264929812867194414e-01
0.0000000000000000000000000000000000000000e+00
2.0300265499970451821276640202995622530580e-01
0.0000000000000000000000000000000000000000e+00
3.9325161706767003400031512683199252933264e-01
0.0000000000000000000000000000000000000000e+00
2.5936801934715708606304929162433836609125e-01
2.8395088556659769940537785259948577731848e-01
1.8847835602699314350161330366972833871841e-01
5.2932033656736920956831227158545516431332e-01
5.2932033656736920956831227158545516431332e-01
5.2447044657969588143942019087262451648712e-01
0.0000000000000000000000000000000000000000e+00
2.9918690550198279165527992518036626279354e-01
8.8240196744993060207207236089743673801422e-02
0.0000000000000000000000000000000000000000e+00
0.0000000000000000000000000000000000000000e+00
0.0000000000000000000000000000000000000000e+00
9.7500580660773550789599539712071418762207e+01
6.1876309051691134877071220898869796656072e-02
