1
0
23
1.0000000000000000000000000000000000000000e+00
3.5496570847507419310673526524624321609735e-01
3.6457167519948097123005936737172305583954e-01
8.0415997872194955320424014644231647253036e-01
0.0000000000000000000000000000000000000000e+00
7.1057943938683254536670119705377146601677e-01
5.2983520025200570024992430262500420212746e-01
5.2983520025200570024992430262500420212746e-01
9.0972358126284291746088683794368989765644e-01
7.8060154380990875999657419015420600771904e-01
6.5032762819825795652661781787173822522163e-01
6.0872106247358837016747656889492645859718e-01
6.0700166014974743511345423030434176325798e-01
6.8442284608461423367486986535368487238884e-01
7.5030527692731985300866881516412831842899e-01
1.0000000000000000000000000000000000000000e+00
0.0000000000000000000000000000000000000000e+00
6.3094424178946384440536121473996900022030e-01
5.8128392870749301390986829574103467166424e-01
5.2983520025200570024992430262500420212746e-01
7.3932256317675382195631073045660741627216e-01
1.0000000000000000000000000000000000000000e+00
3.0459033397224377637257930473424494266510e-01
4.4562517057226658234725391594110988080502e-01
5.2560933441009471955851495295064523816109e-01
5.2983520025200570024992430262500420212746e-01
6.4541699551005915491685982487979345023632e-01
1.0000000000000000000000000000000000000000e+00
5.0758945118791687356463171454379335045815e-01
2.5741301462363391783227939413336571305990e-02
5.6999925237262150101713586991536431014538e-01
6.6721586778172159437616528521175496280193e-01
6.6604852940736436472946024878183379769325e-01
8.5276865975676030551255735190352424979210e-01
5.7385656961782138818506382449413649737835e-01
6.6721586778172159437616528521175496280193e-01
6.6604852940736736233162673670449294149876e-01
2.0426308994611402924945764425501693040133e-01
1.0000000000000000000000000000000000000000e+00
4.3756942058211539814394086533866357058287e-01
5.2983520025200570024992430262500420212746e-01
7.3932256317675382195631073045660741627216e-01
1.0000000000000000000000000000000000000000e+00
3.0459033397224377637257930473424494266510e-01
6.1782822546682103492798887600656598806381e-01
8.9015642424950736089073188850306905806065e-01
3.9862347542119501431212569286799407564104e-02
7.0305093718449396256175987218739464879036e-01
7.6376157139278522123504444607533514499664e-01
7.0305093718449140904880323432735167443752e-01
8.2326374840841631819188251029117964208126e-01
1.0000000000000000000000000000000000000000e+00
8.2272257630430578601021807116921991109848e-01
6.8989533230823285592236970842350274324417e-01
7.5280562603123146736550097557483240962029e-01
8.0967332338532305158196322736330330371857e-01
4.0510864971156346214797849825117737054825e-01
6.6216703717533231809966309810988605022430e-01
7.5682133369897164332229522187844850122929e-01
5.2983520025200570024992430262500420212746e-01
9.4343878376092493720506126919644884765148e-01
6.5133050892674049237029976211488246917725e-01
9.6547833212155265147913496548426337540150e-01
6.2641889397985084375619635466136969625950e-01
9.8964031110322436823878433642676100134850e-01
6.3595376010397142163554917715373449027538e-01
5.2983520025200570024992430262500420212746e-01
0.0000000000000000000000000000000000000000e+00
6.0700166014974987760410840564873069524765e-01
4.5285711036894105152583733797655440866947e-01
5.2983520025200570024992430262500420212746e-01
7.5313669872419042317090998039930127561092e-01
1.0000000000000000000000000000000000000000e+00
6.3264427077793816689421646515256725251675e-01
4.9947947108041945707412878618924878537655e-01
6.4803687603761683799774573344620876014233e-01
1.0000000000000000000000000000000000000000e+00
7.0305093718449396256175987218739464879036e-01
1.0000000000000000000000000000000000000000e+00
2.4865366523351362104676809394732117652893e-01
3.7711008092986109119237880804575979709625e-01
1.0000000000000000000000000000000000000000e+00
8.7436815835353598469481539723346941173077e-01
1.0000000000000000000000000000000000000000e+00
1.0000000000000000000000000000000000000000e+00
9.3490846511949543540254126128274947404861e-01
1.0000000000000000000000000000000000000000e+00
1.0000000000000000000000000000000000000000e+00
1.0000000000000000000000000000000000000000e+00
8.0871586984806020925731218085275031626225e-01
5.8881727191597876824857848987448960542679e-01
8.9931925013081159825389931938843801617622e-01
2.5232398443678916155619162964285351336002e-01
8.9347528876617665627435371789033524692059e-01
1.0000000000000000000000000000000000000000e+00
6.1763369402129786323030202765949070453644e-01
8.8288379065957300895206572022289037704468e-01
1.9330108142656832193040372658288106322289e-01
9.6785585678001373466372569964732974767685e-01
7.6644883104327232725694329928955994546413e-01
8.0250208706013015369507002105819992721081e-01
8.1599383161849492474004819086985662579536e-01
4.7678677990208750969713946687988936901093e-01
3.1474850765693213050511189976532477885485e-01
1.0000000000000000000000000000000000000000e+00
8.3988925708834749617182069414411671459675e-01
1.9330108142656832193040372658288106322289e-01
9.1870707557266817477881204467848874628544e-01
7.9212292147014673471261403392418287694454e-01
6.6604852940736036792657159821828827261925e-01
8.3300682147930860121931573303299956023693e-01
1.0000000000000000000000000000000000000000e+00
8.8751707227229814645141914297710172832012e-01
8.3300682147930915633082804561126977205276e-01
7.9212292147014673471261403392418287694454e-01
1.0000000000000000000000000000000000000000e+00
8.0967332338532305158196322736330330371857e-01
1.0000000000000000000000000000000000000000e+00
9.5989101731270576323140630847774446010590e-01
9.6187167150646679658620996633544564247131e-01
9.9831005885287549261875028605572879314423e-01
5.2528449865878223956627834922983311116695e-01
6.6216703717532954254210153521853499114513e-01
6.6216703717532954254210153521853499114513e-01
7.0305093718449140904880323432735167443752e-01
7.0305093718449607198550665998482145369053e-01
8.1903951208150704843546918709762394428253e-01
7.2534241456976766837527748066349886357784e-01
6.6604852940736158917189868589048273861408e-01
7.0305093718449929163227807293878868222237e-01
8.8476941592465130348443835828220471739769e-01
7.0305093718449396256175987218739464879036e-01
6.6814943188896536163667860819259658455849e-01
7.0305093718449607198550665998482145369053e-01
5.8255850923824781251170179530163295567036e-01
1.0000000000000000000000000000000000000000e+00
5.2528449865878223956627834922983311116695e-01
5.2528449865878223956627834922983311116695e-01
6.6216703717532654493993504729587584733963e-01
6.1415828741448341698827562140650115907192e-01
5.8255850923824381570881314473808743059635e-01
7.5756657529359394676049532790784724056721e-01
5.7199398242067922559783710312331095337868e-01
5.1253575203371737334379076855839230120182e-01
7.3932256317675382195631073045660741627216e-01
7.0305093718449673811932143507874570786953e-01
5.1284941095196656668520063249161466956139e-01
6.1445508612251764635203699072008021175861e-01
6.9508587977998192997119986102916300296783e-01
5.8255850923824381570881314473808743059635e-01
6.0281551473390215800662872425164096057415e-01
7.5639923691923371951162380355526693165302e-01
7.5756657529359394676049532790784724056721e-01
5.8255850923824381570881314473808743059635e-01
5.1253575203371737334379076855839230120182e-01
1.0000000000000000000000000000000000000000e+00
1.0000000000000000000000000000000000000000e+00
9.6330406696352921525061674401513300836086e-01
1.0000000000000000000000000000000000000000e+00
0.0000000000000000000000000000000000000000e+00
1.0000000000000000000000000000000000000000e+00
6.6604852940736158917189868589048273861408e-01
9.2961118864249414617262345927883870899677e-01
1.0000000000000000000000000000000000000000e+00
9.2961118864249414617262345927883870899677e-01
1.0000000000000000000000000000000000000000e+00
8.0103639980285934463211106049129739403725e-01
9.2544782207681797192577732857898809015751e-01
3.2466328596322657773498576716519892215729e-01
9.8640224209992943826819100650027394294739e-01
6.2404500962752118553567015624139457941055e-01
9.8473797007201280262478348959120921790600e-01
0.0000000000000000000000000000000000000000e+00
6.5032762819825795652661781787173822522163e-01
7.1057943938683254536670119705377146601677e-01
5.3503027022570692761149757643579505383968e-01
6.5032762819825795652661781787173822522163e-01
5.4722655174925627363791136303916573524475e-01
4.9400427354470677343556417326908558607101e-01
6.6604852940736158917189868589048273861408e-01
7.1674603150595161960012546842335723340511e-01
5.1469458854565686145576819399138912558556e-01
4.7678677990208750969713946687988936901093e-01
4.1755757818286459714940406229288782924414e-01
7.1949640531350900207741005942807532846928e-01
4.4747175184635834543911414584727026522160e-01
3.1474850765693213050511189976532477885485e-01
1.0000000000000000000000000000000000000000e+00
6.4147661666201116759111755527555942535400e-01
6.2417520767765000133664443637826479971409e-01
5.3503027022570692761149757643579505383968e-01
3.1474850765693213050511189976532477885485e-01
5.1253575203371737334379076855839230120182e-01
6.5807802983560681475694309483515098690987e-01
7.5030527692731985300866881516412831842899e-01
7.0574113314746811376210189337143674492836e-01
6.4084861993070141306105824696714989840984e-01
7.4463076913269732326483563156216405332088e-01
6.6604852940736158917189868589048273861408e-01
6.5807802983560814702457264502299949526787e-01
6.2034903122798046304353647428797557950020e-01
4.9947947108042245467629527411190792918205e-01
3.2203148018949767639185211010044440627098e-01
4.9947947108041945707412878618924878537655e-01
5.8653978501141845747213210415793582797050e-01
4.9811467326977687530842331398162059485912e-01
1.0000000000000000000000000000000000000000e+00
7.0305093718449396256175987218739464879036e-01
5.1253575203371737334379076855839230120182e-01
3.2036399242292579181423661793814972043037e-01
4.9617271106552141013423806725768372416496e-01
7.9373765363908832526362857606727629899979e-02
3.6457167519948097123005936737172305583954e-01
0.0000000000000000000000000000000000000000e+00
5.2983520025200570024992430262500420212746e-01
6.0872106247358837016747656889492645859718e-01
0.0000000000000000000000000000000000000000e+00
3.0459033397224377637257930473424494266510e-01
2.5741301462363391783227939413336571305990e-02
2.0426308994611402924945764425501693040133e-01
3.9862347542119501431212569286799407564104e-02
4.0510864971156346214797849825117737054825e-01
0.0000000000000000000000000000000000000000e+00
2.4865366523351362104676809394732117652893e-01
2.5232398443678916155619162964285351336002e-01
1.9330108142656832193040372658288106322289e-01
5.2528449865878223956627834922983311116695e-01
5.2528449865878223956627834922983311116695e-01
5.1253575203371737334379076855839230120182e-01
0.0000000000000000000000000000000000000000e+00
3.1474850765693213050511189976532477885485e-01
7.9373765363908832526362857606727629899979e-02
0.0000000000000000000000000000000000000000e+00
3.6457167519948097123005936737172305583954e-01
0.0000000000000000000000000000000000000000e+00
5.2983520025200570024992430262500420212746e-01
6.0872106247358837016747656889492645859718e-01
0.0000000000000000000000000000000000000000e+00
3.0459033397224377637257930473424494266510e-01
2.5741301462363391783227939413336571305990e-02
2.0426308994611402924945764425501693040133e-01
3.9862347542119501431212569286799407564104e-02
4.0510864971156346214797849825117737054825e-01
0.0000000000000000000000000000000000000000e+00
2.4865366523351362104676809394732117652893e-01
2.5232398443678916155619162964285351336002e-01
1.9330108142656832193040372658288106322289e-01
5.2528449865878223956627834922983311116695e-01
5.2528449865878223956627834922983311116695e-01
5.1253575203371737334379076855839230120182e-01
0.0000000000000000000000000000000000000000e+00
3.1474850765693213050511189976532477885485e-01
7.9373765363908832526362857606727629899979e-02
0.0000000000000000000000000000000000000000e+00
0.0000000000000000000000000000000000000000e+00
3.6457167519948097123005936737172305583954e-01
0.0000000000000000000000000000000000000000e+00
5.2983520025200570024992430262500420212746e-01
6.0872106247358837016747656889492645859718e-01
0.0000000000000000000000000000000000000000e+00
3.0459033397224377637257930473424494266510e-01
2.5741301462363391783227939413336571305990e-02
2.0426308994611402924945764425501693040133e-01
3.9862347542119501431212569286799407564104e-02
4.0510864971156346214797849825117737054825e-01
0.0000000000000000000000000000000000000000e+00
2.4865366523351362104676809394732117652893e-01
2.5232398443678916155619162964285351336002e-01
1.9330108142656832193040372658288106322289e-01
5.2528449865878223956627834922983311116695e-01
5.2528449865878223956627834922983311116695e-01
5.1253575203371737334379076855839230120182e-01
0.0000000000000000000000000000000000000000e+00
3.1474850765693213050511189976532477885485e-01
7.9373765363908832526362857606727629899979e-02
0.0000000000000000000000000000000000000000e+00
0.0000000000000000000000000000000000000000e+00
0.0000000000000000000000000000000000000000e+00
9.7781073255676645317180373240262269973755e+01
6.5415633290890382034454830773029243573546e-02
