1
0
23
1.0000000000000000000000000000000000000000e+00
3.4320524964112053556419823507894761860371e-01
3.4071964534681264957782786950701847672462e-01
7.5670350636573224800685011359746567904949e-01
0.0000000000000000000000000000000000000000e+00
7.1639829706485547156091797660337761044502e-01
5.0573377238329220162427191098686307668686e-01
5.0573377238329220162427191098686307668686e-01
8.9383412521221305979679527808912098407745e-01
7.3386199138328833679878471230040304362774e-01
6.2526278372802734928370682609966024756432e-01
5.3595513986568366071594482491491362452507e-01
5.9799462515301371468012803234159946441650e-01
6.5037806813168164143945659816381521522999e-01
7.5583444195105564666903319448465481400490e-01
1.0000000000000000000000000000000000000000e+00
0.0000000000000000000000000000000000000000e+00
6.2199626570701382899386544522712938487530e-01
5.4988910562124682090967553449445404112339e-01
5.0573377238329220162427191098686307668686e-01
6.9553046747910485247956557941506616771221e-01
1.0000000000000000000000000000000000000000e+00
2.8168388518575326884274545591324567794800e-01
4.0699119632795083267851055097708012908697e-01
5.0573377238329109140124728583032265305519e-01
5.0573377238329220162427191098686307668686e-01
5.8447148668399484527924414578592404723167e-01
1.0000000000000000000000000000000000000000e+00
4.6494247533925969761980923067312687635422e-01
0.0000000000000000000000000000000000000000e+00
5.7197532103368686762223660480231046676636e-01
6.5099993509740661234985736882663331925869e-01
6.6652679808871206912357365581556223332882e-01
8.3349095158001906824551952013280242681503e-01
6.1271167400664694469014648348093032836914e-01
6.5099993509740661234985736882663331925869e-01
6.2573550104467945409680851298617199063301e-01
2.0361329329760319284403635720082093030214e-01
1.0000000000000000000000000000000000000000e+00
3.8205273854632088026406222525110933929682e-01
5.0573377238329220162427191098686307668686e-01
6.9553046747910474145726311689941212534904e-01
1.0000000000000000000000000000000000000000e+00
2.8168388518575326884274545591324567794800e-01
6.0941356011079439447541972185717895627022e-01
7.8676529691782493003415765997488051652908e-01
0.0000000000000000000000000000000000000000e+00
6.6652679808871206912357365581556223332882e-01
7.2456403758105092371977207221789285540581e-01
6.6652679808871206912357365581556223332882e-01
7.8046640269108169540857034007785841822624e-01
1.0000000000000000000000000000000000000000e+00
7.8026292818789411143143297522328794002533e-01
6.6173852307709779552169493399560451507568e-01
7.3289322298388259735446581544238142669201e-01
7.8046640269108169540857034007785841822624e-01
3.7205828558500608771453244116855785250664e-01
6.6130021355601376065180829755263403058052e-01
7.2416605798309707786586386646376922726631e-01
5.0809300226225762031617705360986292362213e-01
9.3061982309560287163208158744964748620987e-01
6.9203137997513175516672845333232544362545e-01
9.2940248411682957474511113105108961462975e-01
6.2573550104467812182917896279832348227501e-01
1.0000000000000000000000000000000000000000e+00
6.2711963419805605290946459717815741896629e-01
5.0809300226225762031617705360986292362213e-01
0.0000000000000000000000000000000000000000e+00
5.9781656475936095773704437306150794029236e-01
4.3511336126719601935519676771946251392365e-01
5.0573377238329220162427191098686307668686e-01
7.2523258386679079201542208465980365872383e-01
1.0000000000000000000000000000000000000000e+00
5.4600839562594427611941227951319888234138e-01
4.6694259443472185822088249551597982645035e-01
6.0735627699784300315144491833052597939968e-01
1.0000000000000000000000000000000000000000e+00
6.6652679808871206912357365581556223332882e-01
1.0000000000000000000000000000000000000000e+00
1.9551303337031356033293150176177732646465e-01
3.4071964534681264957782786950701847672462e-01
1.0000000000000000000000000000000000000000e+00
8.3804831745407792897850640656542964279652e-01
1.0000000000000000000000000000000000000000e+00
1.0000000000000000000000000000000000000000e+00
9.1104896242291344421460053126793354749680e-01
1.0000000000000000000000000000000000000000e+00
1.0000000000000000000000000000000000000000e+00
1.0000000000000000000000000000000000000000e+00
7.8555666384102451615945028606802225112915e-01
5.9343090142100773931588264531455934047699e-01
8.4420907761692454140955987895722500979900e-01
2.2569342616291987457799450567108578979969e-01
8.6476326640756595587333777075400575995445e-01
1.0000000000000000000000000000000000000000e+00
5.9592022039050340787014192756032571196556e-01
8.8673565241665674996340840152697637677193e-01
1.9822773463716347741581103036878630518913e-01
9.1609293176448525208854789525503292679787e-01
7.9600676512604584544874342100229114294052e-01
8.0304914500295243584560012095607817173004e-01
7.6720664107192160230397348641417920589447e-01
4.3443119595359824813840532442554831504822e-01
3.1167621809936929544448958040447905659676e-01
1.0000000000000000000000000000000000000000e+00
8.1826944094836207010956741214613430202007e-01
1.7312163408558819965854524980386486276984e-01
8.9958189989952419551855200552381575107574e-01
7.6885066474619656595734795700991526246071e-01
6.6652679808871251321278350587817840278149e-01
8.1309093084632833026148546196054667234421e-01
1.0000000000000000000000000000000000000000e+00
8.3611559005916236131383811880368739366531e-01
8.1309093084632988457371993717970326542854e-01
7.6885066474619656595734795700991526246071e-01
9.7557628068206125870887035489431582391262e-01
7.8046640269108169540857034007785841822624e-01
1.0000000000000000000000000000000000000000e+00
9.0932798072671083833284910724614746868610e-01
9.5209020358573226427978397623519413173199e-01
9.3200931477163695415555366707849316298962e-01
4.8216763542023222122168135683750733733177e-01
6.6130021355601376065180829755263403058052e-01
6.2059420785826768796056285282247699797153e-01
6.6652679808871195810127119329990819096565e-01
6.6652679808871195810127119329990819096565e-01
7.7687326931248745776059649870148859918118e-01
6.8451805977107182954455311119090765714645e-01
6.4458466940620495755354113498469814658165e-01
6.6652679808871195810127119329990819096565e-01
8.4083539553243658026815410266863182187080e-01
6.6652679808871195810127119329990819096565e-01
6.6652679808871195810127119329990819096565e-01
6.6652679808871184707896873078425414860249e-01
5.5154781232462624096513081894954666495323e-01
9.8439696385429975578063022112473845481873e-01
4.8216763542023222122168135683750733733177e-01
4.8216763542023222122168135683750733733177e-01
6.5001225844510035489776100803283043205738e-01
5.9233910936866185359406244970159605145454e-01
5.5154781232462934958959976938785985112190e-01
7.2523258386678968179239745950326323509216e-01
5.5106933490133291897450362739618867635727e-01
4.9973964319121266797196767583955079317093e-01
6.9693515384827686709456884273095056414604e-01
7.2523258386678968179239745950326323509216e-01
4.9973964319121266797196767583955079317093e-01
5.9755122626058287949035729980096220970154e-01
6.7979896787135074553987124090781435370445e-01
5.5154781232462934958959976938785985112190e-01
5.9343090142100762829358018279890529811382e-01
7.2523258386678968179239745950326323509216e-01
7.3650322749829622015482755159609951078892e-01
5.5154781232462934958959976938785985112190e-01
4.9973964319121266797196767583955079317093e-01
1.0000000000000000000000000000000000000000e+00
1.0000000000000000000000000000000000000000e+00
9.5148365318168881543670067912898957729340e-01
1.0000000000000000000000000000000000000000e+00
0.0000000000000000000000000000000000000000e+00
1.0000000000000000000000000000000000000000e+00
6.4458466940620495755354113498469814658165e-01
8.9190059495522233667941236490150913596153e-01
8.9505289915587205040736762384767644107342e-01
8.9190059495522222565710990238585509359837e-01
1.0000000000000000000000000000000000000000e+00
7.8967240645205549753882223740220069885254e-01
8.6094211360375472175121558393584564328194e-01
3.1167621809936929544448958040447905659676e-01
9.6275429681319513175452584619051776826382e-01
5.6863572811782980842565393686527386307716e-01
9.0959174653526997378349960854393430054188e-01
0.0000000000000000000000000000000000000000e+00
6.2586515443478452080938723156577907502651e-01
6.2199818862513434059025030364864505827427e-01
5.0573377238329220162427191098686307668686e-01
6.2586515443478452080938723156577907502651e-01
5.8716413575385439926890285278204828500748e-01
4.6730170521822500528941191078047268092632e-01
6.2573550104467945409680851298617199063301e-01
7.3289322298388259735446581544238142669201e-01
5.2429136892035632655506560695357620716095e-01
4.3443119595359824813840532442554831504822e-01
4.4007443662015943708354370755841955542564e-01
6.5810980669840946077897569921333342790604e-01
4.2541357546220193164288048137677833437920e-01
3.1167621809936929544448958040447905659676e-01
9.7388395655174875287229951936751604080200e-01
5.9755122626058931878390012570889666676521e-01
5.9755122626058931878390012570889666676521e-01
5.0573377238329220162427191098686307668686e-01
3.0220297709305521394185234385076910257339e-01
5.0043315389982478968988743872614577412605e-01
6.2573550104467812182917896279832348227501e-01
7.5583444195105564666903319448465481400490e-01
6.7912062864091882197214999905554577708244e-01
6.4111230298876753508352521748747676610947e-01
7.2038464300160343078971436625579372048378e-01
6.5169344580601862304547466919757425785065e-01
6.6652679808871206912357365581556223332882e-01
5.7031230631165941158400300992070697247982e-01
4.5479808910513186415158770614652894437313e-01
3.2242599923293829844439528642396908253431e-01
4.7567373766068460350098234812321607023478e-01
5.8782240261846729900696573167806491255760e-01
4.9973964319121266797196767583955079317093e-01
9.7120108909703617428021971136331558227539e-01
6.6652679808871206912357365581556223332882e-01
4.9973964319121266797196767583955079317093e-01
3.4355086667635592601044436378288082778454e-01
4.6413849432329817856768272577028255909681e-01
6.3821390458141280532800010405480861663818e-02
3.4071964534681264957782786950701847672462e-01
0.0000000000000000000000000000000000000000e+00
5.0573377238329220162427191098686307668686e-01
5.3595513986568366071594482491491362452507e-01
0.0000000000000000000000000000000000000000e+00
2.8168388518575326884274545591324567794800e-01
0.0000000000000000000000000000000000000000e+00
2.0361329329760319284403635720082093030214e-01
0.0000000000000000000000000000000000000000e+00
3.7205828558500608771453244116855785250664e-01
0.0000000000000000000000000000000000000000e+00
1.9551303337031356033293150176177732646465e-01
2.2569342616291987457799450567108578979969e-01
1.7312163408558819965854524980386486276984e-01
4.8216763542023222122168135683750733733177e-01
4.8216763542023222122168135683750733733177e-01
4.9973964319121266797196767583955079317093e-01
0.0000000000000000000000000000000000000000e+00
3.0220297709305521394185234385076910257339e-01
6.3821390458141280532800010405480861663818e-02
0.0000000000000000000000000000000000000000e+00
3.4071964534681264957782786950701847672462e-01
0.0000000000000000000000000000000000000000e+00
5.0573377238329220162427191098686307668686e-01
5.3595513986568366071594482491491362452507e-01
0.0000000000000000000000000000000000000000e+00
2.8168388518575326884274545591324567794800e-01
0.0000000000000000000000000000000000000000e+00
2.0361329329760319284403635720082093030214e-01
0.0000000000000000000000000000000000000000e+00
3.7205828558500608771453244116855785250664e-01
0.0000000000000000000000000000000000000000e+00
1.9551303337031356033293150176177732646465e-01
2.2569342616291987457799450567108578979969e-01
1.7312163408558819965854524980386486276984e-01
4.8216763542023222122168135683750733733177e-01
4.8216763542023222122168135683750733733177e-01
4.9973964319121266797196767583955079317093e-01
0.0000000000000000000000000000000000000000e+00
3.0220297709305521394185234385076910257339e-01
6.3821390458141280532800010405480861663818e-02
0.0000000000000000000000000000000000000000e+00
0.0000000000000000000000000000000000000000e+00
3.4071964534681264957782786950701847672462e-01
0.0000000000000000000000000000000000000000e+00
5.0573377238329220162427191098686307668686e-01
5.3595513986568366071594482491491362452507e-01
0.0000000000000000000000000000000000000000e+00
2.8168388518575326884274545591324567794800e-01
0.0000000000000000000000000000000000000000e+00
2.0361329329760319284403635720082093030214e-01
0.0000000000000000000000000000000000000000e+00
3.7205828558500608771453244116855785250664e-01
0.0000000000000000000000000000000000000000e+00
1.9551303337031356033293150176177732646465e-01
2.2569342616291987457799450567108578979969e-01
1.7312163408558819965854524980386486276984e-01
4.8216763542023222122168135683750733733177e-01
4.8216763542023222122168135683750733733177e-01
4.9973964319121266797196767583955079317093e-01
0.0000000000000000000000000000000000000000e+00
3.0220297709305521394185234385076910257339e-01
6.3821390458141280532800010405480861663818e-02
0.0000000000000000000000000000000000000000e+00
0.0000000000000000000000000000000000000000e+00
0.0000000000000000000000000000000000000000e+00
9.7320630542878205915258149616420269012451e+01
6.8576804179309336362280191679019480943680e-02
