1
0
23
1.0000000000000000000000000000000000000000e+00
3.5509958399119567751256454357644543051720e-01
3.7485375719048602549676729722705204039812e-01
7.8329036879778657365136496082413941621780e-01
0.0000000000000000000000000000000000000000e+00
6.8467591367295399518155818441300652921200e-01
5.1817105190091172772781646926887333393097e-01
5.1817105190091172772781646926887333393097e-01
9.4911532917047125579301791731268167495728e-01
7.3680180543831452766312395397108048200607e-01
6.3471555785697375551279719729791395366192e-01
5.9970878403426108871343558348598890006542e-01
6.0030712567797872569741457482450641691685e-01
7.1161692601170434269164388751960359513760e-01
7.4721853314775499299571492883842438459396e-01
1.0000000000000000000000000000000000000000e+00
0.0000000000000000000000000000000000000000e+00
6.2748738945275184253347333651618100702763e-01
5.7752703363677337922155174965155310928822e-01
5.1817105190091172772781646926887333393097e-01
7.5668480931616488582847068755654618144035e-01
1.0000000000000000000000000000000000000000e+00
3.0374295710237131373787633492611348628998e-01
4.2608825393372606882280706486199051141739e-01
4.9331758792775970423605258474708534777164e-01
5.1817105190091172772781646926887333393097e-01
6.7469672090737786707137502162368036806583e-01
1.0000000000000000000000000000000000000000e+00
4.9280768037680494630947691803157795220613e-01
3.4879540532694007504144195763728930614889e-03
5.7611523176114176614248663099715486168861e-01
6.8581062747233589860229585610795766115189e-01
6.3471555785697375551279719729791395366192e-01
8.7230797559599282386955110268900170922279e-01
6.9752576802033261493818372400710359215736e-01
6.7722024487991261398889264455647207796574e-01
6.6126979252610385007216109443106688559055e-01
2.0713822603340489858503303821635199710727e-01
1.0000000000000000000000000000000000000000e+00
4.0632722983263253047070406864804681390524e-01
5.1817105190091172772781646926887333393097e-01
7.6635926959091604793172791687538847327232e-01
1.0000000000000000000000000000000000000000e+00
3.0374295710237131373787633492611348628998e-01
6.2502352968436503122262593024061061441898e-01
8.7276239581339931650205699042999185621738e-01
0.0000000000000000000000000000000000000000e+00
7.1221175932504221517405085251084528863430e-01
7.9380387472729918574287921728682704269886e-01
7.1221175932504221517405085251084528863430e-01
8.1487256927571460884962561976863071322441e-01
1.0000000000000000000000000000000000000000e+00
7.6736841306431802234300221243756823241711e-01
6.6126979252610385007216109443106688559055e-01
7.3044382793585904689592780414386652410030e-01
8.1531761505021060898457108123693615198135e-01
4.0298522715884033118527440819889307022095e-01
6.6671184206320366349984851694898679852486e-01
7.5805492117862627310387324541807174682617e-01
5.1817105190091172772781646926887333393097e-01
9.2556841955541602207091500531532801687717e-01
6.5604768059207652086683992820326238870621e-01
9.3484937642381993327944655902683734893799e-01
5.9950923860951987887091263473848812282085e-01
9.3518016210702015200695313978940248489380e-01
6.1757070857960338905456865177256986498833e-01
5.2216875059428291550034373358357697725296e-01
0.0000000000000000000000000000000000000000e+00
6.0030712567797872569741457482450641691685e-01
4.1111681675029387861286522820591926574707e-01
5.1817105190091172772781646926887333393097e-01
7.1515109357721162730570085841463878750801e-01
1.0000000000000000000000000000000000000000e+00
6.3521091154222564245657167703029699623585e-01
4.7903056017103551322833254744182340800762e-01
6.3617883437404532109837873576907441020012e-01
1.0000000000000000000000000000000000000000e+00
7.1221175932504221517405085251084528863430e-01
1.0000000000000000000000000000000000000000e+00
2.7020027737398272238422691771120298653841e-01
4.1001702489301211640437827554706018418074e-01
1.0000000000000000000000000000000000000000e+00
1.0000000000000000000000000000000000000000e+00
1.0000000000000000000000000000000000000000e+00
1.0000000000000000000000000000000000000000e+00
9.7442549388108479213599366630660369992256e-01
1.0000000000000000000000000000000000000000e+00
1.0000000000000000000000000000000000000000e+00
1.0000000000000000000000000000000000000000e+00
8.3716201181326344027411323622800409793854e-01
5.7968647499301806380600510237854905426502e-01
9.3678908231867230593792328363633714616299e-01
2.7854247076572713481823484471533447504044e-01
8.9126203397970771291625169396866112947464e-01
1.0000000000000000000000000000000000000000e+00
5.6401421375449434236770684947259724140167e-01
9.2640398099549037258526595906005240976810e-01
1.8721731277556172279297186378244077786803e-01
9.7682116867096213663756998357712291181087e-01
8.6250475364177980885926899645710363984108e-01
8.0407272565657428309293663915013894438744e-01
7.6679890748358658925099007319658994674683e-01
4.8772229341240891375974797483650036156178e-01
2.9855405866784684443260289299360010772943e-01
1.0000000000000000000000000000000000000000e+00
8.3764175258893891484746063724742271006107e-01
1.8721731277556172279297186378244077786803e-01
9.4911532917047125579301791731268167495728e-01
7.5805492117862627310387324541807174682617e-01
6.3471555785697375551279719729791395366192e-01
8.2192514317125486833504055539378896355629e-01
1.0000000000000000000000000000000000000000e+00
9.7676356154047727642364407074637711048126e-01
8.0999223298812772497967671370133757591248e-01
7.5805492117862627310387324541807174682617e-01
9.7864986238309814581270984490402042865753e-01
8.1531761505021060898457108123693615198135e-01
9.5535743202680023511419449278037063777447e-01
9.7676356154047727642364407074637711048126e-01
9.5923218680846333850098517359583638608456e-01
1.0000000000000000000000000000000000000000e+00
5.2636607983638183938523980032186955213547e-01
6.5639906496881939013121609605150297284126e-01
6.4823983987973510245694797049509361386299e-01
7.1221175932504221517405085251084528863430e-01
7.1221175932504221517405085251084528863430e-01
8.6883180480910604526201268527074716985226e-01
7.1221175932504221517405085251084528863430e-01
6.7469672090737786707137502162368036806583e-01
7.1221175932504221517405085251084528863430e-01
8.7276239581339931650205699042999185621738e-01
7.1221175932504221517405085251084528863430e-01
6.6674216815319686801899479178246110677719e-01
7.1221175932504221517405085251084528863430e-01
5.9790805602076413372003571566892787814140e-01
1.0000000000000000000000000000000000000000e+00
5.2636607983638183938523980032186955213547e-01
5.2636607983638183938523980032186955213547e-01
6.5639906496881939013121609605150297284126e-01
6.0173067806151669945080584511742927134037e-01
5.9790805602076402269773325315327383577824e-01
7.7305107194960920313775432077818550169468e-01
5.9790805602076413372003571566892787814140e-01
5.2599011869143486030964140809373930096626e-01
7.5668480931616488582847068755654618144035e-01
6.9878483094376819817483692531823180615902e-01
5.2599011869143486030964140809373930096626e-01
6.0735735879248686774900534146581776440144e-01
6.9878483094376819817483692531823180615902e-01
5.9790805602076413372003571566892787814140e-01
5.7968647499301806380600510237854905426502e-01
7.6085308770232329411697946852655149996281e-01
7.8069964670783409399490437863278202712536e-01
5.9790805602076413372003571566892787814140e-01
5.2599011869143486030964140809373930096626e-01
1.0000000000000000000000000000000000000000e+00
8.2178071400021490688914127531461417675018e-01
9.2501206312688322164206056186230853199959e-01
1.0000000000000000000000000000000000000000e+00
0.0000000000000000000000000000000000000000e+00
1.0000000000000000000000000000000000000000e+00
6.7469672090737786707137502162368036806583e-01
1.0000000000000000000000000000000000000000e+00
9.4404505618844447578652534502907656133175e-01
1.0000000000000000000000000000000000000000e+00
1.0000000000000000000000000000000000000000e+00
7.3989482004248374735766446974594146013260e-01
9.3373541887001365591203239091555587947369e-01
3.4134947831254491834584996468038298189640e-01
9.2501206312688322164206056186230853199959e-01
6.9426996842106014629081300881807692348957e-01
9.4993219736079237414116960280807688832283e-01
0.0000000000000000000000000000000000000000e+00
6.3203839497424052495944124530069530010223e-01
7.9525082779958100598349801657604984939098e-01
5.1817105190091172772781646926887333393097e-01
5.9970878403426108871343558348598890006542e-01
5.4441748741072470973989538833848200738430e-01
5.7119960669234037808905668498482555150986e-01
6.8088182853977152753088830650085583329201e-01
7.1221175932504221517405085251084528863430e-01
4.9089568254478210818092520639766007661819e-01
4.7409243781851673205096631136257201433182e-01
4.1399636821079743853601939918007701635361e-01
7.8272285411634678897740968750440515577793e-01
4.1667197982419579282975519163301214575768e-01
2.9855405866784684443260289299360010772943e-01
1.0000000000000000000000000000000000000000e+00
6.3203839497424052495944124530069530010223e-01
6.1752908805937578584632774436613544821739e-01
5.1817105190091172772781646926887333393097e-01
2.9855405866784684443260289299360010772943e-01
5.2599011869143486030964140809373930096626e-01
6.5824232733201437639536379720084369182587e-01
7.4721853314775499299571492883842438459396e-01
7.1221175932504221517405085251084528863430e-01
9.0446503094081520668368057158659212291241e-01
7.1221175932504221517405085251084528863430e-01
6.7469672090737786707137502162368036806583e-01
6.2716469958480536295297724791453219950199e-01
6.1557665288018525995283880547503940761089e-01
5.1185873272064208450160549546126276254654e-01
3.1923911912832292347985685410094447433949e-01
5.0870940526086882993439530764590017497540e-01
6.2069372743698314476290534003055654466152e-01
4.9259476609197733187883727623557206243277e-01
1.0000000000000000000000000000000000000000e+00
7.1221175932504221517405085251084528863430e-01
5.2599011869143486030964140809373930096626e-01
3.0371096563921073929748217778978869318962e-01
5.0480413792546696694074626066139899194241e-01
9.0939182343690694310112121456768363714218e-02
3.7485375719048602549676729722705204039812e-01
0.0000000000000000000000000000000000000000e+00
5.1817105190091172772781646926887333393097e-01
5.9970878403426108871343558348598890006542e-01
0.0000000000000000000000000000000000000000e+00
3.0374295710237131373787633492611348628998e-01
3.4879540532694007504144195763728930614889e-03
2.0713822603340489858503303821635199710727e-01
0.0000000000000000000000000000000000000000e+00
4.0298522715884033118527440819889307022095e-01
0.0000000000000000000000000000000000000000e+00
2.7020027737398272238422691771120298653841e-01
2.7854247076572713481823484471533447504044e-01
1.8721731277556172279297186378244077786803e-01
5.2636607983638183938523980032186955213547e-01
5.2636607983638183938523980032186955213547e-01
5.2599011869143486030964140809373930096626e-01
0.0000000000000000000000000000000000000000e+00
2.9855405866784684443260289299360010772943e-01
9.0939182343690694310112121456768363714218e-02
0.0000000000000000000000000000000000000000e+00
3.7485375719048602549676729722705204039812e-01
0.0000000000000000000000000000000000000000e+00
5.1817105190091172772781646926887333393097e-01
5.9970878403426108871343558348598890006542e-01
0.0000000000000000000000000000000000000000e+00
3.0374295710237131373787633492611348628998e-01
3.4879540532694007504144195763728930614889e-03
2.0713822603340489858503303821635199710727e-01
0.0000000000000000000000000000000000000000e+00
4.0298522715884033118527440819889307022095e-01
0.0000000000000000000000000000000000000000e+00
2.7020027737398272238422691771120298653841e-01
2.7854247076572713481823484471533447504044e-01
1.8721731277556172279297186378244077786803e-01
5.2636607983638183938523980032186955213547e-01
5.2636607983638183938523980032186955213547e-01
5.2599011869143486030964140809373930096626e-01
0.0000000000000000000000000000000000000000e+00
2.9855405866784684443260289299360010772943e-01
9.0939182343690694310112121456768363714218e-02
0.0000000000000000000000000000000000000000e+00
0.0000000000000000000000000000000000000000e+00
3.7485375719048602549676729722705204039812e-01
0.0000000000000000000000000000000000000000e+00
5.1817105190091172772781646926887333393097e-01
5.9970878403426108871343558348598890006542e-01
0.0000000000000000000000000000000000000000e+00
3.0374295710237131373787633492611348628998e-01
3.4879540532694007504144195763728930614889e-03
2.0713822603340489858503303821635199710727e-01
0.0000000000000000000000000000000000000000e+00
4.0298522715884033118527440819889307022095e-01
0.0000000000000000000000000000000000000000e+00
2.7020027737398272238422691771120298653841e-01
2.7854247076572713481823484471533447504044e-01
1.8721731277556172279297186378244077786803e-01
5.2636607983638183938523980032186955213547e-01
5.2636607983638183938523980032186955213547e-01
5.2599011869143486030964140809373930096626e-01
0.0000000000000000000000000000000000000000e+00
2.9855405866784684443260289299360010772943e-01
9.0939182343690694310112121456768363714218e-02
0.0000000000000000000000000000000000000000e+00
0.0000000000000000000000000000000000000000e+00
0.0000000000000000000000000000000000000000e+00
9.7586372530063471231187577359378337860107e+01
6.2239662831674508192136840989405754953623e-02
