1
0
23
1.0000000000000000000000000000000000000000e+00
3.5481352509865243805009527022775728255510e-01
3.7274307088133223908599234164285007864237e-01
7.9403881911867202347821148578077554702759e-01
0.0000000000000000000000000000000000000000e+00
7.0971603374724290258512837681337259709835e-01
5.3097023322981684589905171378632076084614e-01
5.3097023322981684589905171378632076084614e-01
9.1685990396437544447394429880660027265549e-01
7.7553122397025797685188308605575002729893e-01
6.4907948423473116328352716664085164666176e-01
6.1631021573067801266887499878066591918468e-01
6.1243735325556536430724463571095839142799e-01
7.0177858067057674595901062275515869259834e-01
7.4817699056899189535840832832036539912224e-01
1.0000000000000000000000000000000000000000e+00
0.0000000000000000000000000000000000000000e+00
6.3305628724355311742755247905733995139599e-01
5.8271215749767535374559201954980380833149e-01
5.3097023322981684589905171378632076084614e-01
7.3979517988133869366151884605642408132553e-01
1.0000000000000000000000000000000000000000e+00
2.9600594259777912586883985568420030176640e-01
4.4283830414494390614876806466781999915838e-01
5.1756775318896952597924610017798840999603e-01
5.3097023322981684589905171378632076084614e-01
6.4907948423473116328352716664085164666176e-01
1.0000000000000000000000000000000000000000e+00
4.9516030987117554129639529492123983800411e-01
2.0658317522009441574715182809995894785970e-02
5.7334500546076816451801505536423064768314e-01
6.7386926927581602964067997163510881364346e-01
6.6536829883668424656661954941228032112122e-01
8.6166224543119240841804185038199648261070e-01
5.2907423331958980394773561783949844539165e-01
6.7386926927581602964067997163510881364346e-01
6.6536829883668557883424909960012882947922e-01
2.0724085685796389544321982612018473446369e-01
1.0000000000000000000000000000000000000000e+00
4.2536304420524007063875160383759066462517e-01
5.3097023322981684589905171378632076084614e-01
7.4081570858840550819479631172725930809975e-01
1.0000000000000000000000000000000000000000e+00
2.9600594259777912586883985568420030176640e-01
6.0474450852323791139042441500350832939148e-01
8.7043558798320752600830019218847155570984e-01
2.5641722216304705522782469984122144524008e-02
7.0446064663148144635584912975900806486607e-01
7.6340828407304872627037184429354965686798e-01
7.0446064663148144635584912975900806486607e-01
8.2351290333082516337270817530225031077862e-01
1.0000000000000000000000000000000000000000e+00
8.3618219322862574749422037712065503001213e-01
6.8701434610596401331150673286174423992634e-01
7.5570152624997688484143054665764793753624e-01
8.1412601822978825083509946125559508800507e-01
4.0497868355860061617690348612086381763220e-01
6.6730708017468598480803620986989699304104e-01
7.5646704777991957691085644910344853997231e-01
5.3097023322981684589905171378632076084614e-01
9.3728814939241700265881718223681673407555e-01
6.5430834392515579978066853072959929704666e-01
9.4388013020488226167969969537807628512383e-01
6.2191664710613936417615832397132180631161e-01
9.8375735538495268084346889736480079591274e-01
6.3244393743521354345205054414691403508186e-01
5.3097023322981684589905171378632076084614e-01
0.0000000000000000000000000000000000000000e+00
6.1243735325556536430724463571095839142799e-01
4.5165325805784051205193918576696887612343e-01
5.3097023322981684589905171378632076084614e-01
7.5116553824846743481202793191187083721161e-01
1.0000000000000000000000000000000000000000e+00
6.3305628724355311742755247905733995139599e-01
4.9441404921617604362182873956044204533100e-01
6.4242566139826395854584006883669644594193e-01
1.0000000000000000000000000000000000000000e+00
7.0446064663148144635584912975900806486607e-01
1.0000000000000000000000000000000000000000e+00
2.5110682493796915304429262505436781793833e-01
3.7412963990532333014016330707818269729614e-01
1.0000000000000000000000000000000000000000e+00
8.9573637928448890388466452350257895886898e-01
1.0000000000000000000000000000000000000000e+00
1.0000000000000000000000000000000000000000e+00
9.3787007696563362557640175509732216596603e-01
1.0000000000000000000000000000000000000000e+00
1.0000000000000000000000000000000000000000e+00
1.0000000000000000000000000000000000000000e+00
8.2366136804424683326431022578617557883263e-01
5.7934438095647999844572950678411871194839e-01
9.1683259936433569858849068623385392129421e-01
2.5550407672302022366039864209596998989582e-01
8.9021644247938647165341308209463022649288e-01
1.0000000000000000000000000000000000000000e+00
6.1467843449770331876180762264993973076344e-01
8.7992402271275238501146986891399137675762e-01
1.8818303873793817970749842061195522546768e-01
9.5578416723710946101277841080445796251297e-01
7.5557569699779392191629767694394104182720e-01
7.9645988888319629861456405706121586263180e-01
8.2545952556872259631148835978819988667965e-01
4.7461508877307001519341156381415203213692e-01
3.1068752374296809692921783607744146138430e-01
1.0000000000000000000000000000000000000000e+00
8.3459260020791392609140757485874928534031e-01
1.8818303873793817970749842061195522546768e-01
9.2570112164767304196999475607299245893955e-01
7.8816884789936791921860503862262703478336e-01
6.6536829883668424656661954941228032112122e-01
8.2782528475215733099190629218355752527714e-01
1.0000000000000000000000000000000000000000e+00
9.1047212641820696177319405251182615756989e-01
8.2782528475215733099190629218355752527714e-01
7.8816884789936791921860503862262703478336e-01
1.0000000000000000000000000000000000000000e+00
8.1412601822978825083509946125559508800507e-01
1.0000000000000000000000000000000000000000e+00
9.5811234192698702116786080296151340007782e-01
9.5808918575438850595560325018595904111862e-01
9.8200905785783698664914709297590889036655e-01
5.2363954501898413163019085914129391312599e-01
6.6536829883668557883424909960012882947922e-01
6.6480420977869203458254787619807757437229e-01
7.0446064663148144635584912975900806486607e-01
7.0446064663148144635584912975900806486607e-01
8.1750464240208731148129572829930111765862e-01
7.2600484834919676302433799719437956809998e-01
6.6536829883668557883424909960012882947922e-01
7.0446064663148144635584912975900806486607e-01
8.7043558798320752600830019218847155570984e-01
7.0446064663148144635584912975900806486607e-01
6.6984770279943184334570105420425534248352e-01
7.0446064663148144635584912975900806486607e-01
5.8635139562656712897137367690447717905045e-01
1.0000000000000000000000000000000000000000e+00
5.2363954501898413163019085914129391312599e-01
5.2363954501898413163019085914129391312599e-01
6.6536829883668557883424909960012882947922e-01
6.0752952969343920752720578093430958688259e-01
5.8635139562656712897137367690447717905045e-01
7.6509719614399340770205526496283710002899e-01
5.8635139562656712897137367690447717905045e-01
5.0780063238613437626156610349426046013832e-01
7.3979517988133869366151884605642408132553e-01
7.0446064663148133533354666724335402250290e-01
5.0955500853321322729527764749946072697639e-01
6.1237950036872346171179515295079909265041e-01
6.9214113573161961667778996343258768320084e-01
5.8635139562656712897137367690447717905045e-01
5.7934438095647999844572950678411871194839e-01
7.5557569699779614236234692725702188909054e-01
7.6509719614399340770205526496283710002899e-01
5.8635139562656712897137367690447717905045e-01
5.0780063238613437626156610349426046013832e-01
1.0000000000000000000000000000000000000000e+00
1.0000000000000000000000000000000000000000e+00
9.6723073149594696040765029465546831488609e-01
1.0000000000000000000000000000000000000000e+00
0.0000000000000000000000000000000000000000e+00
1.0000000000000000000000000000000000000000e+00
6.6536829883668557883424909960012882947922e-01
1.0000000000000000000000000000000000000000e+00
1.0000000000000000000000000000000000000000e+00
1.0000000000000000000000000000000000000000e+00
1.0000000000000000000000000000000000000000e+00
7.7056445950379814924247057206230238080025e-01
9.3440506400646983209412610449362546205521e-01
3.2548023527381808595038137355004437267780e-01
1.0000000000000000000000000000000000000000e+00
6.2733143776240973821245461294893175363541e-01
9.8240406126028068101163626124616712331772e-01
0.0000000000000000000000000000000000000000e+00
6.4907948423473116328352716664085164666176e-01
7.2763024747516380497103227753541432321072e-01
5.3548958858063711030439435489824973046780e-01
6.4907948423473116328352716664085164666176e-01
5.5713437551704569905552943964721634984016e-01
5.0425934334555055915672028277185745537281e-01
6.6536829883668557883424909960012882947922e-01
7.2763024747516380497103227753541432321072e-01
5.1504413487521127912316387664759531617165e-01
4.7461508877307001519341156381415203213692e-01
4.1277357775670436845771860134846065193415e-01
7.4150106836736262572173927765106782317162e-01
4.4190521191392884148285702394787222146988e-01
3.1068752374296809692921783607744146138430e-01
1.0000000000000000000000000000000000000000e+00
6.4907948423473127430582962915650568902493e-01
6.2078892029260079876706868162727914750576e-01
5.3548958858063711030439435489824973046780e-01
3.1068752374296809692921783607744146138430e-01
5.0780063238613437626156610349426046013832e-01
6.4382409711897037318806269468041136860847e-01
7.4817699056899189535840832832036539912224e-01
7.0446064663148144635584912975900806486607e-01
6.6744149628393856232833059038966894149780e-01
7.3377453381458268566461811133194714784622e-01
6.6536829883668557883424909960012882947922e-01
6.4382409711897037318806269468041136860847e-01
6.0623291235010123845228235950344242155552e-01
5.0209534330126881496170199170592240989208e-01
3.1339633093371249694669700147642288357019e-01
4.9964190775348049644577486105845309793949e-01
5.8807273677193261374185340173426084220409e-01
4.8688674433537659780313333612866699695587e-01
1.0000000000000000000000000000000000000000e+00
7.0446064663148144635584912975900806486607e-01
5.0780063238613437626156610349426046013832e-01
3.3760140722147669034569616997032426297665e-01
4.9431265817202041379374577445560134947300e-01
7.0529332771198882667817997571546584367752e-02
3.7274307088133223908599234164285007864237e-01
0.0000000000000000000000000000000000000000e+00
5.3097023322981684589905171378632076084614e-01
6.1631021573067801266887499878066591918468e-01
0.0000000000000000000000000000000000000000e+00
2.9600594259777912586883985568420030176640e-01
2.0658317522009441574715182809995894785970e-02
2.0724085685796389544321982612018473446369e-01
2.5641722216304705522782469984122144524008e-02
4.0497868355860061617690348612086381763220e-01
0.0000000000000000000000000000000000000000e+00
2.5110682493796915304429262505436781793833e-01
2.5550407672302022366039864209596998989582e-01
1.8818303873793817970749842061195522546768e-01
5.2363954501898413163019085914129391312599e-01
5.2363954501898413163019085914129391312599e-01
5.0780063238613437626156610349426046013832e-01
0.0000000000000000000000000000000000000000e+00
3.1068752374296809692921783607744146138430e-01
7.0529332771198882667817997571546584367752e-02
0.0000000000000000000000000000000000000000e+00
3.7274307088133223908599234164285007864237e-01
0.0000000000000000000000000000000000000000e+00
5.3097023322981684589905171378632076084614e-01
6.1631021573067801266887499878066591918468e-01
0.0000000000000000000000000000000000000000e+00
2.9600594259777912586883985568420030176640e-01
2.0658317522009441574715182809995894785970e-02
2.0724085685796389544321982612018473446369e-01
2.5641722216304705522782469984122144524008e-02
4.0497868355860061617690348612086381763220e-01
0.0000000000000000000000000000000000000000e+00
2.5110682493796915304429262505436781793833e-01
2.5550407672302022366039864209596998989582e-01
1.8818303873793817970749842061195522546768e-01
5.2363954501898413163019085914129391312599e-01
5.2363954501898413163019085914129391312599e-01
5.0780063238613437626156610349426046013832e-01
0.0000000000000000000000000000000000000000e+00
3.1068752374296809692921783607744146138430e-01
7.0529332771198882667817997571546584367752e-02
0.0000000000000000000000000000000000000000e+00
0.0000000000000000000000000000000000000000e+00
3.7274307088133223908599234164285007864237e-01
0.0000000000000000000000000000000000000000e+00
5.3097023322981684589905171378632076084614e-01
6.1631021573067801266887499878066591918468e-01
0.0000000000000000000000000000000000000000e+00
2.9600594259777912586883985568420030176640e-01
2.0658317522009441574715182809995894785970e-02
2.0724085685796389544321982612018473446369e-01
2.5641722216304705522782469984122144524008e-02
4.0497868355860061617690348612086381763220e-01
0.0000000000000000000000000000000000000000e+00
2.5110682493796915304429262505436781793833e-01
2.5550407672302022366039864209596998989582e-01
1.8818303873793817970749842061195522546768e-01
5.2363954501898413163019085914129391312599e-01
5.2363954501898413163019085914129391312599e-01
5.0780063238613437626156610349426046013832e-01
0.0000000000000000000000000000000000000000e+00
3.1068752374296809692921783607744146138430e-01
7.0529332771198882667817997571546584367752e-02
0.0000000000000000000000000000000000000000e+00
0.0000000000000000000000000000000000000000e+00
0.0000000000000000000000000000000000000000e+00
9.7466640886544155364390462636947631835938e+01
6.5137007812340108614534983644261956214905e-02
