1
0
23
1.0000000000000000000000000000000000000000e+00
3.4798229638859917711712910204369109123945e-01
3.5812988860187211503927073863451369106770e-01
7.6543411065048538866051330842310562729836e-01
0.0000000000000000000000000000000000000000e+00
7.2305415013722496020420749118784442543983e-01
5.1834848375454090074754276429302990436554e-01
5.1834848375454090074754276429302990436554e-01
8.9864199139940126315195811912417411804199e-01
7.5070914182959025406915998246404342353344e-01
6.3572372803348942138512711608200334012508e-01
5.5283141593183637851893763581756502389908e-01
6.0648756567455419652645787209621630609035e-01
6.7968173655936903188035103084985166788101e-01
7.6344142393122493839285880312672816216946e-01
1.0000000000000000000000000000000000000000e+00
0.0000000000000000000000000000000000000000e+00
6.2966628246925671064104790275450795888901e-01
5.6118266348120460218495963999885134398937e-01
5.1841367260738269173714343196479603648186e-01
7.0596644193611735040860821754904463887215e-01
1.0000000000000000000000000000000000000000e+00
2.9634936749700235836257888877298682928085e-01
4.1663695230955671844341736687056254595518e-01
5.1143433180507424928862292290432378649712e-01
5.1834848375454090074754276429302990436554e-01
5.9521225112892617303828046715352684259415e-01
1.0000000000000000000000000000000000000000e+00
4.7641418576868355128084431271417997777462e-01
1.0239994438620669825468212366104125976562e-02
5.7932541206847054660045159835135564208031e-01
6.5971428466706838467104034862131811678410e-01
6.7591843973830545433401084665092639625072e-01
8.4262267167162852032902264909353107213974e-01
6.1287355258797171497775480020209215581417e-01
6.5971428466706838467104034862131811678410e-01
6.3398414175244810486731239507207646965981e-01
2.1965602870887734887617170898010954260826e-01
1.0000000000000000000000000000000000000000e+00
3.9975022202830534645556781470077112317085e-01
5.1834848375454090074754276429302990436554e-01
7.0548512478262070946044559605070389807224e-01
1.0000000000000000000000000000000000000000e+00
2.9634936749700235836257888877298682928085e-01
6.0402585811554843076010001823306083679199e-01
8.4999903945747279365718895860482007265091e-01
2.1182092526012882144348381530107872094959e-03
6.7591843973830545433401084665092639625072e-01
7.3543771599327911747678854226251132786274e-01
6.7591843973830545433401084665092639625072e-01
7.9910314915425861848063959769206121563911e-01
1.0000000000000000000000000000000000000000e+00
8.0806623690588241792909229843644425272942e-01
6.6856533908396131860030209281831048429012e-01
7.3613726582716998425581778064952231943607e-01
7.9910314915425839643603467266075313091278e-01
3.8155164076960590424647534746327437460423e-01
6.6592781047996618681850122811738401651382e-01
7.3973202473419585878389170829905197024345e-01
5.1834848375454090074754276429302990436554e-01
9.3068975382894569836622622460708953440189e-01
6.9295020406768981224843173549743369221687e-01
9.4536017791351478756212145526660606265068e-01
6.1896545368654753982440297477296553552151e-01
1.0000000000000000000000000000000000000000e+00
6.2945592143452011590909478400135412812233e-01
5.1834848375454090074754276429302990436554e-01
0.0000000000000000000000000000000000000000e+00
6.0648756567455419652645787209621630609035e-01
4.5751546286910527161495565451332367956638e-01
5.1834848375454090074754276429302990436554e-01
7.3523805665102048845227500351029448211193e-01
1.0000000000000000000000000000000000000000e+00
5.5856363297963529390699477517046034336090e-01
4.8042212057483424381132408598205074667931e-01
6.3505602643865255441113504275563172996044e-01
1.0000000000000000000000000000000000000000e+00
6.7591843973830545433401084665092639625072e-01
1.0000000000000000000000000000000000000000e+00
2.0000802674440798512023320654407143592834e-01
3.5812988860187211503927073863451369106770e-01
1.0000000000000000000000000000000000000000e+00
8.4747906099472369856329123649629764258862e-01
1.0000000000000000000000000000000000000000e+00
1.0000000000000000000000000000000000000000e+00
9.1188284433434696474307656899327412247658e-01
1.0000000000000000000000000000000000000000e+00
1.0000000000000000000000000000000000000000e+00
1.0000000000000000000000000000000000000000e+00
8.0837196203450223386255402147071436047554e-01
6.0787392904575032748226703915861435234547e-01
8.6083507176287554774063437434961088001728e-01
2.3700619716649007351350064709549769759178e-01
8.8346182759491687086494948744075372815132e-01
1.0000000000000000000000000000000000000000e+00
6.1213735400424262866891922385548241436481e-01
8.9362784282963003690269943035673350095749e-01
2.0647010999698800493007411205326206982136e-01
9.4820274668672399620561463962076231837273e-01
7.8852016136690894487770719933905638754368e-01
8.0851036449073310219404220333672128617764e-01
7.7625259855068151626511507856776006519794e-01
4.4584178742286550978235482034506276249886e-01
3.1958287105057259225304733263328671455383e-01
1.0000000000000000000000000000000000000000e+00
8.2573362426067298258658411214128136634827e-01
1.8328544019443482326892080891411751508713e-01
9.0409423393166576943258405663073062896729e-01
7.7770829339026514848143278868519701063633e-01
6.7591843973830523228940592161961831152439e-01
8.2064116668039222002306587455677799880505e-01
9.9868095200000139843865554212243296205997e-01
8.3657056864424228503906988407834433019161e-01
8.2064116668039033264392401179065927863121e-01
7.7770829339026514848143278868519701063633e-01
9.7940626060498092719797114114044234156609e-01
7.9910314915425839643603467266075313091278e-01
1.0000000000000000000000000000000000000000e+00
9.2854596688900326029170173569582402706146e-01
9.6728212606832641995424637570977210998535e-01
9.5696391454808393817188516550231724977493e-01
4.9121941343831776460859828148386441171169e-01
6.6267482783423692360713630478130653500557e-01
6.3508909571663996196377865999238565564156e-01
6.7591843973830523228940592161961831152439e-01
6.7591843973830545433401084665092639625072e-01
7.9381177729779017759881298843538388609886e-01
6.9368561026916797374042289447970688343048e-01
6.5102522721902034152918758991290815174580e-01
6.7591843973830545433401084665092639625072e-01
8.4999903945747279365718895860482007265091e-01
6.7591843973830545433401084665092639625072e-01
6.6592781047996618681850122811738401651382e-01
6.7591843973830523228940592161961831152439e-01
5.6052965960937206624237205687677487730980e-01
1.0000000000000000000000000000000000000000e+00
4.9121941343831776460859828148386441171169e-01
4.9121941343831776460859828148386441171169e-01
6.6177561865808742780359352764207869768143e-01
6.0067220262353748783112905584857799112797e-01
5.6052965960937206624237205687677487730980e-01
7.3523805665102048845227500351029448211193e-01
5.6052965960937217726467451939242891967297e-01
5.1012108981492565451532072984264232218266e-01
7.1095031235514649647910800922545604407787e-01
7.3523805665102048845227500351029448211193e-01
5.1012108981492565451532072984264232218266e-01
6.0666860760570073818342962113092653453350e-01
6.8447293482753235327464835791033692657948e-01
5.6052965960937206624237205687677487730980e-01
6.0787392904575054952687196418992243707180e-01
7.3523805665102048845227500351029448211193e-01
7.4522868590936097721311170971603132784367e-01
5.6052965960937206624237205687677487730980e-01
5.1012108981492565451532072984264232218266e-01
1.0000000000000000000000000000000000000000e+00
1.0000000000000000000000000000000000000000e+00
9.5761916480291020548065716866403818130493e-01
1.0000000000000000000000000000000000000000e+00
0.0000000000000000000000000000000000000000e+00
1.0000000000000000000000000000000000000000e+00
6.5926950097798031613649527571396902203560e-01
8.9842392385709879398802968353265896439552e-01
9.0125446112974083590074769745115190744400e-01
8.9842392385709879398802968353265896439552e-01
1.0000000000000000000000000000000000000000e+00
7.9932607293317237129315344645874574780464e-01
8.9495817584493631002828806231264024972916e-01
3.1958287105057259225304733263328671455383e-01
9.6760979406125069424149387486977502703667e-01
5.6655787836087445619170921418117359280586e-01
9.4043953482496522866540544782765209674835e-01
0.0000000000000000000000000000000000000000e+00
6.3572372803348942138512711608200334012508e-01
6.3508909571663996196377865999238565564156e-01
5.1834848375454090074754276429302990436554e-01
6.3572372803348942138512711608200334012508e-01
5.9684338546473947317849706450942903757095e-01
4.7641418576868332923623938768287189304829e-01
6.3398414175244810486731239507207646965981e-01
7.3613726582716998425581778064952231943607e-01
5.2332587132913510608034357574069872498512e-01
4.4584178742286550978235482034506276249886e-01
4.5182405912853385032690312073100358247757e-01
6.7591843973830523228940592161961831152439e-01
4.3943086052049817880060800234787166118622e-01
3.1958287105057259225304733263328671455383e-01
9.8150978987344283943627942790044471621513e-01
6.1405242957198291620102281740400940179825e-01
6.0226796701396567712549767747987061738968e-01
5.1834848375454090074754276429302990436554e-01
3.1911054620242729207291176862781867384911e-01
5.1595280415059407985722828016150742769241e-01
6.3279287630726432922756430343724787235260e-01
7.6344142393122493839285880312672816216946e-01
6.9413117776017063675908502773381769657135e-01
6.0478949239895196665628418486448936164379e-01
7.3432588946498633664106137075577862560749e-01
6.6506468184924016906478527744184248149395e-01
6.7591843973830545433401084665092639625072e-01
5.8461131497185570005115096137160435318947e-01
4.6764146301248143977602467202814295887947e-01
3.2510203941641679925567132158903405070305e-01
4.8172472533781646175654600483539979904890e-01
6.0123014545382003070983500947477295994759e-01
5.1012108981492565451532072984264232218266e-01
9.8647402054736987864203001663554459810257e-01
6.7591843973830545433401084665092639625072e-01
5.1012108981492565451532072984264232218266e-01
3.5741008186729517071000827854732051491737e-01
4.7776903317320085218256053849472664296627e-01
7.5385206233612431225843408810760593041778e-02
3.5812988860187211503927073863451369106770e-01
0.0000000000000000000000000000000000000000e+00
5.1834848375454090074754276429302990436554e-01
5.5283141593183637851893763581756502389908e-01
0.0000000000000000000000000000000000000000e+00
2.9634936749700235836257888877298682928085e-01
1.0239994438620669825468212366104125976562e-02
2.1965602870887734887617170898010954260826e-01
2.1182092526012882144348381530107872094959e-03
3.8155164076960590424647534746327437460423e-01
0.0000000000000000000000000000000000000000e+00
2.0000802674440798512023320654407143592834e-01
2.3700619716649007351350064709549769759178e-01
1.8328544019443482326892080891411751508713e-01
4.9121941343831776460859828148386441171169e-01
4.9121941343831776460859828148386441171169e-01
5.1012108981492565451532072984264232218266e-01
0.0000000000000000000000000000000000000000e+00
3.1911054620242729207291176862781867384911e-01
7.5385206233612431225843408810760593041778e-02
0.0000000000000000000000000000000000000000e+00
3.5812988860187211503927073863451369106770e-01
0.0000000000000000000000000000000000000000e+00
5.1834848375454090074754276429302990436554e-01
5.5283141593183637851893763581756502389908e-01
0.0000000000000000000000000000000000000000e+00
2.9634936749700235836257888877298682928085e-01
1.0239994438620669825468212366104125976562e-02
2.1965602870887734887617170898010954260826e-01
2.1182092526012882144348381530107872094959e-03
3.8155164076960590424647534746327437460423e-01
0.0000000000000000000000000000000000000000e+00
2.0000802674440798512023320654407143592834e-01
2.3700619716649007351350064709549769759178e-01
1.8328544019443482326892080891411751508713e-01
4.9121941343831776460859828148386441171169e-01
4.9121941343831776460859828148386441171169e-01
5.1012108981492565451532072984264232218266e-01
0.0000000000000000000000000000000000000000e+00
3.1911054620242729207291176862781867384911e-01
7.5385206233612431225843408810760593041778e-02
0.0000000000000000000000000000000000000000e+00
0.0000000000000000000000000000000000000000e+00
3.5812988860187211503927073863451369106770e-01
0.0000000000000000000000000000000000000000e+00
5.1834848375454090074754276429302990436554e-01
5.5283141593183637851893763581756502389908e-01
0.0000000000000000000000000000000000000000e+00
2.9634936749700235836257888877298682928085e-01
1.0239994438620669825468212366104125976562e-02
2.1965602870887734887617170898010954260826e-01
2.1182092526012882144348381530107872094959e-03
3.8155164076960590424647534746327437460423e-01
0.0000000000000000000000000000000000000000e+00
2.0000802674440798512023320654407143592834e-01
2.3700619716649007351350064709549769759178e-01
1.8328544019443482326892080891411751508713e-01
4.9121941343831776460859828148386441171169e-01
4.9121941343831776460859828148386441171169e-01
5.1012108981492565451532072984264232218266e-01
0.0000000000000000000000000000000000000000e+00
3.1911054620242729207291176862781867384911e-01
7.5385206233612431225843408810760593041778e-02
0.0000000000000000000000000000000000000000e+00
0.0000000000000000000000000000000000000000e+00
0.0000000000000000000000000000000000000000e+00
9.7631159412358982763180392794311046600342e+01
6.8145099769406025647100477726780809462070e-02
