1
0
23
9.9667714413264874018238970165839418768883e-01
3.5533384414859059408087205156334675848484e-01
3.8210481536399443225349159547477029263973e-01
7.8232812544730478965249176326324231922626e-01
0.0000000000000000000000000000000000000000e+00
7.0439129364350727691146403230959549546242e-01
5.2496472600329624480508527994970791041851e-01
5.2496472600329624480508527994970791041851e-01
9.5311156827270970826049278912250883877277e-01
7.4729221691943648053779725159984081983566e-01
6.4575826536482883177825442544417455792427e-01
6.0560789991367380835640688019338995218277e-01
5.9340976414404977834493593036313541233540e-01
6.7854052573838252726545761106535792350769e-01
7.5057002632533342811882448586402460932732e-01
1.0000000000000000000000000000000000000000e+00
0.0000000000000000000000000000000000000000e+00
6.3351037273499755109185116452863439917564e-01
5.9910764221641543691987408237764611840248e-01
5.2496472600329624480508527994970791041851e-01
7.5813600283340465413317588172503747045994e-01
1.0000000000000000000000000000000000000000e+00
3.0171329740860813872771473143075127154589e-01
4.3289724813455338070511402293050196021795e-01
5.0801130388114790203957227276987396180630e-01
5.2496472600329624480508527994970791041851e-01
6.8320423202560232045499333253246732056141e-01
1.0000000000000000000000000000000000000000e+00
4.9578222464816468217918554728385061025620e-01
1.0225386317232930399878654270651168189943e-02
5.7495273507808353219417085711029358208179e-01
7.0079029057186592588379880908178165555000e-01
6.4575826536482883177825442544417455792427e-01
8.7528209539181667242502271619741804897785e-01
6.8363549258622913207261717616347596049309e-01
6.8122671469422380052805010564043186604977e-01
6.7485806247147350767079387878766283392906e-01
2.0613670091027055941701462415949208661914e-01
1.0000000000000000000000000000000000000000e+00
4.1415957153396298906500305747613310813904e-01
5.2496472600329624480508527994970791041851e-01
7.5813600283340465413317588172503747045994e-01
1.0000000000000000000000000000000000000000e+00
3.0171329740860813872771473143075127154589e-01
6.1195495423854917582673351716948673129082e-01
8.8042186274370115572907025125459767878056e-01
1.0000006119523893038936179777920187916607e-02
7.1041966087417840469697694061324000358582e-01
7.9084889271564207113840438978513702750206e-01
7.1041966087417840469697694061324000358582e-01
8.2559798646954218881433007481973618268967e-01
9.8262670432502363659921229555038735270500e-01
7.8817776779908377271510744321858510375023e-01
6.7485806247147350767079387878766283392906e-01
7.4150704431879166378394074854440987110138e-01
8.2559798646954218881433007481973618268967e-01
4.1987018057707103935172199271619319915771e-01
6.6855708613273989726621948648244142532349e-01
7.7374382413237441369346925057470798492432e-01
5.2496472600329624480508527994970791041851e-01
9.3366880354390957563737174496054649353027e-01
6.6763375472843633495756421325495466589928e-01
9.6535176886173945653979444614378735423088e-01
5.9863294297060143378530483460053801536560e-01
9.6830186378030269622740888735279440879822e-01
6.0661359756417243538351158349541947245598e-01
5.3174464648832453494975425201118923723698e-01
0.0000000000000000000000000000000000000000e+00
5.9340976414404977834493593036313541233540e-01
4.2495870883638758863654061315173748880625e-01
5.2496472600329624480508527994970791041851e-01
7.2078622550903714838455016433726996183395e-01
1.0000000000000000000000000000000000000000e+00
6.3585629699049750485073673189617693424225e-01
4.8336066405084188168927994411205872893333e-01
6.3585629699049750485073673189617693424225e-01
9.5803408437059978108862878798390738666058e-01
7.1041966087417840469697694061324000358582e-01
1.0000000000000000000000000000000000000000e+00
2.5532887604313381224585555173689499497414e-01
4.2779402341203276449732584296725690364838e-01
1.0000000000000000000000000000000000000000e+00
9.0547528111939024064724890195066109299660e-01
1.0000000000000000000000000000000000000000e+00
1.0000000000000000000000000000000000000000e+00
9.7866571386906942020544875049381516873837e-01
1.0000000000000000000000000000000000000000e+00
1.0000000000000000000000000000000000000000e+00
1.0000000000000000000000000000000000000000e+00
8.4328072564906708663556855753995478153229e-01
5.8263764847143506564464132679859176278114e-01
9.1875097542590766774850408182828687131405e-01
2.7134727903004096649652865380630828440189e-01
8.9458755814923085480927511525806039571762e-01
1.0000000000000000000000000000000000000000e+00
5.8828888926149303095769482752075418829918e-01
9.2914853812243203279308545461390167474747e-01
1.9046567358779409318003672524355351924896e-01
9.5555398108520350763939177340944297611713e-01
8.5998927760533927511232832330279052257538e-01
8.0423120340164067076926812660531140863895e-01
7.7830635249927748731124665937386453151703e-01
4.8547611071106022695431647662189789116383e-01
2.9643059167503799100629180429677944630384e-01
1.0000000000000000000000000000000000000000e+00
8.5219214805765430842399155153543688356876e-01
1.9046567358779409318003672524355351924896e-01
9.5311156827270970826049278912250883877277e-01
7.7374382413237452471577171309036202728748e-01
6.4575826536482883177825442544417455792427e-01
8.2750410536258445226565072516677901148796e-01
1.0000000000000000000000000000000000000000e+00
9.2181653045461531270632349333027377724648e-01
8.1517463931316824776729390578111633658409e-01
7.7374382413237452471577171309036202728748e-01
9.6629459732941325178501301707001402974129e-01
8.2559798646954218881433007481973618268967e-01
9.7249342473206445980338230583583936095238e-01
9.6222243200063894974505274149123579263687e-01
9.7208529996245440774060853073024190962315e-01
1.0000000000000000000000000000000000000000e+00
5.2195769280540260659506657248130068182945e-01
6.5114339442014401715397298175957985222340e-01
6.4575826536482883177825442544417455792427e-01
7.1041966087417840469697694061324000358582e-01
7.1041966087417840469697694061324000358582e-01
8.2543574714019163351963470631744712591171e-01
7.1221855406001721711106711154570803046227e-01
6.7687807397049770674613000664976425468922e-01
7.1041966087417840469697694061324000358582e-01
8.8042186274370115572907025125459767878056e-01
7.1041966087417840469697694061324000358582e-01
6.6761341133800522484875727968756109476089e-01
7.1041966087417840469697694061324000358582e-01
5.8828888926149303095769482752075418829918e-01
1.0000000000000000000000000000000000000000e+00
5.2195769280540260659506657248130068182945e-01
5.2195769280540260659506657248130068182945e-01
6.5114339442014401715397298175957985222340e-01
6.0455885655240870768523109290981665253639e-01
5.8828888926149303095769482752075418829918e-01
7.7102769488370948014477335163974203169346e-01
5.8828888926149347504690467758337035775185e-01
5.2015879961956379418097640154883265495300e-01
7.5813600283340465413317588172503747045994e-01
7.0456740618852120583426312805386260151863e-01
5.2015879961956379418097640154883265495300e-01
6.1133106236023360136044857426895759999752e-01
6.9265816365108556773577674903208389878273e-01
5.8828888926149303095769482752075418829918e-01
5.8263764847143506564464132679859176278114e-01
7.6360296334865063183627853504731319844723e-01
7.7675085733026927314881504571530967950821e-01
5.8828888926149303095769482752075418829918e-01
5.2015879961956379418097640154883265495300e-01
1.0000000000000000000000000000000000000000e+00
8.4550155459830389492736912870896048843861e-01
9.2240366788807159892371601017657667398453e-01
1.0000000000000000000000000000000000000000e+00
0.0000000000000000000000000000000000000000e+00
1.0000000000000000000000000000000000000000e+00
6.7687807397049770674613000664976425468922e-01
1.0000000000000000000000000000000000000000e+00
9.7820814406783018757352010652539320290089e-01
1.0000000000000000000000000000000000000000e+00
1.0000000000000000000000000000000000000000e+00
7.4239789352340190831114341563079506158829e-01
9.2386233097211389875269560434389859437943e-01
3.4058107551343697050327818942605517804623e-01
9.2240366788807159892371601017657667398453e-01
6.8290623042675857590211307979188859462738e-01
9.8242217383437391298173224640777334570885e-01
0.0000000000000000000000000000000000000000e+00
6.5021441686340020194023736621602438390255e-01
8.0204097056797096776392663741717115044594e-01
5.2496472600329624480508527994970791041851e-01
6.0560789991367380835640688019338995218277e-01
5.1613135893563300005126848191139288246632e-01
5.5236296771938997451911745883990079164505e-01
6.7687807397049770674613000664976425468922e-01
7.1041966087417840469697694061324000358582e-01
4.8434121162930265924728701065760105848312e-01
4.6052238288130109555851277036708779633045e-01
4.1160891727040144205673755095631349831820e-01
7.3636159558373315281443183266674168407917e-01
4.1926172852067822294230836632777936756611e-01
2.9643059167503799100629180429677944630384e-01
1.0000000000000000000000000000000000000000e+00
6.3165741435104849621495759492972865700722e-01
6.1369460427839372940184148319531232118607e-01
5.2496472600329624480508527994970791041851e-01
2.9643059167503799100629180429677944630384e-01
5.2323489043089654870755111915059387683868e-01
6.6528338876783332800357584346784278750420e-01
7.5057002632533342811882448586402460932732e-01
7.1041966087417840469697694061324000358582e-01
7.7479538120995661287793154770042747259140e-01
7.1041966087417840469697694061324000358582e-01
6.7687807397049759572382754413411021232605e-01
6.3858474446892843356948787914006970822811e-01
6.1226148661908119663621619110926985740662e-01
5.2015879961956379418097640154883265495300e-01
3.0321051216006622563980954510043375194073e-01
5.0294945118423362018234001880045980215073e-01
6.2134047921399115921303746290504932403564e-01
4.8188552654592015089818346496031153947115e-01
1.0000000000000000000000000000000000000000e+00
7.1041966087417840469697694061324000358582e-01
5.2015879961956379418097640154883265495300e-01
2.9112544253039218666856413619825616478920e-01
4.7790255054762242892252288584131747484207e-01
8.5612499072346359696439321851357817649841e-02
3.8210481536399443225349159547477029263973e-01
0.0000000000000000000000000000000000000000e+00
5.2496472600329624480508527994970791041851e-01
6.0560789991367380835640688019338995218277e-01
0.0000000000000000000000000000000000000000e+00
3.0171329740860813872771473143075127154589e-01
1.0225386317232930399878654270651168189943e-02
2.0613670091027055941701462415949208661914e-01
1.0000006119523893038936179777920187916607e-02
4.1987018057707103935172199271619319915771e-01
0.0000000000000000000000000000000000000000e+00
2.5532887604313381224585555173689499497414e-01
2.7134727903004096649652865380630828440189e-01
1.9046567358779409318003672524355351924896e-01
5.2195769280540260659506657248130068182945e-01
5.2195769280540260659506657248130068182945e-01
5.2015879961956379418097640154883265495300e-01
0.0000000000000000000000000000000000000000e+00
2.9643059167503799100629180429677944630384e-01
8.5612499072346359696439321851357817649841e-02
0.0000000000000000000000000000000000000000e+00
3.8210481536399443225349159547477029263973e-01
0.0000000000000000000000000000000000000000e+00
5.2496472600329624480508527994970791041851e-01
6.0560789991367380835640688019338995218277e-01
0.0000000000000000000000000000000000000000e+00
3.0171329740860813872771473143075127154589e-01
1.0225386317232930399878654270651168189943e-02
2.0613670091027055941701462415949208661914e-01
1.0000006119523893038936179777920187916607e-02
4.1987018057707103935172199271619319915771e-01
0.0000000000000000000000000000000000000000e+00
2.5532887604313381224585555173689499497414e-01
2.7134727903004096649652865380630828440189e-01
1.9046567358779409318003672524355351924896e-01
5.2195769280540260659506657248130068182945e-01
5.2195769280540260659506657248130068182945e-01
5.2015879961956379418097640154883265495300e-01
0.0000000000000000000000000000000000000000e+00
2.9643059167503799100629180429677944630384e-01
8.5612499072346359696439321851357817649841e-02
0.0000000000000000000000000000000000000000e+00
0.0000000000000000000000000000000000000000e+00
3.8210481536399443225349159547477029263973e-01
0.0000000000000000000000000000000000000000e+00
5.2496472600329624480508527994970791041851e-01
6.0560789991367380835640688019338995218277e-01
0.0000000000000000000000000000000000000000e+00
3.0171329740860813872771473143075127154589e-01
1.0225386317232930399878654270651168189943e-02
2.0613670091027055941701462415949208661914e-01
1.0000006119523893038936179777920187916607e-02
4.1987018057707103935172199271619319915771e-01
0.0000000000000000000000000000000000000000e+00
2.5532887604313381224585555173689499497414e-01
2.7134727903004096649652865380630828440189e-01
1.9046567358779409318003672524355351924896e-01
5.2195769280540260659506657248130068182945e-01
5.2195769280540260659506657248130068182945e-01
5.2015879961956379418097640154883265495300e-01
0.0000000000000000000000000000000000000000e+00
2.9643059167503799100629180429677944630384e-01
8.5612499072346359696439321851357817649841e-02
0.0000000000000000000000000000000000000000e+00
0.0000000000000000000000000000000000000000e+00
0.0000000000000000000000000000000000000000e+00
9.7800809641765553692493995185941457748413e+01
6.2670098933515688832684986664389725774527e-02
