1
0
23
8.6203443808173996210086897917790338397026e-01
3.7202368364355642427199200028553605079651e-01
3.1839524952030462401353361201472580432892e-01
7.9373437054575390892097175310482271015644e-01
0.0000000000000000000000000000000000000000e+00
8.0047368885456082754359385944553650915623e-01
5.4357516941926764530990112689323723316193e-01
5.4357516941926764530990112689323723316193e-01
8.8488970166603797551374555041547864675522e-01
7.6687746147386426365244460612302646040916e-01
6.2251154290450272377199780748924240469933e-01
4.3858150967793652075243926447001285851002e-01
6.2528632791000426927041644376004114747047e-01
8.8516468201911790991687212226679548621178e-01
8.6552110399154225106599369610194116830826e-01
1.0000000000000000000000000000000000000000e+00
0.0000000000000000000000000000000000000000e+00
7.0709533190886642017858321196399629116058e-01
6.0704797867355875240491513977758586406708e-01
5.7539038623392724236538242621463723480701e-01
6.8204921451798794507226375571917742490768e-01
1.0000000000000000000000000000000000000000e+00
3.0353906313836220842716784318326972424984e-01
4.9833188194000854753795692886342294514179e-01
4.6879632663434889217057843779912218451500e-01
5.4357516941926764530990112689323723316193e-01
5.3467104422417655040788986298139207065105e-01
1.0000000000000000000000000000000000000000e+00
4.9833188194000854753795692886342294514179e-01
8.8637541261827323957334101578453555703163e-02
6.0069103493503717139390118973096832633018e-01
7.0007046413851015120854981432785280048847e-01
6.9393063437323965203518127964343875646591e-01
7.8776693959886123774793986740405671298504e-01
9.6094449508859069997157575926394201815128e-01
7.3187707654857492300948251795489341020584e-01
6.3626290290644993419277852808590978384018e-01
2.2570114318072898029754469462204724550247e-01
9.6652905741261951888532166776712983846664e-01
3.7838247969808813664371882623527199029922e-01
5.4357516941926764530990112689323723316193e-01
7.3603491720588731794805426034145057201385e-01
1.0000000000000000000000000000000000000000e+00
3.0353906313836220842716784318326972424984e-01
6.0116641812779603171179587661754339933395e-01
8.3315001644330488606016160701983608305454e-01
0.0000000000000000000000000000000000000000e+00
7.3823752434056089111180654072086326777935e-01
7.0007046413851015120854981432785280048847e-01
7.4752052886180342383681818319018930196762e-01
7.4752052886180342383681818319018930196762e-01
1.0000000000000000000000000000000000000000e+00
7.0405763963790357617966719772084616124630e-01
6.4182922091014482646187389036640524864197e-01
7.8776693959886123774793986740405671298504e-01
8.1832989307055781225130886014085263013840e-01
4.6130202422003846463027798563416581600904e-01
7.0164586996268951679667225107550621032715e-01
7.5579147853995898298506972423638217151165e-01
8.2192614517508488791719400978763587772846e-01
9.1819922005636844808407204254763200879097e-01
6.6609674280614705743630565848434343934059e-01
8.0097081061260266832135812364867888391018e-01
7.1812004169562926314540618477622047066689e-01
1.0000000000000000000000000000000000000000e+00
7.1262403723924327980654425118700601160526e-01
5.8346959070567927518879969284171238541603e-01
1.3086791870678080029755108171229949221015e-01
6.2528632791000426927041644376004114747047e-01
5.1406341997759974482562483899528160691261e-01
6.0704797867355819729340282719931565225124e-01
7.5925458824603098140215706735034473240376e-01
1.0000000000000000000000000000000000000000e+00
6.0704797867355875240491513977758586406708e-01
4.8005558512437107587800255714682862162590e-01
7.4752913326639824909136677888454869389534e-01
7.4752913326639824909136677888454869389534e-01
7.4752052886180342383681818319018930196762e-01
9.5435402955301718019853751684422604739666e-01
3.0264556980408324760034588507551234215498e-01
5.3999870951432393795244024659041315317154e-01
8.3433157034787253092389391895267181098461e-01
6.9393063437323965203518127964343875646591e-01
1.0000000000000000000000000000000000000000e+00
1.0000000000000000000000000000000000000000e+00
8.7154264162428396467419133841758593916893e-01
1.0000000000000000000000000000000000000000e+00
1.0000000000000000000000000000000000000000e+00
9.0326374261946484889307384946732781827450e-01
6.7852320530403531506635772529989480972290e-01
6.8406344433627008783105338807217776775360e-01
8.1474926883992737636219771957257762551308e-01
4.2696884491382780524304507707711309194565e-01
8.5708487421535062278366012833430431783199e-01
1.0000000000000000000000000000000000000000e+00
6.7306996060951740368238915834808722138405e-01
8.6244991183568142645299303694628179073334e-01
2.3806243913861901972950363415293395519257e-01
7.6005830437390120568608153917011804878712e-01
8.3861083107026224148228266130900010466576e-01
8.0364629323030023488882989113335497677326e-01
7.0216721506652091111533309231163002550602e-01
5.3907050501852193935548029912752099335194e-01
4.4417719996625631972975156713800970464945e-01
9.7550498535186569437627213119412772357464e-01
7.7867556279774285954431434220168739557266e-01
2.3806243913861901972950363415293395519257e-01
8.6199196733450411667121215941733680665493e-01
7.6687746147386426365244460612302646040916e-01
8.0047368885456082754359385944553650915623e-01
8.1387004734583645593204437318490818142891e-01
8.9420533905051746703662729487405158579350e-01
7.7846325595118504026004302431829273700714e-01
8.0047368885456082754359385944553650915623e-01
8.0047368885455727482991505894460715353489e-01
7.3603491720588731794805426034145057201385e-01
8.1832989307055781225130886014085263013840e-01
1.0000000000000000000000000000000000000000e+00
8.7441641132203484776397317546070553362370e-01
8.5511038355291424384319043383584357798100e-01
1.0000000000000000000000000000000000000000e+00
6.0118684593210192090850796375889331102371e-01
6.8150619038570903196472272611572407186031e-01
6.2792268799549588731423455101321451365948e-01
6.8150619038570903196472272611572407186031e-01
6.8150619038570903196472272611572407186031e-01
8.8371311864413959469288784021046012639999e-01
6.8150619038570903196472272611572407186031e-01
6.3327270682755365527327739982865750789642e-01
6.8150619038570903196472272611572407186031e-01
8.3315001644330477503785914450418204069138e-01
6.9041031558080012686673399002756923437119e-01
7.4673784260944453539110554629587568342686e-01
6.8150619038570903196472272611572407186031e-01
6.2196851877222147919610506505705416202545e-01
9.2893410911109075556169045739807188510895e-01
6.0119545033669674616305655945325270295143e-01
4.8309746677771281397895108966622501611710e-01
6.8151479479030374619696885929442942142487e-01
6.2196851877222381066445677788578905165195e-01
6.2251154290450272377199780748924240469933e-01
6.8716296292191025862905462417984381318092e-01
6.2196851877222381066445677788578905165195e-01
5.3179884178486991341827661017305217683315e-01
7.1768871963903080324342909079859964549541e-01
7.6305505631334280547406478945049457252026e-01
5.2594483983285122974393743788823485374451e-01
6.2252014730909754902654640318360179662704e-01
7.9294473038565949085665351958596147596836e-01
6.2196851877222381066445677788578905165195e-01
5.6596546077728593360234299325384199619293e-01
7.1319301743607077526121429400518536567688e-01
8.1387004734583645593204437318490818142891e-01
6.2196851877222381066445677788578905165195e-01
5.2594483983285122974393743788823485374451e-01
1.0000000000000000000000000000000000000000e+00
1.0000000000000000000000000000000000000000e+00
9.0749357086719750764558511946233920753002e-01
1.0000000000000000000000000000000000000000e+00
2.4669650737885276403638101783144520595670e-01
1.0000000000000000000000000000000000000000e+00
5.6161305545659967464189321617595851421356e-01
7.2918483691121249723465780334663577377796e-01
8.3212445175212712555889993382152169942856e-01
8.7434808233343630501366305907140485942364e-01
1.0000000000000000000000000000000000000000e+00
8.4728275475509673420049239211948588490486e-01
5.3101245365801297282359882956370711326599e-01
5.3907050501852193935548029912752099335194e-01
1.0000000000000000000000000000000000000000e+00
6.5009524281097463838108296840800903737545e-01
9.6234189923580171210915068513713777065277e-01
0.0000000000000000000000000000000000000000e+00
6.9478238090290223016864956662175245583057e-01
6.9478238090290223016864956662175245583057e-01
6.3327270682755376629557986234431155025959e-01
7.6627139203103700193508984739310108125210e-01
6.7332669764127472955550501865218393504620e-01
6.5009524281097463838108296840800903737545e-01
6.3327270682755365527327739982865750789642e-01
7.8776693959886123774793986740405671298504e-01
5.0692040886123579390698523639002814888954e-01
5.8346959070567927518879969284171238541603e-01
6.1557760478020584482550248139887116849422e-01
6.9478238090290223016864956662175245583057e-01
4.6791076050269408970194717767299152910709e-01
4.4417719996625631972975156713800970464945e-01
9.1558398718852285202984830903005786240101e-01
6.8150619038570903196472272611572407186031e-01
6.3327270682755310016176508725038729608059e-01
5.1645275809835766711586302335490472614765e-01
1.8727868053096313749605883458571042865515e-01
6.2528632791000426927041644376004114747047e-01
7.3606006987951111408818860581959597766399e-01
8.6552110399154225106599369610194116830826e-01
7.8024450372971454470416574622504413127899e-01
8.3313246701834442475842479325365275144577e-01
8.3923915121092085289689066485152579843998e-01
7.1812004169562926314540618477622047066689e-01
7.8024450372971454470416574622504413127899e-01
6.5546432702630186284409319341648370027542e-01
5.3907050501852193935548029912752099335194e-01
4.3609602170178896063390538984094746410847e-01
6.4352445408963088180342992927762679755688e-01
6.3163699922371752126792898707208223640919e-01
5.8101092733985748584046859832596965134144e-01
9.1236284646159493405548346345312893390656e-01
7.2987361756684787650328871677629649639130e-01
6.2196851877222381066445677788578905165195e-01
6.9642077361886267627966162763186730444431e-01
6.1503458064792704274026391431107185781002e-01
2.1793364036310403086815767892403528094292e-01
3.1839524952030462401353361201472580432892e-01
0.0000000000000000000000000000000000000000e+00
5.4357516941926764530990112689323723316193e-01
4.3858150967793652075243926447001285851002e-01
0.0000000000000000000000000000000000000000e+00
3.0353906313836220842716784318326972424984e-01
8.8637541261827323957334101578453555703163e-02
2.2570114318072898029754469462204724550247e-01
0.0000000000000000000000000000000000000000e+00
4.6130202422003846463027798563416581600904e-01
1.3086791870678080029755108171229949221015e-01
3.0264556980408324760034588507551234215498e-01
4.2696884491382780524304507707711309194565e-01
2.3806243913861901972950363415293395519257e-01
6.0118684593210192090850796375889331102371e-01
4.8309746677771281397895108966622501611710e-01
5.2594483983285122974393743788823485374451e-01
0.0000000000000000000000000000000000000000e+00
1.8727868053096313749605883458571042865515e-01
2.1793364036310403086815767892403528094292e-01
0.0000000000000000000000000000000000000000e+00
3.1839524952030462401353361201472580432892e-01
0.0000000000000000000000000000000000000000e+00
5.4357516941926764530990112689323723316193e-01
4.3858150967793652075243926447001285851002e-01
0.0000000000000000000000000000000000000000e+00
3.0353906313836220842716784318326972424984e-01
8.8637541261827323957334101578453555703163e-02
2.2570114318072898029754469462204724550247e-01
0.0000000000000000000000000000000000000000e+00
4.6130202422003846463027798563416581600904e-01
1.3086791870678080029755108171229949221015e-01
3.0264556980408324760034588507551234215498e-01
4.2696884491382780524304507707711309194565e-01
2.3806243913861901972950363415293395519257e-01
6.0118684593210192090850796375889331102371e-01
4.8309746677771281397895108966622501611710e-01
5.2594483983285122974393743788823485374451e-01
0.0000000000000000000000000000000000000000e+00
1.8727868053096313749605883458571042865515e-01
2.1793364036310403086815767892403528094292e-01
0.0000000000000000000000000000000000000000e+00
0.0000000000000000000000000000000000000000e+00
3.1839524952030462401353361201472580432892e-01
0.0000000000000000000000000000000000000000e+00
5.4357516941926764530990112689323723316193e-01
4.3858150967793652075243926447001285851002e-01
0.0000000000000000000000000000000000000000e+00
3.0353906313836220842716784318326972424984e-01
8.8637541261827323957334101578453555703163e-02
2.2570114318072898029754469462204724550247e-01
0.0000000000000000000000000000000000000000e+00
4.6130202422003846463027798563416581600904e-01
1.3086791870678080029755108171229949221015e-01
3.0264556980408324760034588507551234215498e-01
4.2696884491382780524304507707711309194565e-01
2.3806243913861901972950363415293395519257e-01
6.0118684593210192090850796375889331102371e-01
4.8309746677771281397895108966622501611710e-01
5.2594483983285122974393743788823485374451e-01
0.0000000000000000000000000000000000000000e+00
1.8727868053096313749605883458571042865515e-01
2.1793364036310403086815767892403528094292e-01
0.0000000000000000000000000000000000000000e+00
0.0000000000000000000000000000000000000000e+00
0.0000000000000000000000000000000000000000e+00
9.6777144219111349343620531726628541946411e+01
1.0421217825834365455772712039106409065425e-01
