1
0
23
9.9838619523035121439136219123611226677895e-01
3.5496247135685826679107890413433779031038e-01
3.7725526436278511432931281888158991932869e-01
7.9286690016882999110237051354488357901573e-01
0.0000000000000000000000000000000000000000e+00
6.9929735176076124325561522709904238581657e-01
5.2589832178453876920798393257427960634232e-01
5.2589832178453876920798393257427960634232e-01
9.5196669379263199051166566277970559895039e-01
7.5821292917413485312749799049925059080124e-01
6.4678931272605244551243686146335676312447e-01
6.0677658515072507849907879062811844050884e-01
5.9006211720499757156233044952386990189552e-01
6.7075690675386590022810651134932413697243e-01
7.4910114903905911099002423725323751568794e-01
1.0000000000000000000000000000000000000000e+00
0.0000000000000000000000000000000000000000e+00
6.3089906561779762750319378028507344424725e-01
5.9930990021060814854081399971619248390198e-01
5.2589832178453876920798393257427960634232e-01
7.5857448960921003422441799557418562471867e-01
1.0000000000000000000000000000000000000000e+00
3.0691767740193298674711286366800777614117e-01
4.4033039680021723860647853143746033310890e-01
5.0759944464296846700079868242028169333935e-01
5.2589832178453876920798393257427960634232e-01
6.8463149585616445147451258890214376151562e-01
1.0000000000000000000000000000000000000000e+00
4.9798278303034815284178193905972875654697e-01
8.7334525897947955230815608729244559071958e-03
5.7405800608454826683413330101757310330868e-01
7.0566395079684474112013958801981061697006e-01
6.4678931272605233449013439894770272076130e-01
8.7175051331251940389677201892482116818428e-01
6.6389546680589750504708490552729927003384e-01
6.7975660919757285860498541296692565083504e-01
6.7191485693932295752972549962578341364861e-01
2.0854050515553926303802256825292715802789e-01
1.0000000000000000000000000000000000000000e+00
4.2581121743894490005999386994517408311367e-01
5.2589832178453876920798393257427960634232e-01
7.5857448960921003422441799557418562471867e-01
1.0000000000000000000000000000000000000000e+00
3.0691767740193298674711286366800777614117e-01
5.9858090127281349257515330464229919016361e-01
8.7779372821381407288043874359573237597942e-01
1.9890995373182507321985212911386042833328e-02
7.0971694602943491414492882540798746049404e-01
7.9647731621205708485433660825947299599648e-01
7.0971694602943491414492882540798746049404e-01
8.2537394582498513351254132430767640471458e-01
9.8175760138236078944373730337247252464294e-01
7.9637597739224463833096478992956690490246e-01
6.7191485693932295752972549962578341364861e-01
7.3307147722586041282966107246465981006622e-01
8.2537394582498513351254132430767640471458e-01
4.1199951617446795015808902462595142424107e-01
6.6953585112230995513016296172281727194786e-01
7.7307050311597125258344931353349238634109e-01
5.2589832178453876920798393257427960634232e-01
9.3577453287155698546939674997702240943909e-01
6.6241954224217769464644334220793098211288e-01
9.5313612942432002217429953816463239490986e-01
5.9658763270547143786615151839214377105236e-01
9.7184378981140684405914953458704985678196e-01
6.0830752379954744490930806932738050818443e-01
5.3156826291378422855160579274524934589863e-01
0.0000000000000000000000000000000000000000e+00
5.9006211720499757156233044952386990189552e-01
4.2581121743894501108229633246082812547684e-01
5.2589832178453876920798393257427960634232e-01
7.2243358494627629706741345216869376599789e-01
1.0000000000000000000000000000000000000000e+00
6.3825995541945279576623306638794019818306e-01
4.8693007506245855608995043439790606498718e-01
6.3825995541945279576623306638794019818306e-01
9.2882652662937736920412135077640414237976e-01
7.0971694602943491414492882540798746049404e-01
1.0000000000000000000000000000000000000000e+00
2.4843828321275696069392324716318398714066e-01
4.2039218488891483271885363137698732316494e-01
1.0000000000000000000000000000000000000000e+00
9.2499320069866197702168619798612780869007e-01
1.0000000000000000000000000000000000000000e+00
1.0000000000000000000000000000000000000000e+00
9.6962767323004683817089244257658720016479e-01
1.0000000000000000000000000000000000000000e+00
1.0000000000000000000000000000000000000000e+00
1.0000000000000000000000000000000000000000e+00
8.4532624844890724702395345957484096288681e-01
5.8545372023438990716215357679175212979317e-01
9.0980426006764014701388987305108457803726e-01
2.7420014128041869660989959811558946967125e-01
8.9354867884639532782387050247052684426308e-01
1.0000000000000000000000000000000000000000e+00
5.8595651271043869279253613058244809508324e-01
9.2214508929456062702456620172597467899323e-01
1.8898099486267616597956475743558257818222e-01
9.6706886280110526676878635043976828455925e-01
8.5863818855128526408293510030489414930344e-01
8.0219297919482646097577571708825416862965e-01
7.9206707798570441525498608825728297233582e-01
4.7944830247037895087913739189389161765575e-01
2.9529806190524726661195131782733369618654e-01
1.0000000000000000000000000000000000000000e+00
8.4922887758795817525481197662884369492531e-01
1.8898099486267616597956475743558257818222e-01
9.5196669379263199051166566277970559895039e-01
7.7307050311597125258344931353349238634109e-01
6.4678931272605411084697379919816739857197e-01
8.2779493199723841456716399989090859889984e-01
1.0000000000000000000000000000000000000000e+00
9.1863823427656554621023587969830259680748e-01
8.2036263673055387357635481748729944229126e-01
7.7307050311597125258344931353349238634109e-01
9.8532633941502822949587425682693719863892e-01
8.2537394582498513351254132430767640471458e-01
9.8822920898220911745113426150055602192879e-01
9.7324677784528113022588513558730483055115e-01
9.7903227539347736918529108152142725884914e-01
1.0000000000000000000000000000000000000000e+00
5.2249105936495421342868894498678855597973e-01
6.4965875510353587873879632752505131065845e-01
6.3678669900141993132081097428454086184502e-01
7.0971694602943480312262636289233341813087e-01
7.0971694602943480312262636289233341813087e-01
8.1819709031527576570397286559455096721649e-01
7.1496690000615825688612403610022738575935e-01
6.7191485693932295752972549962578341364861e-01
7.0971694602943480312262636289233341813087e-01
8.7779372821381407288043874359573237597942e-01
7.0971694602943480312262636289233341813087e-01
6.6953585112231073228628019933239556849003e-01
7.0971694602943480312262636289233341813087e-01
5.8595651271044280061772724366164766252041e-01
1.0000000000000000000000000000000000000000e+00
5.2249105936495421342868894498678855597973e-01
5.2249105936495421342868894498678855597973e-01
6.4965875510353587873879632752505131065845e-01
6.0043029056609908966635202887118794023991e-01
5.8595651271043869279253613058244809508324e-01
7.6977513695533450466257363586919382214546e-01
5.8595651271043847074793120555114001035690e-01
5.2225427031734106275706608357722871005535e-01
7.5857448960921003422441799557418562471867e-01
7.0151352389066312653653767483774572610855e-01
5.2225427031734106275706608357722871005535e-01
6.1007195131136138233074461822980083525181e-01
6.9282084531388443693344925122801214456558e-01
5.8595651271043847074793120555114001035690e-01
5.8545372023438979613985111427609808743000e-01
7.6327053335907635300827678292989730834961e-01
7.7307050311597080849423946347087621688843e-01
5.8595651271043847074793120555114001035690e-01
5.2225427031734106275706608357722871005535e-01
1.0000000000000000000000000000000000000000e+00
9.2028749409565246963893514475785195827484e-01
9.2214508929456062702456620172597467899323e-01
1.0000000000000000000000000000000000000000e+00
0.0000000000000000000000000000000000000000e+00
1.0000000000000000000000000000000000000000e+00
6.7191485693932295752972549962578341364861e-01
1.0000000000000000000000000000000000000000e+00
9.4385957677127507725600707999547012150288e-01
1.0000000000000000000000000000000000000000e+00
1.0000000000000000000000000000000000000000e+00
7.6114825710673406078399239049758762121201e-01
9.3295419235410048663936777302296832203865e-01
3.3366765858144353806835624709492549300194e-01
9.3194505905145508251052888226695358753204e-01
6.6953585112231073228628019933239556849003e-01
9.8707631013252161711335475047235377132893e-01
0.0000000000000000000000000000000000000000e+00
6.4529040802115933406213343914714641869068e-01
7.9332849341734357206945560392341576516628e-01
5.2589832178453876920798393257427960634232e-01
6.0677658515072507849907879062811844050884e-01
5.0071202666459013741473427216988056898117e-01
5.4979381418844364137754610055708326399326e-01
6.8157560485414325768260823679156601428986e-01
7.0971694602943435903341651282971724867821e-01
4.7396687040923235478828701161546632647514e-01
4.7151007198788419394475113222142681479454e-01
4.1095506170079848518028597936790902167559e-01
7.3481961003166951229559344938024878501892e-01
4.1601591225578860022693561404594220221043e-01
2.9529806190524726661195131782733369618654e-01
1.0000000000000000000000000000000000000000e+00
6.3009524512588610534180588729213923215866e-01
6.1333624788202678601578554662410169839859e-01
5.2589832178453876920798393257427960634232e-01
2.9529806190524726661195131782733369618654e-01
5.2225427031734106275706608357722871005535e-01
6.6693705444719508790285544819198548793793e-01
7.4910114903905911099002423725323751568794e-01
7.0971694602943480312262636289233341813087e-01
8.0911699385298396780541452244506217539310e-01
7.1253507515004799177660288478364236652851e-01
6.7191485693932306855202796214143745601177e-01
6.3521812881609673873128940613241866230965e-01
6.3034142556950611968602515844395384192467e-01
5.1724110538823075966519127177889458835125e-01
2.9924229015479697491031174649833701550961e-01
4.9876971612590753624161266088776756078005e-01
6.0069865802487876216275708429748192429543e-01
4.7911668615014330052659374814538750797510e-01
1.0000000000000000000000000000000000000000e+00
7.0971694602943480312262636289233341813087e-01
5.2225427031734106275706608357722871005535e-01
3.0200447980026268179898352173040620982647e-01
4.8238981643671019483576856146100908517838e-01
8.4636708838230628737520078175293747335672e-02
3.7725526436278511432931281888158991932869e-01
0.0000000000000000000000000000000000000000e+00
5.2589832178453876920798393257427960634232e-01
6.0677658515072507849907879062811844050884e-01
0.0000000000000000000000000000000000000000e+00
3.0691767740193298674711286366800777614117e-01
8.7334525897947955230815608729244559071958e-03
2.0854050515553926303802256825292715802789e-01
1.9890995373182507321985212911386042833328e-02
4.1199951617446795015808902462595142424107e-01
0.0000000000000000000000000000000000000000e+00
2.4843828321275696069392324716318398714066e-01
2.7420014128041869660989959811558946967125e-01
1.8898099486267616597956475743558257818222e-01
5.2249105936495421342868894498678855597973e-01
5.2249105936495421342868894498678855597973e-01
5.2225427031734106275706608357722871005535e-01
0.0000000000000000000000000000000000000000e+00
2.9529806190524726661195131782733369618654e-01
8.4636708838230628737520078175293747335672e-02
0.0000000000000000000000000000000000000000e+00
3.7725526436278511432931281888158991932869e-01
0.0000000000000000000000000000000000000000e+00
5.2589832178453876920798393257427960634232e-01
6.0677658515072507849907879062811844050884e-01
0.0000000000000000000000000000000000000000e+00
3.0691767740193298674711286366800777614117e-01
8.7334525897947955230815608729244559071958e-03
2.0854050515553926303802256825292715802789e-01
1.9890995373182507321985212911386042833328e-02
4.1199951617446795015808902462595142424107e-01
0.0000000000000000000000000000000000000000e+00
2.4843828321275696069392324716318398714066e-01
2.7420014128041869660989959811558946967125e-01
1.8898099486267616597956475743558257818222e-01
5.2249105936495421342868894498678855597973e-01
5.2249105936495421342868894498678855597973e-01
5.2225427031734106275706608357722871005535e-01
0.0000000000000000000000000000000000000000e+00
2.9529806190524726661195131782733369618654e-01
8.4636708838230628737520078175293747335672e-02
0.0000000000000000000000000000000000000000e+00
0.0000000000000000000000000000000000000000e+00
3.7725526436278511432931281888158991932869e-01
0.0000000000000000000000000000000000000000e+00
5.2589832178453876920798393257427960634232e-01
6.0677658515072507849907879062811844050884e-01
0.0000000000000000000000000000000000000000e+00
3.0691767740193298674711286366800777614117e-01
8.7334525897947955230815608729244559071958e-03
2.0854050515553926303802256825292715802789e-01
1.9890995373182507321985212911386042833328e-02
4.1199951617446795015808902462595142424107e-01
0.0000000000000000000000000000000000000000e+00
2.4843828321275696069392324716318398714066e-01
2.7420014128041869660989959811558946967125e-01
1.8898099486267616597956475743558257818222e-01
5.2249105936495421342868894498678855597973e-01
5.2249105936495421342868894498678855597973e-01
5.2225427031734106275706608357722871005535e-01
0.0000000000000000000000000000000000000000e+00
2.9529806190524726661195131782733369618654e-01
8.4636708838230628737520078175293747335672e-02
0.0000000000000000000000000000000000000000e+00
0.0000000000000000000000000000000000000000e+00
0.0000000000000000000000000000000000000000e+00
9.7526822879615167494193883612751960754395e+01
6.2822617110478970459119807401293655857444e-02
