1
0
23
9.1703086297385139058491176911047659814358e-01
3.6173364106029248787876895221415907144547e-01
3.0290665709846859021681098056433256715536e-01
7.8676449157787375909833826881367713212967e-01
0.0000000000000000000000000000000000000000e+00
7.8676449157787342603143088126671500504017e-01
5.3653461227008125700166374372201971709728e-01
5.3653461227008125700166374372201971709728e-01
8.9874597735701744483094444149173796176910e-01
7.3999147362566941588113422767492011189461e-01
6.2148546527444625819924794996040873229504e-01
5.0620778818233780338431415657396428287029e-01
5.8688634973051134746668822117499075829983e-01
7.2409178364736903610321405722061172127724e-01
8.3822669355586798545232340984512120485306e-01
1.0000000000000000000000000000000000000000e+00
0.0000000000000000000000000000000000000000e+00
6.7664998483732174960891825321596115827560e-01
5.7900699624026585876634953820030204951763e-01
5.5609299824488467312022521582548506557941e-01
6.9411455670379340610054441640386357903481e-01
1.0000000000000000000000000000000000000000e+00
2.4986333934803095502275027683936059474945e-01
4.5437870211528141872747710294788703322411e-01
4.5522743146493194199564413793268613517284e-01
5.3653461227008125700166374372201971709728e-01
5.4889405819488168436492969703976996243000e-01
1.0000000000000000000000000000000000000000e+00
4.5437870211528141872747710294788703322411e-01
0.0000000000000000000000000000000000000000e+00
5.8073414724764482741647952934727072715759e-01
6.8611087415787852528126222750870510935783e-01
6.7664998483732174960891825321596115827560e-01
7.8769798109716959721993134735384956002235e-01
8.2625820835017815824130593682639300823212e-01
6.9411455670379273996672964130993932485580e-01
6.3280629256665121840086385418544523417950e-01
2.1360220713762420596815161388803971931338e-01
1.0000000000000000000000000000000000000000e+00
3.6385839428649280336003357660956680774689e-01
5.3653461227008125700166374372201971709728e-01
7.2043481992826752247083277325145900249481e-01
1.0000000000000000000000000000000000000000e+00
2.5026043522713703470827795172226615250111e-01
5.7154692868852707832161286205518990755081e-01
8.2502540194646334370531803870107978582382e-01
5.1148807146708420712233333915719413198531e-03
7.0509086854045066594665058801183477044106e-01
6.9626762514829776407054851006250828504562e-01
6.9266268403671915621089283376932144165039e-01
7.5667936454714823657496935993549413979053e-01
1.0000000000000000000000000000000000000000e+00
6.7025322900559947125742610296583734452724e-01
6.7025322900559691774446946510579437017441e-01
7.8581622420411445517629545065574347972870e-01
7.9032334857440722508670205570524558424950e-01
4.5606945320971137292076491576153784990311e-01
6.7664998483732174960891825321596115827560e-01
7.0388669040383922137493755144532769918442e-01
7.5606994138066707655809750576736405491829e-01
9.0935869915886935466176055342657491564751e-01
6.5636729442741548190554112807149067521095e-01
8.1621474026051421546412711904849857091904e-01
6.7025322900559691774446946510579437017441e-01
9.9826842729681808386033026181394234299660e-01
6.5879168433817869576785142271546646952629e-01
5.4235969464662381334107976726954802870750e-01
7.6607903870533053392044564589014044031501e-02
5.8088612631513680817363365349592640995979e-01
4.6090210165993533708572726936836261302233e-01
5.6299074674060234357853005349170416593552e-01
7.1559989270412061035386841467698104679585e-01
1.0000000000000000000000000000000000000000e+00
5.7037442485125489088915173852001316845417e-01
4.6763087566658856353285500517813488841057e-01
7.0509086854045066594665058801183477044106e-01
8.5665344166296586436715188028756529092789e-01
7.0509086854045066594665058801183477044106e-01
9.4800397400528946256770268519176170229912e-01
1.9813801464380428885014850948209641501307e-01
5.3046073467634624609701177178067155182362e-01
8.7344919197334247584763033955823630094528e-01
6.9909408690880581183080266782781109213829e-01
1.0000000000000000000000000000000000000000e+00
1.0000000000000000000000000000000000000000e+00
9.1573693598182293040821377871907316148281e-01
1.0000000000000000000000000000000000000000e+00
1.0000000000000000000000000000000000000000e+00
9.5846179841940415400358688202686607837677e-01
7.1268602039966633121537142869783565402031e-01
5.9393976388442504266151900083059445023537e-01
9.1003464634551245460158952482743188738823e-01
3.9180289474014395878498362435493618249893e-01
8.6710259965613611932155890826834365725517e-01
1.0000000000000000000000000000000000000000e+00
6.5432648589768183100545684283133596181870e-01
8.7034671815564701446987783128861337900162e-01
2.3748994801074352345438001066213473677635e-01
7.8130122526544987238139583496376872062683e-01
7.8229005139000318269637546109152026474476e-01
7.9794260508142200727377257862826809287071e-01
7.3864175703816448148586459865327924489975e-01
5.1878942466105049113878067146288231015205e-01
4.0177425096870988951991421345155686140060e-01
9.3096070623251736542158596421359106898308e-01
8.4424249223397773711496938631171360611916e-01
2.3748994801074352345438001066213473677635e-01
8.9874597735701744483094444149173796176910e-01
7.4865041530818354775789202903979457914829e-01
7.5606994138066707655809750576736405491829e-01
7.8769798109716959721993134735384956002235e-01
8.9257440505354024296025272633414715528488e-01
7.8769798109716959721993134735384956002235e-01
7.8769798109716959721993134735384956002235e-01
7.5606994138066707655809750576736405491829e-01
7.3736312949006566075382806957350112497807e-01
7.9032334857440722508670205570524558424950e-01
1.0000000000000000000000000000000000000000e+00
8.9874597735701744483094444149173796176910e-01
9.1850155073219130752448791099595837295055e-01
1.0000000000000000000000000000000000000000e+00
5.6542669837512926633849019708577543497086e-01
6.7664998483732174960891825321596115827560e-01
6.2999718581754360346991461483412422239780e-01
6.7664998483732174960891825321596115827560e-01
6.7664998483732174960891825321596115827560e-01
9.1956930043813356334680975123774260282516e-01
6.7921064824643173629681314196204766631126e-01
6.3880651598202575769391842186450958251953e-01
6.7664998483732174960891825321596115827560e-01
8.2502540194646334370531803870107978582382e-01
6.7671872341625283198141005414072424173355e-01
7.0676249273876146084205629449570551514626e-01
6.7664998483732174960891825321596115827560e-01
6.0641046041359969454020983903319574892521e-01
9.4040070197586356215424530091695487499237e-01
5.6542669837512926633849019708577543497086e-01
4.8619737001850737989627759816357865929604e-01
6.7664998483732174960891825321596115827560e-01
5.5742400231775168784054130810545757412910e-01
6.0641046041359947249560491400188766419888e-01
6.9411455670379340610054441640386357903481e-01
6.0641046041359958351790737651754170656204e-01
5.1471043552780315621930640190839767456055e-01
7.0165489870618080736619504023110494017601e-01
7.8581622420411445517629545065574347972870e-01
5.2919801439963465305993395304540172219276e-01
6.2098599551387012596137537911999970674515e-01
7.4885126809006807846458286803681403398514e-01
6.0641046041359958351790737651754170656204e-01
5.1471043552780315621930640190839767456055e-01
6.9411455670379340610054441640386357903481e-01
7.8769798109716959721993134735384956002235e-01
6.0641046041359947249560491400188766419888e-01
5.1471043552780315621930640190839767456055e-01
1.0000000000000000000000000000000000000000e+00
1.0000000000000000000000000000000000000000e+00
9.5711130037233560496900963698863051831722e-01
1.0000000000000000000000000000000000000000e+00
0.0000000000000000000000000000000000000000e+00
1.0000000000000000000000000000000000000000e+00
5.7679711503338115807792974010226316750050e-01
7.6472551737897531687337959738215431571007e-01
8.1337313199935135088480819831602275371552e-01
8.8543117343065025348636254420853219926357e-01
1.0000000000000000000000000000000000000000e+00
7.5484873609673774907946608436759561300278e-01
5.8516385787724356504213574226014316082001e-01
5.1878942466105049113878067146288231015205e-01
9.5711130037233560496900963698863051831722e-01
5.9141750480336496842426186049124225974083e-01
9.8112291911885618489463922742288559675217e-01
0.0000000000000000000000000000000000000000e+00
6.7664998483732174960891825321596115827560e-01
6.7664998483732174960891825321596115827560e-01
5.8284019042802615029330581819522194564342e-01
7.2043481992826752247083277325145900249481e-01
6.7664998483732174960891825321596115827560e-01
5.7900699624026608081095446323161013424397e-01
6.3280629256665121840086385418544523417950e-01
7.8612230802864124790119149110978469252586e-01
4.7527034201547602165760508796665817499161e-01
5.1878942466105049113878067146288231015205e-01
5.7037442485125477986684927600435912609100e-01
6.7664998483732174960891825321596115827560e-01
3.9856943234854402824396402138518169522285e-01
4.0177425096870977849761175093590281903744e-01
9.3115139386047030001236635143868625164032e-01
6.7664998483732174960891825321596115827560e-01
6.0968122553089554305216779539478011429310e-01
5.1878942466105049113878067146288231015205e-01
2.2537180149773838877536036306992173194885e-01
5.7037442485125489088915173852001316845417e-01
6.9211109757325306457431679518776945769787e-01
8.3822669355586809647462587236077524721622e-01
7.6668774020358354537307832288206554949284e-01
8.0301645800756582538326711073750630021095e-01
8.2185225976645903678274862613761797547340e-01
6.9225314741963361875320970284519717097282e-01
7.2285139352646776700339614762924611568451e-01
5.7232534383096544949864892259938642382622e-01
5.1878942466105049113878067146288231015205e-01
3.8942658077522196435893420130014419555664e-01
5.7037442485125489088915173852001316845417e-01
6.5811032487033560567368795091169886291027e-01
5.4651309715306373160359498797333799302578e-01
9.1178847653021943830964346489054150879383e-01
7.2285139352646776700339614762924611568451e-01
5.7037442485125489088915173852001316845417e-01
5.3384629515253756437687115976586937904358e-01
5.3433838928891019826039610052248463034630e-01
1.6479633326147791194671299308538436889648e-01
3.0290665709846859021681098056433256715536e-01
0.0000000000000000000000000000000000000000e+00
5.3653461227008125700166374372201971709728e-01
5.0620778818233780338431415657396428287029e-01
0.0000000000000000000000000000000000000000e+00
2.4986333934803095502275027683936059474945e-01
0.0000000000000000000000000000000000000000e+00
2.1360220713762420596815161388803971931338e-01
5.1148807146708420712233333915719413198531e-03
4.5606945320971137292076491576153784990311e-01
7.6607903870533053392044564589014044031501e-02
1.9813801464380428885014850948209641501307e-01
3.9180289474014395878498362435493618249893e-01
2.3748994801074352345438001066213473677635e-01
5.6542669837512926633849019708577543497086e-01
4.8619737001850737989627759816357865929604e-01
5.1471043552780315621930640190839767456055e-01
0.0000000000000000000000000000000000000000e+00
2.2537180149773838877536036306992173194885e-01
1.6479633326147791194671299308538436889648e-01
0.0000000000000000000000000000000000000000e+00
3.0290665709846859021681098056433256715536e-01
0.0000000000000000000000000000000000000000e+00
5.3653461227008125700166374372201971709728e-01
5.0620778818233780338431415657396428287029e-01
0.0000000000000000000000000000000000000000e+00
2.4986333934803095502275027683936059474945e-01
0.0000000000000000000000000000000000000000e+00
2.1360220713762420596815161388803971931338e-01
5.1148807146708420712233333915719413198531e-03
4.5606945320971137292076491576153784990311e-01
7.6607903870533053392044564589014044031501e-02
1.9813801464380428885014850948209641501307e-01
3.9180289474014395878498362435493618249893e-01
2.3748994801074352345438001066213473677635e-01
5.6542669837512926633849019708577543497086e-01
4.8619737001850737989627759816357865929604e-01
5.1471043552780315621930640190839767456055e-01
0.0000000000000000000000000000000000000000e+00
2.2537180149773838877536036306992173194885e-01
1.6479633326147791194671299308538436889648e-01
0.0000000000000000000000000000000000000000e+00
0.0000000000000000000000000000000000000000e+00
3.0290665709846859021681098056433256715536e-01
0.0000000000000000000000000000000000000000e+00
5.3653461227008125700166374372201971709728e-01
5.0620778818233780338431415657396428287029e-01
0.0000000000000000000000000000000000000000e+00
2.4986333934803095502275027683936059474945e-01
0.0000000000000000000000000000000000000000e+00
2.1360220713762420596815161388803971931338e-01
5.1148807146708420712233333915719413198531e-03
4.5606945320971137292076491576153784990311e-01
7.6607903870533053392044564589014044031501e-02
1.9813801464380428885014850948209641501307e-01
3.9180289474014395878498362435493618249893e-01
2.3748994801074352345438001066213473677635e-01
5.6542669837512926633849019708577543497086e-01
4.8619737001850737989627759816357865929604e-01
5.1471043552780315621930640190839767456055e-01
0.0000000000000000000000000000000000000000e+00
2.2537180149773838877536036306992173194885e-01
1.6479633326147791194671299308538436889648e-01
0.0000000000000000000000000000000000000000e+00
0.0000000000000000000000000000000000000000e+00
0.0000000000000000000000000000000000000000e+00
9.7778361478660158923048584256321191787720e+01
8.9416718610901183006411940823454642668366e-02
