1
0
23
8.1448507810272308127252927079098299145699e-01
3.8160472748378249097100933795445598661900e-01
3.5420633105597737477765463154355529695749e-01
7.8140921894625225974095883429981768131256e-01
0.0000000000000000000000000000000000000000e+00
8.1124422180214739164227921719430014491081e-01
5.6960587475254709222127758039277978241444e-01
5.6960587475254709222127758039277978241444e-01
8.9350179956997866081991332976031117141247e-01
7.8140921894625192667405144675285555422306e-01
6.4424141746484553383567117634811438620090e-01
4.2935389968388310011349062733643222600222e-01
6.6317387111998782334154611817211844027042e-01
7.5554012155646110837636797441518865525723e-01
8.7400713580688893511450032747234217822552e-01
1.0000000000000000000000000000000000000000e+00
0.0000000000000000000000000000000000000000e+00
7.3597255840631836676379862183239310979843e-01
6.3529990369743805089797206164803355932236e-01
6.0112613930858704858195551423705182969570e-01
6.9670096779821544252797593799186870455742e-01
1.0000000000000000000000000000000000000000e+00
2.8052475347348371226274821310653351247311e-01
5.5447936662143704200644833690603263676167e-01
5.2554894261252560472286177173373289406300e-01
5.6960587475254709222127758039277978241444e-01
5.5677190370357976245685449612210504710674e-01
1.0000000000000000000000000000000000000000e+00
5.5442834592360923373632886068662628531456e-01
1.1984661651613670585447835037484765052795e-01
6.3529990369743660760804004894453100860119e-01
6.9720233253694718911219752044416964054108e-01
7.0880631531836935099732954768114723265171e-01
7.8417193134996843184580939123407006263733e-01
9.1044225265003242419936668738955631852150e-01
7.5729100725948284011934674708754755556583e-01
6.7754858057702060936122734347009100019932e-01
2.6177245797818754491359527492022607475519e-01
8.6099865778524087289724775473587214946747e-01
3.2721034071814081300999532686546444892883e-01
5.6960587475254709222127758039277978241444e-01
7.2563139180712832310149451586767099797726e-01
1.0000000000000000000000000000000000000000e+00
2.8836685259794075930628309833991806954145e-01
5.6770368431391382557649194495752453804016e-01
8.1797361416366309860848105017794296145439e-01
0.0000000000000000000000000000000000000000e+00
7.5416352227241256755974063707981258630753e-01
6.8425207824820533097920360887655988335609e-01
7.8639197329788779189385650170152075588703e-01
7.8634095260006009464603948799776844680309e-01
1.0000000000000000000000000000000000000000e+00
7.2819907025254548837978063602349720895290e-01
6.7754858057702138651734458107966929674149e-01
8.0985522316385016861062240423052571713924e-01
8.2926673092094571604349084736895747482777e-01
4.6531780197435046453335871774470433592796e-01
7.1595649463268351553324464475736021995544e-01
7.8925163472988091317716907724388875067234e-01
8.3255310435198792706756876214058138430119e-01
9.5288610374120652490859129102318547666073e-01
6.3264531054003070309477152477484196424484e-01
8.4574933405043184464489058882463723421097e-01
7.5266663938743316730750620990875177085400e-01
1.0000000000000000000000000000000000000000e+00
7.1248920658170966646594024496152997016907e-01
6.2070610181297614094120262961951084434986e-01
1.9803087356672488539288679021410644054413e-01
6.6317387111998782334154611817211844027042e-01
5.5230503655207607849320083914790302515030e-01
6.4093554565789190302638189677963964641094e-01
7.7061989292436339216152418885030783712864e-01
1.0000000000000000000000000000000000000000e+00
6.3016079410265124494117117137648165225983e-01
5.2485992345529375313617492793127894401550e-01
7.7061989292436339216152418885030783712864e-01
7.7061989292436339216152418885030783712864e-01
7.8639197329788779189385650170152075588703e-01
9.5288610374120652490859129102318547666073e-01
3.5741423076632350408488036919152364134789e-01
5.4035074233030766510665898749721236526966e-01
8.7426823673321396590552012639818713068962e-01
7.0880631531836935099732954768114723265171e-01
1.0000000000000000000000000000000000000000e+00
1.0000000000000000000000000000000000000000e+00
8.2941677931879298490969176782527938485146e-01
1.0000000000000000000000000000000000000000e+00
1.0000000000000000000000000000000000000000e+00
9.1333922735788930502565108326962217688560e-01
6.5764368207092349649656171095557510852814e-01
6.3264531054003070309477152477484196424484e-01
8.5070657229522550490941057432792149484158e-01
3.0085787034041899801195540931075811386108e-01
8.5922514437472763404457509750500321388245e-01
1.0000000000000000000000000000000000000000e+00
7.1152091041682496985743000550428405404091e-01
8.5290778265059197238429078424815088510513e-01
2.5966941025465828385421218627016060054302e-01
8.3548855323468962374988677765941247344017e-01
8.9771399461696643751196234006783924996853e-01
8.1559824327023844325879053940298035740852e-01
6.9077289826949817008738818913116119801998e-01
5.7865929267339133446057530818507075309753e-01
4.7810808881461297481507699558278545737267e-01
9.9990376698638672170460495181032456457615e-01
7.9841004676981230936405609099892899394035e-01
2.5966941025465828385421218627016060054302e-01
8.3959601962723662271770308507257141172886e-01
7.8140921894625059440642189656500704586506e-01
8.1579532336154203520095506974030286073685e-01
8.2681147183061809435855593619635328650475e-01
8.7632601925242337159716043970547616481781e-01
7.7436020130664562355349289646255783736706e-01
8.1579532336154203520095506974030286073685e-01
8.1579532336154270133476984483422711491585e-01
7.4718498540566580246036210155580192804337e-01
8.3959601962723662271770308507257141172886e-01
1.0000000000000000000000000000000000000000e+00
8.3959601962723662271770308507257141172886e-01
6.9763490459030230717019094299757853150368e-01
1.0000000000000000000000000000000000000000e+00
5.7821539300392998939059907570481300354004e-01
6.9272610940595913397999083827016875147820e-01
6.4553059809601887053531754645518958568573e-01
6.9272610940595835682387360066059045493603e-01
6.9272610940595902295768837575451470911503e-01
7.6511955484328630916479596635326743125916e-01
6.9272610940596113238143516355194151401520e-01
6.7125869310962871239212290674913674592972e-01
6.9272610940595835682387360066059045493603e-01
8.1797361416366343167538843772490508854389e-01
7.1694325927363422579219331964850425720215e-01
7.8454825603124622723782977118389680981636e-01
6.9272610940595980011380561336409300565720e-01
6.3529990369743671863034251146018505096436e-01
8.9809653349998896931793979092617519199848e-01
6.3524888299960891036022303524077869951725e-01
4.8605155136362721002285525173647329211235e-01
6.9272610940595913397999083827016875147820e-01
6.3529990369743671863034251146018505096436e-01
6.5138010960984760178149599596508778631687e-01
6.9670096779821555355027840050752274692059e-01
6.2807828857544056866402115701930597424507e-01
5.5898320914721211227771391349961049854755e-01
7.2224125918675419200098986038938164710999e-01
7.7966746489527438690458893688628450036049e-01
5.1063866016271552972227709688013419508934e-01
6.5138010960985048836136002137209288775921e-01
8.1130607822834321929406087292591109871864e-01
6.5138010960984638053616890829289332032204e-01
6.2903633123636371049514082187670283019543e-01
7.6245125735762919738647269696230068802834e-01
8.2681147183061809435855593619635328650475e-01
6.3529990369743671863034251146018505096436e-01
5.1063866016271552972227709688013419508934e-01
1.0000000000000000000000000000000000000000e+00
9.5355267035054658286696849245345219969749e-01
8.7400713580689037840443234017584472894669e-01
9.5355761708329112025239737704396247863770e-01
3.5142772703510294363127286487724632024765e-01
1.0000000000000000000000000000000000000000e+00
5.9572107303220001028876140480861067771912e-01
7.7726426999844500098646449259831570088863e-01
9.5759919432537499162094718485604971647263e-01
8.8972848533314541352723381351097486913204e-01
1.0000000000000000000000000000000000000000e+00
8.7191128381124549662217759760096669197083e-01
5.5128105618708844737341223662951961159706e-01
5.7865929267339133446057530818507075309753e-01
9.3836735027987927537651557940989732742310e-01
6.9267508870813121468756889953510835766792e-01
9.5355761708329112025239737704396247863770e-01
0.0000000000000000000000000000000000000000e+00
7.3930455288458785112482019030721858143806e-01
7.3199946561327500216265207200194709002972e-01
6.7639780270441607346043610959895886480808e-01
8.0600765624792813923704670742154121398926e-01
7.3930455288458785112482019030721858143806e-01
6.9130647395547506484092536993557587265968e-01
6.7125869310962937852593768184306100010872e-01
8.0985522316385016861062240423052571713924e-01
4.8960667139947228188034955564944539219141e-01
6.2070610181297614094120262961951084434986e-01
6.6373376800179617607255977418390102684498e-01
7.3930455288458785112482019030721858143806e-01
5.4254128077698082766033849111408926546574e-01
4.7810808881461680508451195237284991890192e-01
9.4901743392287518652494782145367935299873e-01
6.9272610940596113238143516355194151401520e-01
6.7125869310962871239212290674913674592972e-01
5.4908919576731274325709364347858354449272e-01
2.3646974176501911468761818468919955193996e-01
6.3529990369743660760804004894453100860119e-01
7.5341055592058736589677891970495693385601e-01
8.7400713580689037840443234017584472894669e-01
8.0466221181201591505782744206953793764114e-01
6.5105173335911459275848756078630685806274e-01
8.4867300733379158472757808340247720479965e-01
7.2224125918675419200098986038938164710999e-01
8.1559824327023844325879053940298035740852e-01
6.8490381993868143517545377108035609126091e-01
5.7865929267339066832676053309114649891853e-01
4.8961574742964936168831968643644358962774e-01
6.9191811173501860388057593809207901358604e-01
6.2973262366781745935639946765149943530560e-01
6.3529990369743671863034251146018505096436e-01
9.3109326854767637815513126042787916958332e-01
7.4370867548308505767806764197302982211113e-01
6.3529990369743671863034251146018505096436e-01
6.9396288405727579728932141733821481466293e-01
6.4765356208938518189910382716334424912930e-01
2.3078693668543448502816772816004231572151e-01
3.5420633105597737477765463154355529695749e-01
0.0000000000000000000000000000000000000000e+00
5.6960587475254709222127758039277978241444e-01
4.2935389968388310011349062733643222600222e-01
0.0000000000000000000000000000000000000000e+00
2.8052475347348371226274821310653351247311e-01
1.1984661651613670585447835037484765052795e-01
2.6177245797818754491359527492022607475519e-01
0.0000000000000000000000000000000000000000e+00
4.6531780197435046453335871774470433592796e-01
1.9803087356672488539288679021410644054413e-01
3.5741423076632350408488036919152364134789e-01
3.0085787034041899801195540931075811386108e-01
2.5966941025465828385421218627016060054302e-01
5.7821539300392998939059907570481300354004e-01
4.8605155136362721002285525173647329211235e-01
5.1063866016271552972227709688013419508934e-01
0.0000000000000000000000000000000000000000e+00
2.3646974176501911468761818468919955193996e-01
2.3078693668543448502816772816004231572151e-01
0.0000000000000000000000000000000000000000e+00
3.5420633105597737477765463154355529695749e-01
0.0000000000000000000000000000000000000000e+00
5.6960587475254709222127758039277978241444e-01
4.2935389968388310011349062733643222600222e-01
0.0000000000000000000000000000000000000000e+00
2.8052475347348371226274821310653351247311e-01
1.1984661651613670585447835037484765052795e-01
2.6177245797818754491359527492022607475519e-01
0.0000000000000000000000000000000000000000e+00
4.6531780197435046453335871774470433592796e-01
1.9803087356672488539288679021410644054413e-01
3.5741423076632350408488036919152364134789e-01
3.0085787034041899801195540931075811386108e-01
2.5966941025465828385421218627016060054302e-01
5.7821539300392998939059907570481300354004e-01
4.8605155136362721002285525173647329211235e-01
5.1063866016271552972227709688013419508934e-01
0.0000000000000000000000000000000000000000e+00
2.3646974176501911468761818468919955193996e-01
2.3078693668543448502816772816004231572151e-01
0.0000000000000000000000000000000000000000e+00
0.0000000000000000000000000000000000000000e+00
3.5420633105597737477765463154355529695749e-01
0.0000000000000000000000000000000000000000e+00
5.6960587475254709222127758039277978241444e-01
4.2935389968388310011349062733643222600222e-01
0.0000000000000000000000000000000000000000e+00
2.8052475347348371226274821310653351247311e-01
1.1984661651613670585447835037484765052795e-01
2.6177245797818754491359527492022607475519e-01
0.0000000000000000000000000000000000000000e+00
4.6531780197435046453335871774470433592796e-01
1.9803087356672488539288679021410644054413e-01
3.5741423076632350408488036919152364134789e-01
3.0085787034041899801195540931075811386108e-01
2.5966941025465828385421218627016060054302e-01
5.7821539300392998939059907570481300354004e-01
4.8605155136362721002285525173647329211235e-01
5.1063866016271552972227709688013419508934e-01
0.0000000000000000000000000000000000000000e+00
2.3646974176501911468761818468919955193996e-01
2.3078693668543448502816772816004231572151e-01
0.0000000000000000000000000000000000000000e+00
0.0000000000000000000000000000000000000000e+00
0.0000000000000000000000000000000000000000e+00
9.7534386670217301684715494047850370407104e+01
1.2002943649080514976201783383658039383590e-01
