1
0
23
9.8331481814844534650177365620038472115993e-01
3.5054039495773930967814635550894308835268e-01
3.4736395049594132045100991490471642464399e-01
7.6863948463599851557148667779983952641487e-01
0.0000000000000000000000000000000000000000e+00
7.5061510390788843682940978396800346672535e-01
5.2138289350480293560252675888477824628353e-01
5.2138289350480293560252675888477824628353e-01
8.9887039166016724500707368861185386776924e-01
7.3093561673634777076102864157292060554028e-01
6.1852714513082862612947110392269678413868e-01
5.6038487063301090085332134549389593303204e-01
5.9599057231152652303052263960125856101513e-01
6.3956593989897558838464419750380329787731e-01
7.7072977208200788012959492334630340337753e-01
1.0000000000000000000000000000000000000000e+00
0.0000000000000000000000000000000000000000e+00
6.3981395890007153326450861641205847263336e-01
5.7024498692504033137140595499658957123756e-01
5.2138289350480293560252675888477824628353e-01
6.9666739694264223636821498075732961297035e-01
1.0000000000000000000000000000000000000000e+00
2.9045104845260211190449695095594506710768e-01
4.0421738853851207906586751050781458616257e-01
4.7221553245825331757146159361582249403000e-01
5.2138289350480293560252675888477824628353e-01
5.9266263058362811388946056467830203473568e-01
1.0000000000000000000000000000000000000000e+00
4.4262212499246555985621398576768115162849e-01
1.1990346190144218763151684470358304679394e-02
5.8222629232583689162794371441123075783253e-01
6.6841541224014044964008007809752598404884e-01
6.7400157331515098135810148960445076227188e-01
8.3410463814921353975506690403562970459461e-01
7.7731250292779552335531434437143616378307e-01
6.6841541224014044964008007809752598404884e-01
6.4326325225590019751820136661990545690060e-01
2.1192585726509188814858930527407210320234e-01
1.0000000000000000000000000000000000000000e+00
3.7403615359638031634403887437656521797180e-01
5.2138289350480293560252675888477824628353e-01
7.0709820821473945429147534014191478490829e-01
1.0000000000000000000000000000000000000000e+00
2.9045104845260211190449695095594506710768e-01
5.7929948736807312936747393905534408986568e-01
7.9810964762964053953453458234434947371483e-01
0.0000000000000000000000000000000000000000e+00
6.7725671006404497553887722460785880684853e-01
7.1567389414062254626713865945930592715740e-01
6.7400157331515131442500887715141288936138e-01
7.7969503421934172049390099346055649220943e-01
1.0000000000000000000000000000000000000000e+00
6.9666739694264223636821498075732961297035e-01
6.5054974864686632152199763368116691708565e-01
7.4260614689511006414335270164883695542812e-01
7.7969503421934172049390099346055649220943e-01
3.9241366764534185707091751282860059291124e-01
6.7400157331515087033579902708879671990871e-01
7.1945907771476358405493556347209960222244e-01
5.7217554231513056972602271343930624425411e-01
9.3478475313696229864746101156924851238728e-01
6.8594757454142052388590400369139388203621e-01
8.5375073990290595293828346257214434444904e-01
6.4326325225590008649589890410425141453743e-01
1.0000000000000000000000000000000000000000e+00
6.3274072938136771693251603210228495299816e-01
5.1526521887575194025288283228292129933834e-01
0.0000000000000000000000000000000000000000e+00
6.0526768826505394915926672183559276163578e-01
4.4040426474382599053569720126688480377197e-01
5.2138289350480260253561937133781611919403e-01
7.6110482685368519017998778508626855909824e-01
1.0000000000000000000000000000000000000000e+00
5.6358383434849268489585938368691131472588e-01
4.8161560933178326759929177569574676454067e-01
6.6390007380745763576612716860836371779442e-01
9.1971805943815521100503929119440726935863e-01
6.7725671006404497553887722460785880684853e-01
1.0000000000000000000000000000000000000000e+00
1.9271639968409270959881496310117654502392e-01
3.8189185410328801983936841679678764194250e-01
1.0000000000000000000000000000000000000000e+00
7.8743620728468410874256733222864568233490e-01
1.0000000000000000000000000000000000000000e+00
1.0000000000000000000000000000000000000000e+00
9.1886877187100779451611742842942476272583e-01
9.1219897402248728557339063627296127378941e-01
1.0000000000000000000000000000000000000000e+00
1.0000000000000000000000000000000000000000e+00
7.4737430053451459066593542956979945302010e-01
6.1840867360268636510056694532977417111397e-01
8.4882511583759634454793285840423777699471e-01
3.0633238223957948154207997504272498190403e-01
8.6819268977601049552816903087659738957882e-01
1.0000000000000000000000000000000000000000e+00
5.9400916839037209982166132249403744935989e-01
8.9887039166016724500707368861185386776924e-01
2.1051870031851693809699099801946431398392e-01
8.4735860502535220728503873033332638442516e-01
7.9346937633123981736815721887978725135326e-01
7.9397798677833797409419958057696931064129e-01
8.0172614003414155448012934357393532991409e-01
4.3116475215070432236430519878922495990992e-01
3.3938947116139045467875234862731304019690e-01
1.0000000000000000000000000000000000000000e+00
7.9959329155461977833851960895117372274399e-01
1.7982888899124982451382948056561872363091e-01
9.0730389836492919553023739354102872312069e-01
7.4662784820071992353263112818240188062191e-01
7.0109906845756575499706286791479215025902e-01
8.2270748026608042646756757676484994590282e-01
9.0877289258526294801754374930169433355331e-01
8.4460180287390806963543354868306778371334e-01
8.2373773188511734133498976007103919982910e-01
7.4662784820071992353263112818240188062191e-01
9.7027197075033744244620947938528843224049e-01
7.7969503421934172049390099346055649220943e-01
1.0000000000000000000000000000000000000000e+00
9.0804837184882991607537405798211693763733e-01
9.9482883254944620698978496875497512519360e-01
1.0000000000000000000000000000000000000000e+00
5.0918559451335509979941207348019815981388e-01
6.7400157331515075931349656457314267754555e-01
6.1942657729044348080549298174446448683739e-01
6.7400157331515109238040395212010480463505e-01
6.7400157331515109238040395212010480463505e-01
7.9289900806764079810307066509267315268517e-01
6.8835081436667777676774448991636745631695e-01
6.4813705876795024707348602532874792814255e-01
6.7400157331515087033579902708879671990871e-01
8.4783919745869096296075895224930718541145e-01
6.7400157331515109238040395212010480463505e-01
6.7400157331515098135810148960445076227188e-01
6.7400157331515075931349656457314267754555e-01
5.7217554231513056972602271343930624425411e-01
1.0000000000000000000000000000000000000000e+00
5.0918559451335509979941207348019815981388e-01
4.8651977088586395581160104484297335147858e-01
6.5783131374439685057353699448867700994015e-01
5.8025649050943439721805816589039750397205e-01
5.7217554231513056972602271343930624425411e-01
7.2248340787022236053616097706253640353680e-01
5.7217554231513056972602271343930624425411e-01
4.9785827220555467498286361660575494170189e-01
7.2248340787022224951385851454688236117363e-01
7.2248340787022258258076590209384448826313e-01
5.0143392942335829332023422466591000556946e-01
6.1346314609220597979799549648305401206017e-01
7.1019464426787304311972093273652717471123e-01
5.7217554231513056972602271343930624425411e-01
5.9574284997519533213505837920820340514183e-01
7.2248340787022236053616097706253640353680e-01
7.4662784820071992353263112818240188062191e-01
5.7217554231513056972602271343930624425411e-01
4.9785827220555467498286361660575494170189e-01
1.0000000000000000000000000000000000000000e+00
9.8727248007576884347713530587498098611832e-01
9.5833818026569772552392123543540947139263e-01
1.0000000000000000000000000000000000000000e+00
0.0000000000000000000000000000000000000000e+00
1.0000000000000000000000000000000000000000e+00
5.6986472805987464784749363388982601463795e-01
8.6951076400476778882620010335813276469707e-01
6.8815192703104444138517692408640868961811e-01
8.6951076400476789984850256587378680706024e-01
1.0000000000000000000000000000000000000000e+00
7.5276234182748813505980933769023977220058e-01
7.1946620802088201429569380707107484340668e-01
3.5402226491055566182097891214652918279171e-01
9.8127816030976811045860586091293953359127e-01
6.1516282337381056333214246478746645152569e-01
8.9575344316782101738994015249772928655148e-01
0.0000000000000000000000000000000000000000e+00
6.5783131374439685057353699448867700994015e-01
6.1942657729044336978319051922881044447422e-01
5.2138289350480293560252675888477824628353e-01
6.6369580024565555387283666277653537690639e-01
6.1749574029616427495170682959724217653275e-01
4.9341477380279330500201240283786319196224e-01
6.4326325225590019751820136661990545690060e-01
7.4260614689511006414335270164883695542812e-01
5.1103373081811709344179917025030590593815e-01
4.3116475215070432236430519878922495990992e-01
4.7817633155152022839118330921337474137545e-01
6.5783131374439673955123453197302296757698e-01
4.2212125142828305079945039324229583144188e-01
3.3938947116139045467875234862731304019690e-01
9.8591212028973151948463282678858377039433e-01
6.0732161712399568287423790025059133768082e-01
5.9442512880757625293171031444217078387737e-01
4.9342497136618568287502739622141234576702e-01
2.9384070425063790743536173977190628647804e-01
5.0721876991429815095813182779238559305668e-01
6.4326325225590008649589890410425141453743e-01
7.7072977208200788012959492334630340337753e-01
7.0758549902114942220521243143593892455101e-01
7.6177295035220227159555861362605355679989e-01
7.5214182512696470261914782895473763346672e-01
6.7689694086618479307304596659378148615360e-01
6.7400157331515075931349656457314267754555e-01
5.4679316376006870115134006482549011707306e-01
4.6839241129520320372492392380081582814455e-01
3.3377448532111320123050290931132622063160e-01
4.8172308588305029486420494322373997420073e-01
5.7763529878966490826996960095129907131195e-01
5.0357064729378442358154188696062192320824e-01
9.7930468433597561705994394287699833512306e-01
6.7400157331515109238040395212010480463505e-01
5.0357064729378453460384434947627596557140e-01
3.3747858444547845779837302870873827487230e-01
4.6839241129520320372492392380081582814455e-01
6.3203828854558344318981255582912126556039e-02
3.4736395049594132045100991490471642464399e-01
0.0000000000000000000000000000000000000000e+00
5.2138289350480293560252675888477824628353e-01
5.6038487063301090085332134549389593303204e-01
0.0000000000000000000000000000000000000000e+00
2.9045104845260211190449695095594506710768e-01
1.1990346190144218763151684470358304679394e-02
2.1192585726509188814858930527407210320234e-01
0.0000000000000000000000000000000000000000e+00
3.9241366764534185707091751282860059291124e-01
0.0000000000000000000000000000000000000000e+00
1.9271639968409270959881496310117654502392e-01
3.0633238223957948154207997504272498190403e-01
1.7982888899124982451382948056561872363091e-01
5.0918559451335509979941207348019815981388e-01
4.8651977088586395581160104484297335147858e-01
4.9785827220555467498286361660575494170189e-01
0.0000000000000000000000000000000000000000e+00
2.9384070425063790743536173977190628647804e-01
6.3203828854558344318981255582912126556039e-02
0.0000000000000000000000000000000000000000e+00
3.4736395049594132045100991490471642464399e-01
0.0000000000000000000000000000000000000000e+00
5.2138289350480293560252675888477824628353e-01
5.6038487063301090085332134549389593303204e-01
0.0000000000000000000000000000000000000000e+00
2.9045104845260211190449695095594506710768e-01
1.1990346190144218763151684470358304679394e-02
2.1192585726509188814858930527407210320234e-01
0.0000000000000000000000000000000000000000e+00
3.9241366764534185707091751282860059291124e-01
0.0000000000000000000000000000000000000000e+00
1.9271639968409270959881496310117654502392e-01
3.0633238223957948154207997504272498190403e-01
1.7982888899124982451382948056561872363091e-01
5.0918559451335509979941207348019815981388e-01
4.8651977088586395581160104484297335147858e-01
4.9785827220555467498286361660575494170189e-01
0.0000000000000000000000000000000000000000e+00
2.9384070425063790743536173977190628647804e-01
6.3203828854558344318981255582912126556039e-02
0.0000000000000000000000000000000000000000e+00
0.0000000000000000000000000000000000000000e+00
3.4736395049594132045100991490471642464399e-01
0.0000000000000000000000000000000000000000e+00
5.2138289350480293560252675888477824628353e-01
5.6038487063301090085332134549389593303204e-01
0.0000000000000000000000000000000000000000e+00
2.9045104845260211190449695095594506710768e-01
1.1990346190144218763151684470358304679394e-02
2.1192585726509188814858930527407210320234e-01
0.0000000000000000000000000000000000000000e+00
3.9241366764534185707091751282860059291124e-01
0.0000000000000000000000000000000000000000e+00
1.9271639968409270959881496310117654502392e-01
3.0633238223957948154207997504272498190403e-01
1.7982888899124982451382948056561872363091e-01
5.0918559451335509979941207348019815981388e-01
4.8651977088586395581160104484297335147858e-01
4.9785827220555467498286361660575494170189e-01
0.0000000000000000000000000000000000000000e+00
2.9384070425063790743536173977190628647804e-01
6.3203828854558344318981255582912126556039e-02
0.0000000000000000000000000000000000000000e+00
0.0000000000000000000000000000000000000000e+00
0.0000000000000000000000000000000000000000e+00
9.7398031711982369529323477763682603836060e+01
7.2057134905324560225636787436087615787983e-02
