1
0
23
6.9049277955795629324597939557861536741257e-01
4.2670423581737992879681087288190610706806e-01
5.2663703192345656667328057665145024657249e-01
8.0628308685167338065724607076845131814480e-01
2.1305956792123270648886546041467227041721e-01
8.9908323002818635316657491785008460283279e-01
7.6641555684766049516554176079807803034782e-01
6.2763707432306470312965984703623689711094e-01
9.2607718725758614297660642478149384260178e-01
8.6933050681969592510256461537210270762444e-01
7.5399601951786565656732364004710689187050e-01
4.7695726336248472909673523645324166864157e-01
7.6874301394743116411234495899407193064690e-01
1.0000000000000000000000000000000000000000e+00
9.3113492866892932919853365092421881854534e-01
1.0000000000000000000000000000000000000000e+00
0.0000000000000000000000000000000000000000e+00
8.3265697483339495832410648290533572435379e-01
7.3746767283484082611266785534098744392395e-01
7.6819267421866777034722417738521471619606e-01
7.7335401796389446893442709551891312003136e-01
1.0000000000000000000000000000000000000000e+00
4.5964793207445975298242046847008168697357e-01
7.3817139635587902812829952381434850394726e-01
6.8690680743433585320190104539506137371063e-01
7.5399601951786565656732364004710689187050e-01
6.8006323461721795986534289113478735089302e-01
1.0000000000000000000000000000000000000000e+00
7.0457864047226337333995616063475608825684e-01
3.4538326527475815552747917536180466413498e-01
7.6819267421866832545873648996348492801189e-01
8.1326575262913680663956483840593136847019e-01
8.2381342512871558181331010928261093795300e-01
8.3862443741890235759939287163433618843555e-01
8.7971982158538553075999288921593688428402e-01
8.9347307143465437562213082856032997369766e-01
8.3359053117129178200883643512497656047344e-01
3.6850576601701023893298270195373333990574e-01
8.3566302450451956929100560955703258514404e-01
4.8823551066263615183515867101959884166718e-01
6.7384989313407139821521241174195893108845e-01
8.5485479709968603678760246111778542399406e-01
1.0000000000000000000000000000000000000000e+00
4.5964793207445975298242046847008168697357e-01
6.7800490212660080580064914101967588067055e-01
8.5288198849832608239296405372442677617073e-01
1.8296813835951353244269057540805079042912e-01
8.4212545911931602216071723887580446898937e-01
8.9126975040600009414504256710642948746681e-01
9.3113492866892988431004596350248903036118e-01
9.3033809059988958889420018749660812318325e-01
1.0000000000000000000000000000000000000000e+00
8.9471872435199806261607591295614838600159e-01
8.9471872435199806261607591295614838600159e-01
9.5410875248908633139421908708754926919937e-01
8.9471872435199806261607591295614838600159e-01
5.5337148921672740797816913982387632131577e-01
8.3359053117129178200883643512497656047344e-01
8.9126975040600009414504256710642948746681e-01
9.3113492866892988431004596350248903036118e-01
9.9942598442675356640307882116758264601231e-01
7.5754188580052517210106088896282017230988e-01
9.0075499127791369691209411030285991728306e-01
8.8808791243236095969137977590435184538364e-01
9.8778999222279018077585988066857680678368e-01
8.5485479709968603678760246111778542399406e-01
7.4016878464067659137981536332517862319946e-01
3.7547951287129099906536566777504049241543e-01
8.0522232302325158492806167487287893891335e-01
6.4001537349650594599381747684674337506294e-01
7.6878790266781560358566594004514627158642e-01
8.3862443741890235759939287163433618843555e-01
1.0000000000000000000000000000000000000000e+00
7.0457864047226337333995616063475608825684e-01
6.8221547425352468962955754250288009643555e-01
8.3862443741890235759939287163433618843555e-01
8.1747820600827958426037866956903599202633e-01
9.3033809059988958889420018749660812318325e-01
9.3113492866892810795320656325202435255051e-01
4.5710813453387511007264265572302974760532e-01
7.6585119835636839003001341552590020000935e-01
9.0587346042575289661868964685709215700626e-01
8.8841138471660374698046780395088717341423e-01
1.0000000000000000000000000000000000000000e+00
8.7547939397786578297200321685522794723511e-01
8.5266619930556963868895081759546883404255e-01
1.0000000000000000000000000000000000000000e+00
1.0000000000000000000000000000000000000000e+00
1.0000000000000000000000000000000000000000e+00
7.7036311438908067206199348220252431929111e-01
6.8228134428713271830702069564722478389740e-01
1.0000000000000000000000000000000000000000e+00
4.5967152875676542400640300911618396639824e-01
9.1722827639777171349066975380992516875267e-01
9.8216898924081186272871946130180731415749e-01
9.1722827639777171349066975380992516875267e-01
9.6950786746599171284088924949173815548420e-01
4.3092848122602589455709676258265972137451e-01
9.3142493109857382727057029114803299307823e-01
9.8444353322932498517872090815217234194279e-01
9.4253220256277092659047411871142685413361e-01
8.3541949038914542491340853302972391247749e-01
7.4016878464067503706758088810602203011513e-01
5.9203009327459932276127574368729256093502e-01
1.0000000000000000000000000000000000000000e+00
8.6453173171229835691775633677025325596333e-01
4.3092848122602589455709676258265972137451e-01
8.3218184208198930917887992109172046184540e-01
8.6933050681969592510256461537210270762444e-01
8.9908323002818391067592074250569567084312e-01
8.5485479709968603678760246111778542399406e-01
8.6453173171230079940841051211464218795300e-01
8.3602036026228676579563625637092627584934e-01
8.6453173171230079940841051211464218795300e-01
8.9471872435199806261607591295614838600159e-01
8.5485479709968603678760246111778542399406e-01
8.9471872435199806261607591295614838600159e-01
9.3095447576164580549828997391159646213055e-01
8.5076895998054080649808383896015584468842e-01
8.5318122327422618589309877279447391629219e-01
1.0000000000000000000000000000000000000000e+00
3.3502413223781468687434426101390272378922e-01
7.5749704121827932112864800728857517242432e-01
7.6819267421866777034722417738521471619606e-01
7.6819267421866777034722417738521471619606e-01
7.6898951228770862087458226596936583518982e-01
7.7634538931124297267416523027350194752216e-01
7.7335401796389446893442709551891312003136e-01
7.6819267421866832545873648996348492801189e-01
7.6819267421866832545873648996348492801189e-01
8.3847320344864872954104839664069004356861e-01
8.4212545911931602216071723887580446898937e-01
9.1620587604339176479584239132236689329147e-01
7.6878790266781371620652407727902755141258e-01
7.5123652481130376301621254242490977048874e-01
9.1722827639777171349066975380992516875267e-01
7.7335401796389446893442709551891312003136e-01
5.4859535621454647014161309925839304924011e-01
7.7948353566820383075963718511047773063183e-01
7.6843121559457161495743093837518244981766e-01
7.7948353566820383075963718511047773063183e-01
8.1939387647048966822893589778686873614788e-01
7.6480199217012145851413151831366121768951e-01
7.4755861466574802243201247620163485407829e-01
8.3359053117129178200883643512497656047344e-01
8.3430760866481123994020663303672336041927e-01
7.0144264142087409119596941309282556176186e-01
7.7948353566820383075963718511047773063183e-01
8.6611905311760606362980752237490378320217e-01
7.8599333861716813576236972949118353426456e-01
7.5252422181154587921270149308838881552219e-01
8.6453173171230079940841051211464218795300e-01
8.6453173171230079940841051211464218795300e-01
7.0690663535079201196253961825277656316757e-01
5.4445264341101484717455605277791619300842e-01
1.0000000000000000000000000000000000000000e+00
1.0000000000000000000000000000000000000000e+00
9.8105610689186273365436363746994175016880e-01
9.7117216455887200865504382818471640348434e-01
0.0000000000000000000000000000000000000000e+00
1.0000000000000000000000000000000000000000e+00
8.4870917537225487592422723537310957908630e-01
8.8645534857982777321439016304793767631054e-01
8.9005510632569151407977869894239120185375e-01
9.4610516609065897775110443035373464226723e-01
9.3829724818477955317064242990454658865929e-01
8.8575060340579525597348720111767761409283e-01
8.7844322244925054921083074077614583075047e-01
6.3541113564539541957998380894423462450504e-01
9.8105610689186273365436363746994175016880e-01
9.1407672279802687498317936842795461416245e-01
9.8413142607226844482681826775660738348961e-01
0.0000000000000000000000000000000000000000e+00
8.4867475496668565160263142388430424034595e-01
8.5595272962971336028203950263559818267822e-01
8.5215207801044678959101474902126938104630e-01
9.5259159144944527408682688474073074758053e-01
8.5215207801044712265792213656823150813580e-01
8.2609679871327990063889501470839604735374e-01
8.3359053117129178200883643512497656047344e-01
9.5410875248908633139421908708754926919937e-01
6.8297031441319822064883737766649574041367e-01
7.7063122104544179435947626188863068819046e-01
8.1688303223728098156897203807602636516094e-01
8.5215207801044678959101474902126938104630e-01
7.0682521268862574803648612942197360098362e-01
5.8794898205097179122446959809167310595512e-01
9.2425497388540045484717211365932598710060e-01
8.6366824773652850488758758729090914130211e-01
8.0599793986006296186985764506971463561058e-01
6.7960459248823767985925314860651269555092e-01
3.0922229023774716605288404025486670434475e-01
7.5749704121827932112864800728857517242432e-01
8.6933050681969592510256461537210270762444e-01
9.3113492866892988431004596350248903036118e-01
9.1600302795144072920408007121295668184757e-01
1.0000000000000000000000000000000000000000e+00
8.9403900186395679483553067257162183523178e-01
8.9403900186395679483553067257162183523178e-01
9.3113492866892988431004596350248903036118e-01
8.5804333224355233689095712179550901055336e-01
6.7272505779450997298596348628052510321140e-01
6.9426784641172256673513629721128381788731e-01
8.6171799698722773008796593785518780350685e-01
7.4871213654213253363423064001835882663727e-01
7.4871213654213253363423064001835882663727e-01
9.3113492866892988431004596350248903036118e-01
7.8511247214192214638472933074808679521084e-01
7.6929173311348741925996819190913811326027e-01
8.5759115675261310407506698538782075047493e-01
8.0599793986006296186985764506971463561058e-01
3.8591343409804168551602288061985746026039e-01
5.2663703192345656667328057665145024657249e-01
2.1305956792123270648886546041467227041721e-01
6.2763707432306470312965984703623689711094e-01
4.7695726336248472909673523645324166864157e-01
0.0000000000000000000000000000000000000000e+00
4.5964793207445975298242046847008168697357e-01
3.4538326527475815552747917536180466413498e-01
3.6850576601701023893298270195373333990574e-01
1.8296813835951353244269057540805079042912e-01
5.5337148921672740797816913982387632131577e-01
3.7547951287129099906536566777504049241543e-01
4.5710813453387511007264265572302974760532e-01
4.5967152875676542400640300911618396639824e-01
4.3092848122602589455709676258265972137451e-01
3.3502413223781468687434426101390272378922e-01
5.4859535621454647014161309925839304924011e-01
5.4445264341101484717455605277791619300842e-01
0.0000000000000000000000000000000000000000e+00
3.0922229023774716605288404025486670434475e-01
3.8591343409804168551602288061985746026039e-01
0.0000000000000000000000000000000000000000e+00
5.2663703192345656667328057665145024657249e-01
2.1305956792123270648886546041467227041721e-01
6.2763707432306470312965984703623689711094e-01
4.7695726336248472909673523645324166864157e-01
0.0000000000000000000000000000000000000000e+00
4.5964793207445975298242046847008168697357e-01
3.4538326527475815552747917536180466413498e-01
3.6850576601701023893298270195373333990574e-01
1.8296813835951353244269057540805079042912e-01
5.5337148921672740797816913982387632131577e-01
3.7547951287129099906536566777504049241543e-01
4.5710813453387511007264265572302974760532e-01
4.5967152875676542400640300911618396639824e-01
4.3092848122602589455709676258265972137451e-01
3.3502413223781468687434426101390272378922e-01
5.4859535621454647014161309925839304924011e-01
5.4445264341101484717455605277791619300842e-01
0.0000000000000000000000000000000000000000e+00
3.0922229023774716605288404025486670434475e-01
3.8591343409804168551602288061985746026039e-01
0.0000000000000000000000000000000000000000e+00
0.0000000000000000000000000000000000000000e+00
5.2663703192345656667328057665145024657249e-01
2.1305956792123270648886546041467227041721e-01
6.2763707432306470312965984703623689711094e-01
4.7695726336248472909673523645324166864157e-01
0.0000000000000000000000000000000000000000e+00
4.5964793207445975298242046847008168697357e-01
3.4538326527475815552747917536180466413498e-01
3.6850576601701023893298270195373333990574e-01
1.8296813835951353244269057540805079042912e-01
5.5337148921672740797816913982387632131577e-01
3.7547951287129099906536566777504049241543e-01
4.5710813453387511007264265572302974760532e-01
4.5967152875676542400640300911618396639824e-01
4.3092848122602589455709676258265972137451e-01
3.3502413223781468687434426101390272378922e-01
5.4859535621454647014161309925839304924011e-01
5.4445264341101484717455605277791619300842e-01
0.0000000000000000000000000000000000000000e+00
3.0922229023774716605288404025486670434475e-01
3.8591343409804168551602288061985746026039e-01
0.0000000000000000000000000000000000000000e+00
0.0000000000000000000000000000000000000000e+00
0.0000000000000000000000000000000000000000e+00
9.6049500266921384650231630075722932815552e+01
2.3876202040812596893992747482116101309657e-01
