1
0
23
1.0000000000000000000000000000000000000000e+00
3.4612782321636703652956157384323887526989e-01
3.5235890438819833514472179558651987463236e-01
7.5970093832454699267486830649431794881821e-01
0.0000000000000000000000000000000000000000e+00
7.1621462585664097399984484582091681659222e-01
5.1560289495759858979795353661756962537766e-01
5.1560289495759858979795353661756962537766e-01
8.9158628228460878872851935739163309335709e-01
7.3577168850253227283531032298924401402473e-01
6.2941649545444811053584999172016978263855e-01
5.4988432165603184920144030911615118384361e-01
5.9746171729688779539202414525789208710194e-01
6.9041195122097331893229466004413552582264e-01
7.5727715774032888784716988084255717694759e-01
1.0000000000000000000000000000000000000000e+00
0.0000000000000000000000000000000000000000e+00
6.2922542187921637335534796875435858964920e-01
5.5134198986925053720398182122153230011463e-01
5.1560289495759858979795353661756962537766e-01
7.0819088254631212819845131889451295137405e-01
1.0000000000000000000000000000000000000000e+00
2.7761698027324133164484010194428265094757e-01
4.1861428565404351642698088653560262173414e-01
5.0960690865881996813868681783787906169891e-01
5.1560289495759858979795353661756962537766e-01
5.9863560549126637599925970789627172052860e-01
1.0000000000000000000000000000000000000000e+00
4.8482200499441696628366571530932560563087e-01
1.1234963147103784603109133399811980780214e-02
5.7281220728164328193088294938206672668457e-01
6.6386028941945540715607876336434856057167e-01
6.7355601500607309439772052428452298045158e-01
8.3755205549380717933161122346064075827599e-01
5.9865815192177396220074570010183379054070e-01
6.6386028941945540715607876336434856057167e-01
6.4277512504289147088343270297627896070480e-01
2.1499401762191291953563165861851302906871e-01
1.0000000000000000000000000000000000000000e+00
4.0165163589345942440900216752197593450546e-01
5.1560289495759858979795353661756962537766e-01
7.0891749410127502528666809666901826858521e-01
1.0000000000000000000000000000000000000000e+00
2.7761698027324133164484010194428265094757e-01
6.0559197613985893404731086775427684187889e-01
8.5345002220668941816938968258909881114960e-01
0.0000000000000000000000000000000000000000e+00
6.7355601500607309439772052428452298045158e-01
7.3293062106288497936645853769732639193535e-01
6.7355601500607309439772052428452298045158e-01
8.0028723800902779039745382760884240269661e-01
1.0000000000000000000000000000000000000000e+00
8.2662660258590237027931379998335614800453e-01
6.7060398672101872996620386402355507016182e-01
7.2214860962362870111519441707059741020203e-01
7.8690301664268813564007132299593649804592e-01
3.7940532333124893371589791968290228396654e-01
6.5941894471945050604233529156772419810295e-01
7.4253306032880828091435887472471222281456e-01
5.1560289495759858979795353661756962537766e-01
9.2973068304397110672709914069855585694313e-01
6.8625225808169632024657857982674613595009e-01
9.1763818818384457198789050380582921206951e-01
6.1709299398166472805371540744090452790260e-01
1.0000000000000000000000000000000000000000e+00
6.2397016764346902029103603126714006066322e-01
5.1501300348994449862516376015264540910721e-01
0.0000000000000000000000000000000000000000e+00
5.8786478358172478131393745570676401257515e-01
4.4992942380487788156528949912171810865402e-01
5.1560289495759858979795353661756962537766e-01
7.2831885677927543643050967148155905306339e-01
1.0000000000000000000000000000000000000000e+00
5.8031037049600842081531482108402997255325e-01
4.8456084585638814488106618227902799844742e-01
6.3309317555223409978992776814266107976437e-01
1.0000000000000000000000000000000000000000e+00
6.7355601500607309439772052428452298045158e-01
1.0000000000000000000000000000000000000000e+00
2.1102720838046384876918182271765545010567e-01
3.5235890438819833514472179558651987463236e-01
1.0000000000000000000000000000000000000000e+00
8.1850553358662958558511490991804748773575e-01
1.0000000000000000000000000000000000000000e+00
1.0000000000000000000000000000000000000000e+00
9.2182905840313522638496124272933229804039e-01
1.0000000000000000000000000000000000000000e+00
1.0000000000000000000000000000000000000000e+00
1.0000000000000000000000000000000000000000e+00
8.0805536237774555630153372476343065500259e-01
6.0730520695663803287800419639097526669502e-01
8.7232198945754757524184697103919461369514e-01
2.1540038920690129931045930788968689739704e-01
8.7691781566477178255780700055765919387341e-01
1.0000000000000000000000000000000000000000e+00
6.0866345617569095338694751262664794921875e-01
8.9158628228460878872851935739163309335709e-01
2.2285340241308360109684372218907810747623e-01
9.4012918605888828871286477806279435753822e-01
8.0344943218248310312645799058373086154461e-01
8.0352140862694521050713092336081899702549e-01
7.7777268178775926799062290228903293609619e-01
4.3413081428113264870205512124812230467796e-01
3.0881058883430656525348467766889370977879e-01
1.0000000000000000000000000000000000000000e+00
8.2094850102810634773220499482704326510429e-01
1.7600927890371265149838109209667891263962e-01
9.0490822612642207722899456712184473872185e-01
7.7777268178775926799062290228903293609619e-01
6.7355601500607309439772052428452298045158e-01
8.1639506572632236647280024044448509812355e-01
1.0000000000000000000000000000000000000000e+00
8.3760410009768904160409874748438596725464e-01
8.1639506572632269953970762799144722521305e-01
7.7777268178775926799062290228903293609619e-01
9.9389564149083797772732395969796925783157e-01
7.8690301664268813564007132299593649804592e-01
1.0000000000000000000000000000000000000000e+00
9.3313268347049216355770795416901819407940e-01
9.6910480608783444722575950436294078826904e-01
9.4474033836846671441378475719830021262169e-01
4.8947309755319468038692320988047868013382e-01
6.5237205875805448496151939252740703523159e-01
6.2361945319717881908161416504299268126488e-01
6.7355601500607309439772052428452298045158e-01
6.7355601500607309439772052428452298045158e-01
7.8894274703036004758871513331541791558266e-01
6.9008482845223706458881451908382587134838e-01
6.5237205875805448496151939252740703523159e-01
6.7355601500607309439772052428452298045158e-01
8.5345002220668941816938968258909881114960e-01
6.7355601500607309439772052428452298045158e-01
6.5625234779882635205439100900548510253429e-01
6.7355601500607309439772052428452298045158e-01
5.5974241450922357365982406918192282319069e-01
9.9658550203346396578751864581136032938957e-01
4.8947309755319468038692320988047868013382e-01
4.8947309755319468038692320988047868013382e-01
6.5210346587183609656790395092684775590897e-01
5.9675015149640420197840740001993253827095e-01
5.5974241450922357365982406918192282319069e-01
7.2831885677927543643050967148155905306339e-01
5.5974241450922390672673145672888495028019e-01
5.0350450698633952839600169681943953037262e-01
7.0819088254631212819845131889451295137405e-01
7.2188001673741031272157897547003813087940e-01
5.0350450698633952839600169681943953037262e-01
5.9675015149640420197840740001993253827095e-01
6.8424826125634174989187386017874814569950e-01
5.5974241450922357365982406918192282319069e-01
6.0730520695663803287800419639097526669502e-01
7.2831885677927543643050967148155905306339e-01
7.4061662627193580732409827760420739650726e-01
5.5974241450922357365982406918192282319069e-01
5.0350450698633952839600169681943953037262e-01
1.0000000000000000000000000000000000000000e+00
1.0000000000000000000000000000000000000000e+00
9.5124871616476547320218060121987946331501e-01
1.0000000000000000000000000000000000000000e+00
0.0000000000000000000000000000000000000000e+00
1.0000000000000000000000000000000000000000e+00
6.5337563601507742117036059426027350127697e-01
9.0220434557858864010881916328798979520798e-01
9.3715109670553775611523406041669659316540e-01
9.0220434557858864010881916328798979520798e-01
1.0000000000000000000000000000000000000000e+00
8.0429885443722448634673583001131191849709e-01
8.8521652169755038475074115922325290739536e-01
3.0881058883430656525348467766889370977879e-01
9.9532514142571137938375613885000348091125e-01
5.5777800220111584117432812490733340382576e-01
9.3109375331594312896754672692622989416122e-01
0.0000000000000000000000000000000000000000e+00
6.3198372478137398999820106837432831525803e-01
6.3198372478137398999820106837432831525803e-01
5.1560289495759858979795353661756962537766e-01
6.3198372478137398999820106837432831525803e-01
5.6985926735506309270817837386857718229294e-01
4.7163005250639877807827815558994188904762e-01
6.2976488763762572542503903605393134057522e-01
7.2081604635634277666866864819894544780254e-01
5.2948704481169395208439709676895290613174e-01
4.3413081428113264870205512124812230467796e-01
4.3554181183725970694098350577405653893948e-01
6.7355601500607309439772052428452298045158e-01
4.2504715591816699671312562713865190744400e-01
3.0881058883430656525348467766889370977879e-01
9.8258146362050680089339493861189112067223e-01
6.0721735948036714702880090044345706701279e-01
6.0187625331743110912441352411406114697456e-01
5.1560289495759858979795353661756962537766e-01
3.0881058883430656525348467766889370977879e-01
5.1046178468797909211218666314380243420601e-01
6.1932888834033095193376539100427180528641e-01
7.5809448333231232997064807932474650442600e-01
6.8782516637628343669774722002330236136913e-01
6.2338842058471011231546299313777126371861e-01
7.3196468592790842055961775258765555918217e-01
6.7154417867605786796048050746321678161621e-01
6.7355601500607309439772052428452298045158e-01
5.8165843486082269286896462290314957499504e-01
4.6954137285372793408910752077645156532526e-01
3.2244866212514539105526978346460964530706e-01
4.8456084585638814488106618227902799844742e-01
5.9783964443107162622936812113039195537567e-01
4.9909207109301684246460695248970296233892e-01
9.7838441268680165219251421149238012731075e-01
6.7355601500607309439772052428452298045158e-01
5.0350450698633952839600169681943953037262e-01
3.4698858628630269151926768245175480842590e-01
4.5653113544846224414186508511193096637726e-01
6.6123795745579236338151929430750897154212e-02
3.5235890438819833514472179558651987463236e-01
0.0000000000000000000000000000000000000000e+00
5.1560289495759858979795353661756962537766e-01
5.4988432165603184920144030911615118384361e-01
0.0000000000000000000000000000000000000000e+00
2.7761698027324133164484010194428265094757e-01
1.1234963147103784603109133399811980780214e-02
2.1499401762191291953563165861851302906871e-01
0.0000000000000000000000000000000000000000e+00
3.7940532333124893371589791968290228396654e-01
0.0000000000000000000000000000000000000000e+00
2.1102720838046384876918182271765545010567e-01
2.1540038920690129931045930788968689739704e-01
1.7600927890371265149838109209667891263962e-01
4.8947309755319468038692320988047868013382e-01
4.8947309755319468038692320988047868013382e-01
5.0350450698633952839600169681943953037262e-01
0.0000000000000000000000000000000000000000e+00
3.0881058883430656525348467766889370977879e-01
6.6123795745579236338151929430750897154212e-02
0.0000000000000000000000000000000000000000e+00
3.5235890438819833514472179558651987463236e-01
0.0000000000000000000000000000000000000000e+00
5.1560289495759858979795353661756962537766e-01
5.4988432165603184920144030911615118384361e-01
0.0000000000000000000000000000000000000000e+00
2.7761698027324133164484010194428265094757e-01
1.1234963147103784603109133399811980780214e-02
2.1499401762191291953563165861851302906871e-01
0.0000000000000000000000000000000000000000e+00
3.7940532333124893371589791968290228396654e-01
0.0000000000000000000000000000000000000000e+00
2.1102720838046384876918182271765545010567e-01
2.1540038920690129931045930788968689739704e-01
1.7600927890371265149838109209667891263962e-01
4.8947309755319468038692320988047868013382e-01
4.8947309755319468038692320988047868013382e-01
5.0350450698633952839600169681943953037262e-01
0.0000000000000000000000000000000000000000e+00
3.0881058883430656525348467766889370977879e-01
6.6123795745579236338151929430750897154212e-02
0.0000000000000000000000000000000000000000e+00
0.0000000000000000000000000000000000000000e+00
3.5235890438819833514472179558651987463236e-01
0.0000000000000000000000000000000000000000e+00
5.1560289495759858979795353661756962537766e-01
5.4988432165603184920144030911615118384361e-01
0.0000000000000000000000000000000000000000e+00
2.7761698027324133164484010194428265094757e-01
1.1234963147103784603109133399811980780214e-02
2.1499401762191291953563165861851302906871e-01
0.0000000000000000000000000000000000000000e+00
3.7940532333124893371589791968290228396654e-01
0.0000000000000000000000000000000000000000e+00
2.1102720838046384876918182271765545010567e-01
2.1540038920690129931045930788968689739704e-01
1.7600927890371265149838109209667891263962e-01
4.8947309755319468038692320988047868013382e-01
4.8947309755319468038692320988047868013382e-01
5.0350450698633952839600169681943953037262e-01
0.0000000000000000000000000000000000000000e+00
3.0881058883430656525348467766889370977879e-01
6.6123795745579236338151929430750897154212e-02
0.0000000000000000000000000000000000000000e+00
0.0000000000000000000000000000000000000000e+00
0.0000000000000000000000000000000000000000e+00
9.8004703656277825984943774528801441192627e+01
6.7808722379684119307974299317720578983426e-02
