1
0
23
9.5545527881426606242598609242122620344162e-01
3.7654941929291235735988152555364649742842e-01
4.9055956323628568949146711020148359239101e-01
9.6055307045274995747519142241799272596836e-01
5.1236517367383171972505806479603052139282e-01
7.6974875455553726233404177037300541996956e-01
6.2195576626706927658716494988766498863697e-01
4.1668342833479271591912151961878407746553e-01
8.0269222242067850281443952553672716021538e-01
5.5879979645301725010853033381863497197628e-01
8.0511475113017150206928818079177290201187e-01
1.0097375278894683836572454538327292539179e-01
4.9055956323628568949146711020148359239101e-01
5.9850169328595914652879628192749805748463e-01
5.0315067729137308294440344980102963745594e-01
6.7385941588055775497423383058048784732819e-01
0.0000000000000000000000000000000000000000e+00
8.5800278029829046833043548758723773062229e-01
7.8529552714045891548266808968037366867065e-01
6.5055061999260721528060003038262948393822e-01
5.1836139768755506995745463427738286554813e-01
1.0000000000000000000000000000000000000000e+00
5.1836139768755506995745463427738286554813e-01
8.3737308865733761642502486211014911532402e-01
7.8679391293390077422031936293933540582657e-01
6.1264185179307428796846579643897712230682e-01
4.4640501843964097705708127250545658171177e-01
9.9776022428899135974234013701789081096649e-01
6.2945877502040581408238040239666588604450e-01
4.4640501843964097705708127250545658171177e-01
6.3417988322240992360434574948158115148544e-01
6.9288914690909786386896485055331140756607e-01
5.8765331580095714336664514121366664767265e-01
6.5096512685437613043859528261236846446991e-01
4.7001789982753783281310688835219480097294e-01
6.9446284092871857218653985910350456833839e-01
8.3737308865733595109048792437533847987652e-01
0.0000000000000000000000000000000000000000e+00
6.6778534605208195173986496229190379381180e-01
7.4913266065943662219694942905334755778313e-01
4.4640501843965024741933689256256911903620e-01
4.4640501843965024741933689256256911903620e-01
1.0000000000000000000000000000000000000000e+00
5.3388606440696706467718968269764445722103e-01
5.9471268105592256514313476145616732537746e-01
7.4440419263810875261100363786681555211544e-01
4.4640501843965024741933689256256911903620e-01
7.3639997458568617894059116224525496363640e-01
7.3306414383354590036390163731994107365608e-01
6.5277361093504626676775615123915486037731e-01
1.0000000000000000000000000000000000000000e+00
7.1107728882302612127830343524692580103874e-01
8.8932273242461867823749344097450375556946e-01
7.8039596864745264248597322875866666436195e-01
7.3996822377851334540110883608576841652393e-01
6.0978185266934659125581674743443727493286e-01
3.3597530462852265298323573006200604140759e-01
6.3080936650198360382546525215730071067810e-01
6.6664433909734455152573673331062309443951e-01
5.7932738119849103153313762959442101418972e-01
4.8322140747301539631664013541012536734343e-01
4.2280267912247282424687000457197427749634e-01
7.4071267095773707378469907780527137219906e-01
5.9382987460060998596844683561357669532299e-01
5.9963272697244529574334137578262016177177e-01
6.9066665272220784110857039195252582430840e-01
4.7665344065034248588474952157412189990282e-01
1.2303100165127560383648841479953262023628e-01
7.5992214304234084742972754611400887370110e-01
8.7107403525370719066245328576769679784775e-01
6.9693429005880269677675187267595902085304e-01
7.4637441610005028636010138143319636583328e-01
9.5213034848694233502897077414672821760178e-01
6.9159184868725842587622310020378790795803e-01
6.4317613507388127214170481238397769629955e-01
7.3996822377851334540110883608576841652393e-01
5.4622645444075546006246213437407277524471e-01
7.3596629346629194312612298745079897344112e-01
6.7867908631826678877985159488162025809288e-01
5.4622645444075546006246213437407277524471e-01
8.1178029957343544875669749671942554414272e-01
7.6306152304903451799589220172492787241936e-01
4.2835078951520516588047371442371513694525e-01
5.9547603703560691990048781008226796984673e-01
4.2835078951520516588047371442371513694525e-01
7.8842704674795949237875447579426690936089e-01
6.8004907142257875474200545795611105859280e-01
7.1804630907026290032035831245593726634979e-01
6.1344860826536518061402603052556514739990e-01
6.2122239058570716263574240656453184783459e-01
6.7140761833486428677986168622737750411034e-01
6.2022427546168457102027105065644718706608e-01
4.2835078951520516588047371442371513694525e-01
6.9494880459587637933083215102669782936573e-01
9.2320741688287732973350330212269909679890e-01
7.7514960986873426840304546203697100281715e-01
7.5890302166817957818523154855938628315926e-01
8.5005556459123721158022135568899102509022e-01
7.6765654862571908179091906276880763471127e-01
4.4640501843964097705708127250545658171177e-01
8.5016871292066431564649064966943114995956e-01
5.1220470921495053762129145979997701942921e-01
7.2589996285908653383955879689892753958702e-01
4.4771628774715216403379258736094925552607e-01
7.7076776120276024872879361282684840261936e-01
4.5246273295315619922263294938602484762669e-01
0.0000000000000000000000000000000000000000e+00
8.1520286415488818487773414744879119098186e-01
9.7506349091931454609039064962416887283325e-01
9.9792202125259488187936085523688234388828e-01
5.5879979645301725010853033381863497197628e-01
1.0000000000000000000000000000000000000000e+00
5.8424185500089798050993294964428059756756e-01
6.6165432147414804386897912991116754710674e-01
7.0823868290861480279119177794200368225574e-01
5.2049064020514979045373138433205895125866e-01
7.7599254836917175293109494305099360644817e-01
6.6781964017281902901146395379328168928623e-01
7.3299749362826327470088472182396799325943e-01
1.0000000000000000000000000000000000000000e+00
6.5210015767943529940708913272828795015812e-01
1.9467337063866724244931560861004982143641e-01
7.6029636653860621642309070011833682656288e-01
7.6029636653860233064250451207044534385204e-01
8.5759060818536514414489602131652645766735e-01
9.1177214102509540616381400468526408076286e-01
8.2446201349951142578476037670043297111988e-01
8.1544850361342835487477032074821181595325e-01
8.8069667460850797890969943182426504790783e-01
7.2434449610689810583608050365000963211060e-01
7.1356472207612675617838249308988451957703e-01
8.0760431727700798809621574037009850144386e-01
8.6529585643512707537894357301411218941212e-01
8.1544850361342835487477032074821181595325e-01
8.8469933444767046015755340704345144331455e-01
7.4223148056143339879042741813464090228081e-01
8.8245950901652436826338998798746615648270e-01
6.8974510860772031417553762366878800094128e-01
5.9243885860082556860106706153601408004761e-01
5.8900346037340989280295389107777737081051e-01
9.4410706344984240967477262529428116977215e-01
5.7305694497827341926665667415363714098930e-01
1.0000000000000000000000000000000000000000e+00
6.2016655570868628455372117969091050326824e-01
7.8302429369636861178349818146671168506145e-01
4.3920011416891768796233463945100083947182e-01
8.1577475270452615152549924459890462458134e-01
7.5535558360736609895269566550268791615963e-01
4.3920011416891768796233463945100083947182e-01
7.5535558360736609895269566550268791615963e-01
4.5324041949449656030424193886574357748032e-01
5.4693192617715946646228530880762264132500e-01
5.7123168588286732383352273245691321790218e-01
7.1178837212975321069308165533584542572498e-01
4.3920011416891768796233463945100083947182e-01
8.8660133658238760023806435128790326416492e-01
1.0000000000000000000000000000000000000000e+00
5.4193993619817959483953018207103013992310e-01
5.4860082311890689954481103995931334793568e-01
1.9734974727011189710168537203571759164333e-01
9.6603425697288936024875738439732231199741e-01
8.0563023095602315226670953052234835922718e-01
1.4397955433035125594187775277532637119293e-01
1.0000000000000000000000000000000000000000e+00
5.5704533432465330733407427032943814992905e-01
6.2911324629428633237182566517731174826622e-01
8.6547705529003637892060396552551537752151e-01
4.2835078951520516588047371442371513694525e-01
4.6059948898397984340391531077330000698566e-01
1.0000000000000000000000000000000000000000e+00
7.7903424720262492986222468971391208469868e-01
6.0834268138809499681940451409900560975075e-01
0.0000000000000000000000000000000000000000e+00
6.5982927213240505359692633646773174405098e-01
8.7809796006809581747631909820483997464180e-01
6.4898359678529204952468489864259026944637e-01
6.5758927973074632333805311645846813917160e-01
1.0000000000000000000000000000000000000000e+00
5.1836139768755506995745463427738286554813e-01
8.4999697024545861623323617095593363046646e-01
9.5025501862118233464826744238962419331074e-01
7.2204427843765695005373572712414897978306e-01
1.0000000000000000000000000000000000000000e+00
6.1410214838798349301640655539813451468945e-01
8.8330412170112504455232738109771162271500e-01
5.9958861762562165598211549877305515110493e-01
5.8575741797679725664238503668457269668579e-01
1.0000000000000000000000000000000000000000e+00
8.1551085727930494595483423836412839591503e-01
5.1635751895289128121646626823348924517632e-01
1.0000000000000000000000000000000000000000e+00
1.4369541249328485199576732611603802070022e-01
4.9055956323628568949146711020148359239101e-01
7.4049204881511043740971445004106499254704e-01
5.7696159230175403376250642395461909472942e-01
6.3872077440109864543416051674284972250462e-01
4.2280267912247404549219709224416874349117e-01
8.5949868247444660696032769919838756322861e-01
6.9489719140042860434647309375577606260777e-01
5.3685890410162395713911109851323999464512e-01
6.0653002531897348692524474245146848261356e-01
5.5670380934853103127579743159003555774689e-01
5.2580987660546274486961237926152534782887e-01
8.8114567644558861037040742303361184895039e-01
6.9654594475197006975264457651064731180668e-01
6.8278931599823178277830493243527598679066e-01
9.1850042507114360024189636533265002071857e-01
7.9016892447207054406277393354685045778751e-01
6.1101660162470250448052411229582503437996e-01
6.4404092230216891667993195369490422308445e-01
7.2491899555177663483362948682042770087719e-01
4.2280267912247404549219709224416874349117e-01
4.9055956323628568949146711020148359239101e-01
5.1236517367383171972505806479603052139282e-01
4.1668342833479271591912151961878407746553e-01
1.0097375278894683836572454538327292539179e-01
0.0000000000000000000000000000000000000000e+00
5.1836139768755506995745463427738286554813e-01
4.4640501843964097705708127250545658171177e-01
0.0000000000000000000000000000000000000000e+00
4.4640501843965024741933689256256911903620e-01
3.3597530462852265298323573006200604140759e-01
1.2303100165127560383648841479953262023628e-01
5.4622645444075546006246213437407277524471e-01
4.2835078951520516588047371442371513694525e-01
0.0000000000000000000000000000000000000000e+00
1.9467337063866724244931560861004982143641e-01
6.8974510860772031417553762366878800094128e-01
4.3920011416891768796233463945100083947182e-01
0.0000000000000000000000000000000000000000e+00
1.4369541249328485199576732611603802070022e-01
4.2280267912247404549219709224416874349117e-01
0.0000000000000000000000000000000000000000e+00
4.9055956323628568949146711020148359239101e-01
5.1236517367383171972505806479603052139282e-01
4.1668342833479271591912151961878407746553e-01
1.0097375278894683836572454538327292539179e-01
0.0000000000000000000000000000000000000000e+00
5.1836139768755506995745463427738286554813e-01
4.4640501843964097705708127250545658171177e-01
0.0000000000000000000000000000000000000000e+00
4.4640501843965024741933689256256911903620e-01
3.3597530462852265298323573006200604140759e-01
1.2303100165127560383648841479953262023628e-01
5.4622645444075546006246213437407277524471e-01
4.2835078951520516588047371442371513694525e-01
0.0000000000000000000000000000000000000000e+00
1.9467337063866724244931560861004982143641e-01
6.8974510860772031417553762366878800094128e-01
4.3920011416891768796233463945100083947182e-01
0.0000000000000000000000000000000000000000e+00
1.4369541249328485199576732611603802070022e-01
4.2280267912247404549219709224416874349117e-01
0.0000000000000000000000000000000000000000e+00
0.0000000000000000000000000000000000000000e+00
4.9055956323628568949146711020148359239101e-01
5.1236517367383171972505806479603052139282e-01
4.1668342833479271591912151961878407746553e-01
1.0097375278894683836572454538327292539179e-01
0.0000000000000000000000000000000000000000e+00
5.1836139768755506995745463427738286554813e-01
4.4640501843964097705708127250545658171177e-01
0.0000000000000000000000000000000000000000e+00
4.4640501843965024741933689256256911903620e-01
3.3597530462852265298323573006200604140759e-01
1.2303100165127560383648841479953262023628e-01
5.4622645444075546006246213437407277524471e-01
4.2835078951520516588047371442371513694525e-01
0.0000000000000000000000000000000000000000e+00
1.9467337063866724244931560861004982143641e-01
6.8974510860772031417553762366878800094128e-01
4.3920011416891768796233463945100083947182e-01
0.0000000000000000000000000000000000000000e+00
1.4369541249328485199576732611603802070022e-01
4.2280267912247404549219709224416874349117e-01
0.0000000000000000000000000000000000000000e+00
0.0000000000000000000000000000000000000000e+00
0.0000000000000000000000000000000000000000e+00
7.4613021387214899959872127510607242584229e+01
1.6690469615565184380301388955558650195599e+00
