1
0
23
9.4607334921641406122461148697766475379467e-01
3.7897330929669253984926058365090284496546e-01
4.9868817019671535240021853496727999299765e-01
9.5511681452482566356820825603790581226349e-01
5.1018659901780349930078273246181197464466e-01
7.6952814295920091147706898482283577322960e-01
6.2496724076452048191043786573573015630245e-01
4.1808738355312191625756668145186267793179e-01
8.0142352964086227551376850897213444113731e-01
5.5749518044718660014780198252992704510689e-01
8.0811847170250494798438012367114424705505e-01
9.1904446216236237998664648785052122548223e-02
5.0495146894513476265586859881295822560787e-01
6.0431307506101894500005755617166869342327e-01
5.0874671435857055090679068598547019064426e-01
6.9552386617926642564668782142689451575279e-01
0.0000000000000000000000000000000000000000e+00
8.5233666255145212886645822436548769474030e-01
8.0452887236808046100833280434017069637775e-01
6.4730734622192809268881319439969956874847e-01
5.3285660527601375058281973906559869647026e-01
1.0000000000000000000000000000000000000000e+00
5.3285660527601375058281973906559869647026e-01
8.3121528681690715067986729991389438509941e-01
7.8671809027264782976374135614605620503426e-01
6.1684564404213770849594311584951356053352e-01
4.5749722129129022363258627592585980892181e-01
9.8682690927942628977831418524147011339664e-01
6.3806021568375015373675296359579078853130e-01
4.5518330492819208954458076732407789677382e-01
6.3892463487659423293507643393240869045258e-01
6.9245355209994541301199433291913010179996e-01
5.9535756226996683349028671727865003049374e-01
6.3945548229996151956555650031077675521374e-01
4.7738262405182885217413968348409980535507e-01
6.9281015706089743577678063957137055695057e-01
8.4189623959290271759670076789916492998600e-01
0.0000000000000000000000000000000000000000e+00
6.7065375921612591092468846909468993544579e-01
7.4647040695226363204994868283392861485481e-01
4.4465091951871305031573911037412472069263e-01
4.4465091951871305031573911037412472069263e-01
1.0000000000000000000000000000000000000000e+00
5.4653489107949893011095809924881905317307e-01
6.0736287489810314443872130141244269907475e-01
7.4770470103218789059695836840546689927578e-01
4.4465091951871305031573911037412472069263e-01
7.4454506569559608664121697074733674526215e-01
7.3486215077287153629725935388705693185329e-01
6.6170118227704455282633944079861976206303e-01
1.0000000000000000000000000000000000000000e+00
7.3285534507419081151624595804605633020401e-01
9.0058349706865314932002775094588287174702e-01
7.8523663269760723970591698162024840712547e-01
7.4149876630867128657342846054234541952610e-01
6.2129358384314548047200332803186029195786e-01
3.4759454405713891000928583707718644291162e-01
6.3744765435597383618215872047585435211658e-01
6.7073922263296859025416551958187483251095e-01
5.8970312228606380777762296929722651839256e-01
4.8059738939823687386976303059782367199659e-01
4.4911232582148175040970272675622254610062e-01
7.5130234048955568670891125293564982712269e-01
6.0251889150367843317468441455275751650333e-01
5.9659189836473658363757976985652931034565e-01
7.0466914189445017946411553566576912999153e-01
4.8879853555682972743312575403251685202122e-01
1.3508582460005996717100629211927298456430e-01
7.5703774385467881291589264947106130421162e-01
8.6710422787355334595105205153231509029865e-01
7.0130781182990298283641550369793549180031e-01
7.4601397940691183130468289164127781987190e-01
9.7220637182190294822703435784205794334412e-01
6.9712922855675896194327378907473757863045e-01
6.4661625627688279482896405170322395861149e-01
7.5175436686339969227788060379680246114731e-01
5.4548013016308738443171932885888963937759e-01
7.4601397940691882570973803012748248875141e-01
6.8316560836327355765718039037892594933510e-01
5.4548013016308738443171932885888963937759e-01
8.0396322007728981962060288424254395067692e-01
7.7550478859141158682888317343895323574543e-01
4.3346051529871637564284014842996839433908e-01
5.9241745519907917927326934659504331648350e-01
4.3346051529871637564284014842996839433908e-01
8.0033649963424691176072656162432394921780e-01
6.9300684538954560043322317142155952751637e-01
7.1066081668621550182507462523062713444233e-01
5.9290121539515849846679884649347513914108e-01
6.2406499021784200831319822100340388715267e-01
6.6535135550392499048655281512765213847160e-01
6.4732181897420237870477421893156133592129e-01
4.3346051529871637564284014842996839433908e-01
6.9471108534089576203029992029769346117973e-01
9.2480207119050417130523555897525511682034e-01
7.7252741807403368934359377817600034177303e-01
7.8033124080408888811888346026535145938396e-01
9.2765268384557852954230838804505765438080e-01
7.8969352493543809590192950054188258945942e-01
4.5518330492819208954458076732407789677382e-01
8.4904008896786931082090177369536831974983e-01
5.2348493701244636078229177655884996056557e-01
7.2747357565212056318415534406085498631001e-01
4.5997335744093303944168837915640324354172e-01
7.6873247575031977696369267505360767245293e-01
4.5783703251859370064735799132904503494501e-01
0.0000000000000000000000000000000000000000e+00
8.3002069939366496242882931255735456943512e-01
9.9418979753048508651858128359890542924404e-01
9.9236308359988933958106827049050480127335e-01
5.5749518044718582299168474492034874856472e-01
9.6870207388132556491910918339272029697895e-01
6.0328111447172205750177909067133441567421e-01
6.6769315225729264362541925947880372405052e-01
7.1810315069873231763608600886072963476181e-01
5.2566466248861698495886685122968629002571e-01
7.8361086262634294108408994361525401473045e-01
6.8149078598193024713935983527335338294506e-01
7.4652285559481246224322603666223585605621e-01
1.0000000000000000000000000000000000000000e+00
6.5732627324866832463357013693894259631634e-01
2.0266529487885154292570177858578972518444e-01
7.5818238912016544528427175464457832276821e-01
7.5818238912016200359289541665930300951004e-01
8.4948048401988640598858637531520798802376e-01
9.0758388973921999554050898950663395226002e-01
8.2898723536855845051007918300456367433071e-01
8.1688104013869278219317493494600057601929e-01
8.9149083628430403347664423563401214778423e-01
7.1231154263798923675921059839311055839062e-01
7.2076775476847687595949309979914687573910e-01
8.1333880885986842290691356538445688784122e-01
8.5729204460737662429892225190997123718262e-01
8.0765932164251297287194120144704356789589e-01
8.9108976049133803432056311066844500601292e-01
7.6549592337409055886610076413489878177643e-01
8.9437231910256809186421378399245440959930e-01
6.9163291883794730807721862220205366611481e-01
5.9603019143948610114591701858444139361382e-01
5.9733262065983916411227028220309875905514e-01
9.4163025084874507619758787768660113215446e-01
5.6678924671958996750475989756523631513119e-01
1.0000000000000000000000000000000000000000e+00
6.3722030318437894447214375759358517825603e-01
7.9965348222089582819194220064673572778702e-01
4.4065922149058478485272871694178320467472e-01
7.9736081246803447442061951733194291591644e-01
7.6478366833378075284599617589265108108521e-01
4.4065922149058478485272871694178320467472e-01
7.5763737157107413633383430351386778056622e-01
4.4065922149058478485272871694178320467472e-01
5.7170543211329527544251050130696967244148e-01
5.8261824446467502802704530040500685572624e-01
7.1334368715856411036213557963492348790169e-01
4.4065922149058478485272871694178320467472e-01
8.9625262741040501168754417449235916137695e-01
1.0000000000000000000000000000000000000000e+00
5.5205190191236219732218160061165690422058e-01
5.4250099631334647298785966995637863874435e-01
1.8627392845690060596552939387038350105286e-01
9.8602872291475296417928575465339235961437e-01
7.8926912224139522678001412714365869760513e-01
1.2685189672071017774612755601992830634117e-01
1.0000000000000000000000000000000000000000e+00
5.4735788723171274750001202846760861575603e-01
6.0760195604132616331582994462223723530769e-01
8.6312141777401207853870346298208460211754e-01
4.3346051529871637564284014842996839433908e-01
4.8972373690602211127043119631707668304443e-01
1.0000000000000000000000000000000000000000e+00
7.8926912224138745521884175104787573218346e-01
6.0407405244308953751186663794214837253094e-01
0.0000000000000000000000000000000000000000e+00
6.6604429707856471765126116224564611911774e-01
8.7798519018917220435582748905289918184280e-01
6.6697818635363748107636183704016730189323e-01
6.4705270378065204983641933722537942230701e-01
1.0000000000000000000000000000000000000000e+00
5.3285660527601375058281973906559869647026e-01
8.5333078090553193817413557553663849830627e-01
9.3945750123178228818687784951180219650269e-01
7.2092483927205730509513159631751477718353e-01
1.0000000000000000000000000000000000000000e+00
6.2156323315617312275094263895880430936813e-01
8.9902529298562239290504294331185519695282e-01
6.0468127313841224523827122538932599127293e-01
5.8090938657774837672320700221462175250053e-01
9.8457663429682518163588156312471255660057e-01
8.2749955824239651569484976789681240916252e-01
5.2593465190050470159377482559648342430592e-01
1.0000000000000000000000000000000000000000e+00
1.5170138782311123892831972170824883505702e-01
4.9868817019671535240021853496727999299765e-01
7.4581829603590310551197717359173111617565e-01
5.7669808277087053483001000131480395793915e-01
6.3892058361444892256031380384229123592377e-01
4.3706928932325372905154381442116573452950e-01
8.7318090007368087679395785016822628676891e-01
7.0775935142097468055766285033314488828182e-01
5.4416798409911404377226062933914363384247e-01
6.1569191254947708280553797521861270070076e-01
5.6499114200456801437866261039744131267071e-01
5.3252825386953206443507724543451331555843e-01
8.8441336835831629858972746660583652555943e-01
7.0338362428909284584932493089581839740276e-01
6.9221268286839721106673550821142271161079e-01
9.2386420798299706547140885959379374980927e-01
7.9781754188994402632317815005080774426460e-01
6.1569191254948008040770446314127184450626e-01
6.7654837806507073239004057541023939847946e-01
7.2092483927205730509513159631751477718353e-01
4.3706928932325372905154381442116573452950e-01
4.9868817019671535240021853496727999299765e-01
5.1018659901780349930078273246181197464466e-01
4.1808738355312191625756668145186267793179e-01
9.1904446216236237998664648785052122548223e-02
0.0000000000000000000000000000000000000000e+00
5.3285660527601375058281973906559869647026e-01
4.5518330492819208954458076732407789677382e-01
0.0000000000000000000000000000000000000000e+00
4.4465091951871305031573911037412472069263e-01
3.4759454405713891000928583707718644291162e-01
1.3508582460005996717100629211927298456430e-01
5.4548013016308738443171932885888963937759e-01
4.3346051529871637564284014842996839433908e-01
0.0000000000000000000000000000000000000000e+00
2.0266529487885154292570177858578972518444e-01
6.9163291883794730807721862220205366611481e-01
4.4065922149058478485272871694178320467472e-01
0.0000000000000000000000000000000000000000e+00
1.5170138782311123892831972170824883505702e-01
4.3706928932325372905154381442116573452950e-01
0.0000000000000000000000000000000000000000e+00
4.9868817019671535240021853496727999299765e-01
5.1018659901780349930078273246181197464466e-01
4.1808738355312191625756668145186267793179e-01
9.1904446216236237998664648785052122548223e-02
0.0000000000000000000000000000000000000000e+00
5.3285660527601375058281973906559869647026e-01
4.5518330492819208954458076732407789677382e-01
0.0000000000000000000000000000000000000000e+00
4.4465091951871305031573911037412472069263e-01
3.4759454405713891000928583707718644291162e-01
1.3508582460005996717100629211927298456430e-01
5.4548013016308738443171932885888963937759e-01
4.3346051529871637564284014842996839433908e-01
0.0000000000000000000000000000000000000000e+00
2.0266529487885154292570177858578972518444e-01
6.9163291883794730807721862220205366611481e-01
4.4065922149058478485272871694178320467472e-01
0.0000000000000000000000000000000000000000e+00
1.5170138782311123892831972170824883505702e-01
4.3706928932325372905154381442116573452950e-01
0.0000000000000000000000000000000000000000e+00
0.0000000000000000000000000000000000000000e+00
4.9868817019671535240021853496727999299765e-01
5.1018659901780349930078273246181197464466e-01
4.1808738355312191625756668145186267793179e-01
9.1904446216236237998664648785052122548223e-02
0.0000000000000000000000000000000000000000e+00
5.3285660527601375058281973906559869647026e-01
4.5518330492819208954458076732407789677382e-01
0.0000000000000000000000000000000000000000e+00
4.4465091951871305031573911037412472069263e-01
3.4759454405713891000928583707718644291162e-01
1.3508582460005996717100629211927298456430e-01
5.4548013016308738443171932885888963937759e-01
4.3346051529871637564284014842996839433908e-01
0.0000000000000000000000000000000000000000e+00
2.0266529487885154292570177858578972518444e-01
6.9163291883794730807721862220205366611481e-01
4.4065922149058478485272871694178320467472e-01
0.0000000000000000000000000000000000000000e+00
1.5170138782311123892831972170824883505702e-01
4.3706928932325372905154381442116573452950e-01
0.0000000000000000000000000000000000000000e+00
0.0000000000000000000000000000000000000000e+00
0.0000000000000000000000000000000000000000e+00
7.5475599669148024872811220120638608932495e+01
1.6747191315801974731414247798966243863106e+00
