1
0
23
9.4099893816257396128577283889171667397022e-01
3.7585966128532283248020462451677303761244e-01
4.9595705900795911125200632341147866100073e-01
9.4807500004552558436898834770545363426208e-01
5.0023404764827428259366115526063367724419e-01
7.6545715912685130533077426662202924489975e-01
6.2478067513778301478311050232150591909885e-01
3.9624014625466214001292541979637462645769e-01
7.9623803968386186458161546397604979574680e-01
5.5098509100577486297112272950471378862858e-01
7.7666157013910297468584076341358013451099e-01
8.5997073547312952168653055196045897901058e-02
5.0462891744046189934636004181811586022377e-01
5.8726576120522311352800670647411607205868e-01
4.8370205197329618762580594193423166871071e-01
6.6750360525692631341598826111294329166412e-01
0.0000000000000000000000000000000000000000e+00
8.4017714521873765320947313739452511072159e-01
8.0537973062149958991540188435465097427368e-01
6.1336233415042840100284138316055759787560e-01
5.1358500442923560314056885545141994953156e-01
1.0000000000000000000000000000000000000000e+00
5.1358500442923560314056885545141994953156e-01
8.2049926622449320667840311216423287987709e-01
7.6789241316583833896203259428148157894611e-01
6.0295477618909865125118585638119839131832e-01
4.6117863017142451953489512561645824462175e-01
9.4217582228031104829568675995687954127789e-01
6.1551910976054236002141806238796561956406e-01
4.2196069604470176628296940180007368326187e-01
6.3451639868386344733863779765670187771320e-01
6.6719509768230389479271025265916250646114e-01
5.7466990581486665501387278709444217383862e-01
6.2203531239486165027585684583755210042000e-01
4.8197210452251321166627917591540608555079e-01
6.7290399233160191894143054014421068131924e-01
8.3166913657793417602448471370735205709934e-01
0.0000000000000000000000000000000000000000e+00
6.6227175676305072293814646400278434157372e-01
7.3696332320558943784760685957735404372215e-01
4.3929935180254386928311305382521823048592e-01
4.3929935180254386928311305382521823048592e-01
1.0000000000000000000000000000000000000000e+00
5.2536375939784552002720374730415642261505e-01
5.9024867509865364123555764308548532426357e-01
7.4486683867483127752251448328024707734585e-01
4.3929935180254386928311305382521823048592e-01
7.4306772790391439897916825430002063512802e-01
7.3648662270888332059826097975019365549088e-01
6.6334453365163059679332491214154288172722e-01
1.0000000000000000000000000000000000000000e+00
7.6055653908724962786180867624352686107159e-01
8.9126020927029114826467548482469283044338e-01
7.8690738538590199180333684125798754394054e-01
7.3497588140179503923832271539140492677689e-01
6.3138338230924873073490743990987539291382e-01
3.4607432279015432063928869865776505321264e-01
6.3893348332720001359064099233364686369896e-01
6.6853581316393251299246003327425569295883e-01
5.7397896942294157618391636788146570324898e-01
4.8218753087922605615744942042510956525803e-01
4.5792739599299547847977009951137006282806e-01
7.5555778477369650580897086911136284470558e-01
5.9778732262730926994009905683924444019794e-01
5.9994216929490584711004430573666468262672e-01
7.2594925333046955717719583844882436096668e-01
4.9548316075347464959577337140217423439026e-01
1.3594609638173443810771345852117519825697e-01
7.3696052096336805981025008804863318800926e-01
8.6939513548197910886017325537977740168571e-01
6.8112924501833782553461560382856987416744e-01
7.0520548589382547888249064271803945302963e-01
9.7339765110881204535075994499493390321732e-01
6.8755553424808080187347059109015390276909e-01
6.2975370644565531463854313187766820192337e-01
7.5261422647251841056004195706918835639954e-01
5.2531600791402521810624648423981852829456e-01
7.4659538829213900612558063585311174392700e-01
6.8391921231688224125377928430680185556412e-01
5.2531600791402521810624648423981852829456e-01
7.5961780002801604361195586534449830651283e-01
7.7903125304959308650154525821562856435776e-01
4.1241788058892364654539619550632778555155e-01
5.9500295419092275039929518243297934532166e-01
4.1241788058892364654539619550632778555155e-01
7.7731811492490121562326521598151884973049e-01
6.7613189317070121475694577384274452924728e-01
7.4073556044388033647862812358653172850609e-01
5.7394697870341082612810623686527833342552e-01
6.2274091630234051919501325755845755338669e-01
6.6799562992865768595862618894898332655430e-01
6.4688761971772068548602874216157943010330e-01
4.1241788058892364654539619550632778555155e-01
7.0078046449866104872228333988459780812263e-01
9.2758749039842858241655676465597935020924e-01
7.8749840874887833130912895285291597247124e-01
7.9227876058499657752065559179754927754402e-01
9.4333591723442311582914499012986198067665e-01
7.9024931172289891723181654015206731855869e-01
4.4539218250231477069789320921699982136488e-01
8.4394661071037524457949530187761411070824e-01
5.4270242651233602249050136379082687199116e-01
7.2380458757475896192090658587403595447540e-01
4.6178441917445617326265505653282161802053e-01
7.7283100355708977957647221046499907970428e-01
4.4955290016728749469265835614351090043783e-01
0.0000000000000000000000000000000000000000e+00
8.3689150289663716275612159734009765088558e-01
9.9002181072114714410759006568696349859238e-01
9.8324975823233717875382353668101131916046e-01
5.6693656998844277339344444044400006532669e-01
9.4868749442531141724543886084575206041336e-01
6.0352179570729458379929610600811429321766e-01
6.6066171453611477470957424884545616805553e-01
6.9906964969293350353751748116337694227695e-01
5.5128022321412695205822274147067219018936e-01
7.9189282427816554132959936396218836307526e-01
6.9906964969293017286844360569375567138195e-01
7.6202703873729704664441442218958400189877e-01
1.0000000000000000000000000000000000000000e+00
6.7654901215607765596615763570298440754414e-01
1.9519281466145049774851827351085375994444e-01
7.3696052096336772674334270050167106091976e-01
7.4207914643783334796012240985874086618423e-01
8.3107961683056885693332560549606569111347e-01
9.0636576637063670514038449255167506635189e-01
8.3161305483379788228148754569701850414276e-01
7.9376429654258517931708638570853509008884e-01
8.6674378963145526366673720986000262200832e-01
6.9882000086267470617684693934279493987560e-01
7.2432468972765329251473076510592363774776e-01
8.1087484607875814912603118500555865466595e-01
8.4526611785673022581022451049648225307465e-01
7.7841238485366248678332112831412814557552e-01
8.7328072079388852078096761033521033823490e-01
7.6827152353412886398587033909279853105545e-01
8.9819162023756926593875959952129051089287e-01
6.5978479452148985906489997432800009846687e-01
5.7662449096906254197847374598495662212372e-01
5.9016725217947341164403951552230864763260e-01
9.4723861543951859420786831833538599312305e-01
5.5111980210408395564058992022182792425156e-01
1.0000000000000000000000000000000000000000e+00
6.1822928173793956219128631346393376588821e-01
7.6995395236217545331669498409610241651535e-01
4.3601500738989590333360979457211215049028e-01
7.9330668569196594042125525447772815823555e-01
7.5927173597040853447737163151032291352749e-01
4.3601500738989590333360979457211215049028e-01
7.3711163126731138461877890222240239381790e-01
4.3601500738989590333360979457211215049028e-01
5.7263456804587931081584883941104635596275e-01
5.7662449096906365220149837114149704575539e-01
6.8898309568619076070916662501986138522625e-01
4.3601500738989590333360979457211215049028e-01
8.8985986494262725443604722386226058006287e-01
1.0000000000000000000000000000000000000000e+00
5.3623542630438136846748875541379675269127e-01
5.3293950149548774408714280070853419601917e-01
1.8884725469318952573161141117452643811703e-01
1.0000000000000000000000000000000000000000e+00
7.9335195443903128165175075992010533809662e-01
1.1871415278930305681193146938312565907836e-01
1.0000000000000000000000000000000000000000e+00
5.4050193847248317879916612582746893167496e-01
6.2211562392019159606348921442986465990543e-01
8.8065702810368240438521070245769806206226e-01
4.1241788058892364654539619550632778555155e-01
4.8793680399143757320246095332549884915352e-01
1.0000000000000000000000000000000000000000e+00
7.6931796688057452193731933220988139510155e-01
5.7837635242596519002944432941148988902569e-01
0.0000000000000000000000000000000000000000e+00
6.6662815661631791286367842985782772302628e-01
8.7809457728709283674817243081633932888508e-01
6.8433880179178574465481688093859702348709e-01
6.2323663589590672096107937250053510069847e-01
9.5693047827397992310949348393478430807590e-01
5.1358500442923560314056885545141994953156e-01
8.4369903627668452195109694002894684672356e-01
9.4504083851270137550670824566623196005821e-01
7.0816586192248343056832027286873199045658e-01
1.0000000000000000000000000000000000000000e+00
6.2412622001505269064836056713829748332500e-01
8.9879436945936153069425245121237821877003e-01
6.2150458137526687352192311664111912250519e-01
5.4909819028071182867023480866919271647930e-01
9.4358523909277691732455650708288885653019e-01
7.9508415260547715686101355458959005773067e-01
5.1617133448120910976797404146054759621620e-01
1.0000000000000000000000000000000000000000e+00
1.4578062359938381842283661171677522361279e-01
4.9595705900795911125200632341147866100073e-01
7.3935068037141060681705084789427928626537e-01
5.5819060935678033175122436659876257181168e-01
6.2811518426817303240028422806062735617161e-01
4.4168670896835121597590045894321519881487e-01
8.6410046365608506047095715985051356256008e-01
7.0460982569591712465495447759167291224003e-01
5.4683611815039245840353032690472900867462e-01
6.1186103722528950576986517262412235140800e-01
5.6392296121973706224395073149935342371464e-01
5.3105903864455572538361138867912814021111e-01
8.7956471708465244763175405751098878681660e-01
6.8696250144954773553251925477525219321251e-01
6.9318038726292086071367748445481993257999e-01
9.2457732290520899809393995383288711309433e-01
7.7850704509176615886190120363608002662659e-01
6.0581052493618658960627954002120532095432e-01
6.8566607214352759402942183442064560949802e-01
7.1333179918306277578210483625298365950584e-01
4.4168670896835121597590045894321519881487e-01
4.9595705900795911125200632341147866100073e-01
5.0023404764827428259366115526063367724419e-01
3.9624014625466214001292541979637462645769e-01
8.5997073547312952168653055196045897901058e-02
0.0000000000000000000000000000000000000000e+00
5.1358500442923560314056885545141994953156e-01
4.2196069604470176628296940180007368326187e-01
0.0000000000000000000000000000000000000000e+00
4.3929935180254386928311305382521823048592e-01
3.4607432279015432063928869865776505321264e-01
1.3594609638173443810771345852117519825697e-01
5.2531600791402521810624648423981852829456e-01
4.1241788058892364654539619550632778555155e-01
0.0000000000000000000000000000000000000000e+00
1.9519281466145049774851827351085375994444e-01
6.5978479452148985906489997432800009846687e-01
4.3601500738989590333360979457211215049028e-01
0.0000000000000000000000000000000000000000e+00
1.4578062359938381842283661171677522361279e-01
4.4168670896835121597590045894321519881487e-01
0.0000000000000000000000000000000000000000e+00
4.9595705900795911125200632341147866100073e-01
5.0023404764827428259366115526063367724419e-01
3.9624014625466214001292541979637462645769e-01
8.5997073547312952168653055196045897901058e-02
0.0000000000000000000000000000000000000000e+00
5.1358500442923560314056885545141994953156e-01
4.2196069604470176628296940180007368326187e-01
0.0000000000000000000000000000000000000000e+00
4.3929935180254386928311305382521823048592e-01
3.4607432279015432063928869865776505321264e-01
1.3594609638173443810771345852117519825697e-01
5.2531600791402521810624648423981852829456e-01
4.1241788058892364654539619550632778555155e-01
0.0000000000000000000000000000000000000000e+00
1.9519281466145049774851827351085375994444e-01
6.5978479452148985906489997432800009846687e-01
4.3601500738989590333360979457211215049028e-01
0.0000000000000000000000000000000000000000e+00
1.4578062359938381842283661171677522361279e-01
4.4168670896835121597590045894321519881487e-01
0.0000000000000000000000000000000000000000e+00
0.0000000000000000000000000000000000000000e+00
4.9595705900795911125200632341147866100073e-01
5.0023404764827428259366115526063367724419e-01
3.9624014625466214001292541979637462645769e-01
8.5997073547312952168653055196045897901058e-02
0.0000000000000000000000000000000000000000e+00
5.1358500442923560314056885545141994953156e-01
4.2196069604470176628296940180007368326187e-01
0.0000000000000000000000000000000000000000e+00
4.3929935180254386928311305382521823048592e-01
3.4607432279015432063928869865776505321264e-01
1.3594609638173443810771345852117519825697e-01
5.2531600791402521810624648423981852829456e-01
4.1241788058892364654539619550632778555155e-01
0.0000000000000000000000000000000000000000e+00
1.9519281466145049774851827351085375994444e-01
6.5978479452148985906489997432800009846687e-01
4.3601500738989590333360979457211215049028e-01
0.0000000000000000000000000000000000000000e+00
1.4578062359938381842283661171677522361279e-01
4.4168670896835121597590045894321519881487e-01
0.0000000000000000000000000000000000000000e+00
0.0000000000000000000000000000000000000000e+00
0.0000000000000000000000000000000000000000e+00
7.5002954035212098915508249774575233459473e+01
1.6876472704151379566894775052787736058235e+00
