1
0
23
8.9381818814536906359080603579059243202209e-01
3.7475120387666538412929639889625832438469e-01
4.7031935685103143374163892076467163860798e-01
9.1691993291131557164419518812792375683784e-01
4.3939123892163572948632577208627481013536e-01
7.0536214700293264900921030857716687023640e-01
6.1275737645865269165312838595127686858177e-01
3.7954239907279679888674195353814866393805e-01
7.6838576363124744261767773423343896865845e-01
5.4543314718781976679906620120164006948471e-01
7.3742776960507483430262709589442238211632e-01
5.9797190677121296598084398965511354617774e-02
5.2087525063517969847737276722909882664680e-01
6.2286765080931205673664408095646649599075e-01
4.7926810244728690335591636539902538061142e-01
6.6478454055571634118138035773881711065769e-01
0.0000000000000000000000000000000000000000e+00
8.2188909475087867928522200600127689540386e-01
7.7223199059865832438731558795552700757980e-01
5.8570227396818130838340721311396919190884e-01
5.1190931531770123008584505441831424832344e-01
1.0000000000000000000000000000000000000000e+00
5.1190931531770123008584505441831424832344e-01
8.2722311963296146775093120595556683838367e-01
7.4623219441518429118076483064214698970318e-01
6.0703415985062170179276108683552592992783e-01
4.9554933925456517984642346164037007838488e-01
9.2391432864260580881676787612377665936947e-01
6.0923482616773860787162675478612072765827e-01
4.3376946386589826376578571398567873984575e-01
6.2289337307105285823638496367493644356728e-01
6.7330456710625574689998984467820264399052e-01
5.5098281642400437352335984542150981724262e-01
6.0418922390297946645176807578536681830883e-01
5.1608744870067280174907864420674741268158e-01
6.4787252557020513776819825579877942800522e-01
8.0975928716167355769783853247645311057568e-01
0.0000000000000000000000000000000000000000e+00
6.5607832565800450197457394097000360488892e-01
7.5332913606059204170151133439503610134125e-01
4.4618361860824568010386315108917187899351e-01
4.6087621950735441211932652549876365810633e-01
9.9612485523842875245748018642188981175423e-01
5.1454956319083344773446242470527067780495e-01
6.3840732767336760833387643288006074726582e-01
7.6988078544155347238131525955395773053169e-01
4.4618361860824568010386315108917187899351e-01
7.5095139702380764301636872914968989789486e-01
7.2140972833925631757523433407186530530453e-01
6.7351304629374963983678981094271875917912e-01
9.8445818897931391955324897935497574508190e-01
7.7900641655245739247703795626875944435596e-01
8.4078744923463022420406787205138243734837e-01
7.7128767967649902725923993784817866981030e-01
7.3589455066756470635880305053433403372765e-01
6.9954739635774509931565035003586672246456e-01
3.3912800550531335685988665318291168659925e-01
6.2737788773742220183038398317876271903515e-01
6.8330857354283858207111279625678434967995e-01
5.7024659480607187145295711161452345550060e-01
5.2258817473432317424197890431969426572323e-01
4.9226233554056098018492093615350313484669e-01
7.4369622490354547750257552252151072025299e-01
6.3280113896034595466488781312364153563976e-01
5.9791538778218800143093858423526398837566e-01
7.5332913606059204170151133439503610134125e-01
4.9715118426910254179063031187979504466057e-01
1.6164889851801136910758316389546962454915e-01
7.0267526296036608712825000111479312181473e-01
8.6317798022898539755942692863754928112030e-01
6.6061392430161802735710807610303163528442e-01
6.9258734369478569536937584416591562330723e-01
1.0000000000000000000000000000000000000000e+00
6.6788840060308618529205659797298721969128e-01
6.2944588996761441368477107971557416021824e-01
7.5251271248858653262203688427689485251904e-01
5.4193819447253088750215965774259530007839e-01
7.4632740980054290691469986995798535645008e-01
6.9136897452292134236273568603792227804661e-01
5.4193819447253088750215965774259530007839e-01
7.3012245204066716919300006338744424283504e-01
7.8255213937766121556904863609815947711468e-01
4.5344187860115447996633974980795755982399e-01
5.8632719782644726613796137826284393668175e-01
4.5344187860115447996633974980795755982399e-01
7.4016564989563471410605188793851993978024e-01
6.6540036254191070597130419628228992223740e-01
7.9109476105592801964405680337222293019295e-01
5.6381246142833463252941328391898423433304e-01
6.0130198466862905259944227509549818933010e-01
6.6540036254192580500443909841123968362808e-01
7.2987474280709541130107709250296466052532e-01
4.5344187860115447996633974980795755982399e-01
7.0493506659063720487523596602841280400753e-01
8.8987363075202008388941976591013371944427e-01
7.9665280816793049289969985693460330367088e-01
7.6167215138965704834816961010801605880260e-01
9.2042401527072204014956469109165482223034e-01
7.9118914766632075785679489854373969137669e-01
4.8000609932758742104397242655977606773376e-01
8.4574634702016826537374072358943521976471e-01
5.4901782872994420170442708695190958678722e-01
7.2773551675497938351355742270243354141712e-01
4.8000609932758919740081182681024074554443e-01
8.0729829294716393128794607036979869008064e-01
4.5344187860115447996633974980795755982399e-01
1.0459422000311555805973640076445008162409e-02
7.9909406710331332135410775663331151008606e-01
9.8493812049830853361243043764261528849602e-01
9.5567876077088187436459065793314948678017e-01
5.4543314718782365257965238924953155219555e-01
9.3574039526715835357606465549906715750694e-01
5.8669570976097018544237471360247582197189e-01
6.6974960745618272728307829311233945190907e-01
6.9136897452291234955623622226994484663010e-01
5.8020766592876293898939366044942289590836e-01
7.4378602440283814178911825365503318607807e-01
6.9136897452292134236273568603792227804661e-01
7.9286511439588291949576159822754561901093e-01
1.0000000000000000000000000000000000000000e+00
6.5625828798230734228980054467683658003807e-01
1.7701179295917809919380658811860485002398e-01
6.9382933043105587955778901232406497001648e-01
7.4623219441518262584622789290733635425568e-01
8.0577155647017995043768223695224151015282e-01
8.8203093875445992555484053809777833521366e-01
8.5523495829324203132415505024255253374577e-01
7.8612645482238663330321060129790566861629e-01
8.5215670932288556382872002359363250434399e-01
6.6485193450547308557929682137910276651382e-01
6.9954739635774509931565035003586672246456e-01
7.8775969044448113098866315340274013578892e-01
8.4711192984901007019260532615589909255505e-01
7.5251271248859419316090679785702377557755e-01
8.6569684981762040631991794725763611495495e-01
7.5519356483369026733498685644008219242096e-01
8.5012929859615349315049570577684789896011e-01
6.1697783223217961268147746523027308285236e-01
5.7376003147184650998724464443512260913849e-01
6.0331628943658699437690984268556348979473e-01
9.5887041531853667297724541640491224825382e-01
5.4543314718782187622281298899906687438488e-01
1.0000000000000000000000000000000000000000e+00
6.4786244602207410103744678053772076964378e-01
7.8543750897359354556925836732261814177036e-01
4.5210257338732673382253324234625324606895e-01
7.8504371105519732410016331414226442575455e-01
7.6412418700235917867757962085306644439697e-01
4.5210257338732673382253324234625324606895e-01
7.4108258676238325524110450714942999184132e-01
4.5344187860115447996633974980795755982399e-01
6.0580248052712670769892611133400350809097e-01
6.0671838207862904823741700965911149978638e-01
6.8668545934992675228158987010829150676727e-01
4.5210257338732673382253324234625324606895e-01
7.9044687436207217157146942554390989243984e-01
9.8414082225567556250211964652407914400101e-01
5.7876939686032513598945570265641435980797e-01
5.7347229003650390666280145524069666862488e-01
2.0557264968400845717155789316166192293167e-01
1.0000000000000000000000000000000000000000e+00
8.4016429091881383861561971571063622832298e-01
1.3445973033468217039398950873874127864838e-01
1.0000000000000000000000000000000000000000e+00
5.6657357064156177450797713390784338116646e-01
6.3013370295976944834848154641804285347462e-01
9.3069621120459089524956652894616127014160e-01
4.5344187860115447996633974980795755982399e-01
3.9854902842151962438776990893529728055000e-01
1.0000000000000000000000000000000000000000e+00
8.4016429091881827950771821633679792284966e-01
6.3013370295976944834848154641804285347462e-01
0.0000000000000000000000000000000000000000e+00
6.8601661627957954969758702645776793360710e-01
8.1391564743369759771240978807327337563038e-01
6.8601661627958254729975351438042707741261e-01
6.8923232088157204699996327690314501523972e-01
9.1379607690648168016878116759471595287323e-01
5.3217349958228588047148832629318349063396e-01
8.3281117859953646131998539203777909278870e-01
9.2214004023813012089760832168394699692726e-01
7.0858677243524958999643104107235558331013e-01
9.8291710445985958077841360136517323553562e-01
6.2332196700315534165781627962132915854454e-01
8.7803106743310921356027165529667399823666e-01
6.5508550056559111673948336829198524355888e-01
5.9956602720456786403957494258065707981586e-01
8.6839240105034010142048828129190951585770e-01
7.9206682227456759459727209105039946734905e-01
5.6212182947436650781725120396004058420658e-01
9.9801653945319046545847641027648933231831e-01
1.3533335384685235558421823043317999690771e-01
4.7031935685103143374163892076467163860798e-01
7.0925026764449727867400952163734473288059e-01
5.4164739461356048444429234223207458853722e-01
6.0916470007199685632315322436625137925148e-01
4.3760777155701036100765577430138364434242e-01
8.4766011641138827581443138114991597831249e-01
7.1034300816522444321776674769353121519089e-01
5.6684026433215295437406666678725741803646e-01
5.9924163289287801781313191895605996251106e-01
5.4986074504859183686988899353309534490108e-01
5.2258817473432128686283704155357554554939e-01
8.9499507728044469523354109696811065077782e-01
6.7417720531694724783733363437931984663010e-01
6.7417720531695435326469123538117855787277e-01
9.3832440145508866358170507737668231129646e-01
7.7063668669104612440889923163922503590584e-01
5.9189925023702061324115675233770161867142e-01
6.8086067003440642331213439319981262087822e-01
6.8601661627957744027384023866034112870693e-01
4.3760777155701036100765577430138364434242e-01
4.7031935685103143374163892076467163860798e-01
4.3939123892163572948632577208627481013536e-01
3.7954239907279679888674195353814866393805e-01
5.9797190677121296598084398965511354617774e-02
0.0000000000000000000000000000000000000000e+00
5.1190931531770123008584505441831424832344e-01
4.3376946386589826376578571398567873984575e-01
0.0000000000000000000000000000000000000000e+00
4.4618361860824568010386315108917187899351e-01
3.3912800550531335685988665318291168659925e-01
1.6164889851801136910758316389546962454915e-01
5.4193819447253088750215965774259530007839e-01
4.5344187860115447996633974980795755982399e-01
1.0459422000311555805973640076445008162409e-02
1.7701179295917809919380658811860485002398e-01
6.1697783223217961268147746523027308285236e-01
4.5210257338732673382253324234625324606895e-01
0.0000000000000000000000000000000000000000e+00
1.3533335384685235558421823043317999690771e-01
4.3760777155701036100765577430138364434242e-01
0.0000000000000000000000000000000000000000e+00
4.7031935685103143374163892076467163860798e-01
4.3939123892163572948632577208627481013536e-01
3.7954239907279679888674195353814866393805e-01
5.9797190677121296598084398965511354617774e-02
0.0000000000000000000000000000000000000000e+00
5.1190931531770123008584505441831424832344e-01
4.3376946386589826376578571398567873984575e-01
0.0000000000000000000000000000000000000000e+00
4.4618361860824568010386315108917187899351e-01
3.3912800550531335685988665318291168659925e-01
1.6164889851801136910758316389546962454915e-01
5.4193819447253088750215965774259530007839e-01
4.5344187860115447996633974980795755982399e-01
1.0459422000311555805973640076445008162409e-02
1.7701179295917809919380658811860485002398e-01
6.1697783223217961268147746523027308285236e-01
4.5210257338732673382253324234625324606895e-01
0.0000000000000000000000000000000000000000e+00
1.3533335384685235558421823043317999690771e-01
4.3760777155701036100765577430138364434242e-01
0.0000000000000000000000000000000000000000e+00
0.0000000000000000000000000000000000000000e+00
4.7031935685103143374163892076467163860798e-01
4.3939123892163572948632577208627481013536e-01
3.7954239907279679888674195353814866393805e-01
5.9797190677121296598084398965511354617774e-02
0.0000000000000000000000000000000000000000e+00
5.1190931531770123008584505441831424832344e-01
4.3376946386589826376578571398567873984575e-01
0.0000000000000000000000000000000000000000e+00
4.4618361860824568010386315108917187899351e-01
3.3912800550531335685988665318291168659925e-01
1.6164889851801136910758316389546962454915e-01
5.4193819447253088750215965774259530007839e-01
4.5344187860115447996633974980795755982399e-01
1.0459422000311555805973640076445008162409e-02
1.7701179295917809919380658811860485002398e-01
6.1697783223217961268147746523027308285236e-01
4.5210257338732673382253324234625324606895e-01
0.0000000000000000000000000000000000000000e+00
1.3533335384685235558421823043317999690771e-01
4.3760777155701036100765577430138364434242e-01
0.0000000000000000000000000000000000000000e+00
0.0000000000000000000000000000000000000000e+00
0.0000000000000000000000000000000000000000e+00
7.5605577218480405576883640605956315994263e+01
1.7323646252242899112872009936836548149586e+00
