1
0
23
9.5554579443347531508834435953758656978607e-01
3.7641839902199153433670630874985363334417e-01
4.9065238936034427652543854492250829935074e-01
9.5998744793014656462304401429719291627407e-01
5.1277968129281714659839508385630324482918e-01
7.7174045683201208944979043735656887292862e-01
6.1983407023688064096944572156644426286221e-01
4.1699833633729921356092518180957995355129e-01
8.0532574351136143597784666781080886721611e-01
5.5567232790152232269065279979258775711060e-01
8.1186058067341382304960006877081468701363e-01
9.8431776919127841884993301846407121047378e-02
4.9065238936034427652543854492250829935074e-01
6.0165113224525612611870428736438043415546e-01
5.0467269432068628809417987213237211108208e-01
6.7913123836714217596011167188407853245735e-01
0.0000000000000000000000000000000000000000e+00
8.5571971032556015668291138354106806218624e-01
7.8597596978249595345289435499580577015877e-01
6.5193067402034654556075565778883174061775e-01
5.1871964046654572833006113796727731823921e-01
1.0000000000000000000000000000000000000000e+00
5.1871964046654572833006113796727731823921e-01
8.3594875867857809659255963197210803627968e-01
7.8862542440321670156322397815529257059097e-01
6.1180585103942242142238683300092816352844e-01
4.4527586361493060040928071430244017392397e-01
9.9844747701473035572661274272832088172436e-01
6.2780402609980934247602135656052269041538e-01
4.4527586361493060040928071430244017392397e-01
6.3576364576490118629692460672231391072273e-01
6.9340591678763974226029631608980707824230e-01
5.8877631853778056303383436898002400994301e-01
6.5075712058109880242540157269104383885860e-01
4.7119338172988467494661790624377317726612e-01
6.9621017541380103565984427405055612325668e-01
8.3594875867857176832131926857982762157917e-01
0.0000000000000000000000000000000000000000e+00
6.6610167718368284983654348252457566559315e-01
7.4506848068421582809151004767045378684998e-01
4.4490008751916337859100281093560624867678e-01
4.4490008751916337859100281093560624867678e-01
1.0000000000000000000000000000000000000000e+00
5.3201279242575527650416233882424421608448e-01
5.8836557513319098777770932429120875895023e-01
7.4237275260205137783486861735582351684570e-01
4.4490008751916337859100281093560624867678e-01
7.3760345152205475383055954807787202298641e-01
7.3452928256582528110385510444757528603077e-01
6.5447073529487787002523191404179669916630e-01
1.0000000000000000000000000000000000000000e+00
7.1368134682989126105212562833912670612335e-01
8.9012539873926033173745508975116536021233e-01
7.7952979665894095440137334662722423672676e-01
7.4010821092173795232582733660819940268993e-01
6.1463259714847540138293879863340407609940e-01
3.3609208490608832864410260299337096512318e-01
6.3269182724205519363636085472535341978073e-01
6.6700232112622370728161058650584891438484e-01
5.7945718191824002740730747973429970443249e-01
4.8138261726000552975790469645289704203606e-01
4.2244349686591897707899079250637441873550e-01
7.4083550302040857005181351269129663705826e-01
5.9201183789414724145672153099440038204193e-01
5.9884644436545686474460126191843301057816e-01
6.8741751305909004621241820132127031683922e-01
4.7677790074810311171660259788041003048420e-01
1.2069009821775734947468805557946325279772e-01
7.5850797165158057033806926483521237969398e-01
8.7089957435138176666811204995610751211643e-01
6.9674997359993562362490138184512034058571e-01
7.4590225102319074323986569652333855628967e-01
9.4889515598896334580558686866424977779388e-01
6.8920142914254378663230227175517939031124e-01
6.4099196782413203621331376780290156602859e-01
7.3862239972479926120030313541064970195293e-01
5.4378604906932981322142950375564396381378e-01
7.3562811137837202934974811796564608812332e-01
6.7716368472952881418791548640001565217972e-01
5.4378604906932981322142950375564396381378e-01
8.1021526623841921832536172587424516677856e-01
7.6043872553118196933041872398462146520615e-01
4.2666119090846926775739689219335559755564e-01
5.9059408933794421692198284290498122572899e-01
4.2666119090846926775739689219335559755564e-01
7.9037958082200132636785383510868996381760e-01
6.7858216684931715878548175169271416962147e-01
7.1638614975311987187467366311466321349144e-01
6.1006425899413629920786661386955529451370e-01
6.2356889018773264954376145396963693201542e-01
6.6836608610313086309417940356070175766945e-01
6.1753514645670914973152321181260049343109e-01
4.2666119090846926775739689219335559755564e-01
6.9539176129838720097353643723181448876858e-01
9.1129360571028916737645886314567178487778e-01
7.7867623663199192485251387552125379443169e-01
7.5790752688069029652240260475082322955132e-01
8.4261622712583350569559570431010797619820e-01
7.6598128262530151832976343939662910997868e-01
4.4527586361493060040928071430244017392397e-01
8.4823680607914075935127584671135991811752e-01
5.1335057065467881720621790009317919611931e-01
7.2440266605250402953686261753318831324577e-01
4.4637220633413748904771978232020046561956e-01
7.6812977891323497292574984385282732546329e-01
4.5117713492598571223268777430348563939333e-01
0.0000000000000000000000000000000000000000e+00
8.1615975139359542289696491934591904282570e-01
9.7762529851109425393929086567368358373642e-01
9.9514735307160595567665950511582195758820e-01
5.5567232790152232269065279979258775711060e-01
1.0000000000000000000000000000000000000000e+00
5.8463370250934976191103942255722358822823e-01
6.6145286712965400965913431718945503234863e-01
7.0706902743952459999832171888556331396103e-01
5.1941643451777119722123643441591411828995e-01
7.7962163424478858608779319183668121695518e-01
6.6468651033712344844417430067551322281361e-01
7.3255282728351345244988124250085093080997e-01
1.0000000000000000000000000000000000000000e+00
6.5022223692020919560974334672209806740284e-01
1.9816911648498294895581750552082667127252e-01
7.6284390819415670570435850095236673951149e-01
7.6018223259753447962339123478159308433533e-01
8.5808322365986755553279863306670449674129e-01
9.1341108127942671757182324654422700405121e-01
8.2305212981039277408967791416216641664505e-01
8.1583140714577495611337099035154096782207e-01
8.7923372209489658590797489523538388311863e-01
7.2581477340110722717980706875096075236797e-01
7.1219772256209901151180474698776379227638e-01
8.0714793838517562285517215059371665120125e-01
8.6580088215447637001176417470560409128666e-01
8.1415993932551411482734238234115764498711e-01
8.8847183735550316896478761918842792510986e-01
7.4430941642169912153548239075462333858013e-01
8.8361578963126696795171710618888027966022e-01
6.9086689943675072544948534414288587868214e-01
5.9240326656292185969476804530131630599499e-01
5.8925928461610821429417228500824421644211e-01
9.4304313436300168937975740846013650298119e-01
5.6858749565230182199115915864240378141403e-01
1.0000000000000000000000000000000000000000e+00
6.1906376762657233658870836734422482550144e-01
7.7872111085447082157173781524761579930782e-01
4.3800280664116042483868795898160897195339e-01
8.1449878047654367119179141809581778943539e-01
7.5428571877522021527084916669991798698902e-01
4.3800280664116042483868795898160897195339e-01
7.5269378011810683659632559283636510372162e-01
4.4931242425052508870919609762495383620262e-01
5.4421060169315138566048517532180994749069e-01
5.7107671150670380466607412017765454947948e-01
7.0953953734362573690930275915889069437981e-01
4.3800280664116042483868795898160897195339e-01
8.8879983538897500139341900649014860391617e-01
1.0000000000000000000000000000000000000000e+00
5.4124519429639317280589239089749753475189e-01
5.4591071158594950407660917335306294262409e-01
1.9905527530162991922679793788120150566101e-01
9.5187528017859246443066467691096477210522e-01
8.0979009598743711961787994368933141231537e-01
1.4410461677480382314264772958267712965608e-01
1.0000000000000000000000000000000000000000e+00
5.6627417862138862414411732970620505511761e-01
6.2378157865455063912918376445304602384567e-01
8.8580772611030655916408704797504469752312e-01
4.2666119090846926775739689219335559755564e-01
4.5786005217351888330057363418745808303356e-01
1.0000000000000000000000000000000000000000e+00
7.9039456539055663597537204623222351074219e-01
6.1090242472491762537600834548356942832470e-01
0.0000000000000000000000000000000000000000e+00
6.5960603948006479857468775662709958851337e-01
8.8043187992126803464998374693095684051514e-01
6.5231172093842315629075301330885849893093e-01
6.5964367046413263651061242853756994009018e-01
1.0000000000000000000000000000000000000000e+00
5.1871964046654572833006113796727731823921e-01
8.5663729049456205366652739030541852116585e-01
9.5248428408744334472402215396868996322155e-01
7.2313880654863416097555273154284805059433e-01
1.0000000000000000000000000000000000000000e+00
6.1214006366372231138228698910097591578960e-01
8.8920825426504823685291967194643802940845e-01
6.0129366911996751099422908737324178218842e-01
5.8741918980007046258151603979058563709259e-01
1.0000000000000000000000000000000000000000e+00
8.1754472216672702256090587979997508227825e-01
5.2071357843494425754471421896596439182758e-01
1.0000000000000000000000000000000000000000e+00
1.4841854762271494694303441974625457078218e-01
4.9065238936034427652543854492250829935074e-01
7.3999536935511311952495816512964665889740e-01
5.7914640241694426148200136594823561608791e-01
6.3750970326971834190032950573367998003960e-01
4.2244349686591947667935187382681760936975e-01
8.5786654228499059637869095240603201091290e-01
6.9549060215140956486834511451888829469681e-01
5.3796726894962243470388330024434253573418e-01
6.0492323853479679218736464463290758430958e-01
5.5606027615297226596169366530375555157661e-01
5.2598964873191123015061521073221229016781e-01
8.7824697739926105288787994140875525772572e-01
6.9362220836680721358646906082867644727230e-01
6.8409841074164245977584641877911053597927e-01
9.1891178470123602295416276319883763790131e-01
7.9006137821360089557032324592000804841518e-01
6.1118798010975383672160887726931832730770e-01
6.4386818413660396043241007646429352462292e-01
7.2313880654863416097555273154284805059433e-01
4.2244349686591947667935187382681760936975e-01
4.9065238936034427652543854492250829935074e-01
5.1277968129281714659839508385630324482918e-01
4.1699833633729921356092518180957995355129e-01
9.8431776919127841884993301846407121047378e-02
0.0000000000000000000000000000000000000000e+00
5.1871964046654572833006113796727731823921e-01
4.4527586361493060040928071430244017392397e-01
0.0000000000000000000000000000000000000000e+00
4.4490008751916337859100281093560624867678e-01
3.3609208490608832864410260299337096512318e-01
1.2069009821775734947468805557946325279772e-01
5.4378604906932981322142950375564396381378e-01
4.2666119090846926775739689219335559755564e-01
0.0000000000000000000000000000000000000000e+00
1.9816911648498294895581750552082667127252e-01
6.9086689943675072544948534414288587868214e-01
4.3800280664116042483868795898160897195339e-01
0.0000000000000000000000000000000000000000e+00
1.4841854762271494694303441974625457078218e-01
4.2244349686591947667935187382681760936975e-01
0.0000000000000000000000000000000000000000e+00
4.9065238936034427652543854492250829935074e-01
5.1277968129281714659839508385630324482918e-01
4.1699833633729921356092518180957995355129e-01
9.8431776919127841884993301846407121047378e-02
0.0000000000000000000000000000000000000000e+00
5.1871964046654572833006113796727731823921e-01
4.4527586361493060040928071430244017392397e-01
0.0000000000000000000000000000000000000000e+00
4.4490008751916337859100281093560624867678e-01
3.3609208490608832864410260299337096512318e-01
1.2069009821775734947468805557946325279772e-01
5.4378604906932981322142950375564396381378e-01
4.2666119090846926775739689219335559755564e-01
0.0000000000000000000000000000000000000000e+00
1.9816911648498294895581750552082667127252e-01
6.9086689943675072544948534414288587868214e-01
4.3800280664116042483868795898160897195339e-01
0.0000000000000000000000000000000000000000e+00
1.4841854762271494694303441974625457078218e-01
4.2244349686591947667935187382681760936975e-01
0.0000000000000000000000000000000000000000e+00
0.0000000000000000000000000000000000000000e+00
4.9065238936034427652543854492250829935074e-01
5.1277968129281714659839508385630324482918e-01
4.1699833633729921356092518180957995355129e-01
9.8431776919127841884993301846407121047378e-02
0.0000000000000000000000000000000000000000e+00
5.1871964046654572833006113796727731823921e-01
4.4527586361493060040928071430244017392397e-01
0.0000000000000000000000000000000000000000e+00
4.4490008751916337859100281093560624867678e-01
3.3609208490608832864410260299337096512318e-01
1.2069009821775734947468805557946325279772e-01
5.4378604906932981322142950375564396381378e-01
4.2666119090846926775739689219335559755564e-01
0.0000000000000000000000000000000000000000e+00
1.9816911648498294895581750552082667127252e-01
6.9086689943675072544948534414288587868214e-01
4.3800280664116042483868795898160897195339e-01
0.0000000000000000000000000000000000000000e+00
1.4841854762271494694303441974625457078218e-01
4.2244349686591947667935187382681760936975e-01
0.0000000000000000000000000000000000000000e+00
0.0000000000000000000000000000000000000000e+00
0.0000000000000000000000000000000000000000e+00
7.4459411556185713720878993626683950424194e+01
1.6687712483109113925650035525904968380928e+00
