1
0
23
9.5235109140869689259289998517488129436970e-01
3.7736435231418996583130365252145566046238e-01
4.9451021598447514326934992823225911706686e-01
9.6260528497278152748606316890800371766090e-01
5.1358003532066887064644333804608322679996e-01
7.7030954067519341599279414367629215121269e-01
6.1833046313083461775761406897800043225288e-01
4.1408249036076844040721312012465205043554e-01
8.0309623511300587406225304221152327954769e-01
5.5503262399503872082107136520789936184883e-01
8.0493453023596417406082537127076648175716e-01
9.7987548675272373444045115320477634668350e-02
4.9573408664870832751603302313014864921570e-01
6.0089566944920513869021760910982266068459e-01
4.9761299714577988950736653350759297609329e-01
6.9004173423023473787907278165221214294434e-01
0.0000000000000000000000000000000000000000e+00
8.5476543492340095742321182115119881927967e-01
7.8770313798472413324702756654005497694016e-01
6.5102941933404034902110879556857980787754e-01
5.2401534234137236989425900901551358401775e-01
1.0000000000000000000000000000000000000000e+00
5.2401534234137236989425900901551358401775e-01
8.3524044095971949897005970342434011399746e-01
7.8980394378984986047953498200513422489166e-01
6.1258977823044880040015414124354720115662e-01
4.4888007084565767490502707914856728166342e-01
9.9910563906256577570985655256663449108601e-01
6.3397426265342715634432124716113321483135e-01
4.4888007084565767490502707914856728166342e-01
6.3746271165135581782124063465744256973267e-01
6.9326173662576628942133538657799363136292e-01
5.8822249620126032532141380215762183070183e-01
6.4402561738683150593942627892829477787018e-01
4.6606612866596353050852030719397589564323e-01
6.9551339419531033048116341888089664280415e-01
8.3732234221592150014146227476885542273521e-01
0.0000000000000000000000000000000000000000e+00
6.7018547080401236204494352932670153677464e-01
7.5048737346803684467033690452808514237404e-01
4.4888007084566233784173050480603706091642e-01
4.4888007084566233784173050480603706091642e-01
9.8897153011548999401725268398877233266830e-01
5.4566014694554210162635854430845938622952e-01
6.0178781128045966131168142965179868042469e-01
7.3916423837768863158714793826220557093620e-01
4.4888007084566233784173050480603706091642e-01
7.4077273751208527752254440201795659959316e-01
7.3277138981056910704836582226562313735485e-01
6.5602913240445304143833027410437352955341e-01
9.9573664358136249052932953418348915874958e-01
7.1047763701215083109730130672687664628029e-01
8.9954254780078390929531906294869258999825e-01
7.8014338045174802527270685459370724856853e-01
7.4093178280947380454080075651290826499462e-01
6.1173494240387082943044561034184880554676e-01
3.4471058727195114101959916297346353530884e-01
6.3288402955001143990187983945361338555813e-01
6.6888801280987875141903487019590102136135e-01
5.8090214830648778665533882303861901164055e-01
4.7807039240880833119717863155528903007507e-01
4.3083370472273063711554641486145555973053e-01
7.4247687233902737169444208120694383978844e-01
5.9735035134797853650923116219928488135338e-01
5.9865517021010317133544731404981575906277e-01
6.9377175231768739571691639866912737488747e-01
4.7847301952599236019025852328923065215349e-01
1.2638767454778113141777851069491589441895e-01
7.6121071405805418308432308549527078866959e-01
8.6906740521548608846558181539876386523247e-01
6.9664249488479013106001502819708548486233e-01
7.4497858454779120052080543246120214462280e-01
9.6977254286405578653784687048755586147308e-01
6.9551339419531155172649050655309110879898e-01
6.4258665752110055713330893922830000519753e-01
7.4093178280947813441059679462341591715813e-01
5.4829442891063495668646510239341296255589e-01
7.4139818924885503292898647487163543701172e-01
6.7448130646174098146161668410059064626694e-01
5.4829442891063495668646510239341296255589e-01
8.1151690334696946482750945506268180906773e-01
7.6842414814565285219316592701943591237068e-01
4.3085417208893994622798118143691681325436e-01
5.9741445696059991554704993177438154816628e-01
4.3085417208893994622798118143691681325436e-01
7.9606347871811256045049276508507318794727e-01
6.8207182289481438353107023431221023201942e-01
7.1348774541309145647005607315804809331894e-01
6.1175544205070320202821676502935588359833e-01
6.2268786972900169729427943821065127849579e-01
6.6847961232625652261418736088671721518040e-01
6.2672885975609582409617814846569672226906e-01
4.3085417208893994622798118143691681325436e-01
6.9767842810097613348574441261007450520992e-01
9.1383634685969084010537244466831907629967e-01
7.7233077768395164142134490248281508684158e-01
7.6877374418817145951265956682618707418442e-01
8.7923317990604887839367620472330600023270e-01
7.7626953459560099624070517165819182991982e-01
4.4888007084565767490502707914856728166342e-01
8.3887324784199868155099011346464976668358e-01
5.2299368102526588852896338721620850265026e-01
7.2548402865171368603114387951791286468506e-01
4.5128941090122159929265421851596329361200e-01
7.6498881852658073832174068229505792260170e-01
4.5696059753367690436931525255204178392887e-01
0.0000000000000000000000000000000000000000e+00
8.1865255637223854900952346724807284772396e-01
9.8842911481835082909697121067438274621964e-01
9.9496507196590200372554591012885794043541e-01
5.5503262399504416091389202847494743764400e-01
9.9438799030563695957596337393624708056450e-01
5.8925704467384976137367402770905755460262e-01
6.6698082233054667433691520272986963391304e-01
7.1160770632401459945270971729769371449947e-01
5.3068739108499152212772287384723313152790e-01
7.8525781783066683772176475031301379203796e-01
6.7448130646174098146161668410059064626694e-01
7.3729376224547282792087798952707089483738e-01
1.0000000000000000000000000000000000000000e+00
6.5455361745901774472855549902305938303471e-01
1.9392441663116644079423167568165808916092e-01
7.5937937688313661421801725737168453633785e-01
7.5937937688313517092808524466818198561668e-01
8.5899007172597774406597181950928643345833e-01
9.1044219248283586587433546810643747448921e-01
8.1575864062355529782166740915272384881973e-01
8.1994434783723224580143096318352036178112e-01
8.8463561682878155689735422129160724580288e-01
7.1607469384119870614568981181946583092213e-01
7.2047627749521359064033276808913797140121e-01
8.1196765199651088629195783141767606139183e-01
8.6105795300515575174671312197460792958736e-01
8.1073679300171597184032634686445817351341e-01
8.8850073287709296909753220461425371468067e-01
7.5785164967993612350483090267516672611237e-01
8.8887603502412870781768106098752468824387e-01
6.9160756071998874539019652729621157050133e-01
5.9628970240553502701885690839844755828381e-01
5.9519254639817764651610332293785177171230e-01
9.4419471306020419376636709785088896751404e-01
5.7464782120993995739866022631758823990822e-01
1.0000000000000000000000000000000000000000e+00
6.3055564077692016766718552389647811651230e-01
7.9314515768597237954651291147456504404545e-01
4.4183653650399290491179726814152672886848e-01
8.1163211089028919342780454826424829661846e-01
7.6481229110828474748728922349982894957066e-01
4.4183653650399290491179726814152672886848e-01
7.6136647074027252735106685577193275094032e-01
4.5047909783617179346748571333591826260090e-01
5.5725487587026190094974253952386789023876e-01
5.8124598738006238995978947059484198689461e-01
7.1607469384119804001187503672554157674313e-01
4.4183653650399290491179726814152672886848e-01
8.8979944290723900213180286300485022366047e-01
1.0000000000000000000000000000000000000000e+00
5.3880645910585833746608841465786099433899e-01
5.4909272787635765578073687720461748540401e-01
1.9743119286027899228486148786032572388649e-01
9.7760766626320227956625785736832767724991e-01
8.0690772667022137021319849736755713820457e-01
1.3799061200296502960327416076324880123138e-01
1.0000000000000000000000000000000000000000e+00
5.5318292945628677603764344894443638622761e-01
6.2661845363113388707176909520057961344719e-01
8.6513298058145049473921517346752807497978e-01
4.3085417208893994622798118143691681325436e-01
4.6931551265850379728306052129482850432396e-01
1.0000000000000000000000000000000000000000e+00
7.9136647471325072267234190803719684481621e-01
6.0840112854665551189725647418526932597160e-01
0.0000000000000000000000000000000000000000e+00
6.6181958461473289201393299663322977721691e-01
8.7868840206443687979032119983457960188389e-01
6.5384736734636161870071191515307873487473e-01
6.5059600379096871325401707508717663586140e-01
1.0000000000000000000000000000000000000000e+00
5.2401534234137236989425900901551358401775e-01
8.4831836795206483348152914913953281939030e-01
9.5097430895411239060166508352267555892467e-01
7.1997843713894327244418036571005359292030e-01
1.0000000000000000000000000000000000000000e+00
6.1481685433844646126999577973037958145142e-01
8.9563688538106800418603370417258702218533e-01
5.9807095560384770926987130224006250500679e-01
5.9541233145356020628469195798970758914948e-01
1.0000000000000000000000000000000000000000e+00
8.2149013899706846419945804882445372641087e-01
5.1741047885120716731677248390042223036289e-01
1.0000000000000000000000000000000000000000e+00
1.4758661779149354065232557786657707765698e-01
4.9451021598447514326934992823225911706686e-01
7.4630827677003352960127813275903463363647e-01
5.7776710019973731569109531847061589360237e-01
6.3854821409586859370932643287233076989651e-01
4.2907070201289926325571855159068945795298e-01
8.7161815448772261838428221381036564707756e-01
7.0199273050327037903883820035844109952450e-01
5.3704238013404725915478366005118004977703e-01
6.1066222188219410060838754361611790955067e-01
5.6221507555840577463612817155080847442150e-01
5.2514953384997642427123309971648268401623e-01
8.8548655171512447026316294795833528041840e-01
6.9748243115406260983490938087925314903259e-01
6.8861482452715550017785517411539331078529e-01
9.2865372957444092261169998892000876367092e-01
7.9468667603103015917298534986912272870541e-01
6.1580971569918407926280679021147079765797e-01
6.4912355659561504772625539771979674696922e-01
7.1997843713894327244418036571005359292030e-01
4.2907070201289926325571855159068945795298e-01
4.9451021598447514326934992823225911706686e-01
5.1358003532066887064644333804608322679996e-01
4.1408249036076844040721312012465205043554e-01
9.7987548675272373444045115320477634668350e-02
0.0000000000000000000000000000000000000000e+00
5.2401534234137236989425900901551358401775e-01
4.4888007084565767490502707914856728166342e-01
0.0000000000000000000000000000000000000000e+00
4.4888007084566233784173050480603706091642e-01
3.4471058727195114101959916297346353530884e-01
1.2638767454778113141777851069491589441895e-01
5.4829442891063495668646510239341296255589e-01
4.3085417208893994622798118143691681325436e-01
0.0000000000000000000000000000000000000000e+00
1.9392441663116644079423167568165808916092e-01
6.9160756071998874539019652729621157050133e-01
4.4183653650399290491179726814152672886848e-01
0.0000000000000000000000000000000000000000e+00
1.4758661779149354065232557786657707765698e-01
4.2907070201289926325571855159068945795298e-01
0.0000000000000000000000000000000000000000e+00
4.9451021598447514326934992823225911706686e-01
5.1358003532066887064644333804608322679996e-01
4.1408249036076844040721312012465205043554e-01
9.7987548675272373444045115320477634668350e-02
0.0000000000000000000000000000000000000000e+00
5.2401534234137236989425900901551358401775e-01
4.4888007084565767490502707914856728166342e-01
0.0000000000000000000000000000000000000000e+00
4.4888007084566233784173050480603706091642e-01
3.4471058727195114101959916297346353530884e-01
1.2638767454778113141777851069491589441895e-01
5.4829442891063495668646510239341296255589e-01
4.3085417208893994622798118143691681325436e-01
0.0000000000000000000000000000000000000000e+00
1.9392441663116644079423167568165808916092e-01
6.9160756071998874539019652729621157050133e-01
4.4183653650399290491179726814152672886848e-01
0.0000000000000000000000000000000000000000e+00
1.4758661779149354065232557786657707765698e-01
4.2907070201289926325571855159068945795298e-01
0.0000000000000000000000000000000000000000e+00
0.0000000000000000000000000000000000000000e+00
4.9451021598447514326934992823225911706686e-01
5.1358003532066887064644333804608322679996e-01
4.1408249036076844040721312012465205043554e-01
9.7987548675272373444045115320477634668350e-02
0.0000000000000000000000000000000000000000e+00
5.2401534234137236989425900901551358401775e-01
4.4888007084565767490502707914856728166342e-01
0.0000000000000000000000000000000000000000e+00
4.4888007084566233784173050480603706091642e-01
3.4471058727195114101959916297346353530884e-01
1.2638767454778113141777851069491589441895e-01
5.4829442891063495668646510239341296255589e-01
4.3085417208893994622798118143691681325436e-01
0.0000000000000000000000000000000000000000e+00
1.9392441663116644079423167568165808916092e-01
6.9160756071998874539019652729621157050133e-01
4.4183653650399290491179726814152672886848e-01
0.0000000000000000000000000000000000000000e+00
1.4758661779149354065232557786657707765698e-01
4.2907070201289926325571855159068945795298e-01
0.0000000000000000000000000000000000000000e+00
0.0000000000000000000000000000000000000000e+00
0.0000000000000000000000000000000000000000e+00
7.5457875457875431379761721473187208175659e+01
1.6705150213445707496617842480191029608250e+00
