1
0
23
7.2592628136737091804064903044491074979305e-01
4.0670439131521568532079413671453949064016e-01
4.8973196204464297665026606409810483455658e-01
8.5837995626503005297536219586618244647980e-01
3.7744978087279157374922533563221804797649e-01
7.0449402231310309652201340213650837540627e-01
6.8696222539811779839169503247831016778946e-01
4.1090020319992848207846236618934199213982e-01
8.0343757938270110585676775372121483087540e-01
6.5401478634657139732411224031238816678524e-01
6.7838711123662565061209761552163399755955e-01
2.2712494800961535723615725146373733878136e-01
7.1607827760261766325555754519882611930370e-01
6.6296562290048122179086931282654404640198e-01
4.9711646821815624885942952460027299821377e-01
6.8517502442667632678308109461795538663864e-01
0.0000000000000000000000000000000000000000e+00
7.6039559968158265679250007451628334820271e-01
6.8696222539812912266654620907502248883247e-01
6.6415265909227971796724432351766154170036e-01
6.1721083702469070608742640615673735737801e-01
1.0000000000000000000000000000000000000000e+00
4.3825879264763589748810090895858593285084e-01
8.0343757938269377838480522768804803490639e-01
7.2743691151079026280257266989792697131634e-01
6.9118009346658826341780468283104710280895e-01
6.1138354146523998799978016904788091778755e-01
8.9320697197672382916522337836795486509800e-01
6.4856101628706352979492066879174672067165e-01
4.6531273490030344852641519537428393959999e-01
7.0314891521720279676799236767692491412163e-01
7.9478543292722325652732706657843664288521e-01
6.4252442359022154949599325846065767109394e-01
6.9617562496929086268693254169193096458912e-01
6.8437844340111431140627473723725415766239e-01
7.4134698530586629061644998728297650814056e-01
8.5095073353061490006865597024443559348583e-01
1.2801691016699603964390519195148954167962e-01
7.3315196075865740610311149794142693281174e-01
8.4484609030739532542497727263253182172775e-01
5.4862006926002493401028914377093315124512e-01
6.3065154039638648963972400451893918216228e-01
9.1436218026583881979263424000237137079239e-01
5.0536700074392093551267635120893828570843e-01
6.8301581776973940840491650305921211838722e-01
7.6894711999673226454632413151557557284832e-01
4.5294584151428229912283995872712694108486e-01
7.9332630690939920370396976068150252103806e-01
7.9080776448402001488346968471887521445751e-01
7.7393518412907247316923076141392812132835e-01
1.0000000000000000000000000000000000000000e+00
6.8276363382758542552863900709780864417553e-01
7.9752838547480053854599191254237666726112e-01
8.2179865585338796041270370551501400768757e-01
7.9479534318616162913428979663876816630363e-01
8.4109275327860044679795237243524752557278e-01
3.8568238616937777774040796430199407041073e-01
7.1554344809820735751060283291735686361790e-01
7.8043517803169537572216540866065770387650e-01
7.0998474827122004526813725533429533243179e-01
6.6632591834757626259033713722601532936096e-01
5.3713347207449635423159861602471210062504e-01
7.7197242808298416338885772347566671669483e-01
7.8024649144075630680106314684962853789330e-01
6.8298719190534573630912973385420627892017e-01
9.0107195628138536669382574473274871706963e-01
5.9519513074753116477211278834147378802299e-01
3.2123759924611472449385018990142270922661e-01
7.3315196075865862734843858561362139880657e-01
7.5549628969534277089792340120766311883926e-01
7.4067716684798445836435121236718259751797e-01
7.5549628969534354805404063881724141538143e-01
1.0000000000000000000000000000000000000000e+00
6.6415265909227971796724432351766154170036e-01
6.7024563763794497983639075755490921437740e-01
7.4948318175768890991861326256184838712215e-01
6.4131023345758098042068695576745085418224e-01
8.1983883046825289930836788698798045516014e-01
7.8698434100623160247778287157416343688965e-01
5.5601197443971561718001339613692834973335e-01
7.4991330854696813812410027821897529065609e-01
7.8086802701448265739969656351604498922825e-01
5.8828083900955419061062912078341469168663e-01
7.3477766492902973904932650839327834546566e-01
5.7491074384825724408187852532137185335159e-01
6.7378644321480696266490895141032524406910e-01
6.7415587956158695703834382584318518638611e-01
9.0057310490668041058626158701372332870960e-01
6.0108045301361945345064441426075063645840e-01
6.6934107964865208195703871751902624964714e-01
7.1132841265669077834843392338370904326439e-01
8.2189911980191066032119806550326757133007e-01
5.3686501969859079519409306158195249736309e-01
7.7824275158469324864540794806089252233505e-01
9.2429608128169737923940374457743018865585e-01
8.8578192461331062279583647978142835199833e-01
7.9335215063451636208213813006295822560787e-01
1.0000000000000000000000000000000000000000e+00
7.7938711165195539987138317883363924920559e-01
6.3314804603957919315604385701590217649937e-01
8.2379683716770535362172722670948132872581e-01
7.0685914433943930479387063314788974821568e-01
6.5828516922045898773774297296768054366112e-01
6.3314804603957886008913646946894004940987e-01
8.5491606644245565771456085712998174130917e-01
5.3686501969859079519409306158195249736309e-01
4.0093834955491807273131321665005089016631e-03
8.0343757938268467455600330140441656112671e-01
9.2887615258870404044699853329802863299847e-01
9.3204354243475251440287365767289884388447e-01
6.9360140002532433278759071981767192482948e-01
8.5711996930939715610975326853804290294647e-01
6.5237231220694147371119697709218598902225e-01
7.6764319250277390782599695739918388426304e-01
7.4501106487206703032910581896430812776089e-01
6.5317102204423083122719617676921188831329e-01
7.9914919273393680843042830019840039312840e-01
7.4501106487206891770824768173042684793472e-01
7.9294401812995130018890677092713303864002e-01
1.0000000000000000000000000000000000000000e+00
6.6447942415045080366553520434536039829254e-01
1.9430891065240837867200696109648561105132e-01
7.1296190232866052394200551134417764842510e-01
7.5888422449016568194224419130478054285049e-01
7.7632792601419153832864594733109697699547e-01
7.9335215063453445871743952011456713080406e-01
8.5329962122258562473575693729799240827560e-01
7.4247532354045198133007943397387862205505e-01
7.9781802910830978969869420325267128646374e-01
7.0587391831927037699756510846782475709915e-01
7.8635201606397187035213391936849802732468e-01
8.3978510561651642518654625746421515941620e-01
8.7199552154231818601459735873504541814327e-01
7.0587391831926959984144787085824646055698e-01
8.4500526596535119328024165952228941023350e-01
8.0323301274284153450366829929407685995102e-01
7.2298606057087311249631511600455269217491e-01
5.2137914947151420275162081452435813844204e-01
7.0073719503683595810628048639046028256416e-01
7.0059324991132143622962757945060729980469e-01
9.3847728223110882250779241076088510453701e-01
6.4941371804618308605228094165795482695103e-01
1.0000000000000000000000000000000000000000e+00
7.2473086846599310550942618647241033613682e-01
8.1808339450341216458895132745965383946896e-01
6.3710997973277561090554854672518558800220e-01
8.4907360653281838125394642702303826808929e-01
7.9922440963225782617485037917504087090492e-01
5.9164898966482426523327831091592088341713e-01
7.9090932910135958167074932134710252285004e-01
5.6927350022881617608305759858922101557255e-01
7.0073719503683595810628048639046028256416e-01
6.8920356799273974068853476637741550803185e-01
7.0587391831926837859612078318605199456215e-01
5.6927350022881617608305759858922101557255e-01
8.1189815248701202587966463397606275975704e-01
9.2594500886522301819070435158209875226021e-01
7.6612237706123287317439007892971858382225e-01
6.7515882235159541124858151306398212909698e-01
3.9164235883626596912421291563077829778194e-01
1.0000000000000000000000000000000000000000e+00
8.5095073353061090326576731968089006841183e-01
4.0979229179328702237228299054550006985664e-01
1.0000000000000000000000000000000000000000e+00
5.9519513074752694592461921274662017822266e-01
7.1648334202518904056944393232697620987892e-01
9.6045333487114914472471127737662754952908e-01
5.3686501969859079519409306158195249736309e-01
5.9674896507088615038583157001994550228119e-01
1.0000000000000000000000000000000000000000e+00
8.4033018523043212510970079165417701005936e-01
6.7226420867645475532015097996918484568596e-01
0.0000000000000000000000000000000000000000e+00
7.8269585474691683035786127220490016043186e-01
7.9781802910830978969869420325267128646374e-01
7.2298079432166284519212240411434322595596e-01
8.1069374526103876732463504595216363668442e-01
1.0000000000000000000000000000000000000000e+00
6.3607955485387934757568473287392407655716e-01
8.6532747988193148280799960048170760273933e-01
9.7421682004135601307126535175484605133533e-01
7.0685914433945462587161046030814759433270e-01
8.0720675669252350825644271026249043643475e-01
7.4046748977643916944657576095778495073318e-01
8.2320058977775012465372128644958138465881e-01
7.0806110397400656708555288787465542554855e-01
5.7325209861551795764711414449266158044338e-01
8.4784788669898536461744242842542007565498e-01
7.9781802910830978969869420325267128646374e-01
6.9922820464899759773658161066123284399509e-01
1.0000000000000000000000000000000000000000e+00
2.2168149023268524100416243527433834969997e-01
6.0184161724128082404661199689144268631935e-01
8.0754999086039447320217732340097427368164e-01
6.9412557110184924802354089479194954037666e-01
7.7372562631888242012934142621816135942936e-01
4.8608471097282407447082164253515657037497e-01
9.4234974493654344307458359253359958529472e-01
7.6764319250277102124613293199217878282070e-01
6.7189580890155098380489562259754166007042e-01
7.6120584262290769128611600535805337131023e-01
6.2550495808842976330765850434545427560806e-01
6.3307744949255095878726251612533815205097e-01
9.2210685808837655752512318940716795623302e-01
7.4408544868021309071082214359194040298462e-01
7.3642001484643293540699460208998061716557e-01
9.7799550663434964281606198710505850613117e-01
7.9036653223918407196180169194121845066547e-01
7.0938079026989819819704052861197851598263e-01
7.8050879885920887435446502422564662992954e-01
7.6034789025562687925230420660227537155151e-01
4.5693264761153984387931359378853812813759e-01
4.8973196204464297665026606409810483455658e-01
3.7744978087279157374922533563221804797649e-01
4.1090020319992848207846236618934199213982e-01
2.2712494800961535723615725146373733878136e-01
0.0000000000000000000000000000000000000000e+00
4.3825879264763589748810090895858593285084e-01
4.6531273490030344852641519537428393959999e-01
1.2801691016699603964390519195148954167962e-01
4.5294584151428229912283995872712694108486e-01
3.8568238616937777774040796430199407041073e-01
3.2123759924611472449385018990142270922661e-01
5.5601197443971561718001339613692834973335e-01
5.3686501969859079519409306158195249736309e-01
4.0093834955491807273131321665005089016631e-03
1.9430891065240837867200696109648561105132e-01
5.2137914947151420275162081452435813844204e-01
5.6927350022881617608305759858922101557255e-01
0.0000000000000000000000000000000000000000e+00
2.2168149023268524100416243527433834969997e-01
4.5693264761153984387931359378853812813759e-01
0.0000000000000000000000000000000000000000e+00
4.8973196204464297665026606409810483455658e-01
3.7744978087279157374922533563221804797649e-01
4.1090020319992848207846236618934199213982e-01
2.2712494800961535723615725146373733878136e-01
0.0000000000000000000000000000000000000000e+00
4.3825879264763589748810090895858593285084e-01
4.6531273490030344852641519537428393959999e-01
1.2801691016699603964390519195148954167962e-01
4.5294584151428229912283995872712694108486e-01
3.8568238616937777774040796430199407041073e-01
3.2123759924611472449385018990142270922661e-01
5.5601197443971561718001339613692834973335e-01
5.3686501969859079519409306158195249736309e-01
4.0093834955491807273131321665005089016631e-03
1.9430891065240837867200696109648561105132e-01
5.2137914947151420275162081452435813844204e-01
5.6927350022881617608305759858922101557255e-01
0.0000000000000000000000000000000000000000e+00
2.2168149023268524100416243527433834969997e-01
4.5693264761153984387931359378853812813759e-01
0.0000000000000000000000000000000000000000e+00
0.0000000000000000000000000000000000000000e+00
4.8973196204464297665026606409810483455658e-01
3.7744978087279157374922533563221804797649e-01
4.1090020319992848207846236618934199213982e-01
2.2712494800961535723615725146373733878136e-01
0.0000000000000000000000000000000000000000e+00
4.3825879264763589748810090895858593285084e-01
4.6531273490030344852641519537428393959999e-01
1.2801691016699603964390519195148954167962e-01
4.5294584151428229912283995872712694108486e-01
3.8568238616937777774040796430199407041073e-01
3.2123759924611472449385018990142270922661e-01
5.5601197443971561718001339613692834973335e-01
5.3686501969859079519409306158195249736309e-01
4.0093834955491807273131321665005089016631e-03
1.9430891065240837867200696109648561105132e-01
5.2137914947151420275162081452435813844204e-01
5.6927350022881617608305759858922101557255e-01
0.0000000000000000000000000000000000000000e+00
2.2168149023268524100416243527433834969997e-01
4.5693264761153984387931359378853812813759e-01
0.0000000000000000000000000000000000000000e+00
0.0000000000000000000000000000000000000000e+00
0.0000000000000000000000000000000000000000e+00
7.3650005908070383497943112161010503768921e+01
2.3438652039393144121959267067722976207733e+00
