1
0
23
9.2434057184274232010778860058053396642208e-01
3.7701638758304811815946777642238885164261e-01
4.9339469351874487568210270183044485747814e-01
9.5685356602238380574476650508586317300797e-01
5.0627413393399023355812005320331081748009e-01
7.5983494668016249296016439984668977558613e-01
6.3274624462762618648525858588982373476028e-01
3.9804980706306702931129848366254009306431e-01
7.9127394929308081383823036958347074687481e-01
5.5210953147600827506380483100656419992447e-01
7.6598000860470816242298042197944596409798e-01
8.3596440110736830453319612388440873473883e-02
5.0289136806259260303875180397881194949150e-01
5.7675119457240653364493709887028671801090e-01
4.8325615043018865790713789465371519327164e-01
6.8097819109816648541766426205867901444435e-01
0.0000000000000000000000000000000000000000e+00
8.2380469732448269315483457830850966274738e-01
7.9616052323297326065443257903098128736019e-01
6.1079126185425614004032013326650485396385e-01
5.1212672022055272247342827540705911815166e-01
1.0000000000000000000000000000000000000000e+00
5.1200892729656266588733615208184346556664e-01
8.2380469732448269315483457830850966274738e-01
7.6920438747374286769797890883637592196465e-01
5.9972368855138691312589571680291555821896e-01
4.7894369302562300738657086185412481427193e-01
9.2532809858592723895043263837578706443310e-01
6.1474549693415359019610377799835987389088e-01
4.1743298304035614254559050095849670469761e-01
6.3532131949028047834815424721455201506615e-01
6.7764917194054319349305615105549804866314e-01
5.7735693472356064415151877255993895232677e-01
6.2432080422349767179213131385040469467640e-01
5.1790253552338483267192259518196806311607e-01
6.4717300932311316863376760011306032538414e-01
8.3717422760085247190886548196431249380112e-01
0.0000000000000000000000000000000000000000e+00
6.7229663437763009792291768462746404111385e-01
7.3214753255668485465434969228226691484451e-01
4.3971680817989361456099572933453600853682e-01
4.3971680817989361456099572933453600853682e-01
1.0000000000000000000000000000000000000000e+00
5.1409722910175970067570005994639359414577e-01
5.9843894763229166233742262193118222057819e-01
7.5697869035343334775944867942598648369312e-01
4.3971680817989361456099572933453600853682e-01
7.4629700289364231391431303563877008855343e-01
7.4143460283792972376204488682560622692108e-01
6.6555876805457414580047270646900869905949e-01
1.0000000000000000000000000000000000000000e+00
7.7577884931636098553298097613151185214520e-01
8.6685354924597812775743932434124872088432e-01
7.8130908772064699974180257413536310195923e-01
7.2823723979458943045273144889506511390209e-01
6.4962133337793848131269669465837068855762e-01
3.4828696477108972429093114442366641014814e-01
6.3692361082783321979405855017830617725849e-01
6.6118573483100095966591425167280249297619e-01
5.7520338950432003954915671783965080976486e-01
4.7949340192204770172423877738765440881252e-01
4.6795650575056024766951168203377164900303e-01
7.4458912240759123069011593543109484016895e-01
6.0345802161306238975413407388259656727314e-01
6.0406348148281574506057722828700207173824e-01
7.1610416169707091782470342877786606550217e-01
4.9564791850160266895031213607580866664648e-01
1.3577558584580284861687005104613490402699e-01
7.2970498484109402870245730809983797371387e-01
8.6205931665607649083682417767704464495182e-01
6.6962109093388832992133075094898231327534e-01
7.0275467333764995991884916293201968073845e-01
9.8542980912607203158870561310322955250740e-01
6.8717338624208446073993172831251285970211e-01
6.2952456034935466711033313913503661751747e-01
7.5697869035346843080702683437266387045383e-01
5.1475299925871598194504485945799387991428e-01
7.4963099463666171828890583128668367862701e-01
6.8717338624208446073993172831251285970211e-01
5.1475299925871598194504485945799387991428e-01
7.5099334189053168486793765623588114976883e-01
7.8857458805079083674627327127382159233093e-01
4.2130170610890710358731325868575368076563e-01
6.1101629149061797985353905460215173661709e-01
4.2130170610890710358731325868575368076563e-01
7.7502917879544663826152373076183721423149e-01
6.8448190447075429876377938853693194687366e-01
7.5982034392124719879291205870686098933220e-01
5.8932792930370059281131034367717802524567e-01
6.1622722721109224330859888141276314854622e-01
6.6670645187415678023512555228080600500107e-01
6.5570992245541803722375107099651359021664e-01
4.2130170610890710358731325868575368076563e-01
7.0226697803923299190387297130655497312546e-01
9.1095744197792416496639589240658096969128e-01
7.7227676942962142359050403683795593678951e-01
7.7710872829178390119864161533769220113754e-01
9.4879793120130784256360811923514120280743e-01
7.8549497468696438673418924736324697732925e-01
4.5231477593500396539027974540658760815859e-01
8.4101869472686385797999264468671754002571e-01
5.3055020887272252849697906640358269214630e-01
7.2798307235438020068585274202632717788219e-01
4.7229063882238059290941123435914050787687e-01
7.9060980813577597103858352056704461574554e-01
4.2918080880531034315694682845787610858679e-01
0.0000000000000000000000000000000000000000e+00
8.3716700624960926901962920965161174535751e-01
9.9662867147868250405906564992619678378105e-01
1.0000000000000000000000000000000000000000e+00
5.6527165157919345706005742613342590630054e-01
9.7437269605291632057486594931106083095074e-01
5.9529964877319307969827377746696583926678e-01
6.6622583415603142675820436124922707676888e-01
7.0935292786015002874933088605757802724838e-01
5.5220286412891983474082735483534634113312e-01
7.9459922648419412105624815012561157345772e-01
7.0935292786015002874933088605757802724838e-01
7.7548926235477522173056286192149855196476e-01
1.0000000000000000000000000000000000000000e+00
6.7759386736997617717292996530886739492416e-01
2.0628706049871292638187014745199121534824e-01
7.2970498484109480585857454570941627025604e-01
7.4523225514703883565204023398109711706638e-01
8.2794105777980331328791407941025681793690e-01
9.1008967456324196820816041508805938065052e-01
8.3454529059033966120750847039744257926941e-01
7.9613994535675791652806765341665595769882e-01
8.6215637136275324881040660329745151102543e-01
6.8728967344751279444636793414247222244740e-01
7.1051305142179188578666071407496929168701e-01
8.0937448544845069786646263310103677213192e-01
8.4655156110320894935483693188871257007122e-01
7.6928489589707693685483036460937000811100e-01
8.5848512774729024421560552582377567887306e-01
7.6618257628750219279112343429005704820156e-01
8.9844642858899259607596832211129367351532e-01
6.4370555490552028299333642280544154345989e-01
5.8274072054338565962439133727457374334335e-01
5.9508607683404646238045643258374184370041e-01
9.5401627213584871967100298206787556409836e-01
5.5491594421343659604417553055100142955780e-01
1.0000000000000000000000000000000000000000e+00
6.1749580956514793506073601747630164027214e-01
7.7688085884735624819796839801711030304432e-01
4.4180792019743603260550912636972498148680e-01
7.8945452360062917662730797019321471452713e-01
7.6896476696147098017775078915292397141457e-01
4.4180792019743603260550912636972498148680e-01
7.5028005466244607202241923005203716456890e-01
4.4180792019743603260550912636972498148680e-01
5.7963680425420960329319086667965166270733e-01
5.8776039638459176561724461862468160688877e-01
6.8728967344751279444636793414247222244740e-01
4.4180792019743603260550912636972498148680e-01
8.5448495763858334228757485107053071260452e-01
1.0000000000000000000000000000000000000000e+00
5.2738781234860410140896647135377861559391e-01
5.4007700850419082527764658152591437101364e-01
1.4962674430167299810534586868016049265862e-01
9.8026231248828354924995664987363852560520e-01
7.8083710570662290262333726786891929805279e-01
1.1575942617049678196039508293324615806341e-01
1.0000000000000000000000000000000000000000e+00
5.5097963398496407894100457269814796745777e-01
6.3553100421864594515852786571485921740532e-01
8.7782713211202145764389115356607362627983e-01
4.2130170610890710358731325868575368076563e-01
4.6999904212795573510419444573926739394665e-01
1.0000000000000000000000000000000000000000e+00
7.6262425534215494415946068329503759741783e-01
5.9188241866567259386044952407246455550194e-01
0.0000000000000000000000000000000000000000e+00
6.6072009549356902624595022643916308879852e-01
8.7557171471438444143586821155622601509094e-01
6.9110489782138173620040788591722957789898e-01
6.3066320817600352022225251857889816164970e-01
9.5685993053070750313793269015150144696236e-01
5.1200892729656266588733615208184346556664e-01
8.4957684088282392487201377662131562829018e-01
9.2877488892760018401872912363614886999130e-01
7.0563403140924374490339232579572126269341e-01
1.0000000000000000000000000000000000000000e+00
6.3177420489942981429720703090424649417400e-01
9.0259234942652977196075880783610045909882e-01
6.4089392088480112708026581458398140966892e-01
5.5366663666439164259713834326248615980148e-01
9.1613125364867198374696499740821309387684e-01
7.8181409325099371354639288256294094026089e-01
5.3619711981766782216141109529417008161545e-01
1.0000000000000000000000000000000000000000e+00
1.4362552877760437208820576415746472775936e-01
4.9339469351874487568210270183044485747814e-01
7.3278735524668425771466218066052533686161e-01
5.5065153237979047595729298336664214730263e-01
6.1829936194395618276331560991820879280567e-01
4.4242019289960465844302461846382357180119e-01
8.3176124575887544487784452940104529261589e-01
7.1144096642555221254866637536906637251377e-01
5.5065153237978747835512649544398300349712e-01
6.1200088049980250204384901735465973615646e-01
5.6128341560318562031284272961784154176712e-01
5.2958991942124022944682337765698321163654e-01
8.6722505005020800172843564723734743893147e-01
6.8448190447077794651420390437124297022820e-01
6.9154542184840395169231896943529136478901e-01
9.3003642983099399366153647861210629343987e-01
7.6992650676035467860458538780221715569496e-01
5.9826137553901848065152080380357801914215e-01
6.8721454876388021748567780377925373613834e-01
6.9922404050846020950871206878218799829483e-01
4.4242019289960465844302461846382357180119e-01
4.9339469351874487568210270183044485747814e-01
5.0627413393399023355812005320331081748009e-01
3.9804980706306702931129848366254009306431e-01
8.3596440110736830453319612388440873473883e-02
0.0000000000000000000000000000000000000000e+00
5.1200892729656266588733615208184346556664e-01
4.1743298304035614254559050095849670469761e-01
0.0000000000000000000000000000000000000000e+00
4.3971680817989361456099572933453600853682e-01
3.4828696477108972429093114442366641014814e-01
1.3577558584580284861687005104613490402699e-01
5.1475299925871598194504485945799387991428e-01
4.2130170610890710358731325868575368076563e-01
0.0000000000000000000000000000000000000000e+00
2.0628706049871292638187014745199121534824e-01
6.4370555490552028299333642280544154345989e-01
4.4180792019743603260550912636972498148680e-01
0.0000000000000000000000000000000000000000e+00
1.4362552877760437208820576415746472775936e-01
4.4242019289960465844302461846382357180119e-01
0.0000000000000000000000000000000000000000e+00
4.9339469351874487568210270183044485747814e-01
5.0627413393399023355812005320331081748009e-01
3.9804980706306702931129848366254009306431e-01
8.3596440110736830453319612388440873473883e-02
0.0000000000000000000000000000000000000000e+00
5.1200892729656266588733615208184346556664e-01
4.1743298304035614254559050095849670469761e-01
0.0000000000000000000000000000000000000000e+00
4.3971680817989361456099572933453600853682e-01
3.4828696477108972429093114442366641014814e-01
1.3577558584580284861687005104613490402699e-01
5.1475299925871598194504485945799387991428e-01
4.2130170610890710358731325868575368076563e-01
0.0000000000000000000000000000000000000000e+00
2.0628706049871292638187014745199121534824e-01
6.4370555490552028299333642280544154345989e-01
4.4180792019743603260550912636972498148680e-01
0.0000000000000000000000000000000000000000e+00
1.4362552877760437208820576415746472775936e-01
4.4242019289960465844302461846382357180119e-01
0.0000000000000000000000000000000000000000e+00
0.0000000000000000000000000000000000000000e+00
4.9339469351874487568210270183044485747814e-01
5.0627413393399023355812005320331081748009e-01
3.9804980706306702931129848366254009306431e-01
8.3596440110736830453319612388440873473883e-02
0.0000000000000000000000000000000000000000e+00
5.1200892729656266588733615208184346556664e-01
4.1743298304035614254559050095849670469761e-01
0.0000000000000000000000000000000000000000e+00
4.3971680817989361456099572933453600853682e-01
3.4828696477108972429093114442366641014814e-01
1.3577558584580284861687005104613490402699e-01
5.1475299925871598194504485945799387991428e-01
4.2130170610890710358731325868575368076563e-01
0.0000000000000000000000000000000000000000e+00
2.0628706049871292638187014745199121534824e-01
6.4370555490552028299333642280544154345989e-01
4.4180792019743603260550912636972498148680e-01
0.0000000000000000000000000000000000000000e+00
1.4362552877760437208820576415746472775936e-01
4.4242019289960465844302461846382357180119e-01
0.0000000000000000000000000000000000000000e+00
0.0000000000000000000000000000000000000000e+00
0.0000000000000000000000000000000000000000e+00
7.4057662767340161735774017870426177978516e+01
1.6938229544698797379709276356152258813381e+00
