1
0
23
9.4140004776382935069989343901397660374641e-01
3.7862692021311900036906195055053103715181e-01
5.0257394089856832763985039491672068834305e-01
9.5012813547857943863306218190700747072697e-01
5.0089363691369737097147663007490336894989e-01
7.7031854865107174390459476853720843791962e-01
6.2919080908167790422425014185137115418911e-01
4.1256637939115387014865632409055251628160e-01
8.0396169632361347279214669470093213021755e-01
5.5798537626104627307199734786991029977798e-01
7.9880405525472764072247855438035912811756e-01
8.4421982984175233943879845810442930087447e-02
5.2071618609825276458025200554402545094490e-01
5.9479560546000043164127646377892233431339e-01
5.0577698491842559835873771589831449091434e-01
6.9524920373842913345896477039786987006664e-01
0.0000000000000000000000000000000000000000e+00
8.5533479541656565192653260965016670525074e-01
8.0832254658247060241649251111084595322609e-01
6.2919080908167934751418215455487370491028e-01
5.2305906430697357567538574585341848433018e-01
1.0000000000000000000000000000000000000000e+00
5.2305906430697357567538574585341848433018e-01
8.3181645510449786495854596068966202437878e-01
7.7716975694069800884022924947203136980534e-01
6.1436886459707129581886420055525377392769e-01
4.5943958536532264469443020971084479242563e-01
9.7483729935521012954779962456086650490761e-01
6.3179147186450923534550838667200878262520e-01
4.4674975042891612586615224245178978890181e-01
6.3985637548679141772822731581982225179672e-01
6.8428468492457128480310757367988117039204e-01
5.8591169939657727905313322480651549994946e-01
6.2994874924203869692718171791057102382183e-01
4.9005485028810569225754534272709861397743e-01
6.8774236434612390223009015244315378367901e-01
8.3879732557445274565566251112613826990128e-01
0.0000000000000000000000000000000000000000e+00
6.5848909256592558225662514814757741987705e-01
7.3415654944599173514774292925721965730190e-01
4.3976422075033755332285068107012193650007e-01
4.3976422075033755332285068107012193650007e-01
1.0000000000000000000000000000000000000000e+00
5.4340403842081119734075400629080832004547e-01
5.9370737653666938449248391407309100031853e-01
7.4437304417596472649876204741303808987141e-01
4.3976422075033755332285068107012193650007e-01
7.5152483076129283912081291418871842324734e-01
7.4184588755229141643354751067818142473698e-01
6.6546782216238720142342799590551294386387e-01
1.0000000000000000000000000000000000000000e+00
7.5739168670326384447122336496249772608280e-01
9.0091515165466229397850383975310251116753e-01
7.9608180630523084353455942618893459439278e-01
7.4054077317376754141520223129191435873508e-01
6.2951622315097355286894753589876927435398e-01
3.5495754690875402914684855204541236162186e-01
6.3985547804874132182817447755951434373856e-01
6.7137284773413008487352726660901680588722e-01
5.8561609164332384391826735736685805022717e-01
4.8254245312682936264181421393004711717367e-01
4.5886672062694966456319889402948319911957e-01
7.5873914443184808931164297973737120628357e-01
6.0458145979195820896023860768764279782772e-01
6.0412183326213475531574204069329425692558e-01
7.1334432216914200886037633608793839812279e-01
4.9781306204927666669846075819805264472961e-01
1.4088911709340476430263322527025593444705e-01
7.4909636838771342937093322689179331064224e-01
8.7123076711417546391658106585964560508728e-01
6.9288326353357998499404857284389436244965e-01
7.1958083941279282758074486991972662508488e-01
9.7136768778328441698022288619540631771088e-01
6.9288416097163085805021864871378056704998e-01
6.3908015743540869113559210745734162628651e-01
7.6085656047843963634136343898717314004898e-01
5.3942823671689921205540940718492493033409e-01
7.4926169640887507750193208266864530742168e-01
6.8553059377401803775597954881959594786167e-01
5.3942823671689921205540940718492493033409e-01
7.8185715569753411191555869663716293871403e-01
7.7354868088062034292562429982353933155537e-01
4.2807602571311814676491280806658323854208e-01
5.8595432592528684523358606384135782718658e-01
4.2807602571311814676491280806658323854208e-01
7.9754134641736140753920381030184216797352e-01
6.8881112961090407154074455320369452238083e-01
7.1791828742628560622307531957630999386311e-01
5.8060214063511250692783960403176024556160e-01
6.2796855093680126191912904687342233955860e-01
6.6385111546716246699872954195598140358925e-01
6.4784627193509425335804507994907908141613e-01
4.2807602571311814676491280806658323854208e-01
7.0075549136856529752748201644863002002239e-01
9.2798397225766171558802852814551442861557e-01
7.8258855020579976002892408359912224113941e-01
7.8080255983294200028410614322638139128685e-01
9.5311635698693641938206155828083865344524e-01
7.9733791194355529974302498885663226246834e-01
4.5116384845717133478260052470432128757238e-01
8.3929938160602834962276119767921045422554e-01
5.3248913526218100145115386112593114376068e-01
7.2741545723159428682436100643826648592949e-01
4.6293429479014636118705539047368802130222e-01
7.6845554286393991105796885676681995391846e-01
4.4964373947380709140020371705759316682816e-01
0.0000000000000000000000000000000000000000e+00
8.4255974365121255598154448307468555867672e-01
1.0000000000000000000000000000000000000000e+00
9.8161479476617841122276786336442455649376e-01
5.5798537626104882658495398572995327413082e-01
9.2359281981933682992291778646176680922508e-01
6.0495999098272801308695534316939301788807e-01
6.6878703959649909993601113455952145159245e-01
7.0934862752600602586738887112005613744259e-01
5.3245368580897423083087005579727701842785e-01
7.8575319857623981967265081038931384682655e-01
6.8553059377402025820202879913267679512501e-01
7.5499882240314397652269917671219445765018e-01
1.0000000000000000000000000000000000000000e+00
6.7357532163258115875947851236560381948948e-01
2.1074736652278311388464260289765661582351e-01
7.5152483076129528161146708953310735523701e-01
7.5642473427835121846385391108924522995949e-01
8.4295634068025360186027228337479755282402e-01
9.0700365855603226616921119784819893538952e-01
8.4106673606792792252662138707819394767284e-01
8.1186561954267622009950855499482713639736e-01
8.8393896793714032966704507998656481504440e-01
7.0845906133984004604542406013933941721916e-01
7.3286768033246907361188959839637391269207e-01
8.1497379636330424812484807262080721557140e-01
8.5145903286087887273936303245136514306068e-01
7.9664086965041969179424086178187280893326e-01
8.8423015149100403498039213445736095309258e-01
7.6845554286394424092776489487732760608196e-01
8.9579891613190154586732205643784254789352e-01
6.8179159028826985533555671281646937131882e-01
5.9225045586597990787680600988096557557583e-01
5.9601011457602759424645455510471947491169e-01
9.4264341576186150284399900556309148669243e-01
5.6283958678563239530490136530715972185135e-01
1.0000000000000000000000000000000000000000e+00
6.3179147186450779205557637396850623190403e-01
7.8892087608675742771424665988888591527939e-01
4.3906205752846383383314332604641094803810e-01
7.9240238285459696498946868814527988433838e-01
7.5873914443184764522243312967475503683090e-01
4.3906205752846383383314332604641094803810e-01
7.4212709558274048138315492906258441507816e-01
4.3906205752846383383314332604641094803810e-01
5.7143822858913007056713695419603027403355e-01
5.7969901561425052349818543007131665945053e-01
7.0845906133981262353671581877279095351696e-01
4.3906205752846383383314332604641094803810e-01
9.0242715504726467301566117384936660528183e-01
1.0000000000000000000000000000000000000000e+00
5.5392353446051612042566603122395463287830e-01
5.3745640094594271385375350291724316775799e-01
1.8839929701756175095539447283954359591007e-01
1.0000000000000000000000000000000000000000e+00
7.9026841843202610959906451171264052391052e-01
1.3293416809445565696101709818321978673339e-01
1.0000000000000000000000000000000000000000e+00
5.4961645422321048215508199064061045646667e-01
6.1141911152345995716927973262500017881393e-01
8.7332320036737487445321903578587807714939e-01
4.2807602571311814676491280806658323854208e-01
4.9699314909585634580935220583342015743256e-01
1.0000000000000000000000000000000000000000e+00
7.8550823574983663633020114502869546413422e-01
6.0970855330069562150185902282828465104103e-01
0.0000000000000000000000000000000000000000e+00
6.6171862143240556264345286763273179531097e-01
8.7170342573757264581502113287569954991341e-01
6.6171862143240600673266271769534796476364e-01
6.4413248352286101017227792908670380711555e-01
9.8420898205359541588421734559233300387859e-01
5.2305906430697357567538574585341848433018e-01
8.4733963010352719713580427196575328707695e-01
9.4079865010837748773298017113120295107365e-01
7.2446496331555632064436167638632468879223e-01
1.0000000000000000000000000000000000000000e+00
6.1859080825877088560815764139988459646702e-01
8.9381284170029984270655631917179562151432e-01
6.1419141700787516224835371758672408759594e-01
5.6752850648033381641965888775303028523922e-01
9.6731966699856675173663234090781770646572e-01
8.1139431950730833698059996095253154635429e-01
5.2133788550437643039003887679427862167358e-01
1.0000000000000000000000000000000000000000e+00
1.4688540706369110355744567186775384470820e-01
5.0257394089856832763985039491672068834305e-01
7.4143114082628969185861933510750532150269e-01
5.7573436728651861127303845933056436479092e-01
6.3688818229739629916963394862250424921513e-01
4.4088767051708305233503892850421834737062e-01
8.7054578173736585355868555780034512281418e-01
7.0846730938720359205262866453267633914948e-01
5.4994640158143748287500329752219840884209e-01
6.1644080962485581220988706263597123324871e-01
5.7160801731440136208561852981802076101303e-01
5.3602858204262626706793071207357570528984e-01
8.8448607096687137385515597998164594173431e-01
6.9948313613645263231433091277722269296646e-01
6.9198664495974149257762064735288731753826e-01
9.2880875440345422866528224403737112879753e-01
7.9453633447738680750660478224745020270348e-01
6.1756479579911349730991787509992718696594e-01
6.9228275042391651528106422119890339672565e-01
7.2446496331555632064436167638632468879223e-01
4.4088767051708305233503892850421834737062e-01
5.0257394089856832763985039491672068834305e-01
5.0089363691369737097147663007490336894989e-01
4.1256637939115387014865632409055251628160e-01
8.4421982984175233943879845810442930087447e-02
0.0000000000000000000000000000000000000000e+00
5.2305906430697357567538574585341848433018e-01
4.4674975042891612586615224245178978890181e-01
0.0000000000000000000000000000000000000000e+00
4.3976422075033755332285068107012193650007e-01
3.5495754690875402914684855204541236162186e-01
1.4088911709340476430263322527025593444705e-01
5.3942823671689921205540940718492493033409e-01
4.2807602571311814676491280806658323854208e-01
0.0000000000000000000000000000000000000000e+00
2.1074736652278311388464260289765661582351e-01
6.8179159028826985533555671281646937131882e-01
4.3906205752846383383314332604641094803810e-01
0.0000000000000000000000000000000000000000e+00
1.4688540706369110355744567186775384470820e-01
4.4088767051708305233503892850421834737062e-01
0.0000000000000000000000000000000000000000e+00
5.0257394089856832763985039491672068834305e-01
5.0089363691369737097147663007490336894989e-01
4.1256637939115387014865632409055251628160e-01
8.4421982984175233943879845810442930087447e-02
0.0000000000000000000000000000000000000000e+00
5.2305906430697357567538574585341848433018e-01
4.4674975042891612586615224245178978890181e-01
0.0000000000000000000000000000000000000000e+00
4.3976422075033755332285068107012193650007e-01
3.5495754690875402914684855204541236162186e-01
1.4088911709340476430263322527025593444705e-01
5.3942823671689921205540940718492493033409e-01
4.2807602571311814676491280806658323854208e-01
0.0000000000000000000000000000000000000000e+00
2.1074736652278311388464260289765661582351e-01
6.8179159028826985533555671281646937131882e-01
4.3906205752846383383314332604641094803810e-01
0.0000000000000000000000000000000000000000e+00
1.4688540706369110355744567186775384470820e-01
4.4088767051708305233503892850421834737062e-01
0.0000000000000000000000000000000000000000e+00
0.0000000000000000000000000000000000000000e+00
5.0257394089856832763985039491672068834305e-01
5.0089363691369737097147663007490336894989e-01
4.1256637939115387014865632409055251628160e-01
8.4421982984175233943879845810442930087447e-02
0.0000000000000000000000000000000000000000e+00
5.2305906430697357567538574585341848433018e-01
4.4674975042891612586615224245178978890181e-01
0.0000000000000000000000000000000000000000e+00
4.3976422075033755332285068107012193650007e-01
3.5495754690875402914684855204541236162186e-01
1.4088911709340476430263322527025593444705e-01
5.3942823671689921205540940718492493033409e-01
4.2807602571311814676491280806658323854208e-01
0.0000000000000000000000000000000000000000e+00
2.1074736652278311388464260289765661582351e-01
6.8179159028826985533555671281646937131882e-01
4.3906205752846383383314332604641094803810e-01
0.0000000000000000000000000000000000000000e+00
1.4688540706369110355744567186775384470820e-01
4.4088767051708305233503892850421834737062e-01
0.0000000000000000000000000000000000000000e+00
0.0000000000000000000000000000000000000000e+00
0.0000000000000000000000000000000000000000e+00
7.4742998936547309085653978399932384490967e+01
1.6817139023517664320195308391703292727470e+00
