1
0
23
7.8720315083311453996373074915027245879173e-01
3.8043157392675258643421898341330233961344e-01
3.7322290512192940470370672301214653998613e-01
7.5994099982369234247414624405791983008385e-01
3.5894016813800022625002839049557223916054e-01
7.6530078766295583925227674626512452960014e-01
7.5625387571870261727013939889729954302311e-01
2.0906266932267714153681481548119336366653e-01
8.2168146949141540602568056783638894557953e-01
6.7851399234756559764036865090020000934601e-01
6.0277554233250363324714271584525704383850e-01
2.4083345648832849006382161860528867691755e-01
7.5530864592988156136499355852720327675343e-01
9.2263631372190524349008455828879959881306e-01
7.4418199443204002818674780428409576416016e-01
1.0000000000000000000000000000000000000000e+00
0.0000000000000000000000000000000000000000e+00
7.3580322237432860266181933184270747005939e-01
4.7446117116530478474700771585048642009497e-01
6.2324845905596681916449597338214516639709e-01
4.9816473429299873432185563615348655730486e-01
4.2351396908180566347468243293405976146460e-01
4.2351396908180566347468243293405976146460e-01
7.0586320980935080005025383798056282103062e-01
5.6130658778694086930016737824189476668835e-01
5.6236463319579366171296896936837583780289e-01
6.3397122888108825566888526736875064671040e-01
1.0000000000000000000000000000000000000000e+00
5.7814267684148679116162838909076526761055e-01
3.2456856075272916273277701293409336358309e-01
6.1672946750623180989236971072386950254440e-01
7.6020857925853424497120158775942400097847e-01
5.7037332148430952560858031574753113090992e-01
6.2706246377397611979631619760766625404358e-01
9.6971655632636510890876024859608151018620e-01
6.8826634922941609673330276564229279756546e-01
7.4216243173817897371691287844441831111908e-01
1.8251340549325095752308811825059819966555e-01
7.0295746555877669514700301078846678137779e-01
7.2730597934942431415095143165672197937965e-01
6.2324845905596681916449597338214516639709e-01
6.8263796268877574568989530234830453991890e-01
6.2559446740411417398064486405928619205952e-01
6.3622536974499954709472149261273443698883e-01
6.2705793027787082305479771093814633786678e-01
7.4216243173817897371691287844441831111908e-01
2.0374256838207660535999821149744093418121e-01
6.0532572285047259175172484901850111782551e-01
6.7675879384027082252828222408425062894821e-01
6.1365009751045129782198728207731619477272e-01
8.6471416373982723513336168252862989902496e-01
1.0000000000000000000000000000000000000000e+00
5.5486605870176664012660694424994289875031e-01
7.2482148946688562674012246134225279092789e-01
7.0504230642596377176545274778618477284908e-01
9.1725852884299596823325373406987637281418e-01
1.4573265808059199244439696485642343759537e-01
7.3173070856464672573338248184882104396820e-01
8.0270106318425915592484898297698237001896e-01
7.1795033785402517789719922802760265767574e-01
8.5562035051662610474210168831632472574711e-01
8.5043142088638656872490173554979264736176e-01
9.9199968428919949037236847289022989571095e-01
8.9437393069757709085365604551043361425400e-01
1.0000000000000000000000000000000000000000e+00
7.9688209528116094038097116936114616692066e-01
4.7711611554244937050128783084801398217678e-01
4.0865376004382142349768969324941281229258e-01
7.2729116521781367321608513520914129912853e-01
5.3769364403332631230369997865636833012104e-01
6.3815849395760770867980227194493636488914e-01
7.1320315282716151283892713763634674251080e-01
9.8753536338449621201363015643437393009663e-01
6.4581135480509488377975912953843362629414e-01
5.3117881542655365212368678839993663132191e-01
6.8464163428364388508384763554204255342484e-01
7.2729116521781367321608513520914129912853e-01
9.6794938210158965041784995264606550335884e-01
9.3670918031233341149999205299536697566509e-01
3.1539676454476789357883603770460467785597e-01
4.7028463158580580127932080358732491731644e-01
6.1555327342777244048477314208867028355598e-01
7.5169133410010136042700423786300234496593e-01
1.0000000000000000000000000000000000000000e+00
8.2005147009274981240167790019768290221691e-01
6.3118819047715035708279174286872148513794e-01
8.8621488807989501346185079455608502030373e-01
7.9165868715192933002811059850500896573067e-01
7.2941457393114084162277777068084105849266e-01
3.4809554763617850392520836066978517919779e-01
5.1258229072532168757447834650520235300064e-01
7.2606303766679458622235188158811070024967e-01
3.4809554763617850392520836066978517919779e-01
6.1682964741014112419748016691301017999649e-01
7.8952473590592298080537148052826523780823e-01
6.1964158019842896507611840206664055585861e-01
8.2168146949141696033791504305554553866386e-01
1.0000000000000000000000000000000000000000e+00
7.9768165621486442073972966682049445807934e-01
8.9438990159604425667083660300704650580883e-01
6.1441973369596525333946601676871068775654e-01
7.6273873183573204226348707379656843841076e-01
4.6799089004592309137819938769098371267319e-01
4.5278571234644920950884738886088598519564e-01
1.0000000000000000000000000000000000000000e+00
7.8923338436250267680094339084462262690067e-01
0.0000000000000000000000000000000000000000e+00
7.0256035198845490086227982828859239816666e-01
7.9497614073478573004649661015719175338745e-01
7.4305343428587511400706944186822511255741e-01
6.8263796268877574568989530234830453991890e-01
7.1617120147478718905631467350758612155914e-01
6.8933371586127178964886752510210499167442e-01
7.1366297500917408314080603304319083690643e-01
8.1236638515337633581481213695951737463474e-01
8.8674588640006957174222179673961363732815e-01
7.2482148946688562674012246134225279092789e-01
8.8674588640006957174222179673961363732815e-01
7.7676958857029876348576635791687294840813e-01
9.6509085019454676768191347946412861347198e-01
7.5892806619344532759185995018924586474895e-01
1.9807000596486537546958572875155368819833e-01
5.4661775970248538403239990657311864197254e-01
6.2705793027787537496919867407996207475662e-01
6.2705793027787848359366762451827526092529e-01
5.9765666982598408818461166447377763688564e-01
5.8323228511487590353112864249851554632187e-01
6.3724033243248623392673835041932761669159e-01
6.2705793027787848359366762451827526092529e-01
6.7668558359551511660612277410109527409077e-01
7.2871614011827257062492435579770244657993e-01
6.8388075791803248915101676175254397094250e-01
8.5548434379110049885497346622287295758724e-01
6.7479437091134697457306401702226139605045e-01
6.2705793027787848359366762451827526092529e-01
7.4629245714764025354526211231132037937641e-01
6.6075748292646352410883991979062557220459e-01
4.1115592429988656597572571627097204327583e-01
6.2132119263276386345040691594476811587811e-01
7.5480282621509919849245306977536529302597e-01
5.3538186405388310529218642841442488133907e-01
7.5480282621508620888306495544384233653545e-01
7.0639766771501311115599719414603896439075e-01
8.9219211374307838546826587844407185912132e-01
7.1787019942200291922063115634955465793610e-01
7.5978141070731475270605415062163956463337e-01
7.4147534886793431407880916594876907765865e-01
5.5126302296636908728544312907615676522255e-01
7.1366297500917907914441684624762274324894e-01
6.7536365669592723914860243894509039819241e-01
7.0235745024207629771950678332359530031681e-01
7.8923338436250645155922711637686006724834e-01
7.1366297500917685869836759593454189598560e-01
5.8614557101420516893597323360154405236244e-01
3.1514258714958343077228164474945515394211e-01
7.5921558701089586485011295735603198409081e-01
8.2671048557924087241133292991435155272484e-01
1.0000000000000000000000000000000000000000e+00
8.0864084106715261590636600885773077607155e-01
1.0000000000000000000000000000000000000000e+00
5.5677165656472582533353943290421739220619e-01
7.3722417030548081928742476520710624754429e-01
8.0655570266894049957784318394260480999947e-01
9.2344285832139549885511087268241681158543e-01
9.7616951373117022416892041292157955467701e-01
7.3046413265909437839695783623028546571732e-01
9.1688069467918054122890225698938593268394e-01
6.7947900509802849899898546937038190662861e-01
3.4899980234875083162648934376193210482597e-01
7.2482148946688229607104858587263152003288e-01
7.8974565233718951873242986039258539676666e-01
7.5626605144585523632372314750682562589645e-01
0.0000000000000000000000000000000000000000e+00
8.2154651040335480161047598812729120254517e-01
7.7210458023832240215256206283811479806900e-01
6.6332654630100651438340264576254412531853e-01
9.3819203182406951668781402986496686935425e-01
1.0000000000000000000000000000000000000000e+00
5.3973030381090336682348151953192427754402e-01
7.1787019942200291922063115634955465793610e-01
1.0000000000000000000000000000000000000000e+00
6.2324845905596693018679843589779920876026e-01
6.1365009751045129782198728207731619477272e-01
7.6109691888398056658360246728989295661449e-01
7.5543551216774917911322972940979525446892e-01
4.7013686216517386329272198963735718280077e-01
4.1314228224340243667001004723715595901012e-01
8.0016079554322494526985565244103781878948e-01
7.6109691888397879022676306703942827880383e-01
7.6109691888398023351669507974293082952499e-01
5.5880148970792542506558220338774845004082e-01
3.9850592874906587415040348787442781031132e-01
6.6924042406717187958520298707298934459686e-01
7.5480282621510141893850232008844614028931e-01
8.4561112323232179299736799293896183371544e-01
8.5472736480533806346926439800881780683994e-01
6.6083035782871268892790794780012220144272e-01
7.1839412158980331390978335548425093293190e-01
8.0874295756360514708660502947168424725533e-01
8.0411404569319577806396637242869473993778e-01
7.6130909450797135118449432411580346524715e-01
3.8143646597980773726987990812631323933601e-01
5.6352394081681234094816090873791836202145e-01
9.2393841803927878597590961362584494054317e-01
6.1555327342777321764089037969824858009815e-01
5.1338611252461685552361814188770949840546e-01
7.6493255937207305095171250286512076854706e-01
6.7901314314855965026396233952254988253117e-01
7.3548111889422773668201216423767618834972e-01
5.7200658537015092175437303012586198747158e-01
6.1838309201861230146590742151602171361446e-01
2.7930981903387847031794422036909963935614e-01
3.7322290512192940470370672301214653998613e-01
3.5894016813800022625002839049557223916054e-01
2.0906266932267714153681481548119336366653e-01
2.4083345648832849006382161860528867691755e-01
0.0000000000000000000000000000000000000000e+00
4.2351396908180566347468243293405976146460e-01
3.2456856075272916273277701293409336358309e-01
1.8251340549325095752308811825059819966555e-01
2.0374256838207660535999821149744093418121e-01
1.4573265808059199244439696485642343759537e-01
4.0865376004382142349768969324941281229258e-01
3.1539676454476789357883603770460467785597e-01
3.4809554763617850392520836066978517919779e-01
0.0000000000000000000000000000000000000000e+00
1.9807000596486537546958572875155368819833e-01
4.1115592429988656597572571627097204327583e-01
3.1514258714958343077228164474945515394211e-01
0.0000000000000000000000000000000000000000e+00
3.9850592874906587415040348787442781031132e-01
2.7930981903387847031794422036909963935614e-01
0.0000000000000000000000000000000000000000e+00
3.7322290512192940470370672301214653998613e-01
3.5894016813800022625002839049557223916054e-01
2.0906266932267714153681481548119336366653e-01
2.4083345648832849006382161860528867691755e-01
0.0000000000000000000000000000000000000000e+00
4.2351396908180566347468243293405976146460e-01
3.2456856075272916273277701293409336358309e-01
1.8251340549325095752308811825059819966555e-01
2.0374256838207660535999821149744093418121e-01
1.4573265808059199244439696485642343759537e-01
4.0865376004382142349768969324941281229258e-01
3.1539676454476789357883603770460467785597e-01
3.4809554763617850392520836066978517919779e-01
0.0000000000000000000000000000000000000000e+00
1.9807000596486537546958572875155368819833e-01
4.1115592429988656597572571627097204327583e-01
3.1514258714958343077228164474945515394211e-01
0.0000000000000000000000000000000000000000e+00
3.9850592874906587415040348787442781031132e-01
2.7930981903387847031794422036909963935614e-01
0.0000000000000000000000000000000000000000e+00
0.0000000000000000000000000000000000000000e+00
3.7322290512192940470370672301214653998613e-01
3.5894016813800022625002839049557223916054e-01
2.0906266932267714153681481548119336366653e-01
2.4083345648832849006382161860528867691755e-01
0.0000000000000000000000000000000000000000e+00
4.2351396908180566347468243293405976146460e-01
3.2456856075272916273277701293409336358309e-01
1.8251340549325095752308811825059819966555e-01
2.0374256838207660535999821149744093418121e-01
1.4573265808059199244439696485642343759537e-01
4.0865376004382142349768969324941281229258e-01
3.1539676454476789357883603770460467785597e-01
3.4809554763617850392520836066978517919779e-01
0.0000000000000000000000000000000000000000e+00
1.9807000596486537546958572875155368819833e-01
4.1115592429988656597572571627097204327583e-01
3.1514258714958343077228164474945515394211e-01
0.0000000000000000000000000000000000000000e+00
3.9850592874906587415040348787442781031132e-01
2.7930981903387847031794422036909963935614e-01
0.0000000000000000000000000000000000000000e+00
0.0000000000000000000000000000000000000000e+00
0.0000000000000000000000000000000000000000e+00
8.7614750121300346563657512888312339782715e+01
7.7471878210634603778572682131198234856129e-01
