1
0
23
1.0000000000000000000000000000000000000000e+00
2.7956283308768337114713631308404728770256e-01
1.6569761113813230579694391053635627031326e-01
6.0158646656284187059782198048196732997894e-01
4.3392362325870167949481981395365437492728e-02
5.0195358369767906214775621265289373695850e-01
4.2434733544831498841531924881564918905497e-01
0.0000000000000000000000000000000000000000e+00
5.4291522368981437463020256473100744187832e-01
4.2018923400906765808215936885972041636705e-01
2.6024252056737490201854257065861020237207e-01
9.4114839919430415965395653188352298457175e-03
9.5063974448157995134067732578841969370842e-01
5.7440866279798030724634827492991462349892e-01
5.0262791180205002028458238783059641718864e-01
1.0000000000000000000000000000000000000000e+00
0.0000000000000000000000000000000000000000e+00
3.5745784366415811472705854612286202609539e-01
4.3392362325870167949481981395365437492728e-02
5.1888273264566653342200197585043497383595e-01
1.4905133231104453206405935361544834449887e-01
4.1393811142234053501720580925393733195961e-02
4.1393811142234053501720580925393733195961e-02
4.0750409351185490347546647171839140355587e-01
2.5441419864441050524561660495237447321415e-01
2.1930214195372563223962458778260042890906e-01
5.6938287927733111093431261906516738235950e-01
1.0000000000000000000000000000000000000000e+00
3.0629190549903945184340159357816446572542e-01
1.0917040381101987892020765968936757417396e-02
5.5779460051825036082107089896453544497490e-01
5.3772947108935964521947425964754074811935e-01
4.0138936928051255348393056010536383837461e-01
4.8287908656587114064606680585711728781462e-01
1.0000000000000000000000000000000000000000e+00
1.8669405920482806671145681320922449231148e-01
6.0076828220765521315627211151877418160439e-01
1.1332311358421243933231048472975999175105e-03
8.2435088486764529491779285308439284563065e-01
5.2053338295626860876552655099658295512199e-01
2.7111747582824896607434084216947667300701e-01
5.9622457283394336702286864237976260483265e-01
1.0000000000000000000000000000000000000000e+00
1.7597160425512958781268935126718133687973e-01
4.5157075139435526311970647839189041405916e-01
5.6344485825273493695419801952084526419640e-01
0.0000000000000000000000000000000000000000e+00
4.9469333462653813926479529072821605950594e-01
4.1535935568771242820673705864464864134789e-01
2.5602902451420445073537734970159363001585e-01
6.4558693508631359581073638764792121946812e-01
1.0000000000000000000000000000000000000000e+00
2.3839450362615130507570881945866858586669e-01
4.4223680965606559922775886661838740110397e-01
3.9981442400454092478412349009886384010315e-01
1.0000000000000000000000000000000000000000e+00
9.4572956753448617420176880443705158540979e-04
5.9097379232026625572871125768870115280151e-01
4.4486005760526892149897548733861185610294e-01
3.5827866836673022410408862015174236148596e-01
6.4511430742639563895579613017616793513298e-01
6.8040969333303091826081754334154538810253e-01
7.9754373197871597511721120099537074565887e-01
8.6165260772709661996060503952321596443653e-01
1.0000000000000000000000000000000000000000e+00
1.0000000000000000000000000000000000000000e+00
1.8324009625402637446711651136865839362144e-01
1.8324009625402637446711651136865839362144e-01
7.4863495272368840716126214829273521900177e-01
3.0047343039542945275499619128822814673185e-01
4.5506912052392162193470426245767157524824e-01
7.3922332831927184404463559985742904245853e-01
7.2540123015531232653074766858480870723724e-01
3.6777524097416425252760063813184387981892e-01
2.9826917015849613301625709027575794607401e-01
3.5128894524444476132885029073804616928101e-01
6.0657271136522472598784361252910457551479e-01
7.8831314102007654653903045982588082551956e-01
8.6487077506417397998461638053413480520248e-01
1.0893500282103080190054811282607261091471e-01
1.6569761113813230579694391053635627031326e-01
6.7075061709500771733871715696295723319054e-01
3.6682435876184471545968790451297536492348e-01
1.0000000000000000000000000000000000000000e+00
1.0000000000000000000000000000000000000000e+00
4.1237808401676295799731519764463882893324e-01
1.0000000000000000000000000000000000000000e+00
5.3772947108935564841658560908399522304535e-01
9.3992515701780887660277130635222420096397e-01
1.7845395467581175175109109432014520280063e-02
1.8324009625402637446711651136865839362144e-01
5.9390575625193586795091960084391757845879e-01
0.0000000000000000000000000000000000000000e+00
3.9780140257691098959469400142552331089973e-01
5.2564693557834774040316005994100123643875e-01
5.3834760776361689771363217005273327231407e-01
5.7639976677230464474632753990590572357178e-01
9.4672751193861981455768273008288815617561e-01
3.5398296794474692905652091212687082588673e-01
7.3572327506318613288271990313660353422165e-01
4.4179397312361629035493137962475884705782e-01
6.0740998672062707086638511100318282842636e-01
1.3539737387076947183750519343448104336858e-01
4.5966794745596911697660402751353103667498e-01
7.3087074975936605625292941113002598285675e-01
5.2688057137805910379313445446314290165901e-01
0.0000000000000000000000000000000000000000e+00
7.2643060475341547643779449572321027517319e-01
7.3009835727175076414141585701145231723785e-01
5.3632343075713584390484811592614278197289e-01
4.0413449705475834594636808105860836803913e-01
1.0000000000000000000000000000000000000000e+00
3.9140699981382792715933760518964845687151e-01
4.9304696384223101190968918672297149896622e-01
7.5762583306788311432455884641967713832855e-01
8.3176221750202250504457879287656396627426e-01
3.4709132808530795966106552441488020122051e-01
9.4424561238023851927891882951371371746063e-01
7.1628412537216112898619257975951768457890e-01
7.8512219053356058218184898578329011797905e-01
6.6968003154874389259987310651922598481178e-01
2.5916696758786461618484509017434902489185e-01
4.0713842384287468600945203434093855321407e-01
4.2200342805784368804822292986500542610884e-01
3.6840074952093021520838078686210792511702e-01
3.6445630875836598772110619393060915172100e-01
3.3873942663835870936495098248997237533331e-01
6.8301162994715203247153567645000293850899e-01
3.3085904889256828598220749881875235587358e-01
4.3858036725799182109497564852063078433275e-01
6.5065937918409133544628275558352470397949e-01
3.6179295837236835620132069379906170070171e-01
6.8690929028601088734973245664150454103947e-01
5.0002895992172169403744419469148851931095e-01
3.6840074952092738413966799271292984485626e-01
5.2538617279906141277479036943987011909485e-01
3.6973215164770661944615426364180166274309e-01
2.0784943622803533913590001702687004581094e-01
4.7634961148430615685001043857482727617025e-01
4.2811650555292057873657540767453610897064e-01
3.5827866836673022410408862015174236148596e-01
7.2372480372172576235101359998225234448910e-01
6.6672964388034872129651375871617347002029e-01
9.2317836316069956659191575454315170645714e-01
4.9493896739372711390814174592378549277782e-01
8.1508572538643397908941778950975276529789e-01
5.8866940336609308026538656122284010052681e-01
4.0448415901209294753826384294370654970407e-01
4.7686356776233301824063914864382240921259e-01
6.3398283101768981850909767672419548034668e-01
3.7625472064941983818542325934686232358217e-01
7.3269521107217761013430390448775142431259e-01
5.3058866447059294113586247476632706820965e-01
3.7329826842403313058582625671988353133202e-01
1.4768750481530124041285034763859584927559e-01
4.4088908639987339777022157250030431896448e-01
5.1817700954235568211458939913427457213402e-01
5.0977838310764000961938791078864596784115e-01
3.1495178315109156885753804999694693833590e-01
1.0000000000000000000000000000000000000000e+00
3.1550817864168678728020722701330669224262e-01
2.8559793213990380955635828286176547408104e-01
6.7160096528202317678335475648054853081703e-01
1.0000000000000000000000000000000000000000e+00
9.8274952633505630039678635512245818972588e-01
6.1257385224109373034195868967799469828606e-01
1.0000000000000000000000000000000000000000e+00
9.9505434960985517101050845667487010359764e-02
9.9505434960988861647912528951565036550164e-02
6.4164817353334779870266402213019318878651e-01
8.4836023677764171857518249453278258442879e-01
1.0000000000000000000000000000000000000000e+00
0.0000000000000000000000000000000000000000e+00
7.3785099796445785536036510166013613343239e-01
5.4807106327567500780872933319187723100185e-01
2.0304678577374701831104175653308629989624e-01
9.5121088953585530845202811178751289844513e-01
1.0000000000000000000000000000000000000000e+00
1.9185781132061746623307385561929550021887e-01
4.4252636255227417727553529402939602732658e-01
1.0000000000000000000000000000000000000000e+00
4.2331281452789010222304000308213289827108e-01
4.1136640828772613742714270301803480833769e-01
5.2001733402171135267622048559132963418961e-01
6.4833495570422283726941259374143555760384e-01
3.5835723773285554916157025218126364052296e-01
3.7101726761437514579000662706675939261913e-01
5.0696283382262929961825648206286132335663e-01
4.8510844104432043755181780397833790630102e-01
5.5009562671901923724959715400473214685917e-01
4.3257013283791667657141033487278036773205e-02
4.3257013283791667657141033487278036773205e-02
4.4946011624674403472923245317360851913691e-01
4.4946011624674414575153491568926256150007e-01
6.0824426229892214479377798852510750293732e-01
6.1769333065685583239456946103018708527088e-01
2.4851182315240943898615455509570892900229e-01
3.7746055449860838049147560013807378709316e-01
5.5983393062290509600842369763995520770550e-01
5.1590601235585575867759189350181259214878e-01
3.7176460551314643998566111804393585771322e-01
2.7453190166829827267847008442913647741079e-01
2.8035032537631737747929605575336609035730e-01
9.5096463447614842934285661613103002309799e-01
3.5395860161590880776927292572509031742811e-01
3.6590304517102567594122319860616698861122e-01
4.8162636615559073494097219736431725323200e-01
5.0361260224686121844683839299250394105911e-01
4.8956728435013646683060528630448970943689e-01
2.7475492551239177885236131260171532630920e-01
4.2966000146713573260015550658863503485918e-01
2.0106838157915873227521430521846923511475e-02
1.6569761113813230579694391053635627031326e-01
4.3392362325870167949481981395365437492728e-02
0.0000000000000000000000000000000000000000e+00
9.4114839919430415965395653188352298457175e-03
0.0000000000000000000000000000000000000000e+00
4.1393811142234053501720580925393733195961e-02
1.0917040381101987892020765968936757417396e-02
1.1332311358421243933231048472975999175105e-03
0.0000000000000000000000000000000000000000e+00
9.4572956753448617420176880443705158540979e-04
1.8324009625402637446711651136865839362144e-01
1.0893500282103080190054811282607261091471e-01
0.0000000000000000000000000000000000000000e+00
0.0000000000000000000000000000000000000000e+00
2.5916696758786461618484509017434902489185e-01
2.0784943622803533913590001702687004581094e-01
1.4768750481530124041285034763859584927559e-01
0.0000000000000000000000000000000000000000e+00
4.3257013283791667657141033487278036773205e-02
2.0106838157915873227521430521846923511475e-02
0.0000000000000000000000000000000000000000e+00
1.6569761113813230579694391053635627031326e-01
4.3392362325870167949481981395365437492728e-02
0.0000000000000000000000000000000000000000e+00
9.4114839919430415965395653188352298457175e-03
0.0000000000000000000000000000000000000000e+00
4.1393811142234053501720580925393733195961e-02
1.0917040381101987892020765968936757417396e-02
1.1332311358421243933231048472975999175105e-03
0.0000000000000000000000000000000000000000e+00
9.4572956753448617420176880443705158540979e-04
1.8324009625402637446711651136865839362144e-01
1.0893500282103080190054811282607261091471e-01
0.0000000000000000000000000000000000000000e+00
0.0000000000000000000000000000000000000000e+00
2.5916696758786461618484509017434902489185e-01
2.0784943622803533913590001702687004581094e-01
1.4768750481530124041285034763859584927559e-01
0.0000000000000000000000000000000000000000e+00
4.3257013283791667657141033487278036773205e-02
2.0106838157915873227521430521846923511475e-02
0.0000000000000000000000000000000000000000e+00
0.0000000000000000000000000000000000000000e+00
1.6569761113813230579694391053635627031326e-01
4.3392362325870167949481981395365437492728e-02
0.0000000000000000000000000000000000000000e+00
9.4114839919430415965395653188352298457175e-03
0.0000000000000000000000000000000000000000e+00
4.1393811142234053501720580925393733195961e-02
1.0917040381101987892020765968936757417396e-02
1.1332311358421243933231048472975999175105e-03
0.0000000000000000000000000000000000000000e+00
9.4572956753448617420176880443705158540979e-04
1.8324009625402637446711651136865839362144e-01
1.0893500282103080190054811282607261091471e-01
0.0000000000000000000000000000000000000000e+00
0.0000000000000000000000000000000000000000e+00
2.5916696758786461618484509017434902489185e-01
2.0784943622803533913590001702687004581094e-01
1.4768750481530124041285034763859584927559e-01
0.0000000000000000000000000000000000000000e+00
4.3257013283791667657141033487278036773205e-02
2.0106838157915873227521430521846923511475e-02
0.0000000000000000000000000000000000000000e+00
0.0000000000000000000000000000000000000000e+00
0.0000000000000000000000000000000000000000e+00
8.8555070354196999460327788256108760833740e+01
2.4182467654038097837343457285896874964237e-01
