1
0
23
1.0000000000000000000000000000000000000000e+00
2.8026593260942406216074118674441706389189e-01
1.9300718388306148387556504530948586761951e-01
6.2671192660342744940038528511649928987026e-01
1.1041296298782944662608684893712052144110e-01
5.0438074561782653137953502664458937942982e-01
4.7280290039575711968922178130014799535275e-01
0.0000000000000000000000000000000000000000e+00
5.2814453188173238196156944468384608626366e-01
4.4708555766564950229025043881847523152828e-01
2.5995097014341944641202530874579679220915e-01
1.6901010597371715626913157848321134224534e-02
1.0000000000000000000000000000000000000000e+00
5.1304838142144759682850008175591938197613e-01
5.4371743845454223453828035417245700955391e-01
1.0000000000000000000000000000000000000000e+00
0.0000000000000000000000000000000000000000e+00
3.8085540330173611733854954763955902308226e-01
2.6517463919550493534060819911246653646231e-01
5.8032180120824550240143935297965072095394e-01
2.5170756147731021545865814914577640593052e-01
2.5992758903032875394956136005930602550507e-03
2.5992758903032875394956136005930602550507e-03
4.0914455865725113392628031760978046804667e-01
2.5409538835556028102402592594444286078215e-01
2.7819049406161805437776024518825579434633e-01
5.4109257871658367200495831639273092150688e-01
1.0000000000000000000000000000000000000000e+00
2.8572288079706553709513627836713567376137e-01
8.4324637029624220641021992150854202918708e-03
5.7915989607111639791980906011303886771202e-01
5.3140719682393056100266903740703128278255e-01
4.4986591070150622195811251913255546241999e-01
4.8187049883500432390093237700057215988636e-01
1.0000000000000000000000000000000000000000e+00
1.9734709951915238579367439797351835295558e-01
6.1249972028164800796901090507162734866142e-01
3.0468260162601339124943677916235174052417e-02
7.7538289200508303533609932856052182614803e-01
5.2305647442230096544335538055747747421265e-01
3.5021034797693373352700518807978369295597e-01
5.4109257871658245075963122872053645551205e-01
1.0000000000000000000000000000000000000000e+00
2.8509762315535608356853458644764032214880e-01
4.5068121902228058806016974813246633857489e-01
5.4109257871658245075963122872053645551205e-01
5.0475349468952074305505561824247706681490e-02
4.5710658675823701013740674170549027621746e-01
4.3802623920422184555789613114029634743929e-01
2.1267681128382986965874579254887066781521e-01
6.8284244589766518451767751685110852122307e-01
1.0000000000000000000000000000000000000000e+00
2.3923859555215162830954511719028232619166e-01
4.5710658675823701013740674170549027621746e-01
4.2571141538606804832767238622182048857212e-01
1.0000000000000000000000000000000000000000e+00
2.5633890921889462659322145299256590078585e-03
5.8043653784061777223257649893639609217644e-01
4.7280290039575667560001193123753182590008e-01
3.1267907069510786355337472741666715592146e-01
6.2444288299282024734537799304234795272350e-01
7.5804285379299551905774023907724767923355e-01
7.7584335402890847177559408009983599185944e-01
8.2731822175930647134123319119680672883987e-01
1.0000000000000000000000000000000000000000e+00
1.0000000000000000000000000000000000000000e+00
1.7338655270215733161798254968744004145265e-01
1.5208816504352337672933970225130906328559e-01
7.9524972530681625748627538996515795588493e-01
3.2168721707871078541174370002408977597952e-01
5.3130373176315282002235562686109915375710e-01
7.2967680023410730338895291424705646932125e-01
7.6173292043077478474799590912880375981331e-01
4.0004528900809110947278668390936218202114e-01
3.0993684566956530845871498058841098099947e-01
3.7391055524457822434314380188880022615194e-01
6.9226972480215043237450345259276218712330e-01
8.0911812261546223190578075445955619215965e-01
9.0309943432357486781114630502997897565365e-01
1.3072393858823838641569636820349842309952e-01
1.9300718388306148387556504530948586761951e-01
7.0221652254982447338704787398455664515495e-01
4.2419081533236169256895209400681778788567e-01
1.0000000000000000000000000000000000000000e+00
1.0000000000000000000000000000000000000000e+00
4.2784995722796614892047273315256461501122e-01
1.0000000000000000000000000000000000000000e+00
6.5198651797549922459751314818277023732662e-01
9.1850266450745021717949612138909287750721e-01
3.3089501614015519315170621439392562024295e-02
1.7296361509287530577871905279607744887471e-01
6.1831164559019735627032332558883354067802e-01
0.0000000000000000000000000000000000000000e+00
3.8972793976048208941520556436444167047739e-01
4.6712850919950066330699200989329256117344e-01
5.8928811097483058123458476984524168074131e-01
5.4109257871657978622437212834483943879604e-01
1.0000000000000000000000000000000000000000e+00
3.5554449787378916703062259330181404948235e-01
7.0700467631711805260863457078812643885612e-01
4.2058725790001838529263977761729620397091e-01
6.6790655549747823815920355627895332872868e-01
9.4982164581520048263207911531935678794980e-02
4.1993383847482995685496121041069272905588e-01
8.2391687436457439197567964583868160843849e-01
4.8527739689967586134144994503003545105457e-01
0.0000000000000000000000000000000000000000e+00
7.7044661475616826873391573826665990054607e-01
7.0469766136886746732415076621691696345806e-01
4.4999388930080952420098583388607949018478e-01
3.8979072306340106779387610913545358926058e-01
1.0000000000000000000000000000000000000000e+00
3.6647488643034892286109993619902525097132e-01
4.6403247056666668823865506965375971049070e-01
7.8118275520112989696031036146450787782669e-01
8.6473497793204989747550825995858758687973e-01
3.2173937071457447967048892678576521575451e-01
9.7482231727505963547741885122377425432205e-01
7.0469766136886724527954584118560887873173e-01
7.8447255847122676630789328555692918598652e-01
7.5053693183994796278568628622451797127724e-01
2.0499319651665137698159924184437841176987e-01
4.3433566759613606578227518184576183557510e-01
4.6612102095184304584307710683788172900677e-01
3.9165182146665178386513161967741325497627e-01
3.7592232575475620359739536979759577661753e-01
4.3433566759613528862615794423618353903294e-01
6.9192745548053735671345521041075699031353e-01
3.4042309255204356022161960027005989104509e-01
4.8889034226702404728470696682052221149206e-01
6.8749811835131469095472311892081052064896e-01
4.0099704085676296516638217326544690877199e-01
6.7977569979202057126599356706719845533371e-01
5.6216377118662941292370760493213310837746e-01
3.9631803288755984571167800822877325117588e-01
5.2354789943046486921929272284614853560925e-01
3.3886295015386480589114626127411611378193e-01
2.4409092265824219869507771818462060764432e-01
4.9131580208634328954531156341545283794403e-01
4.6421928281583035857948971170117147266865e-01
3.0528788006306850633109206683002412319183e-01
6.9506425552141204438072463744902051985264e-01
7.3912628315149131452699293731711804866791e-01
1.0000000000000000000000000000000000000000e+00
5.3025619430838044632281480517121963202953e-01
8.7018937382141903214005651534534990787506e-01
5.5536198960803428992250019291532225906849e-01
3.9396737158917938259605762141291052103043e-01
4.9131580208634328954531156341545283794403e-01
6.5957359311609931040720766759477555751801e-01
3.4033499713222459259753804872161708772182e-01
6.8389604839674189573628382277092896401882e-01
5.1992741090218341781792332767508924007416e-01
3.9796040269905125219551678128482308238745e-01
1.2322119867216359268002889848503400571644e-01
3.6536098270973860202559535537147894501686e-01
5.2850764683074158423181643229327164590359e-01
4.4711050262970042368237955088261514902115e-01
3.8496498679060925374173507407249417155981e-01
1.0000000000000000000000000000000000000000e+00
1.5216936620022658566142581548774614930153e-01
3.2930690589923750088985343609238043427467e-01
5.6594609789152861001326755285845138132572e-01
1.0000000000000000000000000000000000000000e+00
8.4184567445697300325235801210510544478893e-01
5.7020759943083954013332004251424223184586e-01
1.0000000000000000000000000000000000000000e+00
4.8279344978896472639906534141118754632771e-02
4.8279344978896472639906534141118754632771e-02
6.6865951313920557463887917037936858832836e-01
9.2171441949702392903986947203520685434341e-01
7.4973509557723172491705554421059787273407e-01
0.0000000000000000000000000000000000000000e+00
7.3093038621010808508771106062340550124645e-01
5.2160092277164227247965300193754956126213e-01
2.2846809688929017867486948034638771787286e-01
9.2933642145105366250135148220579139888287e-01
7.0334924317655955761097175127360969781876e-01
1.7338294512259341817461688606272218748927e-01
3.8083821033147352563830168037384282797575e-01
1.0000000000000000000000000000000000000000e+00
4.8761529379098134118208918152959086000919e-01
4.0767686599065477981440608346019871532917e-01
5.3615154465054482013641745652421377599239e-01
6.3863885696153244175832242035539820790291e-01
3.5165187935867558977065527869854122400284e-01
3.1073229351998044034388612999464385211468e-01
5.1469801478170529307476499525364488363266e-01
4.4507180804109996996587028661451768130064e-01
5.3025619430838044632281480517121963202953e-01
5.6268929324083553911162169924864429049194e-02
5.6268929324083553911162169924864429049194e-02
4.5433042711531318458284545158676337450743e-01
4.7659353226454859164817889904952608048916e-01
6.1777547056292214655570660397643223404884e-01
6.2674106043259614207130425711511634290218e-01
3.0819176598470099381898990031913854181767e-01
3.7187664287487887104788342185202054679394e-01
5.3025619430838044632281480517121963202953e-01
5.6111765861119478060459186963271349668503e-01
3.4710540352431573651870166941080242395401e-01
2.6130082439774660052478338911896571516991e-01
2.6198240395920113776639936986612156033516e-01
8.6992019674990794797508897318039089441299e-01
3.4528834298371674504934958349622320383787e-01
3.3629660069903860586393307130492758005857e-01
4.3956787584981305005982221700833179056644e-01
4.9521109670204588315556293309782631695271e-01
4.9521109670204699337858755825436674058437e-01
2.0484988395449565956596416071988642215729e-01
4.7248860687976046435210264462511986494064e-01
4.4865682860182727609288377834673156030476e-02
1.9300718388306148387556504530948586761951e-01
1.1041296298782944662608684893712052144110e-01
0.0000000000000000000000000000000000000000e+00
1.6901010597371715626913157848321134224534e-02
0.0000000000000000000000000000000000000000e+00
2.5992758903032875394956136005930602550507e-03
8.4324637029624220641021992150854202918708e-03
3.0468260162601339124943677916235174052417e-02
5.0475349468952074305505561824247706681490e-02
2.5633890921889462659322145299256590078585e-03
1.5208816504352337672933970225130906328559e-01
1.3072393858823838641569636820349842309952e-01
0.0000000000000000000000000000000000000000e+00
0.0000000000000000000000000000000000000000e+00
2.0499319651665137698159924184437841176987e-01
2.4409092265824219869507771818462060764432e-01
1.2322119867216359268002889848503400571644e-01
0.0000000000000000000000000000000000000000e+00
5.6268929324083553911162169924864429049194e-02
4.4865682860182727609288377834673156030476e-02
0.0000000000000000000000000000000000000000e+00
1.9300718388306148387556504530948586761951e-01
1.1041296298782944662608684893712052144110e-01
2.5633890921889462659322145299256590078585e-03
1.6901010597371715626913157848321134224534e-02
2.5633890921889462659322145299256590078585e-03
2.5992758903035867792952195998168463120237e-03
8.4324637029624220641021992150854202918708e-03
3.0468260162601339124943677916235174052417e-02
5.0475349468952074305505561824247706681490e-02
2.5633890921889462659322145299256590078585e-03
1.5208816504352337672933970225130906328559e-01
1.3072393858823838641569636820349842309952e-01
2.5633890921889462659322145299256590078585e-03
2.5633890921889462659322145299256590078585e-03
2.0499319651665137698159924184437841176987e-01
2.4409092265824219869507771818462060764432e-01
1.2322119867216359268002889848503400571644e-01
2.5633890921889462659322145299256590078585e-03
5.6268929324083553911162169924864429049194e-02
4.4865682860182727609288377834673156030476e-02
2.5633890921889462659322145299256590078585e-03
2.5633890921889462659322145299256590078585e-03
1.9300718388306148387556504530948586761951e-01
1.1041296298782944662608684893712052144110e-01
2.5633890921889462659322145299256590078585e-03
1.6901010597371715626913157848321134224534e-02
2.5633890921889462659322145299256590078585e-03
2.5992758903035867792952195998168463120237e-03
8.4324637029624220641021992150854202918708e-03
3.0468260162601339124943677916235174052417e-02
5.0475349468952074305505561824247706681490e-02
2.5633890921889462659322145299256590078585e-03
1.5208816504352337672933970225130906328559e-01
1.3072393858823838641569636820349842309952e-01
2.5633890921889462659322145299256590078585e-03
2.5633890921889462659322145299256590078585e-03
2.0499319651665137698159924184437841176987e-01
2.4409092265824219869507771818462060764432e-01
1.2322119867216359268002889848503400571644e-01
2.5633890921889462659322145299256590078585e-03
5.6268929324083553911162169924864429049194e-02
4.4865682860182727609288377834673156030476e-02
2.5633890921889462659322145299256590078585e-03
2.5633890921889462659322145299256590078585e-03
2.5633890921889462659322145299256590078585e-03
8.8303458792541761113170650787651538848877e+01
2.2394579416331977794740737408574204891920e-01
