1
0
23
1.0000000000000000000000000000000000000000e+00
2.7833014366620573154520457137550693005323e-01
1.9524962339820600698558905605750624090433e-01
6.1879174879871767789296654882491566240788e-01
9.6708258934805280127022797387326136231422e-02
4.9466081220348162572619798993400763720274e-01
4.6411594081806911704646267935459036380053e-01
0.0000000000000000000000000000000000000000e+00
5.2550249825478489995589370664674788713455e-01
4.5181928729699238900252566963899880647659e-01
2.4470649595432095169122987954324344173074e-01
0.0000000000000000000000000000000000000000e+00
9.9768062797863776847151484616915695369244e-01
5.6322508310776719930856870632851496338844e-01
5.2189564924841325144200254726456478238106e-01
1.0000000000000000000000000000000000000000e+00
0.0000000000000000000000000000000000000000e+00
3.8115887068387366287680606546928174793720e-01
2.4700607510936012367608327622292563319206e-01
5.3894303603506277244861166764167137444019e-01
2.2326802831860498299576534009247552603483e-01
0.0000000000000000000000000000000000000000e+00
0.0000000000000000000000000000000000000000e+00
4.2578971943330223837165249278768897056580e-01
2.5316705685199969444454382028197869658470e-01
2.5540432974093657536585055822797585278749e-01
5.3397381069655158736253497409052215516567e-01
1.0000000000000000000000000000000000000000e+00
3.0948425808849194806882110242440830916166e-01
0.0000000000000000000000000000000000000000e+00
5.6361573666796960235814140105503611266613e-01
5.4608951271863470644518656627042219042778e-01
4.4871788474397616974798097544407937675714e-01
4.8208601041877158221993227016355376690626e-01
1.0000000000000000000000000000000000000000e+00
1.7460679485571581337488566987303784117103e-01
6.1720545683806038450569531050859950482845e-01
1.3661610191250296228449023772100190399215e-02
7.5812528097762199585929465683875605463982e-01
5.1519236523066858079999974506790749728680e-01
3.4137158787338750531858977410593070089817e-01
5.4179668012891324391233638380072079598904e-01
1.0000000000000000000000000000000000000000e+00
2.2955636093333772751456933747249422594905e-01
4.4362154878186255135830151630216278135777e-01
5.4179668012891324391233638380072079598904e-01
4.0899399244050373136705189835993223823607e-02
4.5923534541409932741018451451964210718870e-01
4.3478215974756340145290778309572488069534e-01
2.1559258869974615158149333637993549928069e-01
6.5840379952836580734754079458070918917656e-01
1.0000000000000000000000000000000000000000e+00
2.5053048108361886114892058685654774308205e-01
4.5923534541409932741018451451964210718870e-01
3.9147514060452937023626418522326275706291e-01
1.0000000000000000000000000000000000000000e+00
1.4869728519098042787693891852995875524357e-02
5.8712965389083526801528023497667163610458e-01
4.7155263439568273486912630687584169209003e-01
3.2657190845565159387220433018228504806757e-01
6.4583469303466523037116076011443510651588e-01
7.7972832241570655398277267522644251585007e-01
7.6577617789326080099954197066836059093475e-01
8.2138811707445635867941291508032009005547e-01
1.0000000000000000000000000000000000000000e+00
9.9721524941142947184857803222257643938065e-01
1.7591075410754428154369577441684668883681e-01
1.6050438286372883944785883159056538715959e-01
7.8558514955128322387878370136604644358158e-01
3.2184933513315316933045551195391453802586e-01
5.2621385300160594677976177990785799920559e-01
7.3189065758902738245694763463689014315605e-01
7.1922218026484041608625830122036859393120e-01
4.0962939027462591523587320807564537972212e-01
3.0580503596695718382392215062282048165798e-01
3.6003262879083214320630190741212572902441e-01
6.7681399274554432388129043829394504427910e-01
7.9171607077434180688157994154607877135277e-01
9.0390583671912150265370655688457190990448e-01
1.5152943183458250642203779534611385315657e-01
1.9524962339820600698558905605750624090433e-01
6.8272838125562351763164770090952515602112e-01
4.1685664647748532640747498589917086064816e-01
1.0000000000000000000000000000000000000000e+00
1.0000000000000000000000000000000000000000e+00
4.1899106700391264279659253588761202991009e-01
1.0000000000000000000000000000000000000000e+00
6.6786267737722770920782977555063553154469e-01
9.0469085540160443237311937991762533783913e-01
4.9820644108716310993756337666127365082502e-02
1.6181017437629763300321883434662595391273e-01
6.4398896498036284352650682194507680833340e-01
0.0000000000000000000000000000000000000000e+00
3.8940089673182098906067949428688734769821e-01
4.9728223439438046238336710302974097430706e-01
5.8976118822707124245141585561214014887810e-01
5.3606179423567645869752595899626612663269e-01
9.0567637178517024221235942604835145175457e-01
3.3036143841682252819680343236541375517845e-01
7.2754185735213183772174261321197263896465e-01
4.1330427452546747435491170108434744179249e-01
6.5695893902998570013096468755975365638733e-01
9.2905072980164538076763847129768691956997e-02
4.2988758860487524815496840346895623952150e-01
7.8914024698312656980192514311056584119797e-01
5.1253486390484859214211610378697514533997e-01
0.0000000000000000000000000000000000000000e+00
7.5553784202019458327015399845549836754799e-01
7.0848642944380346708754814244457520544529e-01
4.6184995051833854784462118914234451949596e-01
3.8343279473847030613953279498673509806395e-01
1.0000000000000000000000000000000000000000e+00
3.6091948275800600498541825800202786922455e-01
4.7275945641391642348949631013965699821711e-01
7.5553784202019280691331459820503368973732e-01
8.6160975844944909241007735545281320810318e-01
3.2989058927161690748519617955025751143694e-01
9.8884725949667129363263029517838731408119e-01
7.0848642944379991437386934194364584982395e-01
7.5553784202019280691331459820503368973732e-01
7.3265985259469801338383376787533052265644e-01
2.2810355196504783492628121166490018367767e-01
4.3459082932494091933151025841652881354094e-01
4.5272422320679495122419666586210951209068e-01
3.7986440701390811192084129288559779524803e-01
3.7730187351541499829465919901849702000618e-01
4.3459082932494480511209644646442029625177e-01
7.0937054890633866044424848951166495680809e-01
3.6024425748702026961467481669387780129910e-01
4.6989243133710167921179845507140271365643e-01
7.0403164228345627151384178432635962963104e-01
3.8165653209104516419003516602970194071531e-01
7.0765362952747457025992616763687692582607e-01
5.5817073510235026834180871446733362972736e-01
4.0151463916328339331940355805272702127695e-01
4.9728223439438046238336710302974097430706e-01
3.4813864786748666135807184218720067292452e-01
2.3266304807931917353336359610693762078881e-01
4.9897590575971917381536968605360016226768e-01
4.6560973533920191336221705569187179207802e-01
3.2107824468665369099795725560397841036320e-01
6.8304278549401442610644608066650107502937e-01
7.2019148547696998363676357257645577192307e-01
1.0000000000000000000000000000000000000000e+00
5.2799510587078668510940815394860692322254e-01
8.5733728461075409121860957384342327713966e-01
5.7379245003524204093992011621594429016113e-01
4.0958178812504358878854304748529102653265e-01
4.9897590575971917381536968605360016226768e-01
6.5091111063515860735151363769546151161194e-01
3.5752514367059268218795864413550589233637e-01
6.7453333467332554640449870930751785635948e-01
5.3922496080170934096287282955017872154713e-01
4.0151463916328339331940355805272702127695e-01
1.4484301375142555334818439405353274196386e-01
3.9791730142248632473567226952582132071257e-01
5.1609806664845203627578484883997589349747e-01
4.8846683860884604344576587209303397685289e-01
3.8050559326501282031429695962287951260805e-01
1.0000000000000000000000000000000000000000e+00
2.2454945313847030075038446739199571311474e-01
3.2614220281538292001144441201176960021257e-01
5.9192687020976375578129591303877532482147e-01
1.0000000000000000000000000000000000000000e+00
8.3973801719692708900311117758974432945251e-01
5.9215954551007454753630554478149861097336e-01
1.0000000000000000000000000000000000000000e+00
6.3649993942529126123019977967487648129463e-02
6.3649993942530222468256795309571316465735e-02
6.7355157485584093990382825722917914390564e-01
8.9641631082766592975019648292800411581993e-01
7.7233886215123992435849231696920469403267e-01
0.0000000000000000000000000000000000000000e+00
7.2811594107860799773845883464673534035683e-01
5.0718475655697647930253424419788643717766e-01
2.1346673584628123032658209012879524379969e-01
8.9120650795740041782977414186461828649044e-01
7.8270394031649959121210713419714011251926e-01
1.6979243884429476296737959728488931432366e-01
3.8084356895272958309917044061876367777586e-01
1.0000000000000000000000000000000000000000e+00
4.7136024558839290099498953168222215026617e-01
3.9223935495624717706419914975413121283054e-01
5.2887049613349246257598679221700876951218e-01
6.5361240737064407735346094341366551816463e-01
3.5837377565180689176216333180491346865892e-01
3.1487025914035976503768665679672267287970e-01
5.0509986846902010793058934723376296460629e-01
4.3937072587379916166483440065348986536264e-01
5.2799510587078668510940815394860692322254e-01
7.3133131211460214449182615226163761690259e-02
7.3133131211460214449182615226163761690259e-02
4.5405132282671828436448890897736418992281e-01
4.8489693693941787744350335742637980729342e-01
5.6537160961887900079148039367282763123512e-01
6.1217054293317219038073062620242126286030e-01
3.1170193971365534046924494759878143668175e-01
3.6994319205648007464759530193987302482128e-01
5.0506282711107541860684477796894498169422e-01
5.3233590671974340136074488327722065150738e-01
3.6680412526890804336687779141357168555260e-01
2.6596578330827974623318254998594056814909e-01
2.6522378746010444316993925895076245069504e-01
8.8527677907929525069619103305740281939507e-01
3.8193665201284177079799064813414588570595e-01
3.5978999344481954469898710158304311335087e-01
4.3370540602873908220260545931523665785789e-01
4.9255671378498766532771924175904132425785e-01
4.9490937709602789151830393166164867579937e-01
2.1804472439663996619074737282062415033579e-01
4.5572645568726177778273722651647403836250e-01
1.9227146328869675062644972740599769167602e-02
1.9524962339820600698558905605750624090433e-01
9.6708258934805280127022797387326136231422e-02
0.0000000000000000000000000000000000000000e+00
0.0000000000000000000000000000000000000000e+00
0.0000000000000000000000000000000000000000e+00
0.0000000000000000000000000000000000000000e+00
0.0000000000000000000000000000000000000000e+00
1.3661610191250296228449023772100190399215e-02
4.0899399244050373136705189835993223823607e-02
1.4869728519098042787693891852995875524357e-02
1.6050438286372883944785883159056538715959e-01
1.5152943183458250642203779534611385315657e-01
0.0000000000000000000000000000000000000000e+00
0.0000000000000000000000000000000000000000e+00
2.2810355196504783492628121166490018367767e-01
2.3266304807931917353336359610693762078881e-01
1.4484301375142555334818439405353274196386e-01
0.0000000000000000000000000000000000000000e+00
7.3133131211460214449182615226163761690259e-02
1.9227146328869675062644972740599769167602e-02
0.0000000000000000000000000000000000000000e+00
1.9524962339820600698558905605750624090433e-01
9.6708258934805280127022797387326136231422e-02
0.0000000000000000000000000000000000000000e+00
0.0000000000000000000000000000000000000000e+00
0.0000000000000000000000000000000000000000e+00
0.0000000000000000000000000000000000000000e+00
0.0000000000000000000000000000000000000000e+00
1.3661610191250296228449023772100190399215e-02
4.0899399244050373136705189835993223823607e-02
1.4869728519098042787693891852995875524357e-02
1.6050438286372883944785883159056538715959e-01
1.5152943183458250642203779534611385315657e-01
0.0000000000000000000000000000000000000000e+00
0.0000000000000000000000000000000000000000e+00
2.2810355196504783492628121166490018367767e-01
2.3266304807931917353336359610693762078881e-01
1.4484301375142555334818439405353274196386e-01
0.0000000000000000000000000000000000000000e+00
7.3133131211460214449182615226163761690259e-02
1.9227146328869675062644972740599769167602e-02
0.0000000000000000000000000000000000000000e+00
0.0000000000000000000000000000000000000000e+00
1.9524962339820600698558905605750624090433e-01
9.6708258934805280127022797387326136231422e-02
0.0000000000000000000000000000000000000000e+00
0.0000000000000000000000000000000000000000e+00
0.0000000000000000000000000000000000000000e+00
0.0000000000000000000000000000000000000000e+00
0.0000000000000000000000000000000000000000e+00
1.3661610191250296228449023772100190399215e-02
4.0899399244050373136705189835993223823607e-02
1.4869728519098042787693891852995875524357e-02
1.6050438286372883944785883159056538715959e-01
1.5152943183458250642203779534611385315657e-01
0.0000000000000000000000000000000000000000e+00
0.0000000000000000000000000000000000000000e+00
2.2810355196504783492628121166490018367767e-01
2.3266304807931917353336359610693762078881e-01
1.4484301375142555334818439405353274196386e-01
0.0000000000000000000000000000000000000000e+00
7.3133131211460214449182615226163761690259e-02
1.9227146328869675062644972740599769167602e-02
0.0000000000000000000000000000000000000000e+00
0.0000000000000000000000000000000000000000e+00
0.0000000000000000000000000000000000000000e+00
8.8097733416510692450174246914684772491455e+01
2.2650334499942792465532193091348744928837e-01
