1
0
23
9.0182149563059144092846963758347555994987e-01
3.0555737230153512395958159686415456235409e-01
2.4663352952137079787675588704587426036596e-01
6.4072602948578871728813055597129277884960e-01
2.1454896822988717142166592566354665905237e-01
5.7602131021071911742836846315185539424419e-01
5.1751927202967995533811063069151714444160e-01
0.0000000000000000000000000000000000000000e+00
5.6818711460035298266291192703647539019585e-01
5.5970938404974301949579285064828582108021e-01
3.9876570196340177520966108204447664320469e-01
0.0000000000000000000000000000000000000000e+00
8.4607788725832877574362100858706980943680e-01
5.8306912988075232373574863231624476611614e-01
5.3298154375309070296395930199651047587395e-01
1.0000000000000000000000000000000000000000e+00
0.0000000000000000000000000000000000000000e+00
5.4290370002793475467939288137131370604038e-01
2.2116619177872789969718780866969609633088e-01
4.6812919391418406078742009412962943315506e-01
3.0572021705425123094812533963704481720924e-01
2.2116619177872789969718780866969609633088e-01
2.2116619177872789969718780866969609633088e-01
5.1074419119825575918980575806926935911179e-01
3.9281181301512568815326176263624802231789e-01
3.0409416081228085593224363947228994220495e-01
5.6818711460035298266291192703647539019585e-01
1.0000000000000000000000000000000000000000e+00
4.5247096529668695552572899032384157180786e-01
3.2475432374303551952277047121242503635585e-02
5.4290370002793664205853474413743242621422e-01
6.0792657760512314180090243098675273358822e-01
4.1489406053737115653845535234722774475813e-01
5.1715166745438556628045034813112579286098e-01
9.3321808848100351596599466574843972921371e-01
4.8623246796269797842526827480469364672899e-01
5.9010500231201401533098760410211980342865e-01
7.7571513380668991044508686627523275092244e-02
7.5088426855639667234498801917652599513531e-01
6.6119839646368139263188368204282596707344e-01
4.2213188414403168824406975545571185648441e-01
6.2304287595919227715768329289858229458332e-01
6.8871941637178701878241326994611881673336e-01
3.3777896268277357583187381351308431476355e-01
3.9449994645913144530879890226060524582863e-01
5.9010500231201201692954327882034704089165e-01
6.1783976286277540734825919344075373373926e-02
4.4611747608857427183082222654775250703096e-01
4.9058328106884907526819006307050585746765e-01
2.9715822333550484524167245581338647753000e-01
6.7562596470480795751711866614641621708870e-01
9.9617126062228789074026735761435702443123e-01
3.6256294257616911158592643005249556154013e-01
5.0667576958520965657584156360826455056667e-01
5.0331784213768127056454204648616723716259e-01
9.5895796931379850835952538545825518667698e-01
1.5782103843037020851625129580497741699219e-02
6.3856098970260466440862501258379779756069e-01
6.4072602948578960546655025609652511775494e-01
4.5232839445609757111910198545956518501043e-01
6.9620745309302745074120366552961058914661e-01
7.7013397581860454366164958628360182046890e-01
8.6411881037782256598234198463615030050278e-01
8.0883517416844696867883612867444753646851e-01
1.0000000000000000000000000000000000000000e+00
8.6538264630482486516882545402040705084801e-01
2.3835326899438072367765073522605234757066e-01
2.3835326899438072367765073522605234757066e-01
6.9535045984709664690370800599339418113232e-01
3.9463213811121211627153115841792896389961e-01
5.0038749308767838108735759306000545620918e-01
7.3065863891378945993437810102477669715881e-01
1.0000000000000000000000000000000000000000e+00
4.7366203896916514448633961364976130425930e-01
3.5543484116923179660929577039496507495642e-01
4.9968180308572235359676483312796335667372e-01
6.7556450677874702037684073729906231164932e-01
8.7131040126499081921451761445496231317520e-01
9.1703888072502115491602125985082238912582e-01
2.5801158305324195518792862458212766796350e-01
2.4663352952137079787675588704587426036596e-01
5.3962713119367244907209624216193333268166e-01
4.8109085924891287211480062069313134998083e-01
1.0000000000000000000000000000000000000000e+00
1.0000000000000000000000000000000000000000e+00
4.2932240233177754173965467998641543090343e-01
1.0000000000000000000000000000000000000000e+00
6.3384712654255470631881053122924640774727e-01
1.0000000000000000000000000000000000000000e+00
4.1813472165684539838537148170871660113335e-02
2.3835326899438072367765073522605234757066e-01
5.5742758112309465090561388933565467596054e-01
4.1813472165684539838537148170871660113335e-02
4.3391032762434433855958104686578735709190e-01
5.8428639555156036688998710815212689340115e-01
4.2421059544261868756720446071994956582785e-01
5.9815227049264230174685508245602250099182e-01
8.6098531313592241431820184516254812479019e-01
3.8011142600656022683125456751440651714802e-01
7.5355894942377810163947060573264025151730e-01
5.0363154697140644078245941273053176701069e-01
5.0849625820932942144025901143322698771954e-01
2.5338073268599681231449949336820282042027e-01
4.2421059544261868756720446071994956582785e-01
7.8656715733472859497510398796293884515762e-01
5.8428639555155903462235755796427838504314e-01
0.0000000000000000000000000000000000000000e+00
6.6341701521957907594639891613041982054710e-01
8.2117661786955942204713210230693221092224e-01
5.8129851400463350419300923022092320024967e-01
5.1657892426753060366451109075569547712803e-01
1.0000000000000000000000000000000000000000e+00
5.2029382275050006789740564272506162524223e-01
5.4136645017025564197155063084210269153118e-01
7.2360670010910821403626869141589850187302e-01
8.4328107696281406902016897220164537429810e-01
4.7760488281564539292389781621750444173813e-01
8.6810801041577145831240613915724679827690e-01
8.4455747887328802558926099663949571549892e-01
8.7238116037971769056724724578089080750942e-01
7.0541229619348944090972963749663904309273e-01
2.3379431371963210750664075021632015705109e-01
4.6006500242739201134156701300526037812233e-01
4.8657703526131707016944005772529635578394e-01
4.3932914637696457438309494136774446815252e-01
4.3362824216941103783184985331899952143431e-01
4.7744718836961619334857687135809101164341e-01
5.0544732130522851409892837182269431650639e-01
4.2200670476422236232494356045208405703306e-01
5.0726630471146738621257554768817499279976e-01
6.2304287595919138897926359277334995567799e-01
5.0869807258519739168178830368560738861561e-01
6.7251108713407237171821861920761875808239e-01
5.8935745180295096012912381411297246813774e-01
4.2003895988133088668092796069686301052570e-01
5.0726630471147271528309374843956902623177e-01
5.1577810271276602893664176008314825594425e-01
2.3601372893476074699137257084657903760672e-01
5.1844455507226727686287404139875434339046e-01
5.6980014914554921734435311009292490780354e-01
3.5259404870635152606794804341916460543871e-01
7.3160697312423317306695480510825291275978e-01
8.6682542449787713945141831572982482612133e-01
8.4723244655638008104858727165265008807182e-01
5.7891741137938645955784977559233084321022e-01
8.0729394290772094056052310406812466681004e-01
5.3110438768793644115362440061289817094803e-01
3.6654212346670850264374053040228318423033e-01
5.4366142809138384706102442578412592411041e-01
5.8935745180295051603991396405035629868507e-01
5.2358955030879184011638471929472871124744e-01
6.7719989862168983307810776750557124614716e-01
5.5868889178299996345344879955518990755081e-01
4.2200670476422236232494356045208405703306e-01
1.4042054428392172771289381216774927452207e-01
4.9254190616827031590219121426343917846680e-01
7.3384636828610927405946995349950157105923e-01
6.3740495781825845522661211361992172896862e-01
4.4975293842822006151749292257591150701046e-01
1.0000000000000000000000000000000000000000e+00
3.4028472847957358382586789957713335752487e-01
3.5683349906454436828440179851895663887262e-01
7.2375318826998769061731309193419292569160e-01
7.4075380802395307533458890247857198119164e-01
1.0000000000000000000000000000000000000000e+00
6.9262167391971618535251309367595240473747e-01
1.0000000000000000000000000000000000000000e+00
2.3560117899149068954045560531085357069969e-01
1.8596094823816428087681629222061019390821e-01
6.0733788143438904860715865652309730648994e-01
6.6035364505312399430181358184199780225754e-01
5.9127101493741041071672270845738239586353e-01
0.0000000000000000000000000000000000000000e+00
8.1905939041077280293734474980738013982773e-01
6.2125489066505446000832080244435928761959e-01
3.3666253880660895747567451508075464516878e-01
1.0000000000000000000000000000000000000000e+00
9.0935017588931343901492709846934303641319e-01
3.5791210311879245731248033735028002411127e-01
5.9211872391330655496233248413773253560066e-01
9.6906070695822821292608750809449702501297e-01
4.2213188414403168824406975545571185648441e-01
4.7516909948508134764466603883192874491215e-01
6.0775578828937248943020676961168646812439e-01
7.4452762292354035533747946828952990472317e-01
3.3177486333614408797743067225383128970861e-01
4.0527576196852871381892668978252913802862e-01
6.1780053380413224584088993651675991714001e-01
5.4973253837437130453480449432390742003918e-01
6.4712728434760979911999356772867031395435e-01
2.2031443289193425316696561822027433663607e-01
2.2031443289193425316696561822027433663607e-01
5.6818711460035575822047348992782644927502e-01
6.1425759470562324437992174352984875440598e-01
7.7349872364090266341207779987598769366741e-01
6.9899684548800211647545665982761420309544e-01
4.6766375956889683074280128494137898087502e-01
4.9107451714124961128504764928948134183884e-01
5.6759983732879548679051140425144694745541e-01
6.2916617119256956769390853878576308488846e-01
5.5094648831432069258084993634838610887527e-01
3.1362449771658107433580653378157876431942e-01
3.6471389306781365480247814048198051750660e-01
9.4017450093569765456891218491364270448685e-01
4.5988003245222908166311981403850950300694e-01
4.0075942546135401300944067770615220069885e-01
5.7265813007172705617620067641837522387505e-01
5.6818711460035586924277595244348049163818e-01
5.6759983732879548679051140425144694745541e-01
4.1439618860974847258660247462103143334389e-01
4.7892078613469429848592540110985282808542e-01
8.5289664662406630690760778179537737742066e-02
2.4663352952137079787675588704587426036596e-01
2.1454896822988717142166592566354665905237e-01
0.0000000000000000000000000000000000000000e+00
0.0000000000000000000000000000000000000000e+00
0.0000000000000000000000000000000000000000e+00
2.2116619177872789969718780866969609633088e-01
3.2475432374303551952277047121242503635585e-02
7.7571513380668991044508686627523275092244e-02
6.1783976286277540734825919344075373373926e-02
1.5782103843037020851625129580497741699219e-02
2.3835326899438072367765073522605234757066e-01
2.5801158305324195518792862458212766796350e-01
4.1813472165684539838537148170871660113335e-02
0.0000000000000000000000000000000000000000e+00
2.3379431371963210750664075021632015705109e-01
2.3601372893476074699137257084657903760672e-01
1.4042054428392172771289381216774927452207e-01
0.0000000000000000000000000000000000000000e+00
2.2031443289193425316696561822027433663607e-01
8.5289664662406630690760778179537737742066e-02
0.0000000000000000000000000000000000000000e+00
2.4663352952137079787675588704587426036596e-01
2.1454896822988717142166592566354665905237e-01
0.0000000000000000000000000000000000000000e+00
0.0000000000000000000000000000000000000000e+00
0.0000000000000000000000000000000000000000e+00
2.2116619177872789969718780866969609633088e-01
3.2475432374303551952277047121242503635585e-02
7.7571513380668991044508686627523275092244e-02
6.1783976286277540734825919344075373373926e-02
1.5782103843037020851625129580497741699219e-02
2.3835326899438072367765073522605234757066e-01
2.5801158305324195518792862458212766796350e-01
4.1813472165684539838537148170871660113335e-02
0.0000000000000000000000000000000000000000e+00
2.3379431371963210750664075021632015705109e-01
2.3601372893476074699137257084657903760672e-01
1.4042054428392172771289381216774927452207e-01
0.0000000000000000000000000000000000000000e+00
2.2031443289193425316696561822027433663607e-01
8.5289664662406630690760778179537737742066e-02
0.0000000000000000000000000000000000000000e+00
0.0000000000000000000000000000000000000000e+00
2.4663352952137079787675588704587426036596e-01
2.1454896822988717142166592566354665905237e-01
0.0000000000000000000000000000000000000000e+00
0.0000000000000000000000000000000000000000e+00
0.0000000000000000000000000000000000000000e+00
2.2116619177872789969718780866969609633088e-01
3.2475432374303551952277047121242503635585e-02
7.7571513380668991044508686627523275092244e-02
6.1783976286277540734825919344075373373926e-02
1.5782103843037020851625129580497741699219e-02
2.3835326899438072367765073522605234757066e-01
2.5801158305324195518792862458212766796350e-01
4.1813472165684539838537148170871660113335e-02
0.0000000000000000000000000000000000000000e+00
2.3379431371963210750664075021632015705109e-01
2.3601372893476074699137257084657903760672e-01
1.4042054428392172771289381216774927452207e-01
0.0000000000000000000000000000000000000000e+00
2.2031443289193425316696561822027433663607e-01
8.5289664662406630690760778179537737742066e-02
0.0000000000000000000000000000000000000000e+00
0.0000000000000000000000000000000000000000e+00
0.0000000000000000000000000000000000000000e+00
8.9902682470368034728380735032260417938232e+01
3.4694193270443501875277547696896363049746e-01
