1
0
23
1.0000000000000000000000000000000000000000e+00
2.7914458863357116680248282136744819581509e-01
1.9192137790457827750678632128256140276790e-01
6.1289280373048615757625157129950821399689e-01
8.9427123427158750068599601945606991648674e-02
5.0899337025057855843357401681714691221714e-01
4.5207744851630549121068725071381777524948e-01
0.0000000000000000000000000000000000000000e+00
5.2930548965009194262165692634880542755127e-01
4.4379363136004945644685903971549123525620e-01
2.3364505225490531103993419037578860297799e-01
0.0000000000000000000000000000000000000000e+00
9.9483502013504832017787293807487003505230e-01
5.5232966304132102841606410947861149907112e-01
5.2691317403925053142188517085742205381393e-01
1.0000000000000000000000000000000000000000e+00
0.0000000000000000000000000000000000000000e+00
3.8217609565866300647130060497147496789694e-01
2.4895364859492014053543584850558545440435e-01
5.3449618514175756267547967581776902079582e-01
2.0488141597982498232077830380148952826858e-01
6.9879342078943973426419233874185010790825e-03
6.9879342078943973426419233874185010790825e-03
4.2183016127203465384098990398342721164227e-01
2.4731837509751886106101892437436617910862e-01
2.5754521562555865443755465094000101089478e-01
5.3610147670525565288812686048913747072220e-01
1.0000000000000000000000000000000000000000e+00
3.3437345393786443992212298326194286346436e-01
0.0000000000000000000000000000000000000000e+00
5.6748645063004099498016330471727997064590e-01
5.5232966304132113943836657199426554143429e-01
4.3875339722877909620635250576015096157789e-01
4.8132815076579443802629043602792080491781e-01
1.0000000000000000000000000000000000000000e+00
1.8191611133853721748998566454247338697314e-01
6.3410653106648906529585474345367401838303e-01
1.4018367010654850593476261622072343016043e-02
7.6843161097017098626338338362984359264374e-01
5.1404670495078241820863240718608722090721e-01
3.4062366564660662149321979086380451917648e-01
5.4438122166793234679715851598302833735943e-01
1.0000000000000000000000000000000000000000e+00
2.3583566854883225571981597568083088845015e-01
4.3460595572034776967740299369324930012226e-01
5.4435998519653205907076198855065740644932e-01
3.0297490216122890255290300842716533225030e-02
4.7000095654044099502399944867647718638182e-01
4.2180558678047802567689927855099085718393e-01
2.1311622553361489473822132367786252871156e-01
6.4104867198018100626910609207698144018650e-01
1.0000000000000000000000000000000000000000e+00
2.5549984727232344372538364041247405111790e-01
4.7000095654044099502399944867647718638182e-01
3.8366861814034092237335471509140916168690e-01
1.0000000000000000000000000000000000000000e+00
1.4306512525985833408914693620772595750168e-03
5.9520312581096090909227314114104956388474e-01
4.6760280135423709646502743453311268240213e-01
3.2702004521864846964263051631860435009003e-01
6.4531485502786101182692846123245544731617e-01
8.0433816024714643866388996684690937399864e-01
7.7204085969784630449908036098349839448929e-01
8.3592342007832898254093834111699834465981e-01
1.0000000000000000000000000000000000000000e+00
9.9927625128605790383318208114360459148884e-01
1.7668863399018255866401716502878116443753e-01
1.6248671007331408344676049182453425601125e-01
7.8691112445232258565397387428674846887589e-01
3.1531587717679626647893087465490680187941e-01
5.2188317265123784771674309013178572058678e-01
7.3787817138227662638882975443266332149506e-01
7.3183698805063146508587124117184430360794e-01
4.0379752247856021130090198312245775014162e-01
3.1427961045458135957986200992309022694826e-01
3.5362337831395140863577353229629807174206e-01
6.6505482200506504941728280755341984331608e-01
8.0165201864968305134340198492282070219517e-01
9.2097179625792779944504218292422592639923e-01
1.4848798348158437354626926207856740802526e-01
1.9192137790457827750678632128256140276790e-01
6.6234387374854297725335072755115106701851e-01
3.8916552517953872936118386860471218824387e-01
1.0000000000000000000000000000000000000000e+00
1.0000000000000000000000000000000000000000e+00
4.0327596272874155491905412418418563902378e-01
1.0000000000000000000000000000000000000000e+00
6.6931723093245754085955923073925077915192e-01
9.2699507374363532274941235300502739846706e-01
3.2590347652149957713429984096364933066070e-02
1.6550461449797482238466272974619641900063e-01
6.3057129713856108210734419117216020822525e-01
0.0000000000000000000000000000000000000000e+00
3.8390585702937951584345910305273719131947e-01
5.0009935983548858828839911438990384340286e-01
5.9297781807537530696095018356572836637497e-01
5.4115625034506642521137109724804759025574e-01
8.6263302851202650067818922252627089619637e-01
3.2293308401200637725025899271713569760323e-01
7.2224012976185569812059839023277163505554e-01
4.1906781744872206862950747563445474952459e-01
6.4839116642423233471959065354894846677780e-01
9.1921784796768601921712615876458585262299e-02
4.2040113815971469346521871557342819869518e-01
7.9670707037315202647675960179185494780540e-01
5.2667407607006522241022139496635645627975e-01
0.0000000000000000000000000000000000000000e+00
7.5655861069191709944448120950255542993546e-01
7.0716077816497435737375099051860161125660e-01
4.6672123465704451472646496767993085086346e-01
3.7107420846802874336844979552552103996277e-01
1.0000000000000000000000000000000000000000e+00
3.5859778821892163147566634506802074611187e-01
4.8212350495548556006397689088771585375071e-01
7.5655861069191820966750583465909585356712e-01
8.4742474213105156710668097730376757681370e-01
3.3724184284876074224612807483936194330454e-01
9.6093580970843928135138867219211533665657e-01
7.0464561137590020489795961111667566001415e-01
7.5655861069191854273441322220605798065662e-01
7.1252593164946609327614623907720670104027e-01
2.3069803812559577793628307063045212998986e-01
4.2306161165567129911480037662840913981199e-01
4.4835946858515179913595716243435163050890e-01
3.6929706521091287818592263647587969899178e-01
3.5633331427066827767902168488944880664349e-01
4.2306161165566802395687773241661489009857e-01
6.9231766336149891394313726777909323573112e-01
3.6569400816756053584910546305764000862837e-01
4.7113745485161312442912162623542826622725e-01
6.9950494838736998470807293415418826043606e-01
3.9140806881006040551795877036056481301785e-01
6.9797638676307860450265252438839524984360e-01
5.4340618291319531252270280674565583467484e-01
3.9336458180496131076253618630289565771818e-01
5.0009935983548858828839911438990384340286e-01
3.5100281393362814386094328256149310618639e-01
2.3247973752464629049185873554961290210485e-01
4.9079570185215720679039463902881834656000e-01
4.6760280135423371028480232780566439032555e-01
3.2567861844729739662085421514348126947880e-01
6.7431514991749774701190744963241741061211e-01
7.2465613730073141773857514635892584919930e-01
1.0000000000000000000000000000000000000000e+00
5.3087694877000646265230443532345816493034e-01
8.5183542431850445275642869091825559735298e-01
5.7546564100137609365503976732725277543068e-01
3.9442191570715390280810197509708814322948e-01
4.9079570185215720679039463902881834656000e-01
6.5126635709402835860970526482560671865940e-01
3.5320477442370135090499161378829739987850e-01
6.5946581194599696029712276867940090596676e-01
5.3896052435477692643672753547434695065022e-01
3.9336458180496131076253618630289565771818e-01
1.4957381496355379169038712916517397388816e-01
4.0526206490411798011308519562589935958385e-01
5.0793396638356380634604647639207541942596e-01
4.7910318742142243841897197853541001677513e-01
3.9280901531983436480999216655618511140347e-01
1.0000000000000000000000000000000000000000e+00
2.6457718300172583525409208959899842739105e-01
3.5086121704118800046501291944878175854683e-01
6.3550775117074209674683515913784503936768e-01
1.0000000000000000000000000000000000000000e+00
8.6776017966141849591110712935915216803551e-01
6.0579660350005792857075448409887030720711e-01
1.0000000000000000000000000000000000000000e+00
8.2071260507044496712580894381972029805183e-02
8.2071260507044788146124858485563891008496e-02
6.8314359563670201680452009895816445350647e-01
8.8747178745659294207825951161794364452362e-01
8.0558679913123121263396342328633181750774e-01
0.0000000000000000000000000000000000000000e+00
7.3204199893672405874411879267427138984203e-01
4.9328819296442444342076782959338743239641e-01
1.9831360886879847993391479121783049777150e-01
8.9363781606579939520429434196557849645615e-01
8.4271606242650509699387839646078646183014e-01
1.7249021622718618829139813897199928760529e-01
3.8459012314176843627677726544789038598537e-01
1.0000000000000000000000000000000000000000e+00
4.7892991773711801606339122372446581721306e-01
3.9440384674358097694124580812058411538601e-01
5.3736624339754246459932573998230509459972e-01
6.5851848161518455881946465524379163980484e-01
3.4865323709285894748788336983125191181898e-01
2.9115378425958604591272660400136373937130e-01
4.9162899241480423340178163016389589756727e-01
4.4735562102090203895343734075140673667192e-01
5.3087694877000646265230443532345816493034e-01
7.4381130945547796473604762468312401324511e-02
7.4381130945547796473604762468312401324511e-02
4.5503967147486285016455553886771667748690e-01
4.7572180629834931453459034855768550187349e-01
5.6275257218999108488333149580284953117371e-01
6.2092239802724413788581614426220767199993e-01
3.2141543737086691878701572022691834717989e-01
3.5865723306281116489202531738555990159512e-01
5.1080489351335844894208548794267699122429e-01
5.4947985253092090918158874046639539301395e-01
3.7196409614144076982711339951492846012115e-01
2.6260374450203566309980374171573203057051e-01
2.6282500044017448326272301528661046177149e-01
8.7883182587357278059414511517388746142387e-01
3.7211458975899913692586551405838690698147e-01
3.5939732399653939731720697636774275451899e-01
4.4451289873077326486594529342255555093288e-01
4.7184225580550864798112797870999202132225e-01
4.9727146986310444276568887289613485336304e-01
2.3689515452547743601385832334926817566156e-01
4.5789207741863180434194191548158414661884e-01
1.2737901336347464895104586446450412040576e-02
1.9192137790457827750678632128256140276790e-01
8.9427123427158750068599601945606991648674e-02
1.4018367010654850593476261622072343016043e-02
1.4018367010654850593476261622072343016043e-02
1.4018367010654850593476261622072343016043e-02
1.4018367010654850593476261622072343016043e-02
1.4018367010654850593476261622072343016043e-02
1.4018367010654850593476261622072343016043e-02
3.0297490216122890255290300842716533225030e-02
1.4018367010654850593476261622072343016043e-02
1.6248671007331408344676049182453425601125e-01
1.4848798348158437354626926207856740802526e-01
1.4018367010654850593476261622072343016043e-02
1.4018367010654850593476261622072343016043e-02
2.3069803812559577793628307063045212998986e-01
2.3247973752464629049185873554961290210485e-01
1.4957381496355379169038712916517397388816e-01
1.4018367010654850593476261622072343016043e-02
7.4381130945547796473604762468312401324511e-02
1.4018367010654850593476261622072343016043e-02
1.4018367010654850593476261622072343016043e-02
1.9192137790457827750678632128256140276790e-01
8.9427123427158750068599601945606991648674e-02
0.0000000000000000000000000000000000000000e+00
0.0000000000000000000000000000000000000000e+00
0.0000000000000000000000000000000000000000e+00
6.9879342078943973426419233874185010790825e-03
0.0000000000000000000000000000000000000000e+00
1.4018367010654850593476261622072343016043e-02
3.0297490216122890255290300842716533225030e-02
1.4306512525985833408914693620772595750168e-03
1.6248671007331408344676049182453425601125e-01
1.4848798348158437354626926207856740802526e-01
0.0000000000000000000000000000000000000000e+00
0.0000000000000000000000000000000000000000e+00
2.3069803812559577793628307063045212998986e-01
2.3247973752464629049185873554961290210485e-01
1.4957381496355379169038712916517397388816e-01
0.0000000000000000000000000000000000000000e+00
7.4381130945547796473604762468312401324511e-02
1.2737901336347464895104586446450412040576e-02
1.4018367010654850593476261622072343016043e-02
0.0000000000000000000000000000000000000000e+00
1.9192137790457827750678632128256140276790e-01
8.9427123427158750068599601945606991648674e-02
1.4018367010654850593476261622072343016043e-02
1.4018367010654850593476261622072343016043e-02
1.4018367010654850593476261622072343016043e-02
1.4018367010654850593476261622072343016043e-02
1.4018367010654850593476261622072343016043e-02
1.4018367010654850593476261622072343016043e-02
3.0297490216122890255290300842716533225030e-02
1.4018367010654850593476261622072343016043e-02
1.6248671007331408344676049182453425601125e-01
1.4848798348158437354626926207856740802526e-01
1.4018367010654850593476261622072343016043e-02
1.4018367010654850593476261622072343016043e-02
2.3069803812559577793628307063045212998986e-01
2.3247973752464629049185873554961290210485e-01
1.4957381496355379169038712916517397388816e-01
1.4018367010654850593476261622072343016043e-02
7.4381130945547796473604762468312401324511e-02
1.4018367010654850593476261622072343016043e-02
1.4018367010654850593476261622072343016043e-02
1.4018367010654850593476261622072343016043e-02
1.4018367010654850593476261622072343016043e-02
8.5647743813682708946544153150171041488647e+01
2.2733443246964329942372273762885015457869e-01
