1
0
23
1.0000000000000000000000000000000000000000e+00
2.8076013487682904834485952960676513612270e-01
1.8102174107215832088435547575500095263124e-01
6.0680102902508137319159686740022152662277e-01
7.5246741807553391145901855452393647283316e-02
5.0431528992042473635848409685422666370869e-01
4.4537923040467114477181098664004821330309e-01
0.0000000000000000000000000000000000000000e+00
5.3732395213822237156620076348190195858479e-01
4.3028040117761312544075735786464065313339e-01
2.5829722447061309598126399578177370131016e-01
0.0000000000000000000000000000000000000000e+00
9.6150412296499288000717342583811841905117e-01
6.0680102902508425977146089280722662806511e-01
4.4923083630633792173725282736995723098516e-01
1.0000000000000000000000000000000000000000e+00
0.0000000000000000000000000000000000000000e+00
3.8240055007718315449594115307263564318419e-01
1.0912656988161795190706016001058742403984e-01
5.4561896894058559137619113243999890983105e-01
1.9921144174425750583701244522671913728118e-01
3.1524467910775566537040504044853150844574e-02
3.1524467910775566537040504044853150844574e-02
4.3219873729641344883845022195600904524326e-01
2.6677292090124954393459688617440406233072e-01
2.4676084147779869804040231429098639637232e-01
5.6518387317890628196437319274991750717163e-01
1.0000000000000000000000000000000000000000e+00
3.3108627767167603250797469627286773175001e-01
0.0000000000000000000000000000000000000000e+00
5.7208101255223886560941082279896363615990e-01
5.6146572561267615864011304438463412225246e-01
4.3127308590625007544971936113142874091864e-01
4.9844264978975916235981458157766610383987e-01
1.0000000000000000000000000000000000000000e+00
2.0184987344296370648244476342370035126805e-01
6.2682796867968704201956597898970358073711e-01
2.1478354208679436426754350009105110075325e-02
8.0969428779512164773279891960555687546730e-01
5.2911544251443942687984645090182311832905e-01
3.0898926232396245472600071479973848909140e-01
5.9989027706203157386255497840465977787971e-01
1.0000000000000000000000000000000000000000e+00
2.5069812476135672207888660523167345672846e-01
4.3990813187688637686534320891951210796833e-01
5.8583963227641566717807108943816274404526e-01
0.0000000000000000000000000000000000000000e+00
4.8376204011511664271338872822525445371866e-01
4.0345478588025696087271398937446065247059e-01
2.3839327403001472904797708451951621100307e-01
6.7325672294328520184336639431421644985676e-01
1.0000000000000000000000000000000000000000e+00
2.4236945081498090237559495108143892139196e-01
4.5918692219639045681844891078071668744087e-01
3.8625255978100075937575752504926640540361e-01
1.0000000000000000000000000000000000000000e+00
0.0000000000000000000000000000000000000000e+00
5.8688194049543629393639321278897114098072e-01
4.4902900377485077676453784079058095812798e-01
3.3799705676390839892420103751646820455790e-01
6.6540643844512692428594391458318568766117e-01
7.0619565211899204548728903318988159298897e-01
8.0793031643476154179950299294432625174522e-01
8.3881727654624282930484469034126959741116e-01
1.0000000000000000000000000000000000000000e+00
1.0000000000000000000000000000000000000000e+00
1.8211541230551317460673033110651886090636e-01
1.7192272143584194643572971017420059069991e-01
7.6016724731150919769362417355296202003956e-01
2.8932577286404065342040325958805624395609e-01
4.6901841120739889978707992668205406516790e-01
7.1348823218173451632395654087304137647152e-01
6.8834776492541571712990844389423727989197e-01
3.9731499080365723086671891906007658690214e-01
3.0344230451029285955399927843245677649975e-01
3.6330093393233942045128515019314363598824e-01
6.1589020898880908472250439444906078279018e-01
7.8556497440020001121752102335449308156967e-01
9.0551345064729871214836975923390127718449e-01
9.0842673999525919148467778541089501231909e-02
1.8102174107215832088435547575500095263124e-01
6.6049531548716045037394906103145331144333e-01
3.8352036948543338779060718479740899056196e-01
1.0000000000000000000000000000000000000000e+00
1.0000000000000000000000000000000000000000e+00
3.9985540413263553904954505924251861870289e-01
1.0000000000000000000000000000000000000000e+00
6.0688656170235022457859486166853457689285e-01
9.1645215338527163950743670284282416105270e-01
3.5284281584707019585600562550098402425647e-02
1.7192272143584194643572971017420059069991e-01
6.0877314386111880395446860347874462604523e-01
0.0000000000000000000000000000000000000000e+00
3.8639093957855941141588118625804781913757e-01
5.3806901799775042061213525812490843236446e-01
5.6051451676716212979556530626723542809486e-01
5.2493313682035913636525492620421573519707e-01
8.7437674775252405279246659119962714612484e-01
3.5008706934016203815573931024118792265654e-01
7.6169012382617018452890533808385953307152e-01
4.3127308590625007544971936113142874091864e-01
6.5863214916144152688559643138432875275612e-01
1.1317452655710091846685827476903796195984e-01
4.2490894071425133748931557420291937887669e-01
7.8037079713788792822981577046448364853859e-01
5.3806901799775086470134510818752460181713e-01
0.0000000000000000000000000000000000000000e+00
7.1852263056277354547063396239536814391613e-01
7.1565632972919590581994953026878647506237e-01
4.9633102022552244569908452831441536545753e-01
4.0295379997327174237398139666765928268433e-01
1.0000000000000000000000000000000000000000e+00
3.7625703060094517482525589002761989831924e-01
5.0539920786673087071960708271944895386696e-01
7.4656534117697470609442689237766899168491e-01
8.0651115366398118400326211485662497580051e-01
3.4828259490961854805135544665972702205181e-01
9.7032178240475819297472526159253902733326e-01
6.7013112364032445533723603148246183991432e-01
7.4656534117698480912395098130218684673309e-01
6.5647273777273940087439996204921044409275e-01
2.4056665342523381179162811349669937044382e-01
4.3344743328062962373081745681702159345150e-01
4.4072669369701494845870115568686742335558e-01
3.7629988503092681728645629846141673624516e-01
3.7755607288458586934254412881273310631514e-01
3.5436036975570739393504027248127385973930e-01
6.8667802862590887613691847946029156446457e-01
3.5684331219770626386633693982730619609356e-01
4.5526347177886494765886027380474843084812e-01
7.0558020662938469858005419155233539640903e-01
3.7031838456027293959849089333147276192904e-01
7.1707458020186987113220311584882438182831e-01
5.2057149177047101762383363166009075939655e-01
3.7757957871695918550258852519618812948465e-01
4.8661036363193366227619662822689861059189e-01
3.7757957871695935203604221896966919302940e-01
2.2668261956904781073696142357221106067300e-01
4.9037013381686689328375905461143702268600e-01
4.2875940324846506523925881992909125983715e-01
3.3799705676390778830153749368037097156048e-01
6.9675814785428824560398197718313895165920e-01
7.0494930759226770433656383829656988382339e-01
9.4269008076015592401120102294953539967537e-01
5.0312694810767122355343872186494991183281e-01
8.4517024924794315055009974457789212465286e-01
6.3675175459969146629646274959668517112732e-01
4.0301469410277818150589723700250033289194e-01
4.9037013381686689328375905461143702268600e-01
6.2643071406973305226273396328906528651714e-01
3.7757957871695890794683236890705302357674e-01
7.4402860289792660530849843780742958188057e-01
5.2613547438598573524615176211227662861347e-01
3.7757957871695829732416882507095579057932e-01
1.4340872800250112351072573346755234524608e-01
3.9755466634432756745098913597757928073406e-01
5.4568743170069056169779742049286141991615e-01
5.4948150812307472445894518386921845376492e-01
3.3876032138628975332039772183634340763092e-01
1.0000000000000000000000000000000000000000e+00
2.8813787831490877966444941193913109600544e-01
3.3281570249810010775348700917675159871578e-01
6.3357188663272701045769963457132689654827e-01
1.0000000000000000000000000000000000000000e+00
9.2119209034925253476444595435168594121933e-01
6.0052405814074605316932320420164614915848e-01
9.9485943226715323195463724914588965475559e-01
9.4163444003130036819015913351904600858688e-02
9.4163444003131688275765043272258481010795e-02
6.9082298102499373193552401062333956360817e-01
8.7072981277121130894158795854309573769569e-01
9.3449396225630687595753443019930273294449e-01
0.0000000000000000000000000000000000000000e+00
7.3974157162024145595324853275087662041187e-01
5.1556558944542252298504081409191712737083e-01
2.1431113932878279038085622687503928318620e-01
9.4025267117552013829140378220472484827042e-01
1.0000000000000000000000000000000000000000e+00
1.9485830244679736011903514736331999301910e-01
3.9986669370039290560825406828371342271566e-01
1.0000000000000000000000000000000000000000e+00
4.6552584366249027958417627814924344420433e-01
3.6467167542982936723205966700334101915359e-01
5.2029084143538406603823887053295038640499e-01
6.3591283790489638860776722140144556760788e-01
3.8480006317145754035635718537378124892712e-01
3.3297933161571480198404060502070933580399e-01
4.9873077669679438672645233054936397820711e-01
4.6295245874773172101157570068608038127422e-01
5.3602925380951993439282432518666610121727e-01
8.4159872168722088536796377411519642919302e-02
8.4159872168722088536796377411519642919302e-02
4.4793874473905431754516826003964524716139e-01
4.6555606028861135081697852911020163446665e-01
6.1535430913985433853952145000221207737923e-01
6.3232673181792709016235676244832575321198e-01
2.3619356909093447427494538715109229087830e-01
3.8623279551231926021159779338631778955460e-01
5.3172416436584557519751115250983275473118e-01
5.3572139582899014342842747282702475786209e-01
3.5086062319876648585292855386796873062849e-01
2.7057199604187592845150334142090287059546e-01
2.7907775847408061720145155959471594542265e-01
8.9609891323657420159065623010974377393723e-01
3.5311701834331277183309794054366648197174e-01
3.5086062319876326620615714091400150209665e-01
4.6471361433730079548709568371123168617487e-01
5.0520630302445668213806584390113130211830e-01
4.8449002377595740131965840191696770489216e-01
2.5446594832754254600359899995964951813221e-01
4.5528562577481501705278787994757294654846e-01
3.9708575436263444935480748654299532063305e-02
1.8102174107215832088435547575500095263124e-01
7.5246741807553391145901855452393647283316e-02
0.0000000000000000000000000000000000000000e+00
0.0000000000000000000000000000000000000000e+00
0.0000000000000000000000000000000000000000e+00
3.1524467910775566537040504044853150844574e-02
0.0000000000000000000000000000000000000000e+00
2.1478354208679436426754350009105110075325e-02
0.0000000000000000000000000000000000000000e+00
0.0000000000000000000000000000000000000000e+00
1.7192272143584194643572971017420059069991e-01
9.0842673999525919148467778541089501231909e-02
0.0000000000000000000000000000000000000000e+00
0.0000000000000000000000000000000000000000e+00
2.4056665342523381179162811349669937044382e-01
2.2668261956904781073696142357221106067300e-01
1.4340872800250112351072573346755234524608e-01
0.0000000000000000000000000000000000000000e+00
8.4159872168722088536796377411519642919302e-02
3.9708575436263444935480748654299532063305e-02
0.0000000000000000000000000000000000000000e+00
1.8102174107215832088435547575500095263124e-01
7.5246741807553391145901855452393647283316e-02
0.0000000000000000000000000000000000000000e+00
0.0000000000000000000000000000000000000000e+00
0.0000000000000000000000000000000000000000e+00
3.1524467910775566537040504044853150844574e-02
0.0000000000000000000000000000000000000000e+00
2.1478354208679436426754350009105110075325e-02
0.0000000000000000000000000000000000000000e+00
0.0000000000000000000000000000000000000000e+00
1.7192272143584194643572971017420059069991e-01
9.0842673999525919148467778541089501231909e-02
0.0000000000000000000000000000000000000000e+00
0.0000000000000000000000000000000000000000e+00
2.4056665342523381179162811349669937044382e-01
2.2668261956904781073696142357221106067300e-01
1.4340872800250112351072573346755234524608e-01
0.0000000000000000000000000000000000000000e+00
8.4159872168722088536796377411519642919302e-02
3.9708575436263444935480748654299532063305e-02
0.0000000000000000000000000000000000000000e+00
0.0000000000000000000000000000000000000000e+00
1.8102174107215832088435547575500095263124e-01
7.5246741807553391145901855452393647283316e-02
0.0000000000000000000000000000000000000000e+00
0.0000000000000000000000000000000000000000e+00
0.0000000000000000000000000000000000000000e+00
3.1524467910775566537040504044853150844574e-02
0.0000000000000000000000000000000000000000e+00
2.1478354208679436426754350009105110075325e-02
0.0000000000000000000000000000000000000000e+00
0.0000000000000000000000000000000000000000e+00
1.7192272143584194643572971017420059069991e-01
9.0842673999525919148467778541089501231909e-02
0.0000000000000000000000000000000000000000e+00
0.0000000000000000000000000000000000000000e+00
2.4056665342523381179162811349669937044382e-01
2.2668261956904781073696142357221106067300e-01
1.4340872800250112351072573346755234524608e-01
0.0000000000000000000000000000000000000000e+00
8.4159872168722088536796377411519642919302e-02
3.9708575436263444935480748654299532063305e-02
0.0000000000000000000000000000000000000000e+00
0.0000000000000000000000000000000000000000e+00
0.0000000000000000000000000000000000000000e+00
8.6736812920219037437163933645933866500854e+01
2.3434580981429387058767588314367458224297e-01
