1
0
23
1.0000000000000000000000000000000000000000e+00
2.7784904089781153890825748931092675775290e-01
1.9524285714197531227398485498270019888878e-01
6.0841645981614123073200062208343297243118e-01
9.9072891854433020597525683115236461162567e-02
5.0343214596202878752251308469567447900772e-01
4.5848932896989869067994050055858679115772e-01
0.0000000000000000000000000000000000000000e+00
5.1886054165969419660342509814654476940632e-01
4.3884531158909784176458401816489640623331e-01
2.6508167340112254173334349616197869181633e-01
0.0000000000000000000000000000000000000000e+00
1.0000000000000000000000000000000000000000e+00
5.2055678495004831241033116384642198681831e-01
5.4898076300643150471358922004583291709423e-01
1.0000000000000000000000000000000000000000e+00
0.0000000000000000000000000000000000000000e+00
3.7980487621975034251420311193214729428291e-01
2.5134654458071598037705030037614051252604e-01
5.6408527858209567273917173224617727100849e-01
2.3793173922610855175463484556530602276325e-01
9.2661765219110847624506277497857809066772e-03
9.2661765219110847624506277497857809066772e-03
4.2005726216302929909574004341266117990017e-01
2.4355669538625812631238432004465721547604e-01
2.7240577563399104299435293796705082058907e-01
5.2551772866640156234296910042758099734783e-01
1.0000000000000000000000000000000000000000e+00
2.7414926767620817482651318641728721559048e-01
0.0000000000000000000000000000000000000000e+00
5.7411225039311231110872313365689478814602e-01
5.3746544717351452113973664381774142384529e-01
4.6003213539930759568008511450898367911577e-01
4.7853219104762106939077170864038635045290e-01
1.0000000000000000000000000000000000000000e+00
1.9545052702979903713753628835547715425491e-01
6.0617801090940537367401930168853141367435e-01
2.4328471912479662092598786671260313596576e-02
7.7357354447764647975560592385591007769108e-01
5.1867321003006905399956849578302353620529e-01
3.4204791058477079790378638790571130812168e-01
5.4397855260618277473128046040073968470097e-01
1.0000000000000000000000000000000000000000e+00
2.4025160481318391658689392897940706461668e-01
4.4122738457081112084523510930011980235577e-01
5.4397855260618277473128046040073968470097e-01
8.1500917050374099837029007176170125603676e-02
4.5924358809444243423314446772565133869648e-01
4.4246636425445473594919576498796232044697e-01
2.2089311553353618844397487919195555150509e-01
6.6923230868178995578432477486785501241684e-01
1.0000000000000000000000000000000000000000e+00
2.2453969611628277203152492802473716437817e-01
4.6017601378459727090586284248274751007557e-01
4.0162632000253900566022480234096292406321e-01
1.0000000000000000000000000000000000000000e+00
2.1959682423490457445214296683388965902850e-03
5.8650463778372519119130856779520399868488e-01
4.6704302062602209844044409692287445068359e-01
3.1860921599366998080427038075868040323257e-01
6.2109061474145554893055987122352235019207e-01
7.4388107402072589646735423229984007775784e-01
7.8303996212622373196410308082704432308674e-01
8.1660975127931900718891711221658624708652e-01
1.0000000000000000000000000000000000000000e+00
1.0000000000000000000000000000000000000000e+00
1.7355013305971489501189353177323937416077e-01
1.4985517254939537123981097010982921347022e-01
8.0193819526876031211770623485790565609932e-01
3.0831162905743886293308264612278435379267e-01
5.2917186163756657624190893329796381294727e-01
7.2268889743968134364848765471833758056164e-01
7.1741963925815421809772942651761695742607e-01
4.0276187101428884140830177784664556384087e-01
3.0907515633051257930574706733750645071268e-01
3.5835154752251185961142709857085719704628e-01
6.9041239403487741910225850006099790334702e-01
7.8782646920319898686813075983081944286823e-01
9.0587304263793289038630973664112389087677e-01
1.2622076173853388758594462615292286500335e-01
1.9524285714197531227398485498270019888878e-01
6.3629884293706084896768970793345943093300e-01
4.1308656727486847692887295124819502234459e-01
1.0000000000000000000000000000000000000000e+00
1.0000000000000000000000000000000000000000e+00
4.1553896941995943636882770988449919968843e-01
1.0000000000000000000000000000000000000000e+00
6.5763321950981157293369960825657472014427e-01
9.3241792212332486045056612056214362382889e-01
3.5043443846558386400857898479443974792957e-02
1.7155150959842796476451098897086922079325e-01
6.2894861764080167709778379503404721617699e-01
0.0000000000000000000000000000000000000000e+00
3.8589052463672746107192779163597151637077e-01
4.6610463916632477454626837243267800658941e-01
5.9222076758546660091298008410376496613026e-01
5.3307812179414137965238751348806545138359e-01
1.0000000000000000000000000000000000000000e+00
3.1468213841007974806984748283866792917252e-01
7.0555158745669621644935887161409482359886e-01
4.2039870643862781163235808890021871775389e-01
6.8656415391867064990094604581827297806740e-01
9.5949192045154521601979524803027743473649e-02
4.2518744486697307438660686784714926034212e-01
8.0919020217463011324099397825193591415882e-01
4.7967990918574593406376038728922139853239e-01
0.0000000000000000000000000000000000000000e+00
7.5815816107106770438406329049030318856239e-01
7.0177674217184626836996130805346183478832e-01
4.6152868591155316035923306117183528840542e-01
3.7959389469687759843807839388318825513124e-01
1.0000000000000000000000000000000000000000e+00
3.5559192070974587895904051038087345659733e-01
4.4967508230274422231786957127042114734650e-01
7.6911189252185696574315443285740911960602e-01
8.4892711059131487072448862818419001996517e-01
3.2358115540275700361405597504926845431328e-01
9.9607217012010962342571929184487089514732e-01
6.9775917926335795371528547548223286867142e-01
7.8714442461059597189176884057815186679363e-01
7.4172779285273637839281946071423590183258e-01
2.0434772386956290279869108417187817394733e-01
4.2105751085804632438680528139229863882065e-01
4.3966241637186664892311682706349529325962e-01
3.8192709385853573778035752184223383665085e-01
3.7959389469687682128196115627360995858908e-01
4.0982040361675198258950558738433755934238e-01
6.6319741026232803537965310169965960085392e-01
3.2951583570275017054385102710512001067400e-01
4.7663925635909099032261337924865074455738e-01
6.8389157826956847863186794711509719491005e-01
3.8192709385853573778035752184223383665085e-01
6.9470064574434686743842348732869140803814e-01
5.5281990356264654185025619881344027817249e-01
3.9162312256447762148781066571245901286602e-01
5.4036365268076647083717034547589719295502e-01
3.3762176016788097987486594320216681808233e-01
2.1852500664775409422446728058275766670704e-01
4.9552290583185348848971329971391241997480e-01
4.5670759948611794332151703201816417276859e-01
3.1541356255003205610876193532021716237068e-01
7.0905980397806778192659749038284644484520e-01
7.2881959494877979199856099512544460594654e-01
1.0000000000000000000000000000000000000000e+00
5.2484390525197133214874156692530959844589e-01
8.6498218685178174247596416535088792443275e-01
5.6721420408120148959341122463229112327099e-01
3.9992392106578500410307697165990248322487e-01
4.9552290583185032435409311801777221262455e-01
6.5682810879723074748426370206288993358612e-01
3.4661694560652045460358294803882017731667e-01
6.7639620176979176058296161500038579106331e-01
5.1178236916447306104060999132343567907810e-01
3.9162312256447612268672742175112944096327e-01
1.3622195440832479684800659924803767353296e-01
3.8313221590961094031868583442701492458582e-01
5.2295411871371022538568240634049288928509e-01
4.3936855372330024804838899399328511208296e-01
3.8714962545808417893056230241199955344200e-01
1.0000000000000000000000000000000000000000e+00
1.9019838569217062396177198024815879762173e-01
3.0941027594474584949679751844087149947882e-01
5.9064262017265245496844272565795108675957e-01
1.0000000000000000000000000000000000000000e+00
8.2762577984381158202609185536857694387436e-01
5.7090185866818266013922311685746535658836e-01
1.0000000000000000000000000000000000000000e+00
5.2484577596056680715008724291692487895489e-02
5.2484577596057180315369805612135678529739e-02
6.7459508598634254639136997866444289684296e-01
8.8530282465848841866318252868950366973877e-01
7.9131717100523935037870160158490762114525e-01
0.0000000000000000000000000000000000000000e+00
7.1430725325781074808162429690128192305565e-01
5.1886054165969075491204876016126945614815e-01
2.0943008164222176592517143944860436022282e-01
9.1865783263995404173130054914508946239948e-01
7.8139493808579207900777419126825407147408e-01
1.6393967476013696082937087794562103226781e-01
3.5728665480786592212325558648444712162018e-01
1.0000000000000000000000000000000000000000e+00
4.9498212297203469933748465336975641548634e-01
4.0314512493117138358655893171089701354504e-01
5.2872456580053239783012486441293731331825e-01
6.5667622681196369249789768218761309981346e-01
3.5997661608934933274994705243443604558706e-01
3.0397197369032363800656071362027432769537e-01
5.2435616598017087408578618124010972678661e-01
4.3201124230883558574589642375940456986427e-01
5.2484390525197133214874156692530959844589e-01
5.8576278621318228490011392750602681189775e-02
5.8576278621318228490011392750602681189775e-02
4.5867017120726305545730383528280071914196e-01
4.6858057434928024331810547664645127952099e-01
5.8999680446180913229170528211398050189018e-01
5.9728072796392905896567526724538765847683e-01
3.0660145010495254425109123985748738050461e-01
3.8130204069451967274773096505668945610523e-01
5.2384059915987712940932397032156586647034e-01
5.4402532829623506671623545116744935512543e-01
3.6821661372306946358179402523091994225979e-01
2.6323711954857614836456036755407694727182e-01
2.6557860662195753587155877539771609008312e-01
8.9799515676317265278072454748325981199741e-01
3.5409139530669386797256947829737327992916e-01
3.4263099988489692515614137846569065004587e-01
4.3649297447760859736121119567542336881161e-01
4.7596961258332126654124749620677903294563e-01
4.9387020289038724429886428879399318248034e-01
2.0853066394308664155410326657147379592061e-01
4.6586476150890032688067776689422316849232e-01
3.2495738044643264486044387240326614119112e-02
1.9524285714197531227398485498270019888878e-01
9.9072891854433020597525683115236461162567e-02
0.0000000000000000000000000000000000000000e+00
0.0000000000000000000000000000000000000000e+00
0.0000000000000000000000000000000000000000e+00
9.2661765219110847624506277497857809066772e-03
0.0000000000000000000000000000000000000000e+00
2.4328471912479662092598786671260313596576e-02
8.1500917050374099837029007176170125603676e-02
2.1959682423490457445214296683388965902850e-03
1.4985517254939537123981097010982921347022e-01
1.2622076173853388758594462615292286500335e-01
0.0000000000000000000000000000000000000000e+00
0.0000000000000000000000000000000000000000e+00
2.0434772386956290279869108417187817394733e-01
2.1852500664775409422446728058275766670704e-01
1.3622195440832479684800659924803767353296e-01
0.0000000000000000000000000000000000000000e+00
5.8576278621318228490011392750602681189775e-02
3.2495738044643264486044387240326614119112e-02
0.0000000000000000000000000000000000000000e+00
1.9524285714197531227398485498270019888878e-01
9.9072891854433020597525683115236461162567e-02
0.0000000000000000000000000000000000000000e+00
0.0000000000000000000000000000000000000000e+00
0.0000000000000000000000000000000000000000e+00
9.2661765219110847624506277497857809066772e-03
0.0000000000000000000000000000000000000000e+00
2.4328471912479662092598786671260313596576e-02
8.1500917050374099837029007176170125603676e-02
2.1959682423490457445214296683388965902850e-03
1.4985517254939537123981097010982921347022e-01
1.2622076173853388758594462615292286500335e-01
0.0000000000000000000000000000000000000000e+00
0.0000000000000000000000000000000000000000e+00
2.0434772386956290279869108417187817394733e-01
2.1852500664775409422446728058275766670704e-01
1.3622195440832479684800659924803767353296e-01
0.0000000000000000000000000000000000000000e+00
5.8576278621318228490011392750602681189775e-02
3.2495738044643264486044387240326614119112e-02
0.0000000000000000000000000000000000000000e+00
0.0000000000000000000000000000000000000000e+00
1.9524285714197531227398485498270019888878e-01
9.9072891854433020597525683115236461162567e-02
0.0000000000000000000000000000000000000000e+00
0.0000000000000000000000000000000000000000e+00
0.0000000000000000000000000000000000000000e+00
9.2661765219110847624506277497857809066772e-03
0.0000000000000000000000000000000000000000e+00
2.4328471912479662092598786671260313596576e-02
8.1500917050374099837029007176170125603676e-02
2.1959682423490457445214296683388965902850e-03
1.4985517254939537123981097010982921347022e-01
1.2622076173853388758594462615292286500335e-01
0.0000000000000000000000000000000000000000e+00
0.0000000000000000000000000000000000000000e+00
2.0434772386956290279869108417187817394733e-01
2.1852500664775409422446728058275766670704e-01
1.3622195440832479684800659924803767353296e-01
0.0000000000000000000000000000000000000000e+00
5.8576278621318228490011392750602681189775e-02
3.2495738044643264486044387240326614119112e-02
0.0000000000000000000000000000000000000000e+00
0.0000000000000000000000000000000000000000e+00
0.0000000000000000000000000000000000000000e+00
8.8168711443820598105958197265863418579102e+01
2.2487608989744156673395991674624383449554e-01
