1
0
23
9.0202826044317230280711328305187635123730e-01
3.1188474758251932827946006909769494086504e-01
2.6562355696598638488126198353711515665054e-01
6.6579729520352104454872232963680289685726e-01
2.3460256662807066341258632746757939457893e-01
6.1120588541365727941467866912716999650002e-01
5.7602866152663523280352819710969924926758e-01
1.3458028950850112540060798949070886010304e-02
6.2239698069378368572301951644476503133774e-01
5.5548184898903696371519345120759680867195e-01
4.5096232494747057195638717530528083443642e-01
0.0000000000000000000000000000000000000000e+00
7.9092077384691994446086482639657333493233e-01
6.2517505619788937831771136188763193786144e-01
5.7331293823545637078353820470510981976986e-01
1.0000000000000000000000000000000000000000e+00
0.0000000000000000000000000000000000000000e+00
5.6042585955545376474873364713857881724834e-01
2.5638978154325015035297496979183051735163e-01
5.0245079571485184999346529366448521614075e-01
3.0785373565859652789100664449506439268589e-01
2.7874616305143268268906808771134819835424e-01
2.5638978154325015035297496979183051735163e-01
5.2120933672568225958343646198045462369919e-01
4.2775412372299748131609931078855879604816e-01
3.3215884532869183187742123664065729826689e-01
5.1841825910813010835909153684042394161224e-01
1.0000000000000000000000000000000000000000e+00
4.6380492040259546637770426968927495181561e-01
7.1931574484822333181988085470948135480285e-02
5.5851655834896152263979729468701407313347e-01
6.2891052687683035582466573032434098422527e-01
4.3955435688099020463681654291576705873013e-01
5.3182402914794790760311116173397749662399e-01
9.2412954014672443747713259654119610786438e-01
5.5588922811249918964904281892813742160797e-01
6.0621433086035225734633513638982549309731e-01
9.3013521021967610069580700837832409888506e-02
7.5404264510621865635897620450123213231564e-01
6.5623074947842285897792180549004115164280e-01
4.6598600499093895122015851484320592135191e-01
6.0565245189729199903894141243654303252697e-01
7.1840958387022890718753842520527541637421e-01
4.2388724595589150068164485674060415476561e-01
4.2388724595589150068164485674060415476561e-01
6.3416822365175185005625735357170924544334e-01
1.1228593674043008121543607558123767375946e-01
4.7811972482582720811450371911632828414440e-01
5.0043229132606437126185028319014236330986e-01
4.0710724653207475132177250998211093246937e-01
6.6353061650678935023961457773111760616302e-01
9.9232420055175185602536203077761456370354e-01
3.6097658585923625418345750404114369302988e-01
5.2284064739755542472465776882017962634563e-01
5.4697546224219462107640765680116601288319e-01
9.4077542180162243568020130624063313007355e-01
2.3645369980754744193562899567950807977468e-02
6.3567974843758690006723099941154941916466e-01
6.5857275601009990229073309819796122610569e-01
5.0624929466203116845690601621754467487335e-01
7.1371083635658638666399156136321835219860e-01
7.2661009801418730003064183620153926312923e-01
9.4424885077049092174661382159683853387833e-01
8.2722881757928656831779790081782266497612e-01
1.0000000000000000000000000000000000000000e+00
8.3682893476205111316090778927900828421116e-01
2.5410798889031799285831425549986306577921e-01
2.5410798889031799285831425549986306577921e-01
6.8584042351385676727915097217191942036152e-01
4.0665436202117233310815436198026873171329e-01
5.0624929466203116845690601621754467487335e-01
6.6437847831106222606933897623093798756599e-01
1.0000000000000000000000000000000000000000e+00
4.9571329024373411709092351884464733302593e-01
3.3745942623325753118024294963106513023376e-01
5.1573450602673032161504806936136446893215e-01
6.8453905344280974176740528491791337728500e-01
9.2460519366205828895033391745528206229210e-01
9.1279793734862457732504026353126391768456e-01
2.1682457271296223799694757872202899307013e-01
2.6562355696598638488126198353711515665054e-01
5.3920298591201931692751259106444194912910e-01
5.1004527304816771327011792891426011919975e-01
8.5853149122533989334726811648579314351082e-01
1.0000000000000000000000000000000000000000e+00
4.1402221874084144115357730697724036872387e-01
1.0000000000000000000000000000000000000000e+00
7.0007266169874737826717137068044394254684e-01
1.0000000000000000000000000000000000000000e+00
2.3645369980754744193562899567950807977468e-02
2.5410798889031799285831425549986306577921e-01
5.3335092739446654519497315050102770328522e-01
2.3645369980754744193562899567950807977468e-02
4.7166374580668446458986409197677858173847e-01
6.3731450428189684309643325832439586520195e-01
4.2321716921260199573140425854944624006748e-01
6.0410131831556512782555046214838512241840e-01
1.0000000000000000000000000000000000000000e+00
3.9852388708137853612356593657750636339188e-01
7.2903745904963213053662229867768473923206e-01
5.4037854107081706445114832604303956031799e-01
6.0625904932731145002833272883435711264610e-01
2.8562320499779675353480001831485424190760e-01
3.9852388708137687078902899884269572794437e-01
7.9063945858054740511988711659796535968781e-01
6.0656832070860899897013496229192242026329e-01
0.0000000000000000000000000000000000000000e+00
6.5396778460009719058376731481985189020634e-01
8.3330303806842564995349675882607698440552e-01
5.8372201283337243893356571788899600505829e-01
5.2926087122901299686361653584754094481468e-01
9.7444599623011163291863567792461253702641e-01
5.5588922811249896760443789389682933688164e-01
5.6484619752059617159289928167709149420261e-01
7.3996026972318518222238026282866485416889e-01
8.7340609208419350828478400217136368155479e-01
5.2979048460391109376388385499012656509876e-01
8.6604581529616475599198111012810841202736e-01
8.5943315133326469990038276591803878545761e-01
9.7525249569685135142549370357301086187363e-01
7.0646959557412825070343842526199296116829e-01
1.9907802549398256886092895001638680696487e-01
4.8691846975979241607390690660395193845034e-01
4.5997626691056975323235178620961960405111e-01
4.2860350067964558817834586079698055982590e-01
4.5997626691057258430106458035879768431187e-01
4.8481332945309402182587632523791398853064e-01
5.2353860354521963849094845500076189637184e-01
4.1731305753908726208223356479720678180456e-01
5.2353860354521963849094845500076189637184e-01
6.5133040830835142731558562445570714771748e-01
5.5757936555052989291425546980462968349457e-01
6.5876366759996007882449475800967775285244e-01
5.8554627428582040060689450911013409495354e-01
4.1731305753908726208223356479720678180456e-01
5.5761931859456337345903875757358036935329e-01
5.4416767666000842584850261118845082819462e-01
2.5173008750723957493988791611627675592899e-01
5.4462142455367479332295488347881473600864e-01
5.7810736170924259536008094073622487485409e-01
3.4545499049187583517905864027852658182383e-01
7.1179175237534686448981346984510309994221e-01
8.5443052157991239425882668001577258110046e-01
8.3792970284048429174816874365205876529217e-01
5.8745557549231985916549092507921159267426e-01
7.8984184571583337941547142690978944301605e-01
5.3445832618027289129258861066773533821106e-01
3.6097658585923619867230627278331667184830e-01
5.4462142455367479332295488347881473600864e-01
5.8554627428582040060689450911013409495354e-01
5.1407378531578773461774289899040013551712e-01
6.9061925258859513387932338446262292563915e-01
5.7613664066115466422246527145034633576870e-01
4.1731305753908726208223356479720678180456e-01
1.3818008579495655308022605822770856320858e-01
5.1865635024026146560061079071601852774620e-01
7.0909677017264005627339429338462650775909e-01
6.4702381608954850911175071814795956015587e-01
4.6273418217466516511038321368687320500612e-01
1.0000000000000000000000000000000000000000e+00
3.6409434935861406668067274949862621724606e-01
3.7662827071230098319176704535493627190590e-01
8.1553697268411395882026226900052279233932e-01
7.3413827108744189597899776345002464950085e-01
9.7459739268424128155743346724193543195724e-01
7.0670570249540343166216871395590715110302e-01
1.0000000000000000000000000000000000000000e+00
4.2473419014907626278798602470487821847200e-01
1.8789952471756926621893057927081827074289e-01
6.0249758097139394230623565817950293421745e-01
6.0667399398429688872624865325633436441422e-01
5.9937876925088606760994025535183027386665e-01
0.0000000000000000000000000000000000000000e+00
8.0682333054052535192823825127561576664448e-01
6.5319328227620587767887627705931663513184e-01
3.6174219208696550831305671636073384433985e-01
1.0000000000000000000000000000000000000000e+00
1.0000000000000000000000000000000000000000e+00
3.9973428993364845673852414620341733098030e-01
5.8745557549232152450002786281402222812176e-01
1.0000000000000000000000000000000000000000e+00
4.6598600499093895122015851484320592135191e-01
4.8084894013888568320425065394374541938305e-01
6.7004246592171667895598830000380985438824e-01
7.3746995825874139818267849477706477046013e-01
3.3309929505297897200932766281766816973686e-01
3.6681912488625390000862580563989467918873e-01
6.0108647717340357718995846880716271698475e-01
5.3239706459766245050246880055055953562260e-01
6.4793991449683985273111375136068090796471e-01
3.0048499071906631385786567989271134138107e-01
3.0048499071906631385786567989271134138107e-01
5.6867479267219556149370873754378408193588e-01
5.7810736170924148513705631557968445122242e-01
7.2294031325054819436815023436793126165867e-01
6.8559317682204956589941957645351067185402e-01
4.5667258292806578445777176966657862067223e-01
5.4596655110097547236591708497144281864166e-01
5.9558219274497858908290481849689967930317e-01
6.6523790877954824818374390815733931958675e-01
5.9570216014316312858056789991678670048714e-01
3.2689152288118944467143478505022358149290e-01
3.8355202909156710378013599438418168574572e-01
9.2518485493187874180165408688480965793133e-01
4.5361986980875235175858506408985704183578e-01
4.2874890775916985052873542372253723442554e-01
5.7788997256366947397054900648072361946106e-01
5.6867479267219556149370873754378408193588e-01
5.6867479267219445127068411238724365830421e-01
3.4190555295596547491498995441361330449581e-01
4.7073411683856009046778012816503178328276e-01
9.6588700453961603975550076484068995341659e-02
2.6562355696598638488126198353711515665054e-01
2.3460256662807066341258632746757939457893e-01
1.3458028950850112540060798949070886010304e-02
0.0000000000000000000000000000000000000000e+00
0.0000000000000000000000000000000000000000e+00
2.5638978154325015035297496979183051735163e-01
7.1931574484822333181988085470948135480285e-02
9.3013521021967610069580700837832409888506e-02
1.1228593674043008121543607558123767375946e-01
2.3645369980754744193562899567950807977468e-02
2.5410798889031799285831425549986306577921e-01
2.1682457271296223799694757872202899307013e-01
2.3645369980754744193562899567950807977468e-02
0.0000000000000000000000000000000000000000e+00
1.9907802549398256886092895001638680696487e-01
2.5173008750723957493988791611627675592899e-01
1.3818008579495655308022605822770856320858e-01
0.0000000000000000000000000000000000000000e+00
3.0048499071906631385786567989271134138107e-01
9.6588700453961603975550076484068995341659e-02
0.0000000000000000000000000000000000000000e+00
2.6562355696598638488126198353711515665054e-01
2.3460256662807066341258632746757939457893e-01
1.3458028950850112540060798949070886010304e-02
0.0000000000000000000000000000000000000000e+00
0.0000000000000000000000000000000000000000e+00
2.5638978154325015035297496979183051735163e-01
7.1931574484822333181988085470948135480285e-02
9.3013521021967610069580700837832409888506e-02
1.1228593674043008121543607558123767375946e-01
2.3645369980754744193562899567950807977468e-02
2.5410798889031799285831425549986306577921e-01
2.1682457271296223799694757872202899307013e-01
2.3645369980754744193562899567950807977468e-02
0.0000000000000000000000000000000000000000e+00
1.9907802549398256886092895001638680696487e-01
2.5173008750723957493988791611627675592899e-01
1.3818008579495655308022605822770856320858e-01
0.0000000000000000000000000000000000000000e+00
3.0048499071906631385786567989271134138107e-01
9.6588700453961603975550076484068995341659e-02
0.0000000000000000000000000000000000000000e+00
0.0000000000000000000000000000000000000000e+00
2.6562355696598638488126198353711515665054e-01
2.3460256662807066341258632746757939457893e-01
1.3458028950850112540060798949070886010304e-02
0.0000000000000000000000000000000000000000e+00
0.0000000000000000000000000000000000000000e+00
2.5638978154325015035297496979183051735163e-01
7.1931574484822333181988085470948135480285e-02
9.3013521021967610069580700837832409888506e-02
1.1228593674043008121543607558123767375946e-01
2.3645369980754744193562899567950807977468e-02
2.5410798889031799285831425549986306577921e-01
2.1682457271296223799694757872202899307013e-01
2.3645369980754744193562899567950807977468e-02
0.0000000000000000000000000000000000000000e+00
1.9907802549398256886092895001638680696487e-01
2.5173008750723957493988791611627675592899e-01
1.3818008579495655308022605822770856320858e-01
0.0000000000000000000000000000000000000000e+00
3.0048499071906631385786567989271134138107e-01
9.6588700453961603975550076484068995341659e-02
0.0000000000000000000000000000000000000000e+00
0.0000000000000000000000000000000000000000e+00
0.0000000000000000000000000000000000000000e+00
8.8405628335759331548615591600537300109863e+01
3.8282818545470653770479430022533051669598e-01
