1
0
23
9.6727416572567881392075150870368815958500e-01
2.8399306305948074369283062878821510821581e-01
1.5386048247338948713469619633542606607080e-01
5.8018663243415868890906494925729930400848e-01
5.9221161569232315391442256213849759660661e-02
5.3615483715006628795407550569507293403149e-01
4.5713604774641042327587570071045774966478e-01
0.0000000000000000000000000000000000000000e+00
5.3103532799905162065101649204734712839127e-01
4.5042592891281768574529564830299932509661e-01
3.0350525020516255780833603239443618804216e-01
0.0000000000000000000000000000000000000000e+00
8.7750024096558409958390711835818365216255e-01
5.7522736783104133628796716948272660374641e-01
5.8866715272652747614756663097068667411804e-01
1.0000000000000000000000000000000000000000e+00
0.0000000000000000000000000000000000000000e+00
3.5777691978534059691341440156975295394659e-01
5.9221161569232315391442256213849759660661e-02
5.7212495059043710909918445395305752754211e-01
2.3144355564043847528488129228207981213927e-01
5.9221161569232315391442256213849759660661e-02
5.9221161569232315391442256213849759660661e-02
4.0901015433982601532392209264799021184444e-01
3.0903976598924098873055754665983840823174e-01
2.7579536056551601230779624529532156884670e-01
5.9575304083170588231865849593305028975010e-01
1.0000000000000000000000000000000000000000e+00
3.1590864484479563856211825623176991939545e-01
2.9843258457942722916556022028089500963688e-02
5.5970905935610615333786199698806740343571e-01
5.7522736783103745050738098143483512103558e-01
4.3674436937110749923363073321525007486343e-01
5.0619969503956008249900833106948994100094e-01
9.6640105024455613680345322791254147887230e-01
3.1925623898719346360763893244438804686069e-01
5.9292496848872611181491265597287565469742e-01
3.6402054000967409841393873648485168814659e-02
8.3530121589170447382599604679853655397892e-01
5.6865021934517445689749592929729260504246e-01
3.7894843141927925245227015693672001361847e-01
5.8607191406055836324640040402300655841827e-01
1.0000000000000000000000000000000000000000e+00
2.2987857691313606789407231190125457942486e-01
4.5222224622690648798695178811613004654646e-01
5.6004049486932083734558318610652349889278e-01
1.9970011473916561561825488979593501426280e-02
4.6781625301790863424855615448905155062675e-01
4.5042592891281818534565672962344251573086e-01
2.7401974140081758468667771921900566667318e-01
6.7253092636771250045768510972266085445881e-01
1.0000000000000000000000000000000000000000e+00
2.5957250616364557771476029301993548870087e-01
4.6948233148876250542258503628545440733433e-01
4.2193508149099268056403388982289470732212e-01
1.0000000000000000000000000000000000000000e+00
0.0000000000000000000000000000000000000000e+00
5.8411581825159430980676233957638032734394e-01
5.3365209130230117917648158254451118409634e-01
3.4954746270223124859910512896021828055382e-01
6.4853557138003592452690782010904513299465e-01
7.6981766402005391558560631892760284245014e-01
7.8639435552181424782247631810605525970459e-01
8.2301505247364492579009720429894514381886e-01
1.0000000000000000000000000000000000000000e+00
9.2303278459954485324345796470879577100277e-01
1.7515319142214261227685767607908928766847e-01
1.5599888488024599153547455898660700768232e-01
7.4619100094138490764095195117988623678684e-01
2.9898944774482955066829958923335652798414e-01
4.3491187610988224498953513830201700329781e-01
7.4513832821901015979193516614031977951527e-01
8.2084904660352919769650270609417930245399e-01
4.3491187610988224498953513830201700329781e-01
3.1590864484479547202866456245828885585070e-01
3.9939434373119142573926865225075744092464e-01
5.7406413107060405565107430447824299335480e-01
8.5008441233225839894771524996031075716019e-01
8.5700834525333469127161833966965787112713e-01
1.5610762520890755777891456546058179810643e-01
1.5386048247338948713469619633542606607080e-01
5.8918976655198784797562439052853733301163e-01
2.6777626895790485050952156598214060068130e-01
1.0000000000000000000000000000000000000000e+00
1.0000000000000000000000000000000000000000e+00
4.0886100114164386498671888148237485438585e-01
1.0000000000000000000000000000000000000000e+00
6.0837389676231745649914728346629999577999e-01
1.0000000000000000000000000000000000000000e+00
3.2838715947494675664750836903159329045376e-19
1.5599888488024599153547455898660700768232e-01
5.4817872481605545154081937653245404362679e-01
0.0000000000000000000000000000000000000000e+00
3.9495247431115371172793970799830276519060e-01
5.4857254008541345147165202433825470507145e-01
5.0400123589452872074900824372889474034309e-01
6.1558267657238507908346036856528371572495e-01
1.0000000000000000000000000000000000000000e+00
3.7997941148205383044000882364343851804733e-01
7.2033228750632660730701672946452163159847e-01
4.8830680536960524573686370786163024604321e-01
6.0341192819599598351487657055258750915527e-01
1.6562585199776325151077571717905811965466e-01
4.1448182662730426173425257729832082986832e-01
7.1508056674711351075046650294098071753979e-01
6.1067247059149765142649357585469260811806e-01
0.0000000000000000000000000000000000000000e+00
6.3144564928687862970235755710746161639690e-01
7.5830197152552936135094796554767526686192e-01
5.3657844352925010422694640510599128901958e-01
4.2379656320907632682803978241281583905220e-01
1.0000000000000000000000000000000000000000e+00
4.7840108104847067771459023788338527083397e-01
5.1556660245996366320753168110968545079231e-01
7.0454050170159154831139858288224786520004e-01
8.5088465269468627205640132160624489188194e-01
3.8347633972207567643053494066407438367605e-01
1.0000000000000000000000000000000000000000e+00
7.5830197152552769601641102781286463141441e-01
7.3023644349552285781612681603292003273964e-01
6.3649650848850902740139190427726134657860e-01
2.5933691860406327123200753703713417053223e-01
3.9934360364833354495317507826257497072220e-01
3.8663805461217332082313191676803398877382e-01
3.6894975951952296844282841448148246854544e-01
3.7974524502606527009973547137633431702852e-01
3.9705507926241845328974022777401842176914e-01
6.0916381911612882404938318359199911355972e-01
3.5436707260521849160994634075905196368694e-01
4.7633462637258255911731907872308511286974e-01
5.8974121069367591019272367702797055244446e-01
4.2193508149099351323130235869030002504587e-01
6.9147943236440501113548862122115679085255e-01
5.2228867529226763455341142616816796362400e-01
2.9299419014312855225057319330517202615738e-01
5.2720162124137293080394783828523941338062e-01
3.5804329233187104364333208650350570678711e-01
2.1399095662262349049065335293562384322286e-01
4.4547241909195711695446107114548794925213e-01
4.4808918239520384441121336749347392469645e-01
3.4245283047346497529161979400669224560261e-01
7.5148599135957827588327972989645786583424e-01
7.1761762540363527307363256113603711128235e-01
9.1349250061006537215746448055142536759377e-01
4.6668788279430850618467729873373173177242e-01
7.6538252331987977061800165756721980869770e-01
5.4046014286485732913689616907504387199879e-01
3.1671475516884145529061811430437956005335e-01
4.6668788279430850618467729873373173177242e-01
5.6438858412771464312385205630562268197536e-01
4.4127187695958103308413456034031696617603e-01
6.8268963597178700108969451321172527968884e-01
5.3014928937426764044005267351167276501656e-01
3.5436707260521849160994634075905196368694e-01
8.6538102607765704510356385981140192598104e-02
4.2432096904830612915660026374098379164934e-01
4.5816009694021281317688476519833784550428e-01
5.3277616986970954826574597973376512527466e-01
4.0136954396498875086152224866964388638735e-01
1.0000000000000000000000000000000000000000e+00
3.2697248526027422599327110219746828079224e-01
2.9175985685630245747290700819576159119606e-01
6.4170627102659294482833729489357210695744e-01
9.5038039848534294762316676496993750333786e-01
9.7797874287706410001419499167241156101227e-01
6.5587082261132978455719921839772723615170e-01
1.0000000000000000000000000000000000000000e+00
1.1641658611073935070123752666404470801353e-01
1.1641658611073799067803236084728268906474e-01
6.2887221661548742268621481343870982527733e-01
8.6595167625851621195920415630098432302475e-01
1.0000000000000000000000000000000000000000e+00
0.0000000000000000000000000000000000000000e+00
7.0461891462403569708072836874634958803654e-01
5.2598446879742388748724124525324441492558e-01
2.4336412087641456913900128711247816681862e-01
1.0000000000000000000000000000000000000000e+00
1.0000000000000000000000000000000000000000e+00
2.9007985120816648372255031063104979693890e-01
4.8726890876847461786525173010886646807194e-01
1.0000000000000000000000000000000000000000e+00
4.9125317792116884874076276901178061962128e-01
4.2438249325329363559333728517231065779924e-01
5.0543974581423323222395538323326036334038e-01
6.4401976891970180716384675179142504930496e-01
2.6777626895790551664333634107606485486031e-01
3.8714725915230679964551541161199565976858e-01
4.8726890876847728240051083048456348478794e-01
5.0543974581423511960309724599937908351421e-01
6.1387728481395298363310075728804804384708e-01
1.0057305175465380830956974023138172924519e-01
9.6207930357811582977589637266646604984999e-02
4.6915336310928684726562210016709286719561e-01
4.7277713250477387818548891118553001433611e-01
6.1064450261667235775320250468212179839611e-01
6.9411507834260022242744980758288875222206e-01
2.4408655373806492638877330136892851442099e-01
4.3511399016059310040915875106293242424726e-01
5.4331340212270218259504872548859566450119e-01
5.3061318299444870660863671218976378440857e-01
3.8489823519947025109999572123342659324408e-01
2.6756651286383409393820898003468755632639e-01
2.9555643752041954597231665502476971596479e-01
9.9088251403673877071298647933872416615486e-01
3.0545137008181211246693465000134892761707e-01
3.8448385711505250750263940062723122537136e-01
4.8520380956811115513716003988520242273808e-01
4.9850896209389239377429703381494618952274e-01
5.0408025396307831744735494794440455734730e-01
3.1454246853676059991755664668744429945946e-01
4.0641754799779211682064783417445141822100e-01
4.3412231797240817543492852337294607423246e-02
1.5386048247338948713469619633542606607080e-01
5.9221161569232315391442256213849759660661e-02
0.0000000000000000000000000000000000000000e+00
0.0000000000000000000000000000000000000000e+00
0.0000000000000000000000000000000000000000e+00
5.9221161569232315391442256213849759660661e-02
2.9843258457942722916556022028089500963688e-02
3.6402054000967409841393873648485168814659e-02
1.9970011473916561561825488979593501426280e-02
0.0000000000000000000000000000000000000000e+00
1.5599888488024599153547455898660700768232e-01
1.5610762520890755777891456546058179810643e-01
0.0000000000000000000000000000000000000000e+00
0.0000000000000000000000000000000000000000e+00
2.5933691860406327123200753703713417053223e-01
2.1399095662262349049065335293562384322286e-01
8.6538102607765704510356385981140192598104e-02
0.0000000000000000000000000000000000000000e+00
9.6207930357811582977589637266646604984999e-02
4.3412231797240817543492852337294607423246e-02
0.0000000000000000000000000000000000000000e+00
1.5386048247338948713469619633542606607080e-01
5.9221161569232315391442256213849759660661e-02
0.0000000000000000000000000000000000000000e+00
0.0000000000000000000000000000000000000000e+00
0.0000000000000000000000000000000000000000e+00
5.9221161569232315391442256213849759660661e-02
2.9843258457942722916556022028089500963688e-02
3.6402054000967409841393873648485168814659e-02
1.9970011473916561561825488979593501426280e-02
0.0000000000000000000000000000000000000000e+00
1.5599888488024599153547455898660700768232e-01
1.5610762520890755777891456546058179810643e-01
0.0000000000000000000000000000000000000000e+00
0.0000000000000000000000000000000000000000e+00
2.5933691860406327123200753703713417053223e-01
2.1399095662262349049065335293562384322286e-01
8.6538102607765704510356385981140192598104e-02
0.0000000000000000000000000000000000000000e+00
9.6207930357811582977589637266646604984999e-02
4.3412231797240817543492852337294607423246e-02
0.0000000000000000000000000000000000000000e+00
0.0000000000000000000000000000000000000000e+00
1.5386048247338948713469619633542606607080e-01
5.9221161569232315391442256213849759660661e-02
0.0000000000000000000000000000000000000000e+00
0.0000000000000000000000000000000000000000e+00
0.0000000000000000000000000000000000000000e+00
5.9221161569232315391442256213849759660661e-02
2.9843258457942722916556022028089500963688e-02
3.6402054000967409841393873648485168814659e-02
1.9970011473916561561825488979593501426280e-02
0.0000000000000000000000000000000000000000e+00
1.5599888488024599153547455898660700768232e-01
1.5610762520890755777891456546058179810643e-01
0.0000000000000000000000000000000000000000e+00
0.0000000000000000000000000000000000000000e+00
2.5933691860406327123200753703713417053223e-01
2.1399095662262349049065335293562384322286e-01
8.6538102607765704510356385981140192598104e-02
0.0000000000000000000000000000000000000000e+00
9.6207930357811582977589637266646604984999e-02
4.3412231797240817543492852337294607423246e-02
0.0000000000000000000000000000000000000000e+00
0.0000000000000000000000000000000000000000e+00
0.0000000000000000000000000000000000000000e+00
8.9882442642267974974856770131736993789673e+01
2.6966839506321643726849401900835800915956e-01
