1
0
23
6.6152472460027245126923389761941507458687e-01
3.9050658864702686434711154106480535119772e-01
5.1965473871421008489335235935868695378304e-01
6.9629136030456262318466542637906968593597e-01
3.7251242125775291258449328779533971101046e-01
8.4007211260649827799795730243204161524773e-01
7.4793863348707334548493008696823380887508e-01
4.0455154211913757489327281291480176150799e-01
7.4696032780347132451481684256577864289284e-01
7.7699478457953330412522063852520659565926e-01
6.8410614637023947626204289917950518429279e-01
2.6301865797758100518066726181132253259420e-01
8.9226610101764558535819560347590595483780e-01
8.5636758145418667709236615337431430816650e-01
1.0000000000000000000000000000000000000000e+00
1.0000000000000000000000000000000000000000e+00
0.0000000000000000000000000000000000000000e+00
8.8750836019110390662234522096696309745312e-01
9.0574545723718280498815147439017891883850e-01
6.9802816830055702812529716538847424089909e-01
7.3082193367206138567837570008123293519020e-01
1.0000000000000000000000000000000000000000e+00
5.1960188296871367974461008998332545161247e-01
7.8422044942727897609557885516551323235035e-01
6.8984379712355781144594857323681935667992e-01
7.9578076440835643357019080212921835482121e-01
6.8410614637023947626204289917950518429279e-01
1.0000000000000000000000000000000000000000e+00
6.2210242691017947347376093603088520467281e-01
5.8377841082514725368213248657411895692348e-01
5.4011822919663854403182767782709561288357e-01
6.8099609937106231338788120410754345357418e-01
5.9056221379880213806501387807657010853291e-01
5.6565459500988179986080695016426034271717e-01
7.9787625209359247513418722519418224692345e-01
5.3731637371592866347924655201495625078678e-01
7.4884737641900611659906417116872034966946e-01
1.2408467223904968979031337994456407614052e-01
9.2382663219978278235089419467840343713760e-01
9.3854908149404270290006024879403412342072e-01
6.6040031686222600004754212932311929762363e-01
9.5138508594668746987110807822318747639656e-01
1.0000000000000000000000000000000000000000e+00
6.2344070887054847673880431102588772773743e-01
7.3356256180366918862034708581632003188133e-01
1.0000000000000000000000000000000000000000e+00
0.0000000000000000000000000000000000000000e+00
7.6722554853047753020689469849457964301109e-01
9.6076941612537980486052902051596902310848e-01
8.4632214819648099446425248970626853406429e-01
8.5220975533821674563483838937827385962009e-01
7.9506260237685966174581153609324246644974e-01
6.6422521916347720960516198829282075166702e-01
7.6019253019707211382893774498370476067066e-01
6.3155568271378836886498220337671227753162e-01
8.9308530573173516842189201270230114459991e-01
4.0102839334554379879804741904081311076880e-01
7.9460277796575429221093145315535366535187e-01
9.0098701802715019937295437557622790336609e-01
9.9317224847445528812528436901629902422428e-01
9.9865054450653145678984401456546038389206e-01
5.7962695739691394436476912233047187328339e-01
7.7235479300661680213124782312661409378052e-01
7.7342665871398796895164196030236780643463e-01
7.6601181938115547875867150651174597442150e-01
8.8590592356093300629993336769985035061836e-01
5.2213256613646308323950506746768951416016e-01
3.1703821110844665476236059475922957062721e-01
7.6008003316132466409271728480234742164612e-01
6.4640786952000572895826735475566238164902e-01
7.4751448604540249309735600036219693720341e-01
6.4640786952000572895826735475566238164902e-01
1.0000000000000000000000000000000000000000e+00
8.8245962428121627052490794085315428674221e-01
8.1033476193194575731837403509416617453098e-01
6.4640786952000572895826735475566238164902e-01
8.6078668650437928366869755336665548384190e-01
1.0000000000000000000000000000000000000000e+00
9.9650506659791227015432468760991469025612e-01
6.4640786952000572895826735475566238164902e-01
6.6996682454924938454610128246713429689407e-01
7.7699478457953086163456646318081766366959e-01
1.0000000000000000000000000000000000000000e+00
7.9784631215543944104950924156582914292812e-01
6.7813131088090994325057181413285434246063e-01
8.3044635651064657722031370212789624929428e-01
1.0000000000000000000000000000000000000000e+00
8.2487262387119142381664005370112136006355e-01
4.8517975424270665119053091984824277460575e-01
7.2601079350496156017413795780157670378685e-01
5.9442774034741474586951426317682489752769e-01
8.2503438688403274436922174572828225791454e-01
4.4993258457636520208922092933789826929569e-01
7.7450102394703213004589770207530818879604e-01
1.0000000000000000000000000000000000000000e+00
1.0000000000000000000000000000000000000000e+00
5.8239134707946227376140768683399073779583e-01
1.0000000000000000000000000000000000000000e+00
1.0000000000000000000000000000000000000000e+00
7.9941547695595338574037214129930362105370e-01
5.4400777673027533865024452097713947296143e-01
6.4791678350232206895498165977187454700470e-01
7.2227486104711513537068867663037963211536e-01
6.4791678350232617678017277285107411444187e-01
9.0053010745840411654938861829577945172787e-01
6.7836838439125979327570803434355184435844e-01
0.0000000000000000000000000000000000000000e+00
6.7253253962226355877618289014208130538464e-01
6.9934953534409705078189745108829811215401e-01
6.4451262813272236495976130754570476710796e-01
5.5135172563827705705108428446692414581776e-01
7.8810664787699880040605648900964297354221e-01
8.8245962428121249576662421532091684639454e-01
7.7913475513330043842330496772774495184422e-01
6.4210218553310960398761153555824421346188e-01
4.2231818174894630857352240127511322498322e-01
7.7174759463052511332392668919055722653866e-01
8.6818551986444969514877811889164149761200e-01
9.2720427987355624743770476925419643521309e-01
1.0000000000000000000000000000000000000000e+00
8.8689180163166425607812470843782648444176e-01
2.0845855336790022893644902524101780727506e-01
5.7658928243306017957792164452257566154003e-01
5.8852377787882503845651172014186158776283e-01
7.5767872402128322306680274778045713901520e-01
5.7829552509744530652824323624372482299805e-01
6.7964540791321526036483646748820319771767e-01
6.8250467300442507756486065773060545325279e-01
7.6019253019707211382893774498370476067066e-01
5.6589607578421530220680324418935924768448e-01
9.6205112939951376027636342769255861639977e-01
8.3029032740338215567987845133757218718529e-01
6.9471336781131776128006549697602167725563e-01
7.2656770954217753111237243501818738877773e-01
6.8272453186893433674242714914726093411446e-01
1.0000000000000000000000000000000000000000e+00
5.6524371861080169310298515483736991882324e-01
3.1056052059809585719207802867458667606115e-01
7.8114406319368001607728047019918449223042e-01
9.0717848763767716668837692850502207875252e-01
7.3406919323769626029019264024100266396999e-01
7.6189260634888322787361403243266977369785e-01
9.1924232301379449339151506137568503618240e-01
7.9466046552380675827009781642118468880653e-01
7.9578076440835643357019080212921835482121e-01
6.2935499163713881642934211413376033306122e-01
9.2313746447297539976517555260215885937214e-01
8.7197020162800253917367854228359647095203e-01
9.0113711741128765808639400347601622343063e-01
8.6496519240970948239066729001933708786964e-01
8.9797999029748587496158052090322598814964e-01
7.9941547695595360778497706633061170578003e-01
7.4499529128961461399427435026154853403568e-01
6.8823320869634119212321365921525284647942e-01
6.2504930765024302452559368248330429196358e-01
1.0000000000000000000000000000000000000000e+00
1.0000000000000000000000000000000000000000e+00
1.0000000000000000000000000000000000000000e+00
1.0000000000000000000000000000000000000000e+00
1.0000000000000000000000000000000000000000e+00
1.0000000000000000000000000000000000000000e+00
5.8377841082514725368213248657411895692348e-01
8.3857893400868066535736033983994275331497e-01
3.1296639426551620122296526460559107363224e-01
9.6651620193303777739401994040235877037048e-01
9.7832099627214985648748779567540623247623e-01
1.0000000000000000000000000000000000000000e+00
1.0000000000000000000000000000000000000000e+00
3.2386672198796606636506112408824265003204e-01
1.0000000000000000000000000000000000000000e+00
5.9070424472596283482772605566424317657948e-01
6.8539511480413817245960217405809089541435e-01
0.0000000000000000000000000000000000000000e+00
8.3278294517072337654894909064751118421555e-01
7.4793863348707334548493008696823380887508e-01
8.2268830097466405515405085679958574473858e-01
7.6549628027255567364051103140809573233128e-01
8.3236513397841427330803298900718800723553e-01
6.4599663914218941052070022124098613858223e-01
6.4934540207000746026011483991169370710850e-01
7.3610018252303544006309721225989051163197e-01
9.5213935559669282682193625078070908784866e-01
8.8824648520623483705094258766621351242065e-01
8.0979780549442803572190996419521979987621e-01
8.0282224915940214593490509287221357226372e-01
7.4784406978048545422410597893758676946163e-01
4.7853354030481815017949998036783654242754e-01
6.5228782614714875265349292021710425615311e-01
7.4784406978048545422410597893758676946163e-01
6.2504930765024302452559368248330429196358e-01
5.8377841082514769777134233663673512637615e-01
3.2665577998660555447685283070313744246960e-01
8.1026172308202815131039642437826842069626e-01
8.1209977315831782807009631142136640846729e-01
1.0000000000000000000000000000000000000000e+00
8.4631074712234066748095528964768163859844e-01
6.3880538195014791025272415936342440545559e-01
6.4683226504912860743701230603619478642941e-01
8.4836595829122440903802271350286900997162e-01
6.4210218553310960398761153555824421346188e-01
6.4028711721010900248529651435092091560364e-01
4.0580409598241939939100575429620221257210e-01
4.6213428630351699455403036154166329652071e-01
7.7749386390709329663906146379304118454456e-01
7.7352172709704747344261477337568067014217e-01
6.9598345078251733220042751781875267624855e-01
7.8405800224027855094277583702933043241501e-01
7.8837981212115570972542855088249780237675e-01
6.2504930765024302452559368248330429196358e-01
6.9185080269298782074116616058745421469212e-01
7.3807506016610457955096080695511773228645e-01
3.7978168529504441330857389402808621525764e-01
5.1965473871421008489335235935868695378304e-01
3.7251242125775291258449328779533971101046e-01
4.0455154211913757489327281291480176150799e-01
2.6301865797758100518066726181132253259420e-01
0.0000000000000000000000000000000000000000e+00
5.1960188296871367974461008998332545161247e-01
5.8377841082514725368213248657411895692348e-01
1.2408467223904968979031337994456407614052e-01
0.0000000000000000000000000000000000000000e+00
4.0102839334554379879804741904081311076880e-01
3.1703821110844665476236059475922957062721e-01
6.4640786952000572895826735475566238164902e-01
4.4993258457636520208922092933789826929569e-01
0.0000000000000000000000000000000000000000e+00
2.0845855336790022893644902524101780727506e-01
3.1056052059809585719207802867458667606115e-01
6.2504930765024302452559368248330429196358e-01
0.0000000000000000000000000000000000000000e+00
3.2665577998660555447685283070313744246960e-01
3.7978168529504441330857389402808621525764e-01
0.0000000000000000000000000000000000000000e+00
5.1965473871421008489335235935868695378304e-01
3.7251242125775291258449328779533971101046e-01
4.0455154211913757489327281291480176150799e-01
2.6301865797758100518066726181132253259420e-01
0.0000000000000000000000000000000000000000e+00
5.1960188296871367974461008998332545161247e-01
5.8377841082514725368213248657411895692348e-01
1.2408467223904968979031337994456407614052e-01
0.0000000000000000000000000000000000000000e+00
4.0102839334554379879804741904081311076880e-01
3.1703821110844665476236059475922957062721e-01
6.4640786952000572895826735475566238164902e-01
4.4993258457636520208922092933789826929569e-01
0.0000000000000000000000000000000000000000e+00
2.0845855336790022893644902524101780727506e-01
3.1056052059809585719207802867458667606115e-01
6.2504930765024302452559368248330429196358e-01
0.0000000000000000000000000000000000000000e+00
3.2665577998660555447685283070313744246960e-01
3.7978168529504441330857389402808621525764e-01
0.0000000000000000000000000000000000000000e+00
0.0000000000000000000000000000000000000000e+00
5.1965473871421008489335235935868695378304e-01
3.7251242125775291258449328779533971101046e-01
4.0455154211913757489327281291480176150799e-01
2.6301865797758100518066726181132253259420e-01
0.0000000000000000000000000000000000000000e+00
5.1960188296871367974461008998332545161247e-01
5.8377841082514725368213248657411895692348e-01
1.2408467223904968979031337994456407614052e-01
0.0000000000000000000000000000000000000000e+00
4.0102839334554379879804741904081311076880e-01
3.1703821110844665476236059475922957062721e-01
6.4640786952000572895826735475566238164902e-01
4.4993258457636520208922092933789826929569e-01
0.0000000000000000000000000000000000000000e+00
2.0845855336790022893644902524101780727506e-01
3.1056052059809585719207802867458667606115e-01
6.2504930765024302452559368248330429196358e-01
0.0000000000000000000000000000000000000000e+00
3.2665577998660555447685283070313744246960e-01
3.7978168529504441330857389402808621525764e-01
0.0000000000000000000000000000000000000000e+00
0.0000000000000000000000000000000000000000e+00
0.0000000000000000000000000000000000000000e+00
7.3957132144905116888367047067731618881226e+01
7.0561285811839979942305944859981536865234e-01
