1
0
23
6.5745977293921176176638709875987842679024e-01
3.9476548024193686137195413721201475709677e-01
5.1076472835309094655542594409780576825142e-01
7.0218429355995182206129356927704066038132e-01
3.0354345765338858198489901951688807457685e-01
8.0505165920393206846483735716901719570160e-01
7.3727654965631628236621963878860697150230e-01
4.0071499997294685035953420992882456630468e-01
7.6759055846241908138694043373106978833675e-01
7.6759055846241908138694043373106978833675e-01
7.2487859288041112115763553447322919964790e-01
2.9658316659168360018838939140550792217255e-01
9.1991378712462501532343139842851087450981e-01
8.2789814130038785755516528297448530793190e-01
1.0000000000000000000000000000000000000000e+00
1.0000000000000000000000000000000000000000e+00
0.0000000000000000000000000000000000000000e+00
9.0422324411739163352308423782233148813248e-01
8.6476195320606386029993473130161873996258e-01
7.8927475955661796636064764243201352655888e-01
7.4893609259547899714704044527024962007999e-01
1.0000000000000000000000000000000000000000e+00
5.3542189980528420711891612882027402520180e-01
8.1797043531052382459023419869481585919857e-01
6.9306819929929841528348788415314629673958e-01
7.9413248862393148730376424282439984381199e-01
6.8552471379592372358047214220277965068817e-01
1.0000000000000000000000000000000000000000e+00
5.8248829491374909395062786643393337726593e-01
5.7184806203460947227057431518915109336376e-01
5.8737086483728095931411417041090317070484e-01
6.6994208493121165659545113157946616411209e-01
6.2068565394826225034563549343147315084934e-01
6.2068565394826225034563549343147315084934e-01
8.3444305306047772408106766306445933878422e-01
6.7455167117504799545457672138581983745098e-01
7.7505649823530065045673609347431920468807e-01
1.6862381008067678367368102954060304909945e-01
8.5955985001736889827839149802457541227341e-01
8.9875482117696914308169198193354532122612e-01
6.8780468036755282312810777511913329362869e-01
9.9203156513467050103827205020934343338013e-01
6.7757725477800145874596182693494483828545e-01
6.2418112458291441502211682745837606489658e-01
7.8942708525570193245357586420141160488129e-01
9.9878305564445080122482067963574081659317e-01
0.0000000000000000000000000000000000000000e+00
7.9192840277482567934441703982884064316750e-01
9.3895899993667808480779513047309592366219e-01
8.6642364818367045842251172871328890323639e-01
8.3358552710029065746510923418099991977215e-01
7.5978817680976129533831908702268265187740e-01
7.8927475955661796636064764243201352655888e-01
7.9205409542250582166644790049758739769459e-01
7.2052887449606006775582045520422980189323e-01
9.8102652326678474459242806915426626801491e-01
4.2111459879659435268095535320753697305918e-01
8.2002259468534133279860043330700136721134e-01
9.3012871232877114557879849598975852131844e-01
1.0000000000000000000000000000000000000000e+00
9.9810857911498851446907565332367084920406e-01
6.1594130525058043978958721709204837679863e-01
8.6476195320606752403591599431820213794708e-01
7.8942708525570193245357586420141160488129e-01
8.1271563058739759721760265165357850492001e-01
9.3524940717560434144672854017699137330055e-01
5.6079495993709926882075933463056571781635e-01
3.6421262881256716292810438062588218599558e-01
7.5611229614471997528823976608691737055779e-01
6.2642891745834261563175004994263872504234e-01
7.3088651958156303223290706227999180555344e-01
6.8815172396272761279334417849895544350147e-01
1.0000000000000000000000000000000000000000e+00
8.1633832443243437015922836508252657949924e-01
7.8942708525570126631976108910748735070229e-01
6.6915073677496028636824121349491178989410e-01
8.4556522517806254057859405293129384517670e-01
1.0000000000000000000000000000000000000000e+00
9.8777184634032511034718027076451107859612e-01
6.2642891745834261563175004994263872504234e-01
6.7241814339098515684867152231163345277309e-01
7.7235119496894466539771428870153613388538e-01
1.0000000000000000000000000000000000000000e+00
8.5639291988599741678456211957382038235664e-01
9.0996048293782316740418991685146465897560e-01
8.6610915262115140134113744352362118661404e-01
1.0000000000000000000000000000000000000000e+00
8.6845989685751912023903287263237871229649e-01
5.1449271589986556030282827123301103711128e-01
7.2854495120001339092397074637119658291340e-01
6.0098856112657361716600235013174824416637e-01
7.8220793128374221936383037245832383632660e-01
4.2583755309109860842653461077134124934673e-01
7.7822170215215646926765202806564047932625e-01
1.0000000000000000000000000000000000000000e+00
9.9810857911498829242447072829236276447773e-01
6.7025759778804239186200675248983316123486e-01
1.0000000000000000000000000000000000000000e+00
1.0000000000000000000000000000000000000000e+00
8.8435717073519082287447190537932328879833e-01
5.9174695558577306009340190939838066697121e-01
6.7970158152123205663741600801586173474789e-01
7.4390701078680909752449679217534139752388e-01
6.7970158152123205663741600801586173474789e-01
9.2444629565127789394551882651285268366337e-01
7.2854495120001339092397074637119658291340e-01
0.0000000000000000000000000000000000000000e+00
6.4818738779527529381141448538983240723610e-01
7.3727654965631628236621963878860697150230e-01
7.4508078945438760420927337690955027937889e-01
5.9940224761423077648458956900867633521557e-01
8.0834879818903537795904412632808089256287e-01
8.6476195320606641381289136916166171431541e-01
8.0834879818903537795904412632808089256287e-01
6.1816202369365258473266067085205577313900e-01
5.7297548416020871453468998879543505609035e-01
8.3358552710029065746510923418099991977215e-01
8.7041163677851440816368722153129056096077e-01
9.4059387524430204674530386910191737115383e-01
1.0000000000000000000000000000000000000000e+00
8.8836944357363534230387358547886833548546e-01
2.2040018059911864467537156997423153370619e-01
6.0955897145160098382632440916495397686958e-01
5.9251688246129852188914810540154576301575e-01
7.3088651958156303223290706227999180555344e-01
6.2068565394825347958374095469480380415916e-01
6.9398619574976028179236209325608797371387e-01
6.9719459715123266452252437375136651098728e-01
7.8942708525570193245357586420141160488129e-01
6.2068565394826225034563549343147315084934e-01
9.3995973624057338469128808355890214443207e-01
8.6642364818367045842251172871328890323639e-01
7.3590698706557311492559847465599887073040e-01
7.3590698706557300390329601214034482836723e-01
7.0891493332117017089899491111282259225845e-01
1.0000000000000000000000000000000000000000e+00
6.1816202369365258473266067085205577313900e-01
3.7961451228787179701384957297705113887787e-01
7.0386330323951518117553405318176373839378e-01
8.4765394519305403697728706902125850319862e-01
7.2224309005793929649996698572067543864250e-01
7.4714408448256852679492112656589597463608e-01
9.0438735731180175392296405334491282701492e-01
7.1421343813198079342186019857763312757015e-01
7.5863338298751437083211612844024784862995e-01
6.1816202369365258473266067085205577313900e-01
8.6973846688775957591843734917347319424152e-01
8.2426531026134308710595632874174043536186e-01
9.1403820895534759749523345817578956484795e-01
8.2793500773768369249694387690396979451180e-01
8.4938542161421426435197190585313364863396e-01
9.0002764764887588366804038741975091397762e-01
7.7104009245383731130374371787183918058872e-01
6.4616379018172054315982677508145570755005e-01
5.6294930448135871436932120559504255652428e-01
9.4979604968582764801254825215437449514866e-01
1.0000000000000000000000000000000000000000e+00
1.0000000000000000000000000000000000000000e+00
8.2676812933808874195307225818396545946598e-01
1.0000000000000000000000000000000000000000e+00
1.0000000000000000000000000000000000000000e+00
5.7184806203460947227057431518915109336376e-01
8.3066424376053760170179884880781173706055e-01
4.0317621727651220542298915461287833750248e-01
9.9590756130081092845074408614891581237316e-01
1.0000000000000000000000000000000000000000e+00
9.3353358711895129129487713726121000945568e-01
1.0000000000000000000000000000000000000000e+00
3.5994719960650034540350361567107029259205e-01
7.8914569107026311112207395126461051404476e-01
5.3652800644831544207846718563814647495747e-01
8.8242180005172698997739644255489110946655e-01
0.0000000000000000000000000000000000000000e+00
8.2211987800257557701399946381570771336555e-01
6.9306819929929841528348788415314629673958e-01
8.0964177833621275848230425253859721124172e-01
7.2487859288041112115763553447322919964790e-01
9.0389510002036077551679227326530963182449e-01
6.5436322863927243176362935628276318311691e-01
6.6947846841843638987512576932203955948353e-01
7.5154431308493141461468667330336757004261e-01
1.0000000000000000000000000000000000000000e+00
9.1042442744742035909411015381920151412487e-01
8.0970131146545609723830239090602844953537e-01
7.9959766219574890389054644401767291128635e-01
7.0771569693613756157901661936193704605103e-01
4.2453138505070286967679749068338423967361e-01
6.9298438117714333817076521881972439587116e-01
7.2632163185142184502751661057118326425552e-01
6.3477103719325544961549212530371733009815e-01
5.3892731515014258292239901493303477764130e-01
3.6231843956568143827468020390369929373264e-01
8.0505165920393151335332504459074698388577e-01
8.2002259468534255404392752097919583320618e-01
1.0000000000000000000000000000000000000000e+00
8.7298604740990959349744571227347478270531e-01
6.6132277652152693381282233531237579882145e-01
6.3276029079501494578607889707200229167938e-01
8.4957644881579008622196624855860136449337e-01
6.6915073677496028636824121349491178989410e-01
7.4484603051248865490663320088060572743416e-01
4.2111459879659435268095535320753697305918e-01
4.8355940686817222573523622486391104757786e-01
7.8942708525570126631976108910748735070229e-01
7.4765036741571433420716630280367098748684e-01
7.2638057801479938291322469012811779975891e-01
8.2946610203033388497573241693316958844662e-01
7.9983701974143761592728196774260140955448e-01
5.9149265453618060650597954008844681084156e-01
7.4073059680463115839188503741752356290817e-01
7.2638057801479938291322469012811779975891e-01
3.7823757325054530031849253646214492619038e-01
5.1076472835309094655542594409780576825142e-01
3.0354345765338858198489901951688807457685e-01
4.0071499997294685035953420992882456630468e-01
2.9658316659168360018838939140550792217255e-01
0.0000000000000000000000000000000000000000e+00
5.3542189980528420711891612882027402520180e-01
5.7184806203460947227057431518915109336376e-01
1.6862381008067678367368102954060304909945e-01
0.0000000000000000000000000000000000000000e+00
4.2111459879659435268095535320753697305918e-01
3.6421262881256716292810438062588218599558e-01
6.2642891745834261563175004994263872504234e-01
4.2583755309109860842653461077134124934673e-01
0.0000000000000000000000000000000000000000e+00
2.2040018059911864467537156997423153370619e-01
3.7961451228787179701384957297705113887787e-01
5.6294930448135871436932120559504255652428e-01
0.0000000000000000000000000000000000000000e+00
3.6231843956568143827468020390369929373264e-01
3.7823757325054530031849253646214492619038e-01
0.0000000000000000000000000000000000000000e+00
5.1076472835309094655542594409780576825142e-01
3.0354345765338858198489901951688807457685e-01
4.0071499997294685035953420992882456630468e-01
2.9658316659168360018838939140550792217255e-01
0.0000000000000000000000000000000000000000e+00
5.3542189980528420711891612882027402520180e-01
5.7184806203460947227057431518915109336376e-01
1.6862381008067678367368102954060304909945e-01
0.0000000000000000000000000000000000000000e+00
4.2111459879659435268095535320753697305918e-01
3.6421262881256716292810438062588218599558e-01
6.2642891745834261563175004994263872504234e-01
4.2583755309109860842653461077134124934673e-01
0.0000000000000000000000000000000000000000e+00
2.2040018059911864467537156997423153370619e-01
3.7961451228787179701384957297705113887787e-01
5.6294930448135871436932120559504255652428e-01
0.0000000000000000000000000000000000000000e+00
3.6231843956568143827468020390369929373264e-01
3.7823757325054530031849253646214492619038e-01
0.0000000000000000000000000000000000000000e+00
0.0000000000000000000000000000000000000000e+00
5.1076472835309094655542594409780576825142e-01
3.0354345765338858198489901951688807457685e-01
4.0071499997294685035953420992882456630468e-01
2.9658316659168360018838939140550792217255e-01
0.0000000000000000000000000000000000000000e+00
5.3542189980528420711891612882027402520180e-01
5.7184806203460947227057431518915109336376e-01
1.6862381008067678367368102954060304909945e-01
0.0000000000000000000000000000000000000000e+00
4.2111459879659435268095535320753697305918e-01
3.6421262881256716292810438062588218599558e-01
6.2642891745834261563175004994263872504234e-01
4.2583755309109860842653461077134124934673e-01
0.0000000000000000000000000000000000000000e+00
2.2040018059911864467537156997423153370619e-01
3.7961451228787179701384957297705113887787e-01
5.6294930448135871436932120559504255652428e-01
0.0000000000000000000000000000000000000000e+00
3.6231843956568143827468020390369929373264e-01
3.7823757325054530031849253646214492619038e-01
0.0000000000000000000000000000000000000000e+00
0.0000000000000000000000000000000000000000e+00
0.0000000000000000000000000000000000000000e+00
7.3950830828560114582614914979785680770874e+01
7.4018615048803171330149552886723540723324e-01
