1
0
23
6.5886698162468659845103502448182553052902e-01
3.8975515415943068342485844368638936430216e-01
5.1059270698161507429091443555080331861973e-01
6.9583753865328579202298442396568134427071e-01
3.6982649450423205061966314133314881473780e-01
8.3474955003892559179945465075434185564518e-01
7.3413066192120535191634189686737954616547e-01
4.0306825695180686919272261548030655831099e-01
7.5103879179211130434623555629514157772064e-01
7.6814771263841796766769220994319766759872e-01
6.5674487572755568809412807240732945501804e-01
2.4553562423766614464248903004772728309035e-01
8.7182895270314042512893593084299936890602e-01
8.1476085264945652397727826610207557678223e-01
1.0000000000000000000000000000000000000000e+00
1.0000000000000000000000000000000000000000e+00
0.0000000000000000000000000000000000000000e+00
8.7901305185359390748089936096221208572388e-01
9.0762082904253382764636626234278082847595e-01
6.8461619462557266047042503487318754196167e-01
7.2046420218302809068688929983181878924370e-01
1.0000000000000000000000000000000000000000e+00
5.0048870339429107900741655612364411354065e-01
7.8622266070138269178357859345851466059685e-01
6.9963937198292958097312066456652246415615e-01
7.9465371442329280071703578869346529245377e-01
6.7469028148948551049102206889074295759201e-01
1.0000000000000000000000000000000000000000e+00
5.9677871573360530277341240434907376766205e-01
5.8354122424425713955287164935725741088390e-01
5.5066488389035228578904934693127870559692e-01
6.8177135895573381940693025171640329062939e-01
5.9255578877168835205679897626396268606186e-01
5.6759386746881068663839187138364650309086e-01
7.8729422844774532563860702794045209884644e-01
5.5066488389034728978543853372684679925442e-01
7.5124454744786328674877040612045675516129e-01
1.2421339793300519016572280861510080285370e-01
9.0584852420135664186062740554916672408581e-01
9.4020493778181113420089332066709175705910e-01
6.7303312892870770234310384694254025816917e-01
9.5865081131277485315678177357767708599567e-01
5.9704812984644628492958418064517900347710e-01
5.9660460298597728368008574761915951967239e-01
7.5561658988132252012803746765712276101112e-01
9.8315336557478172352375622722320258617401e-01
0.0000000000000000000000000000000000000000e+00
7.8273294971547802134637095150537788867950e-01
9.5378436497498964019570166783523745834827e-01
8.4118528154339367031155916265561245381832e-01
8.3414020634873831117062081830226816236973e-01
7.8651476161534228381810862629208713769913e-01
6.7976887603071134424936872164835222065449e-01
7.7414145695610958597399076097644865512848e-01
6.4973950691996351647361507275491021573544e-01
9.0792786565287775246702040021773427724838e-01
4.1537177262870239591308063609176315367222e-01
7.8622266070138269178357859345851466059685e-01
9.0323081277623307183688439181423746049404e-01
1.0000000000000000000000000000000000000000e+00
9.7503807869712133538087073247879743576050e-01
5.8275064970528822616557818037108518183231e-01
7.7423143168403973923830108105903491377831e-01
7.7601318605555169582999042177107185125351e-01
7.7254605136089982142522103458759374916553e-01
8.9947191961558470296722589409910142421722e-01
5.3088346914786221919513309330795891582966e-01
3.2855575788776669732271784596377983689308e-01
7.4742892456044607296661297368700616061687e-01
6.4328467929200017216828655364224687218666e-01
7.5145926801753770707392732219886966049671e-01
6.4328467929200017216828655364224687218666e-01
1.0000000000000000000000000000000000000000e+00
8.6557573762617978641031868392019532620907e-01
8.1106823250649584533533698049723170697689e-01
6.4328467929200017216828655364224687218666e-01
8.3483261568664968166331163956783711910248e-01
1.0000000000000000000000000000000000000000e+00
1.0000000000000000000000000000000000000000e+00
6.4328467929200017216828655364224687218666e-01
6.5792416306621148702760137894074432551861e-01
7.8265355339422160163564967660931870341301e-01
1.0000000000000000000000000000000000000000e+00
7.9425659048276331386517767896293662488461e-01
7.2255770222396720203761333323200233280659e-01
8.2176141660248114284570419840747490525246e-01
1.0000000000000000000000000000000000000000e+00
8.1640474502602544681906238110968843102455e-01
4.8171962450983663028836190278525464236736e-01
7.1256436230091269035114009966491721570492e-01
5.8159282910630705210053292830707505345345e-01
7.9425659048276331386517767896293662488461e-01
4.1961057840931026419184490805491805076599e-01
7.7091413470496028548240019517834298312664e-01
1.0000000000000000000000000000000000000000e+00
1.0000000000000000000000000000000000000000e+00
5.7498189209428762769249487973866052925587e-01
1.0000000000000000000000000000000000000000e+00
1.0000000000000000000000000000000000000000e+00
8.1106823250649517920152220540330745279789e-01
5.4346018606585999588531876725028268992901e-01
6.6428421578772589572992046669241972267628e-01
7.2467763136141760682562562578823417425156e-01
6.6428421578771845723565547814359888434410e-01
9.1493412195511658602242732740705832839012e-01
6.4870837920147084165733986083068884909153e-01
0.0000000000000000000000000000000000000000e+00
6.6071880729366716522577007708605378866196e-01
7.0619321790487665779778581054415553808212e-01
6.7938660968242436943853590491926297545433e-01
5.4886695613269109728094008460175246000290e-01
8.2797836405227198675049748999299481511116e-01
8.7170261844943630613613549940055236220360e-01
7.8360786015316019614829201600514352321625e-01
6.3475962966955856714434958121273666620255e-01
4.4192430257963044581970279978122562170029e-01
7.7433659465332038696061545124393887817860e-01
8.6773528620353190810021715151378884911537e-01
9.3079384558514044467614212408079765737057e-01
9.9479869842090129505862705627805553376675e-01
8.8773182628962021833984863405930809676647e-01
2.0915646975381854688613714188250014558434e-01
5.8235800398467185701179005263838917016983e-01
5.9819483949774920894526530901202932000160e-01
7.5290920724093979288227274082601070404053e-01
5.8147425689439624640897363860858604311943e-01
6.5353442275316431242515591293340548872948e-01
6.9287502116893384673801392636960372328758e-01
7.7414145695610958597399076097644865512848e-01
5.7556613909732712297540047075017355382442e-01
9.4407904732152492233154816858586855232716e-01
8.4706341720858391308723867041408084332943e-01
7.0130201214904608342237679607933387160301e-01
7.2748786840026280486881660181097686290741e-01
6.7775034026183467172899099750793538987637e-01
1.0000000000000000000000000000000000000000e+00
5.6874827576490216696214474723092280328274e-01
3.3219837187309875226048916374566033482552e-01
7.5729255321680333246092686749761924147606e-01
9.0047896219471335044204352016095072031021e-01
7.3854436086359176449889218929456546902657e-01
7.5481746380697767317968782663228921592236e-01
9.7073219148850553583685041303397156298161e-01
7.8697895431851705438930366653949022293091e-01
7.9414713202048969886703844167641364037991e-01
6.3475659822273922117119582253508269786835e-01
9.0926387107865513925730738264974206686020e-01
8.7154529797233704080383631662698462605476e-01
9.0049967244254713882867235952289775013924e-01
8.5748051874036990138705505160032771527767e-01
8.8914892719776905671835720568196848034859e-01
8.1106823250649828782599115584162063896656e-01
7.3927284686354366449734243360580876469612e-01
6.8523634378067177497229067739681340754032e-01
6.1863315333896851111461501204757951200008e-01
1.0000000000000000000000000000000000000000e+00
1.0000000000000000000000000000000000000000e+00
1.0000000000000000000000000000000000000000e+00
1.0000000000000000000000000000000000000000e+00
1.0000000000000000000000000000000000000000e+00
1.0000000000000000000000000000000000000000e+00
5.8354122424425713955287164935725741088390e-01
8.4054792417229740042472485583857633173466e-01
3.3500108729894750858591123687801882624626e-01
1.0000000000000000000000000000000000000000e+00
9.8174139304649743476005596676259301602840e-01
1.0000000000000000000000000000000000000000e+00
1.0000000000000000000000000000000000000000e+00
3.4936673215848729201482569806103128939867e-01
1.0000000000000000000000000000000000000000e+00
5.5040038002735269806464657449396327137947e-01
6.7631182664320832476079203843255527317524e-01
0.0000000000000000000000000000000000000000e+00
8.2380273863306818782348273089155554771423e-01
7.3413066192120435271561973422649316489697e-01
8.1134491083242499254168933475739322602749e-01
7.3413066192120435271561973422649316489697e-01
7.5404445894486626933428397023817524313927e-01
6.1962799045441885326113151677418500185013e-01
6.4204275279213574023629007569979876279831e-01
7.2179599993176524197480148359318263828754e-01
1.0000000000000000000000000000000000000000e+00
8.6676887806752134224552719388157129287720e-01
8.1106823250649517920152220540330745279789e-01
7.9278019989182690885343163245124742388725e-01
7.1654393568532337432941403676522895693779e-01
4.6130158504027174437567282438976690173149e-01
6.6205998381312736178472277970286086201668e-01
7.2132765790876562927991244578151963651180e-01
6.2211428970920434888824956942698918282986e-01
5.8354122424425369786149531137198209762573e-01
3.2453345917908815732033644962939433753490e-01
8.0811467626388588936237056259415112435818e-01
8.2444237348090521066978908493183553218842e-01
1.0000000000000000000000000000000000000000e+00
8.3478043262224899123680188495200127363205e-01
6.4194041345923669172890413392451591789722e-01
6.3520775778774352104960598808247596025467e-01
8.4754113703383793243517629889538511633873e-01
6.3802626402517303993988662114134058356285e-01
6.6007975029899901286967178748454898595810e-01
4.1537177262870239591308063609176315367222e-01
4.6453833445804082469265949839609675109386e-01
7.7595318575234639713045226017129607498646e-01
7.5274016188673809057974040115368552505970e-01
7.1168544126381316772267382475547492504120e-01
7.9365310897336460715933981191483326256275e-01
7.9365310897336460715933981191483326256275e-01
6.1863315333896851111461501204757951200008e-01
7.4001131115921614522790150658693164587021e-01
7.3902953741932320141927448275964707136154e-01
3.7089235156711575225330079774721525609493e-01
5.1059270698161507429091443555080331861973e-01
3.6982649450423205061966314133314881473780e-01
4.0306825695180686919272261548030655831099e-01
2.4553562423766614464248903004772728309035e-01
0.0000000000000000000000000000000000000000e+00
5.0048870339429107900741655612364411354065e-01
5.8354122424425713955287164935725741088390e-01
1.2421339793300519016572280861510080285370e-01
0.0000000000000000000000000000000000000000e+00
4.1537177262870239591308063609176315367222e-01
3.2855575788776669732271784596377983689308e-01
6.4328467929200017216828655364224687218666e-01
4.1961057840931026419184490805491805076599e-01
0.0000000000000000000000000000000000000000e+00
2.0915646975381854688613714188250014558434e-01
3.3219837187309875226048916374566033482552e-01
6.1863315333896851111461501204757951200008e-01
0.0000000000000000000000000000000000000000e+00
3.2453345917908815732033644962939433753490e-01
3.7089235156711575225330079774721525609493e-01
0.0000000000000000000000000000000000000000e+00
5.1059270698161507429091443555080331861973e-01
3.6982649450423205061966314133314881473780e-01
4.0306825695180686919272261548030655831099e-01
2.4553562423766614464248903004772728309035e-01
0.0000000000000000000000000000000000000000e+00
5.0048870339429107900741655612364411354065e-01
5.8354122424425713955287164935725741088390e-01
1.2421339793300519016572280861510080285370e-01
0.0000000000000000000000000000000000000000e+00
4.1537177262870239591308063609176315367222e-01
3.2855575788776669732271784596377983689308e-01
6.4328467929200017216828655364224687218666e-01
4.1961057840931026419184490805491805076599e-01
0.0000000000000000000000000000000000000000e+00
2.0915646975381854688613714188250014558434e-01
3.3219837187309875226048916374566033482552e-01
6.1863315333896851111461501204757951200008e-01
0.0000000000000000000000000000000000000000e+00
3.2453345917908815732033644962939433753490e-01
3.7089235156711575225330079774721525609493e-01
0.0000000000000000000000000000000000000000e+00
0.0000000000000000000000000000000000000000e+00
5.1059270698161507429091443555080331861973e-01
3.6982649450423205061966314133314881473780e-01
4.0306825695180686919272261548030655831099e-01
2.4553562423766614464248903004772728309035e-01
0.0000000000000000000000000000000000000000e+00
5.0048870339429107900741655612364411354065e-01
5.8354122424425713955287164935725741088390e-01
1.2421339793300519016572280861510080285370e-01
0.0000000000000000000000000000000000000000e+00
4.1537177262870239591308063609176315367222e-01
3.2855575788776669732271784596377983689308e-01
6.4328467929200017216828655364224687218666e-01
4.1961057840931026419184490805491805076599e-01
0.0000000000000000000000000000000000000000e+00
2.0915646975381854688613714188250014558434e-01
3.3219837187309875226048916374566033482552e-01
6.1863315333896851111461501204757951200008e-01
0.0000000000000000000000000000000000000000e+00
3.2453345917908815732033644962939433753490e-01
3.7089235156711575225330079774721525609493e-01
0.0000000000000000000000000000000000000000e+00
0.0000000000000000000000000000000000000000e+00
0.0000000000000000000000000000000000000000e+00
7.2901976722937405384072917513549327850342e+01
7.1095965761041712838164130516815930604935e-01
