1
0
23
6.6912520068410918927526154220686294138432e-01
4.0812211992106156577264641782676335424185e-01
5.2000031215123632133412456823862157762051e-01
7.1160594626601281209588023557444103062153e-01
3.2624394827158648135778662435768637806177e-01
8.6535089803601228375384835089789703488350e-01
7.9210712204360911314893201051745563745499e-01
3.2507975595549459812971804240078199654818e-01
8.3791112194981731686738157804938964545727e-01
8.1668358953426922752782957104500383138657e-01
7.1542989322635697213570438179885968565941e-01
3.2983243689899105488549935216724406927824e-01
9.1731559300718101823690631135832518339157e-01
8.9778857538503342716751376428874209523201e-01
1.0000000000000000000000000000000000000000e+00
1.0000000000000000000000000000000000000000e+00
0.0000000000000000000000000000000000000000e+00
9.3237024740452723037265059247147291898727e-01
8.6107225428672740097368887290940620005131e-01
7.6573600302493438629625188696081750094891e-01
7.2249598706751494425759574369294568896294e-01
1.0000000000000000000000000000000000000000e+00
5.4197999345403102822160690266173332929611e-01
8.2911892772637796333867754583479836583138e-01
7.3299360014630077220232351464801467955112e-01
7.7981715960444231150461291690589860081673e-01
7.1901933301597120706816212987178005278111e-01
1.0000000000000000000000000000000000000000e+00
5.9895509013339287562871504633221775293350e-01
5.8508436059731627754132432528422214090824e-01
6.2110810033234797877810251520713791251183e-01
6.9924757573536344690268151680356822907925e-01
6.9206711512527518959103645102004520595074e-01
7.0943309827895972841105276529560796916485e-01
8.3457290625342162027067161034210585057735e-01
7.5786596849699816580425704160006716847420e-01
8.2004068658950235448656940207001753151417e-01
2.4481170849857392113335663452744483947754e-01
8.0922579350783430118809747000341303646564e-01
8.6107225428673572764637356158345937728882e-01
7.2427123414543226331829828268382698297501e-01
8.9310289760126126967776372111984528601170e-01
6.9263235005815337874679471497074700891972e-01
6.2349846213773296721427641386981122195721e-01
7.7462009494386474539595610622200183570385e-01
1.0000000000000000000000000000000000000000e+00
0.0000000000000000000000000000000000000000e+00
7.9761421520333253276646701124263927340508e-01
9.4524302390517200844755052457912825047970e-01
8.8437176896841551698713601581403054296970e-01
8.8644223909811437067673978162929415702820e-01
8.0089906713306702190635633087367750704288e-01
8.6328406733427265340452549935434944927692e-01
8.2911892772637796333867754583479836583138e-01
8.1502866999361267552615117892855778336525e-01
1.0000000000000000000000000000000000000000e+00
4.6606967551305233943281791653134860098362e-01
8.3311111721707287181004630838287994265556e-01
9.5047691794934219267076969117624685168266e-01
1.0000000000000000000000000000000000000000e+00
1.0000000000000000000000000000000000000000e+00
5.9246130866237711742883220722433179616928e-01
9.3237024740452678628344074240885674953461e-01
8.6372767456277010911236402534996159374714e-01
8.9334838978899322459170662114047445356846e-01
9.9038049447754850085345879051601514220238e-01
5.9776034735896299565638400963507592678070e-01
3.5897642969696336168183847803447861224413e-01
7.8692708655077159285440302483038976788521e-01
6.2621062045562803088927239514305256307125e-01
7.3807055431746138030035808696993626654148e-01
7.3438582908261584858422565957880578935146e-01
1.0000000000000000000000000000000000000000e+00
7.8078435042204374916252618277212604880333e-01
7.5902650438960073131511308019980788230896e-01
7.3807055431746293461259256218909285962582e-01
8.1903493719914433057738278876058757305145e-01
1.0000000000000000000000000000000000000000e+00
9.8785937087017450242143468130961991846561e-01
6.2621062045562803088927239514305256307125e-01
7.0014034116679824126805442574550397694111e-01
8.5667416477234925586969893629429861903191e-01
1.0000000000000000000000000000000000000000e+00
9.4968527968319360610394141986034810543060e-01
1.0000000000000000000000000000000000000000e+00
7.6600142127528592084217962110415101051331e-01
9.5689442558786463877140704425983130931854e-01
9.4610172715803597665029656127444468438625e-01
5.2517022442620620026332289853598922491074e-01
7.1980175972616322610520001035183668136597e-01
5.9122107517091848638557394224335439503193e-01
8.0061021069878313127787805569823831319809e-01
4.4173298897992196998529834672808647155762e-01
8.2911892772637840742788739589741453528404e-01
1.0000000000000000000000000000000000000000e+00
9.8263401684631546117998368572443723678589e-01
7.1475591011299233201725655817426741123199e-01
9.3044454059341108465019942741491831839085e-01
1.0000000000000000000000000000000000000000e+00
9.2020510268401967124418661114759743213654e-01
7.0343414782930524520310200387029908597469e-01
7.4336514462692826477052676636958494782448e-01
7.1936086287441070030723722084076143801212e-01
6.5368773620259712497926329888287000358105e-01
9.1457776479634445010447052482049912214279e-01
7.7263086062434971346135625935858115553856e-01
0.0000000000000000000000000000000000000000e+00
6.9172043884983724915116454212693497538567e-01
7.7823890795935057873577989084878936409950e-01
8.1425792004477148822161325369961559772491e-01
7.2584642678058375331318075041053816676140e-01
8.2147758024074379878953777733840979635715e-01
8.4304326693483944143991948294569738209248e-01
8.2284346246074635544687225774396210908890e-01
6.9924757573536344690268151680356822907925e-01
7.2375363695720007495282288800808601081371e-01
9.5850984991853815930795690292143262922764e-01
8.7551814016605922219582680554594844579697e-01
9.1066167396565256275664523855084553360939e-01
9.9294031543443161957895881641888990998268e-01
9.1457776479634400601526067475788295269012e-01
2.7224576810458400721870475535979494452477e-01
6.4782880619654958920250464871060103178024e-01
6.3007780329158447063520043229800648987293e-01
7.3807055431746138030035808696993626654148e-01
6.7501397845586030843634262055275030434132e-01
6.1860388547660982716536182124400511384010e-01
7.4475291486507899652025344039429910480976e-01
7.8820691676011334081408676865976303815842e-01
6.3846554522640641682329487593960948288441e-01
1.0000000000000000000000000000000000000000e+00
9.1161308632668036633361907661310397088528e-01
7.7346777713018755040508267484256066381931e-01
7.5970985503665555693686428639921359717846e-01
7.5317022707054126495762602644390426576138e-01
1.0000000000000000000000000000000000000000e+00
6.9183003650279828455893493810435757040977e-01
4.4591764733163619105482666782336309552193e-01
6.4782880619654747977875786091317422688007e-01
8.3883019954979021193253174715209752321243e-01
7.2573376231235586786283420224208384752274e-01
7.6180537371716139372068710144958458840847e-01
9.8000944177230042697601675172336399555206e-01
7.5637792082455512776562045473838225007057e-01
7.6148725068075295840941407732316292822361e-01
6.9924757573536344690268151680356822907925e-01
8.1903493719914866044717882687109522521496e-01
8.8322325878946439381422806036425754427910e-01
9.1407742011574943941099036237574182450771e-01
8.1903493719914433057738278876058757305145e-01
8.0427329138194336710654397393227554857731e-01
9.1407742011574433238507708665565587580204e-01
7.9266381818046660612253617728129029273987e-01
6.5605848882234907293309333908837288618088e-01
5.4721928823163379362881642009597271680832e-01
1.0000000000000000000000000000000000000000e+00
1.0000000000000000000000000000000000000000e+00
1.0000000000000000000000000000000000000000e+00
8.3814450606163015677907424105796962976456e-01
1.0000000000000000000000000000000000000000e+00
1.0000000000000000000000000000000000000000e+00
6.2379456084644446800524519858299754559994e-01
8.7594019094671904390736472123535349965096e-01
5.5780368603302910024410721234744414687157e-01
1.0000000000000000000000000000000000000000e+00
1.0000000000000000000000000000000000000000e+00
1.0000000000000000000000000000000000000000e+00
1.0000000000000000000000000000000000000000e+00
4.4590356920333684698221077269408851861954e-01
8.1352006526557296695045806700363755226135e-01
5.2747617273557656503157886618282645940781e-01
1.0000000000000000000000000000000000000000e+00
0.0000000000000000000000000000000000000000e+00
8.3037865635057894753146001676213927567005e-01
7.9210712204360900212662954800180159509182e-01
8.5446273475193357249679593223845586180687e-01
7.7382758429802145361264820166979916393757e-01
7.2712251480244982637657358282012864947319e-01
7.2725175825664289952499075297964736819267e-01
7.7166168575105598126384620627504773437977e-01
8.6150612181614716345023907706490717828274e-01
8.7639089998449826168780418811365962028503e-01
9.2612681841509303382053985842503607273102e-01
7.9010289147874301907137351008714176714420e-01
8.4319316914126762885217658549663610756397e-01
7.3549001385171108857718991203000769019127e-01
4.7154810445178779731989493484434206038713e-01
8.2593297398112430762751046131597831845284e-01
7.8820691676011334081408676865976303815842e-01
7.1007803891792364847646013004123233258724e-01
6.1231967000348197505132930018589831888676e-01
4.5167312530202818887659077518037520349026e-01
8.2323517854411809580028602795209735631943e-01
8.5323262129295451838828512336476705968380e-01
9.4794336451208205396312678203685209155083e-01
9.3360771918668816748976269082049839198589e-01
6.3769728466809139089122027144185267388821e-01
7.4399234057951890708437758803484030067921e-01
8.8497414217549807968765662735677324235439e-01
7.6362094533280033825661803348339162766933e-01
7.8300330289085451340724830515682697296143e-01
4.6606967551305233943281791653134860098362e-01
5.4339053099959511161642922161263413727283e-01
8.1903493719915132498243792724679224193096e-01
7.6600142127528547675296977104153484106064e-01
7.0915944685007781256302905603661201894283e-01
9.0521219554450926825239776007947511970997e-01
7.9289851228395158422301847167545929551125e-01
6.1802159834341841015969976069754920899868e-01
7.9020035045551362262727934648864902555943e-01
7.9260404900249425974578798559377901256084e-01
4.3179686224749508349773918780556414276361e-01
5.2000031215123632133412456823862157762051e-01
3.2983243689899105488549935216724406927824e-01
3.2983243689899105488549935216724406927824e-01
3.2983243689899105488549935216724406927824e-01
3.2983243689899105488549935216724406927824e-01
5.4197999345403102822160690266173332929611e-01
5.8508436059731627754132432528422214090824e-01
3.2983243689899105488549935216724406927824e-01
3.2983243689899105488549935216724406927824e-01
4.6606967551305233943281791653134860098362e-01
3.5897642969696336168183847803447861224413e-01
6.2621062045562803088927239514305256307125e-01
4.4173298897992196998529834672808647155762e-01
3.2983243689899105488549935216724406927824e-01
3.2983243689899105488549935216724406927824e-01
4.4591764733163619105482666782336309552193e-01
5.4721928823163379362881642009597271680832e-01
3.2983243689899105488549935216724406927824e-01
4.5167312530202818887659077518037520349026e-01
4.3179686224749508349773918780556414276361e-01
3.2983243689899105488549935216724406927824e-01
5.2000031215123632133412456823862157762051e-01
3.2624394827158648135778662435768637806177e-01
3.2507975595549459812971804240078199654818e-01
3.2983243689899105488549935216724406927824e-01
0.0000000000000000000000000000000000000000e+00
5.4197999345403102822160690266173332929611e-01
5.8508436059731627754132432528422214090824e-01
2.4481170849857392113335663452744483947754e-01
0.0000000000000000000000000000000000000000e+00
4.6606967551305233943281791653134860098362e-01
3.5897642969696336168183847803447861224413e-01
6.2621062045562803088927239514305256307125e-01
4.4173298897992196998529834672808647155762e-01
0.0000000000000000000000000000000000000000e+00
2.7224576810458400721870475535979494452477e-01
4.4591764733163619105482666782336309552193e-01
5.4721928823163379362881642009597271680832e-01
0.0000000000000000000000000000000000000000e+00
4.5167312530202818887659077518037520349026e-01
4.3179686224749508349773918780556414276361e-01
3.2983243689899105488549935216724406927824e-01
0.0000000000000000000000000000000000000000e+00
5.2000031215123632133412456823862157762051e-01
3.2624394827158648135778662435768637806177e-01
3.2507975595549459812971804240078199654818e-01
3.2983243689899105488549935216724406927824e-01
0.0000000000000000000000000000000000000000e+00
5.4197999345403102822160690266173332929611e-01
5.8508436059731627754132432528422214090824e-01
2.4481170849857392113335663452744483947754e-01
0.0000000000000000000000000000000000000000e+00
4.6606967551305233943281791653134860098362e-01
3.5897642969696336168183847803447861224413e-01
6.2621062045562803088927239514305256307125e-01
4.4173298897992196998529834672808647155762e-01
0.0000000000000000000000000000000000000000e+00
2.7224576810458400721870475535979494452477e-01
4.4591764733163619105482666782336309552193e-01
5.4721928823163379362881642009597271680832e-01
0.0000000000000000000000000000000000000000e+00
4.5167312530202818887659077518037520349026e-01
4.3179686224749508349773918780556414276361e-01
3.2983243689899105488549935216724406927824e-01
0.0000000000000000000000000000000000000000e+00
0.0000000000000000000000000000000000000000e+00
7.3712798603628272076093708164989948272705e+01
8.3183668623424189547677087830379605293274e-01
