1
0
23
6.6376409252839252417288662400096654891968e-01
3.9058847520426209776189807598711922764778e-01
5.1429369868913710206470568664371967315674e-01
6.9903719393851393437699925925699062645435e-01
3.7325631539461501251508934728917665779591e-01
8.4331836445914643007881750236265361309052e-01
7.3311401606044035439424533251440152525902e-01
4.0283754004605915044479047537606675177813e-01
7.5597000980888129362256222520954906940460e-01
7.7095938308379385883739587370655499398708e-01
6.5142600259664362738476484082639217376709e-01
2.4768447033466978179916395674808882176876e-01
8.6380612424312830377459704322973266243935e-01
8.0124761484058837357480342689086683094501e-01
1.0000000000000000000000000000000000000000e+00
1.0000000000000000000000000000000000000000e+00
0.0000000000000000000000000000000000000000e+00
8.7770138396287267212869664945174008607864e-01
9.1519487549346578703080012928694486618042e-01
6.8037711432255443266825523096485994756222e-01
7.1942004875446896594581858153105713427067e-01
1.0000000000000000000000000000000000000000e+00
4.8897898567160780203266767784953117370605e-01
7.9292409756181581048650741649908013641834e-01
6.9899762984007562938160162957501597702503e-01
7.9824024379178892818487156546325422823429e-01
6.7580592368193670438358822138980031013489e-01
1.0000000000000000000000000000000000000000e+00
5.8607375208046641468229154270375147461891e-01
5.7745717461900247791106721706455573439598e-01
5.6032732746335423001937670051120221614838e-01
6.8454167449465386230400554268271662294865e-01
6.0015458939090970957863646617624908685684e-01
5.8081317102467977520063868723809719085693e-01
8.0775200285055825943913987430278211832047e-01
5.7076278580885431157554421588429249823093e-01
7.5752331894199842476922412970452569425106e-01
1.2770674097190060081175033701583743095398e-01
8.8897662439672553436054158737533725798130e-01
9.3201758255734834524020016033318825066090e-01
6.4944088989107362497321673799888230860233e-01
9.6912100809213186369817094600875861942768e-01
5.9235136641267116530684688768815249204636e-01
6.0005702098586688464365579420700669288635e-01
7.6125266430994675825871809138334356248379e-01
1.0000000000000000000000000000000000000000e+00
0.0000000000000000000000000000000000000000e+00
7.7847184497645449674507744930451735854149e-01
9.4678856776384778815014442443498410284519e-01
8.5396324919620347770887747174128890037537e-01
8.3273895611787973614070779149187728762627e-01
7.7836030415810864013792524929158389568329e-01
6.8037711432255310040062568077701143920422e-01
7.6922944229512646430180211609695106744766e-01
6.6097725715162447546191515357349999248981e-01
9.0692436452258018420025109662674367427826e-01
4.1329909735492958988700706868257839232683e-01
7.9292409756181581048650741649908013641834e-01
8.9985809179487319386936405862797982990742e-01
1.0000000000000000000000000000000000000000e+00
9.8065858163376973255509483351488597691059e-01
5.8776086983512243477889569476246833801270e-01
7.8678236885047048154717685974901542067528e-01
7.8425538109847525714002358654397539794445e-01
7.8747484722918159594229337017168290913105e-01
9.1112452354686856992316279502119868993759e-01
5.3675888121324610846585301260347478091717e-01
3.4105438889774181143721420994552318006754e-01
7.4412751798647192025271124293794855475426e-01
6.4312025441033715544847382261650636792183e-01
7.5714159164779382127363760446314699947834e-01
6.4312025441033715544847382261650636792183e-01
9.8796992237047009943751163518754765391350e-01
8.5083829388754006473050139902625232934952e-01
8.1734037945344217845899947860743850469589e-01
6.4312025441033715544847382261650636792183e-01
8.3546048497967373425154846700024791061878e-01
1.0000000000000000000000000000000000000000e+00
1.0000000000000000000000000000000000000000e+00
6.4312025441033715544847382261650636792183e-01
6.5248818021349819229470767822931520640850e-01
7.7128190239570171282679211799404583871365e-01
1.0000000000000000000000000000000000000000e+00
7.8572785099196540414823175524361431598663e-01
7.2211121486450535744694434470147825777531e-01
8.2350991900304093551454798216582275927067e-01
1.0000000000000000000000000000000000000000e+00
8.2004368058940702024273150527733378112316e-01
4.6830733817680125774529642512788996100426e-01
6.9623559413954427821380477325874380767345e-01
5.7371021839689262389327950586448423564434e-01
7.8393056240319147764950002965633757412434e-01
3.9906004441871445465039869304746389389038e-01
7.8486841102786486512599140041857026517391e-01
1.0000000000000000000000000000000000000000e+00
1.0000000000000000000000000000000000000000e+00
5.9463211814046479375406306644435971975327e-01
1.0000000000000000000000000000000000000000e+00
9.9497126356904319610663378625758923590183e-01
8.2137632358559764522709656375809572637081e-01
5.5468813510434655800196424024761654436588e-01
7.0536550259394359407849606213858351111412e-01
7.2513396401836271998320171405794098973274e-01
6.7995479425914551185883283324074000120163e-01
9.0684838803149547814541620027739554643631e-01
6.3205046756664584606255630205851048231125e-01
0.0000000000000000000000000000000000000000e+00
6.4572588467577929360885491405497305095196e-01
7.2145614345888819940455505275167524814606e-01
6.9292422434494815863814665135578252375126e-01
5.5134603437673901371596230092109180986881e-01
8.4285194921199801942890417194576002657413e-01
8.8809515379975612070495571970241144299507e-01
7.8425538109847525714002358654397539794445e-01
6.2693131847996197425487707732827402651310e-01
4.6760908245967292007350124549702741205692e-01
7.7098595252917834219630321967997588217258e-01
8.7211103425786906662153796787606552243233e-01
9.2347250494825705580126395943807438015938e-01
1.0000000000000000000000000000000000000000e+00
9.0067834763689225141547467501368373632431e-01
2.0093487165981349651389109567389823496342e-01
5.8295412212659702966277563973562791943550e-01
6.0916565823298518544959279097383841872215e-01
7.5714159164779382127363760446314699947834e-01
5.8669405345053649014630536839831620454788e-01
6.5282343398486830654547929952968843281269e-01
6.7324493904056970094984535535331815481186e-01
7.7515802086282781235837546773836947977543e-01
5.8213782491861554291290303808636963367462e-01
9.4059357055803050062792181051918305456638e-01
8.3875165546460683785312539839651435613632e-01
7.1716153631756451858336731675080955028534e-01
7.3234213054785601837437525318819098174572e-01
6.5728953930397293614618092760792933404446e-01
1.0000000000000000000000000000000000000000e+00
5.6861706617334029090216063195839524269104e-01
3.4225069036084304618938745079503860324621e-01
7.3988902052052085700495354103622958064079e-01
8.9241669580889604329598796539357863366604e-01
7.4512891733930186610734835994662716984749e-01
7.4838011197618092840144754518405534327030e-01
9.6375273632923663669203051540534943342209e-01
7.8209480615586035590069968748139217495918e-01
7.8662089439339466512279841481358744204044e-01
6.3714291320377369753913399108569137752056e-01
8.8444450314735634233187511199503205716610e-01
8.6130458033548573659743397001875564455986e-01
9.0305025317716625110620043415110558271408e-01
8.5111221542377046844762844557408243417740e-01
8.6939969884920587084309318015584722161293e-01
8.2137632358559764522709656375809572637081e-01
7.4512891733930186610734835994662716984749e-01
6.8469952918489962456760622444562613964081e-01
6.1010982036264072014830617263214662671089e-01
1.0000000000000000000000000000000000000000e+00
1.0000000000000000000000000000000000000000e+00
1.0000000000000000000000000000000000000000e+00
1.0000000000000000000000000000000000000000e+00
1.0000000000000000000000000000000000000000e+00
1.0000000000000000000000000000000000000000e+00
5.7745717461900247791106721706455573439598e-01
7.5996086672443774467922139592701569199562e-01
3.5015200639262611392865665038698352873325e-01
1.0000000000000000000000000000000000000000e+00
9.8020486939457407427056523374631069600582e-01
1.0000000000000000000000000000000000000000e+00
1.0000000000000000000000000000000000000000e+00
3.8353566557701301853455788659630343317986e-01
1.0000000000000000000000000000000000000000e+00
5.7696439214965267172630092318286187946796e-01
7.3908655873954964832250880135688930749893e-01
0.0000000000000000000000000000000000000000e+00
8.2994547811895813538285437971353530883789e-01
7.3311401606044102052806010760832577943802e-01
8.0591066744935435650631916359998285770416e-01
7.2597058198134811757284978739335201680660e-01
1.0000000000000000000000000000000000000000e+00
6.1014236286348233484488901012809947133064e-01
6.4272235951234735207293624625890515744686e-01
7.3657368511721754700261044490616768598557e-01
1.0000000000000000000000000000000000000000e+00
8.6767738815027650733924247106187976896763e-01
8.2137632358559764522709656375809572637081e-01
8.0430753413935540674373214642400853335857e-01
6.9832683217591084989805949589936062693596e-01
4.7267359529412855678742744203191250562668e-01
6.7954094393657182848755837767384946346283e-01
7.2053187940521556953399340272881090641022e-01
6.2210341470971031174741483482648618519306e-01
5.7745717461898515843188306462252512574196e-01
3.4140216949683177549701440511853434145451e-01
8.1060128664676955878576336544938385486603e-01
8.3027184530020425867746780568268150091171e-01
1.0000000000000000000000000000000000000000e+00
8.4882100512224001320760180533397942781448e-01
6.6114705538346374424918394652195274829865e-01
6.3169777462215059848915643669897690415382e-01
8.5166805847285431685378398469765670597553e-01
6.4312025441033715544847382261650636792183e-01
6.5452955782511512694554767222143709659576e-01
4.1329909735492958988700706868257839232683e-01
4.6845173833191888768112676189048215746880e-01
7.7945991869600039780863198757288046181202e-01
7.4408422319939759859153127763420343399048e-01
7.2288611277547842881574524653842672705650e-01
8.0649301153713337519945980602642521262169e-01
8.0649301153712726897282436766545288264751e-01
6.1010982036264072014830617263214662671089e-01
7.4004031534504088885029204902821220457554e-01
7.3849831230286167027543342555873095989227e-01
3.7181744572699154671724386389541905373335e-01
5.1429369868913710206470568664371967315674e-01
3.7325631539461501251508934728917665779591e-01
4.0283754004605915044479047537606675177813e-01
2.4768447033466978179916395674808882176876e-01
0.0000000000000000000000000000000000000000e+00
4.8897898567160780203266767784953117370605e-01
5.7745717461900247791106721706455573439598e-01
1.2770674097190060081175033701583743095398e-01
0.0000000000000000000000000000000000000000e+00
4.1329909735492958988700706868257839232683e-01
3.4105438889774181143721420994552318006754e-01
6.4312025441033715544847382261650636792183e-01
3.9906004441871445465039869304746389389038e-01
0.0000000000000000000000000000000000000000e+00
2.0093487165981349651389109567389823496342e-01
3.4225069036084304618938745079503860324621e-01
6.1010982036264072014830617263214662671089e-01
0.0000000000000000000000000000000000000000e+00
3.4140216949683177549701440511853434145451e-01
3.7181744572699154671724386389541905373335e-01
0.0000000000000000000000000000000000000000e+00
5.1429369868913710206470568664371967315674e-01
3.7325631539461501251508934728917665779591e-01
4.0283754004605915044479047537606675177813e-01
2.4768447033466978179916395674808882176876e-01
0.0000000000000000000000000000000000000000e+00
4.8897898567160780203266767784953117370605e-01
5.7745717461900247791106721706455573439598e-01
1.2770674097190060081175033701583743095398e-01
0.0000000000000000000000000000000000000000e+00
4.1329909735492958988700706868257839232683e-01
3.4105438889774181143721420994552318006754e-01
6.4312025441033715544847382261650636792183e-01
3.9906004441871445465039869304746389389038e-01
0.0000000000000000000000000000000000000000e+00
2.0093487165981349651389109567389823496342e-01
3.4225069036084304618938745079503860324621e-01
6.1010982036264072014830617263214662671089e-01
0.0000000000000000000000000000000000000000e+00
3.4140216949683177549701440511853434145451e-01
3.7181744572699154671724386389541905373335e-01
0.0000000000000000000000000000000000000000e+00
0.0000000000000000000000000000000000000000e+00
5.1429369868913710206470568664371967315674e-01
3.7325631539461501251508934728917665779591e-01
4.0283754004605915044479047537606675177813e-01
2.4768447033466978179916395674808882176876e-01
0.0000000000000000000000000000000000000000e+00
4.8897898567160780203266767784953117370605e-01
5.7745717461900247791106721706455573439598e-01
1.2770674097190060081175033701583743095398e-01
0.0000000000000000000000000000000000000000e+00
4.1329909735492958988700706868257839232683e-01
3.4105438889774181143721420994552318006754e-01
6.4312025441033715544847382261650636792183e-01
3.9906004441871445465039869304746389389038e-01
0.0000000000000000000000000000000000000000e+00
2.0093487165981349651389109567389823496342e-01
3.4225069036084304618938745079503860324621e-01
6.1010982036264072014830617263214662671089e-01
0.0000000000000000000000000000000000000000e+00
3.4140216949683177549701440511853434145451e-01
3.7181744572699154671724386389541905373335e-01
0.0000000000000000000000000000000000000000e+00
0.0000000000000000000000000000000000000000e+00
0.0000000000000000000000000000000000000000e+00
7.0995513462762389167437504511326551437378e+01
7.1310691448970153771824698196724057197571e-01
