1
0
23
6.6382783701728487191218164298334158957005e-01
3.8752501558747315391073584578407462686300e-01
5.1964906277747302532077355863293632864952e-01
6.8969581884470210209059359840466640889645e-01
3.4176265473232747549303667256026528775692e-01
8.5345330126936791437231022428022697567940e-01
7.1206575156806284354615854681469500064850e-01
3.9249824835866126138128606726240832358599e-01
7.4339665365760654314186695046373642981052e-01
7.5339305222387331628652873405371792614460e-01
6.4741090899743736208904465456726029515266e-01
2.4082724580571529537920127950201276689768e-01
9.0562776303932102095473055669572204351425e-01
7.2101927039554813969601809731102548539639e-01
1.0000000000000000000000000000000000000000e+00
1.0000000000000000000000000000000000000000e+00
0.0000000000000000000000000000000000000000e+00
8.5972869295987752735754838795401155948639e-01
8.9526838352556437072848893876653164625168e-01
6.7434681066951251970920111489249393343925e-01
7.0781352652211826370631797544774599373341e-01
1.0000000000000000000000000000000000000000e+00
5.0759788725610899273732457004371099174023e-01
8.0101138400587090782067889449535869061947e-01
6.8227966528620453967590719912550412118435e-01
7.8105501634850316161617911348002962768078e-01
6.6129341388917550759174446284305304288864e-01
1.0000000000000000000000000000000000000000e+00
5.7474843814856124701861972425831481814384e-01
5.6422623947496763907594186093774624168873e-01
5.5562164104162647948470521441777236759663e-01
6.7234084273306460310948295955313369631767e-01
5.9066646172074266374352191633079200983047e-01
5.7242928199633258401490820688195526599884e-01
8.1035399360477877728214934904826804995537e-01
6.0378490727603639776077670831000432372093e-01
7.4851682562161026002200969742261804640293e-01
1.2274523156806411983144045052540604956448e-01
8.8176831137225142320801296591525897383690e-01
9.0379088447618105561787160695530474185944e-01
6.2132279145456970059768764258478768169880e-01
9.4028320342194349201747627375880256295204e-01
6.0893209625528210704459297630819492042065e-01
5.9678114005562465926857385056791827082634e-01
7.4912504653124156739352201839210465550423e-01
1.0000000000000000000000000000000000000000e+00
0.0000000000000000000000000000000000000000e+00
7.8360634876684143179659258748870342969894e-01
9.1886738627392727796205917911720462143421e-01
8.7284450251051770575116961481398902833462e-01
8.0683322000592139211505582352401688694954e-01
7.6123279422510359282227909716311842203140e-01
6.7944138573686807536233800419722683727741e-01
7.6486416180613792104026060769683681428432e-01
6.6097051749625446159797093059751205146313e-01
9.3716088710941158890221913679852150380611e-01
4.1043253138665131141138431303261313587427e-01
8.0101138400587090782067889449535869061947e-01
9.2096077034575207775901617424096912145615e-01
1.0000000000000000000000000000000000000000e+00
9.7164140369859919310613349807681515812874e-01
5.8533032013489327827215902289026416838169e-01
7.8776880677421967646978373522870242595673e-01
7.8520301443319462375569628420635126531124e-01
7.9169667439349800108772114981547929346561e-01
8.8686308440676597797391877975314855575562e-01
5.4231289579247254906135822238866239786148e-01
3.4673529800748659202014323454932309687138e-01
7.1923465084146842585255399171728640794754e-01
6.2603233979211347914883845078293234109879e-01
7.4970513411749617471713236227515153586864e-01
6.3527604583020591544340049949823878705502e-01
9.0820941221187634351252881970140151679516e-01
8.2169022411336667399694988489500246942043e-01
8.0989795404479736351532892513205297291279e-01
6.3164467824917991389810367763857357203960e-01
8.3504028818044417903365683741867542266846e-01
1.0000000000000000000000000000000000000000e+00
9.7986896831522329875951982103288173675537e-01
6.2603233979211347914883845078293234109879e-01
6.5082247541269078183745477872435003519058e-01
7.5339305222387509264336813430418260395527e-01
1.0000000000000000000000000000000000000000e+00
7.7973509188938705527505135250976309180260e-01
7.3453129333366129483096074181958101689816e-01
8.4480402368095186549368236228474415838718e-01
1.0000000000000000000000000000000000000000e+00
8.1636080718792725097188167637796141207218e-01
4.6966069165484825020939751993864774703979e-01
7.1501974518868371966107133630430325865746e-01
5.8140808653760445157132608073879964649677e-01
7.6428482482170045919644962850725278258324e-01
4.0161308555092389838137023616582155227661e-01
7.8832782924445898853349490309483371675014e-01
1.0000000000000000000000000000000000000000e+00
1.0000000000000000000000000000000000000000e+00
6.1191776721918889059281809750245884060860e-01
1.0000000000000000000000000000000000000000e+00
1.0000000000000000000000000000000000000000e+00
8.3560271371655348016105335773318074643612e-01
5.7147590399747383305140147058409638702869e-01
6.9556450444961348544836710061645135283470e-01
7.3937701584294057699509039593976922333241e-01
6.9556450444961326340376217558514326810837e-01
9.0293275322150035044899141212226822972298e-01
6.6585914463451767453250340622616931796074e-01
0.0000000000000000000000000000000000000000e+00
6.3887819273152934851367490409757010638714e-01
7.1206575156806839466128167259739711880684e-01
7.0494922034791862586189381545409560203552e-01
5.4265947005795245328130249617970548570156e-01
8.6776065768478150008746752064325846731663e-01
8.6948693160105483546118421145365573465824e-01
7.7735976331790512805497428416856564581394e-01
6.0267770054425107151274687566910870373249e-01
4.7864780969275477762181481011793948709965e-01
7.6996199012787891469145051814848557114601e-01
8.7338646252918461510006409298512153327465e-01
9.1975185990155383652933096527704037725925e-01
1.0000000000000000000000000000000000000000e+00
9.0293275322150934325549087589024566113949e-01
1.9384765270887435728575098892179084941745e-01
5.7452774001432938000277772516710683703423e-01
5.7452774001433060124810481283930130302906e-01
7.3950731913268241690673221455654129385948e-01
5.7863067721797800668781519561889581382275e-01
6.7846827008088217425552102213259786367416e-01
6.5787183234373991513876944736693985760212e-01
7.7265476985664049980329082245589233934879e-01
5.7863067721797800668781519561889581382275e-01
9.0528497772380556174454113715910352766514e-01
8.2839924705441758678858832354308106005192e-01
7.1923465084146298575973332845023833215237e-01
7.1923465084146331882664071599720045924187e-01
6.4609022229319135188774225753149949014187e-01
1.0000000000000000000000000000000000000000e+00
5.4920721106565062452631309497519396245480e-01
3.3856404697245534585192672238918021321297e-01
7.3378993791475222163711578104994259774685e-01
8.5799357416659194353059092463809065520763e-01
7.4148367774973078514477720091235823929310e-01
7.3478891195681539372230872686486691236496e-01
9.1638160490900277821424424473661929368973e-01
7.6408433377395335028836598212365061044693e-01
7.7511186587387925772674179825116880238056e-01
6.2062089856753643868358949475805275142193e-01
8.8872765765516847924487819909700192511082e-01
8.4080674611384698113880631353822536766529e-01
9.0426638007147841502586516071460209786892e-01
8.3549497779634340766108380194054916501045e-01
8.6157841010971547568431105901254341006279e-01
8.7547487453985317618077033330337144434452e-01
7.4148367774973078514477720091235823929310e-01
6.7838663591152237319903406387311406433582e-01
6.0169212263139670859857233153888955712318e-01
1.0000000000000000000000000000000000000000e+00
1.0000000000000000000000000000000000000000e+00
1.0000000000000000000000000000000000000000e+00
8.6855976870006890155906376094208098948002e-01
1.0000000000000000000000000000000000000000e+00
1.0000000000000000000000000000000000000000e+00
5.6422623947496763907594186093774624168873e-01
7.9462504534995270777386622285121120512486e-01
3.2499035207471216324393026297912001609802e-01
9.0589467528101796922612720663892105221748e-01
9.4760927145089213219364410178968682885170e-01
1.0000000000000000000000000000000000000000e+00
1.0000000000000000000000000000000000000000e+00
4.1188149701960863335870044465991668403149e-01
1.0000000000000000000000000000000000000000e+00
5.8304721252005053955258517817128449678421e-01
7.2172054774302141222364070927142165601254e-01
0.0000000000000000000000000000000000000000e+00
8.2215799998845850993234307679813355207443e-01
7.1206575156806417581378809700254350900650e-01
8.2468757672065018393681157249375246465206e-01
6.8592920069617235867553972639143466949463e-01
8.6970412138179808980709140087128616869450e-01
6.1433693991980653503759413069928996264935e-01
6.2548660876476558367897951029590331017971e-01
7.1699742532653876203596610139356926083565e-01
9.9048813112661471258491019398206844925880e-01
8.7284450251052936309292817895766347646713e-01
8.3560271371655348016105335773318074643612e-01
8.0836771962848741335250224437913857400417e-01
7.1545352167032105761279581201961264014244e-01
4.7500297413523129286261337256291881203651e-01
6.7728560728201281371241293527418747544289e-01
7.1691945882639129816737977307639084756374e-01
6.1703579080464499018177093603298999369144e-01
5.6422623947496575169679999817162752151489e-01
3.2731021013462424651407900455524213612080e-01
8.1055259603955065461633466838975436985493e-01
8.1729318159242148045251497023855336010456e-01
1.0000000000000000000000000000000000000000e+00
8.3919768294145957732155238772975280880928e-01
6.4281092793671035234837063399027101695538e-01
6.3629586157899020726347316667670384049416e-01
8.4739801592457375534195307409390807151794e-01
6.4418736812288945881022073081112466752529e-01
6.9604066626016514174324356645229272544384e-01
4.1043253138665131141138431303261313587427e-01
4.7423971722161190056610280407767277210951e-01
7.7564483576535436792909194991807453334332e-01
7.3816396087425295569062200229382142424583e-01
7.3900270499746256724904469592729583382607e-01
8.0714615712213244602679651507060043513775e-01
8.0714615712213244602679651507060043513775e-01
6.0169212263139670859857233153888955712318e-01
7.4695591699645424998976750430301763117313e-01
7.2139246708498816484933513493160717189312e-01
3.7022283627741847666925423254724591970444e-01
5.1964906277747302532077355863293632864952e-01
3.4176265473232747549303667256026528775692e-01
3.9249824835866126138128606726240832358599e-01
2.4082724580571529537920127950201276689768e-01
0.0000000000000000000000000000000000000000e+00
5.0759788725610899273732457004371099174023e-01
5.6422623947496763907594186093774624168873e-01
1.2274523156806411983144045052540604956448e-01
0.0000000000000000000000000000000000000000e+00
4.1043253138665131141138431303261313587427e-01
3.4673529800748659202014323454932309687138e-01
6.2603233979211347914883845078293234109879e-01
4.0161308555092389838137023616582155227661e-01
0.0000000000000000000000000000000000000000e+00
1.9384765270887435728575098892179084941745e-01
3.3856404697245534585192672238918021321297e-01
6.0169212263139670859857233153888955712318e-01
0.0000000000000000000000000000000000000000e+00
3.2731021013462424651407900455524213612080e-01
3.7022283627741847666925423254724591970444e-01
0.0000000000000000000000000000000000000000e+00
5.1964906277747302532077355863293632864952e-01
3.4176265473232747549303667256026528775692e-01
3.9249824835866126138128606726240832358599e-01
2.4082724580571529537920127950201276689768e-01
0.0000000000000000000000000000000000000000e+00
5.0759788725610899273732457004371099174023e-01
5.6422623947496763907594186093774624168873e-01
1.2274523156806411983144045052540604956448e-01
0.0000000000000000000000000000000000000000e+00
4.1043253138665131141138431303261313587427e-01
3.4673529800748659202014323454932309687138e-01
6.2603233979211347914883845078293234109879e-01
4.0161308555092389838137023616582155227661e-01
0.0000000000000000000000000000000000000000e+00
1.9384765270887435728575098892179084941745e-01
3.3856404697245534585192672238918021321297e-01
6.0169212263139670859857233153888955712318e-01
0.0000000000000000000000000000000000000000e+00
3.2731021013462424651407900455524213612080e-01
3.7022283627741847666925423254724591970444e-01
0.0000000000000000000000000000000000000000e+00
0.0000000000000000000000000000000000000000e+00
5.1964906277747302532077355863293632864952e-01
3.4176265473232747549303667256026528775692e-01
3.9249824835866126138128606726240832358599e-01
2.4082724580571529537920127950201276689768e-01
0.0000000000000000000000000000000000000000e+00
5.0759788725610899273732457004371099174023e-01
5.6422623947496763907594186093774624168873e-01
1.2274523156806411983144045052540604956448e-01
0.0000000000000000000000000000000000000000e+00
4.1043253138665131141138431303261313587427e-01
3.4673529800748659202014323454932309687138e-01
6.2603233979211347914883845078293234109879e-01
4.0161308555092389838137023616582155227661e-01
0.0000000000000000000000000000000000000000e+00
1.9384765270887435728575098892179084941745e-01
3.3856404697245534585192672238918021321297e-01
6.0169212263139670859857233153888955712318e-01
0.0000000000000000000000000000000000000000e+00
3.2731021013462424651407900455524213612080e-01
3.7022283627741847666925423254724591970444e-01
0.0000000000000000000000000000000000000000e+00
0.0000000000000000000000000000000000000000e+00
0.0000000000000000000000000000000000000000e+00
7.2115729975991996525408467277884483337402e+01
7.1804036172063101517437644361052662134171e-01
