1
0
23
6.6961769579767804749792503571370616555214e-01
3.8805972443705061269980660654255189001560e-01
5.2714799600269490742476818923023529350758e-01
6.9591081861428816246473161299945786595345e-01
3.2579669915855641315616253450571093708277e-01
8.2913060755472001162047490652184933423996e-01
7.1788380254127992508017541695153340697289e-01
3.8188238972800292447828951480914838612080e-01
7.4889582248274677578336877559195272624493e-01
7.6080785194118827341469568636966869235039e-01
6.7159718263738632515469362260773777961731e-01
2.7273046661518463018580860079964622855186e-01
8.8205515432076331272526203974848613142967e-01
7.4887728908413875306138152154744602739811e-01
1.0000000000000000000000000000000000000000e+00
1.0000000000000000000000000000000000000000e+00
0.0000000000000000000000000000000000000000e+00
8.6464058206536531514529997366480529308319e-01
8.9386099285684095239190583015442825853825e-01
6.9474602766633175576771463965997099876404e-01
7.0915320860879071940274798180325888097286e-01
1.0000000000000000000000000000000000000000e+00
5.0232111210933971801040343052591197192669e-01
8.0961634783247460322996857939870096743107e-01
6.9205640111525956736926445955759845674038e-01
7.8440321566955506504825734737096354365349e-01
6.7408851426294325026589149274514056742191e-01
1.0000000000000000000000000000000000000000e+00
5.7827621121330763376278127907426096498966e-01
5.5921370577657236733415402341051958501339e-01
5.6690186053685887035413770718150772154331e-01
6.7824802559217223230092486119247041642666e-01
5.9056320436713483079671505038277246057987e-01
5.8871531528837661717545870487811043858528e-01
8.1482593159073923860802324270480312407017e-01
6.1859304047722607489134816205478273332119e-01
7.5955202137895572178649672423489391803741e-01
1.3262248339769933114240529903327114880085e-01
8.8854962662435377218628218543017283082008e-01
9.1443737969449268021548959950450807809830e-01
6.3246232327482443391630795304081402719021e-01
9.5686489823171605451079813065007328987122e-01
6.4639009285883430866448406959534622728825e-01
5.6381219553699435387272842490347102284431e-01
7.5759823046653562705898821150185540318489e-01
9.9714235739975121131095647797337733209133e-01
0.0000000000000000000000000000000000000000e+00
7.9457057174148593148288455267902463674545e-01
9.2824788177473527284178089757915586233139e-01
8.6355817131256740193379073389223776757717e-01
8.1968774022111068333629191329237073659897e-01
7.6430791492672134346264556370442733168602e-01
7.0491647546899482978943751732003875076771e-01
7.7811629044979380154245518497191369533539e-01
6.8275096305936100460343141094199381768703e-01
9.3582815993218626537952786748064681887627e-01
4.1151202382365670295882864593295380473137e-01
8.1342322296200808562360862197238020598888e-01
9.2690823926649312802794611343415454030037e-01
1.0000000000000000000000000000000000000000e+00
9.6952333334065787795452706632204353809357e-01
5.8505533004407572761351730150636285543442e-01
7.6695065751230306894115074101136997342110e-01
7.8519370645286779009097699599806219339371e-01
7.8986102628378529466601776221068575978279e-01
8.9165312730811052688295603729784488677979e-01
5.3192881067476038836616680782753974199295e-01
3.4661499049675092987143898426438681781292e-01
7.2400796164864333892552394900121726095676e-01
6.2181422396776031558118802422541193664074e-01
7.4293025426667702593164221980259753763676e-01
6.5397545801383127894723656936548650264740e-01
9.3842453185357876943584187756641767919064e-01
8.2849481329808660756697236138279549777508e-01
8.0961634783247604651990059210220351815224e-01
6.4016708249073117631411378170014359056950e-01
8.5458524723134765554988234725897200405598e-01
1.0000000000000000000000000000000000000000e+00
9.7505619196205639553909350070171058177948e-01
6.2181422396776031558118802422541193664074e-01
6.5879520503857003088654664679779671132565e-01
7.6080785194118349945568979819654487073421e-01
1.0000000000000000000000000000000000000000e+00
8.1528875025441172041951176652219146490097e-01
7.6278435683999912253483444146695546805859e-01
8.4660138370219384373882576255709864199162e-01
1.0000000000000000000000000000000000000000e+00
8.2564566083155876974331022211117669939995e-01
4.6651217407775591450302954399376176297665e-01
7.2145881589239202469343581469729542732239e-01
5.8136359287381722538157191593199968338013e-01
7.6172050893397624804492807015776634216309e-01
4.0842526839657544712736125802621245384216e-01
7.8684117854622703802647265547420829534531e-01
1.0000000000000000000000000000000000000000e+00
1.0000000000000000000000000000000000000000e+00
6.3365766264856093759050281732925213873386e-01
1.0000000000000000000000000000000000000000e+00
1.0000000000000000000000000000000000000000e+00
8.6162160498350059967265224258881062269211e-01
5.7029264513386113133464050406473688781261e-01
6.9663483750239474368015635263873264193535e-01
7.3890874994958866128769159331568516790867e-01
6.9663483750238952563194061440299265086651e-01
9.0691216321360590413291902223136276006699e-01
6.9615577042448917310935030400287359952927e-01
0.0000000000000000000000000000000000000000e+00
6.3528473084624648148377445977530442178249e-01
7.2525642344878071821057119450415484607220e-01
6.9405406137406067124118180799996480345726e-01
5.5657293499993065744035902753239497542381e-01
8.7819812011506581672648508174461312592030e-01
8.9290872171513568922307513275882229208946e-01
7.8910631187965196708944404235808178782463e-01
5.9635313215418184196181528022862039506435e-01
4.8361972176071255091756029287353157997131e-01
7.7992185015050963237115411175182089209557e-01
8.6515726428153505445095561299240216612816e-01
9.2650660568963250085516847320832312107086e-01
1.0000000000000000000000000000000000000000e+00
9.0676011976759818278281954917474649846554e-01
1.8961067790495947371631757505383575335145e-01
5.8092499900602267981497561777359806001186e-01
5.7225317134639186456013248971430584788322e-01
7.2262612030565021026262684245011769235134e-01
5.9056320436713483079671505038277246057987e-01
6.8956515521187122796931134871556423604488e-01
6.5791118828543204699599300511181354522705e-01
7.7811629044979380154245518497191369533539e-01
5.9056320436713483079671505038277246057987e-01
9.5903490613548747489858214976266026496887e-01
8.2784440032459027936084794419002719223499e-01
7.1290451952618827391461309161968529224396e-01
7.1926141750047267731105193888652138411999e-01
6.7257084656938470601517110480926930904388e-01
1.0000000000000000000000000000000000000000e+00
5.6055302360100400793641028940328396856785e-01
3.5607028551151559403464830211305525153875e-01
7.1415801035442860733581937893177382647991e-01
8.6118241481823665228745312560931779444218e-01
7.2360880031851237959017453249543905258179e-01
7.4591594680868766875647679626126773655415e-01
9.2126388137632642116869874371332116425037e-01
7.6339997412146132216292926386813633143902e-01
7.6554979542562717753639844886492937803268e-01
6.1859304047722962760502696255571208894253e-01
9.0241835948444271142676598174148239195347e-01
8.3333890053911152673293827319866977632046e-01
9.0929139600737995952073333683074451982975e-01
8.2704543442866107483268933719955384731293e-01
8.5350628779110149224607084761373698711395e-01
9.0035153128789102705553659689030610024929e-01
7.4537562507127030908549158993992023169994e-01
6.7753592640300741578585075330920517444611e-01
5.9497627426717591969662635165150277316570e-01
9.9240147112189214251287694423808716237545e-01
1.0000000000000000000000000000000000000000e+00
1.0000000000000000000000000000000000000000e+00
7.8939188674070281948047522746492177248001e-01
1.0000000000000000000000000000000000000000e+00
1.0000000000000000000000000000000000000000e+00
5.5921370577657236733415402341051958501339e-01
8.0406971943688154702556403208291158080101e-01
2.9798153537986782346536074328469112515450e-01
9.2077002951138897657301640720106661319733e-01
9.6553464360529384080678028112743049860001e-01
1.0000000000000000000000000000000000000000e+00
1.0000000000000000000000000000000000000000e+00
4.3245745868854001958681010364671237766743e-01
1.0000000000000000000000000000000000000000e+00
5.6790722567718210367360143209225498139858e-01
7.5025920025489289955089589057024568319321e-01
0.0000000000000000000000000000000000000000e+00
8.1714526698625145062493402292602695524693e-01
7.1788380254127981405787295443587936460972e-01
8.3303808168287907243154677416896447539330e-01
7.1202669452604228084169335488695651292801e-01
8.9365856792787845552794578907196410000324e-01
6.1340878558137812426309665170265361666679e-01
6.2689636672546278362005978124216198921204e-01
7.2527315560847716024994724648422561585903e-01
1.0000000000000000000000000000000000000000e+00
8.7991288767507835899550627800635993480682e-01
8.4527525501286904230369145807344466447830e-01
7.9153042318780675312694938838831149041653e-01
7.1248343520823320673684975190553814172745e-01
4.7214796369313827284486251301132142543793e-01
6.7435783359406353820730828374507836997509e-01
7.2262612030565021026262684245011769235134e-01
6.1684207405756563691312521768850274384022e-01
5.5921370577657181222264171083224937319756e-01
3.5370106794129896332634643840719945728779e-01
8.0904956427786178796424110259977169334888e-01
8.3114176642230996883142779552144929766655e-01
1.0000000000000000000000000000000000000000e+00
8.5061479191776245833978009613929316401482e-01
6.4836776357327052799917055381229147315025e-01
6.2405169668478843725267779518617317080498e-01
8.4104007204287112298146666944376192986965e-01
6.5368000071995724375994996080407872796059e-01
6.9158104150428156842167481954675167798996e-01
4.1151202382365670295882864593295380473137e-01
4.7482102608840082158536688439198769629002e-01
7.7321267844210850306296833878150209784508e-01
7.2048542556822314786302285938290879130363e-01
7.3450518861393931935310774861136451363564e-01
8.1047390414977604766733065844164229929447e-01
8.1047390414977604766733065844164229929447e-01
5.9497627426717591969662635165150277316570e-01
7.9130519495931705975522163498681038618088e-01
7.3450518861393565561712648559478111565113e-01
3.6713174798059672321315360932203475385904e-01
5.2714799600269490742476818923023529350758e-01
3.2579669915855641315616253450571093708277e-01
3.8188238972800292447828951480914838612080e-01
2.7273046661518463018580860079964622855186e-01
0.0000000000000000000000000000000000000000e+00
5.0232111210933971801040343052591197192669e-01
5.5921370577657236733415402341051958501339e-01
1.3262248339769933114240529903327114880085e-01
0.0000000000000000000000000000000000000000e+00
4.1151202382365670295882864593295380473137e-01
3.4661499049675092987143898426438681781292e-01
6.2181422396776031558118802422541193664074e-01
4.0842526839657544712736125802621245384216e-01
0.0000000000000000000000000000000000000000e+00
1.8961067790495947371631757505383575335145e-01
3.5607028551151559403464830211305525153875e-01
5.9497627426717591969662635165150277316570e-01
0.0000000000000000000000000000000000000000e+00
3.5370106794129896332634643840719945728779e-01
3.6713174798059672321315360932203475385904e-01
0.0000000000000000000000000000000000000000e+00
5.2714799600269490742476818923023529350758e-01
3.2579669915855641315616253450571093708277e-01
3.8188238972800292447828951480914838612080e-01
2.7273046661518463018580860079964622855186e-01
0.0000000000000000000000000000000000000000e+00
5.0232111210933971801040343052591197192669e-01
5.5921370577657236733415402341051958501339e-01
1.3262248339769933114240529903327114880085e-01
0.0000000000000000000000000000000000000000e+00
4.1151202382365670295882864593295380473137e-01
3.4661499049675092987143898426438681781292e-01
6.2181422396776031558118802422541193664074e-01
4.0842526839657544712736125802621245384216e-01
0.0000000000000000000000000000000000000000e+00
1.8961067790495947371631757505383575335145e-01
3.5607028551151559403464830211305525153875e-01
5.9497627426717591969662635165150277316570e-01
0.0000000000000000000000000000000000000000e+00
3.5370106794129896332634643840719945728779e-01
3.6713174798059672321315360932203475385904e-01
0.0000000000000000000000000000000000000000e+00
0.0000000000000000000000000000000000000000e+00
5.2714799600269490742476818923023529350758e-01
3.2579669915855641315616253450571093708277e-01
3.8188238972800292447828951480914838612080e-01
2.7273046661518463018580860079964622855186e-01
0.0000000000000000000000000000000000000000e+00
5.0232111210933971801040343052591197192669e-01
5.5921370577657236733415402341051958501339e-01
1.3262248339769933114240529903327114880085e-01
0.0000000000000000000000000000000000000000e+00
4.1151202382365670295882864593295380473137e-01
3.4661499049675092987143898426438681781292e-01
6.2181422396776031558118802422541193664074e-01
4.0842526839657544712736125802621245384216e-01
0.0000000000000000000000000000000000000000e+00
1.8961067790495947371631757505383575335145e-01
3.5607028551151559403464830211305525153875e-01
5.9497627426717591969662635165150277316570e-01
0.0000000000000000000000000000000000000000e+00
3.5370106794129896332634643840719945728779e-01
3.6713174798059672321315360932203475385904e-01
0.0000000000000000000000000000000000000000e+00
0.0000000000000000000000000000000000000000e+00
0.0000000000000000000000000000000000000000e+00
7.4248961858132162205947679467499256134033e+01
7.2131212527490129460261414351407438516617e-01
