1
0
23
6.5088125589535128501239569231984205543995e-01
4.1268238168713683444721596060844603925943e-01
5.0994500086510441416720595952938310801983e-01
7.4606196580183314903678137852693907916546e-01
3.2727512036069328349441320824553258717060e-01
8.2766811600011869209936321567511186003685e-01
7.8154588174265349209690612042322754859924e-01
3.2579379614942849396896917824051342904568e-01
8.4651154297561537198646419710712507367134e-01
8.1018328905164460618237853850587271153927e-01
6.7536603759516833367371191343409009277821e-01
3.3047920991616969166315698203106876462698e-01
8.4651154297562014594547008528024889528751e-01
9.1532037833462309706078485760372132062912e-01
1.0000000000000000000000000000000000000000e+00
1.0000000000000000000000000000000000000000e+00
0.0000000000000000000000000000000000000000e+00
8.6648821756743454880478338964167051017284e-01
7.8367019555860129020885551653918810188770e-01
7.4270211528352980678846506634727120399475e-01
7.2384515289418549510713773997849784791470e-01
9.9862022627057056567423387605231255292892e-01
5.2662519941187524441517098239273764193058e-01
7.9648452745900955029867418488720431923866e-01
7.2281314480498826124943434479064308106899e-01
7.4270211528353247132372416672296822071075e-01
7.2245749328977781900107402179855853319168e-01
1.0000000000000000000000000000000000000000e+00
6.2391860685923228313498611896648071706295e-01
5.5001799134769346899531683448003605008125e-01
6.2434241864522754816846372705185785889626e-01
7.3323552250146006858955161078483797609806e-01
7.2431717614612434186227574173244647681713e-01
7.6075361499085614180870607015094719827175e-01
8.8046679681096884362290211356594227254391e-01
7.8367019555860384372181215439923107624054e-01
8.4054296472302958420641516568139195442200e-01
2.7386727774994840123312656032794620841742e-01
8.1169891980954200771947171233478002250195e-01
7.7075788413610024640831852593692019581795e-01
6.8081506290804227887747401837259531021118e-01
8.2837546791641669674532977296621538698673e-01
7.3039679454569217398329783463850617408752e-01
6.9702345844395119378589242842281237244606e-01
7.6074579399071473595483894314384087920189e-01
8.6139187411746354072761278075631707906723e-01
0.0000000000000000000000000000000000000000e+00
8.0598291989726733586252294117002747952938e-01
9.7719465997585563954430654121097177267075e-01
9.1018790796582427216065980246639810502529e-01
8.9992933030349242518042274241452105343342e-01
8.6849946238177344604025620355969294905663e-01
8.7160516557713518803751640007249079644680e-01
8.6012095506366692543309682150720618665218e-01
8.5369756411414543517679476281045936048031e-01
9.9838101327000239315623275615507736802101e-01
4.7638340634579928734027021164365578442812e-01
8.4651154297562014594547008528024889528751e-01
9.4195511775451501446099200620665214955807e-01
1.0000000000000000000000000000000000000000e+00
1.0000000000000000000000000000000000000000e+00
6.6600830001462718588101097338949330151081e-01
8.6778451223831942762387825496261939406395e-01
8.9225058779544641485159672811278142035007e-01
9.3144312037556109551417193870292976498604e-01
9.7088522240897856541153032594593241810799e-01
5.8606977391310011160641124661196954548359e-01
4.0041726663731636026710702935815788805485e-01
7.9302385783331852397992633996182121336460e-01
6.2235197499319860892086353487684391438961e-01
7.4270211528353247132372416672296822071075e-01
7.6423041815940828680453478227718733251095e-01
1.0000000000000000000000000000000000000000e+00
7.4270211528353247132372416672296822071075e-01
7.2991544913492378832131635135738179087639e-01
7.6423041815940828680453478227718733251095e-01
7.8343421454009631865744722745148465037346e-01
9.5741293299493834823010729451198130846024e-01
9.6854489375211461066328411106951534748077e-01
5.9355031463315277573400408073212020099163e-01
7.4515037592978994318571039912058040499687e-01
9.2463637510951313114304639384499751031399e-01
1.0000000000000000000000000000000000000000e+00
9.2684869978205253193692669810843653976917e-01
7.5790749806315393932720780867384746670723e-01
7.4406097766169498886057454001274891197681e-01
9.3245432405308814605149336784961633384228e-01
9.2811721337789554464592356453067623078823e-01
5.0756956296761124303174028682406060397625e-01
7.0106740111148246885619528256938792765141e-01
5.8211559048957750572839131564251147210598e-01
8.1416019154441265914812220216845162212849e-01
4.8445157706625574522973920466029085218906e-01
7.8329303831981256234229249457712285220623e-01
9.9906616795913549822216737084090709686279e-01
8.7010835547196863082319850946078076958656e-01
7.8684279671258094968067098307074047625065e-01
8.4274787497439085370842803968116641044617e-01
1.0000000000000000000000000000000000000000e+00
9.2259509302191611279653216115548275411129e-01
7.6443591923409581756487796155852265655994e-01
6.9095023025637181124380958863184787333012e-01
7.0599931848444053006375042969011701643467e-01
6.9095023025636748137401355052134022116661e-01
8.3620265900881463050353659127722494304180e-01
7.7860331705797358736731439421419054269791e-01
0.0000000000000000000000000000000000000000e+00
7.3333072918328989775460513556026853621006e-01
8.1416508325681746782720438204705715179443e-01
8.2389976029343237051705273188417777419090e-01
7.8684279671258094968067098307074047625065e-01
8.4887068553897204736813364434055984020233e-01
8.0888938908154550677664929025922901928425e-01
8.2119879990915478629176504909992218017578e-01
7.5010116218359790263292552481289021670818e-01
8.0642734466901788703552256265538744628429e-01
9.1839118442160583288824682313133962452412e-01
8.9083778908132793539209615119034424424171e-01
8.3042529277114929264769216388231143355370e-01
9.0858185014284753577840092475526034832001e-01
8.9136630840825492594348133934545330703259e-01
2.5885443986980044561718727891275193542242e-01
6.5652821765779201257373642874881625175476e-01
6.5667426772346459973306309620966203510761e-01
7.4270211528353247132372416672296822071075e-01
6.8884687604645611358478163310792297124863e-01
6.8054449633047753298598081528325565159321e-01
7.4153227507433550069748662281199358403683e-01
7.9079637680928993592743836416047997772694e-01
6.4195041551450571226666852453490719199181e-01
1.0000000000000000000000000000000000000000e+00
9.2131925338543807502134086462319828569889e-01
8.1823456596549981600929868363891728222370e-01
7.5477907136192656789575039510964415967464e-01
7.6339326414329300440897441148990765213966e-01
1.0000000000000000000000000000000000000000e+00
7.3333072918328989775460513556026853621006e-01
4.6733451230299027923109633775311522185802e-01
6.5848422709279041953323030611500144004822e-01
8.4245534551836787073852974572218954563141e-01
7.1410268094080853185090518309152685105801e-01
7.7170199191275612449203435971867293119431e-01
1.0000000000000000000000000000000000000000e+00
7.4380449111132185269212868661270476877689e-01
7.5416986341029801366175888688303530216217e-01
7.4904829069557532505996277905069291591644e-01
8.6233610047693631805998393247136846184731e-01
8.2317999762711924205405011889524757862091e-01
8.9046739984585876470646326197311282157898e-01
7.8305604837205056156790305976755917072296e-01
8.1416019154441254812581973965279757976532e-01
9.2259509302192377333540207473561167716980e-01
7.7868230368253588125071473768912255764008e-01
6.9129304629911836332922803194378502666950e-01
4.8743789170531370835703910415759310126305e-01
1.0000000000000000000000000000000000000000e+00
1.0000000000000000000000000000000000000000e+00
1.0000000000000000000000000000000000000000e+00
8.2876305288489482414604481164133176207542e-01
1.0000000000000000000000000000000000000000e+00
1.0000000000000000000000000000000000000000e+00
6.8716929398239756654476195762981660664082e-01
1.0000000000000000000000000000000000000000e+00
6.4828395865993515556624515738803893327713e-01
1.0000000000000000000000000000000000000000e+00
1.0000000000000000000000000000000000000000e+00
9.9003819031545881035327738572959788143635e-01
1.0000000000000000000000000000000000000000e+00
4.9846614180533488358548765972955152392387e-01
8.3258418286582425160702314315130934119225e-01
6.9554996623114462295234261546283960342407e-01
8.9880912464438700304469875845825299620628e-01
0.0000000000000000000000000000000000000000e+00
8.8088247182001311319510250541497953236103e-01
8.1528749590918103695713625711505301296711e-01
8.7010835547196130335123598342761397361755e-01
8.2837546791641669674532977296621538698673e-01
1.0000000000000000000000000000000000000000e+00
7.9015842095861588134653175075072795152664e-01
7.7401509210177321662627036857884377241135e-01
9.0175705505240877357664430746808648109436e-01
7.7299385241098728105413329103612340986729e-01
8.8088247182001455648503451811848208308220e-01
7.7299385241098728105413329103612340986729e-01
7.8845683507744379614479157680762000381947e-01
7.2957950878230171110061519357259385287762e-01
4.9854808611159318054717459745006635785103e-01
8.9231234514665003221267625121981836855412e-01
8.1972209783076521727451790866325609385967e-01
7.4436766201923165731102471909252926707268e-01
6.5690730706174915720652052186778746545315e-01
3.8295427738802190198441621760139241814613e-01
7.9499699559374858992555346048902720212936e-01
8.6689914951218272065602832299191504716873e-01
9.2520254455858663700240640537231229245663e-01
9.2520254455859107789450490599847398698330e-01
7.1436818652076228275404901069123297929764e-01
7.8367019555860129020885551653918810188770e-01
8.9443559672697114937278684010379947721958e-01
8.1984315546961517018331733197555877268314e-01
7.9542941481334450415374703879933804273605e-01
4.8508802352750318709340149325726088136435e-01
6.0061318583463385589737981717917136847973e-01
8.1984315546961739062936658228863961994648e-01
7.5390675003731155712216605024877935647964e-01
7.2267056623674086335284982851590029895306e-01
9.0035638468272227719069178419886156916618e-01
8.0773768452765448699892658623866736888885e-01
6.5094034073189566136363737314241006970406e-01
8.9226984220400296088371305813780054450035e-01
7.8845683507744401818939650183892808854580e-01
4.7703275868912431434409882058389484882355e-01
5.0994500086510441416720595952938310801983e-01
3.2727512036069328349441320824553258717060e-01
3.2579379614942849396896917824051342904568e-01
3.3047920991616969166315698203106876462698e-01
0.0000000000000000000000000000000000000000e+00
5.2662519941187524441517098239273764193058e-01
5.5001799134769346899531683448003605008125e-01
2.7386727774994840123312656032794620841742e-01
0.0000000000000000000000000000000000000000e+00
4.7638340634579928734027021164365578442812e-01
4.0041726663731636026710702935815788805485e-01
5.9355031463315277573400408073212020099163e-01
4.8445157706625574522973920466029085218906e-01
0.0000000000000000000000000000000000000000e+00
2.5885443986980044561718727891275193542242e-01
4.6733451230299027923109633775311522185802e-01
4.8743789170531370835703910415759310126305e-01
0.0000000000000000000000000000000000000000e+00
3.8295427738802190198441621760139241814613e-01
4.7703275868912431434409882058389484882355e-01
0.0000000000000000000000000000000000000000e+00
5.0994500086510441416720595952938310801983e-01
3.2727512036069328349441320824553258717060e-01
3.2579379614942849396896917824051342904568e-01
3.3047920991616969166315698203106876462698e-01
0.0000000000000000000000000000000000000000e+00
5.2662519941187524441517098239273764193058e-01
5.5001799134769346899531683448003605008125e-01
2.7386727774994840123312656032794620841742e-01
0.0000000000000000000000000000000000000000e+00
4.7638340634579928734027021164365578442812e-01
4.0041726663731636026710702935815788805485e-01
5.9355031463315277573400408073212020099163e-01
4.8445157706625574522973920466029085218906e-01
0.0000000000000000000000000000000000000000e+00
2.5885443986980044561718727891275193542242e-01
4.6733451230299027923109633775311522185802e-01
4.8743789170531370835703910415759310126305e-01
0.0000000000000000000000000000000000000000e+00
3.8295427738802190198441621760139241814613e-01
4.7703275868912431434409882058389484882355e-01
0.0000000000000000000000000000000000000000e+00
0.0000000000000000000000000000000000000000e+00
5.0994500086510441416720595952938310801983e-01
3.2727512036069328349441320824553258717060e-01
3.2579379614942849396896917824051342904568e-01
3.3047920991616969166315698203106876462698e-01
0.0000000000000000000000000000000000000000e+00
5.2662519941187524441517098239273764193058e-01
5.5001799134769346899531683448003605008125e-01
2.7386727774994840123312656032794620841742e-01
0.0000000000000000000000000000000000000000e+00
4.7638340634579928734027021164365578442812e-01
4.0041726663731636026710702935815788805485e-01
5.9355031463315277573400408073212020099163e-01
4.8445157706625574522973920466029085218906e-01
0.0000000000000000000000000000000000000000e+00
2.5885443986980044561718727891275193542242e-01
4.6733451230299027923109633775311522185802e-01
4.8743789170531370835703910415759310126305e-01
0.0000000000000000000000000000000000000000e+00
3.8295427738802190198441621760139241814613e-01
4.7703275868912431434409882058389484882355e-01
0.0000000000000000000000000000000000000000e+00
0.0000000000000000000000000000000000000000e+00
0.0000000000000000000000000000000000000000e+00
6.8644177268631423771694244351238012313843e+01
9.9233701725126655102116046691662631928921e-01
