1
0
23
6.6458951235466279250374554976588115096092e-01
3.9550900746590689216475311695830896496773e-01
5.2172762004486783471435273895622231066227e-01
6.9372145379445304680388062479323707520962e-01
3.2116741867608039617820736566500272601843e-01
8.1339932954167082357344042975455522537231e-01
7.3052851180736977365626216851524077355862e-01
3.8302063519219042841967848289641551673412e-01
7.6181481219783653280330781853990629315376e-01
7.7264438852584405026391323190182447433472e-01
7.0293540945966914712528250674949958920479e-01
2.8565764279570377004446868340892251580954e-01
8.9567488939570427675107566756196320056915e-01
7.8614881159980376512663724497542716562748e-01
1.0000000000000000000000000000000000000000e+00
1.0000000000000000000000000000000000000000e+00
0.0000000000000000000000000000000000000000e+00
9.0300229916196494972524533295654691755772e-01
8.6615443768769506682758674287470057606697e-01
7.7566270859726049735627384507097303867340e-01
7.3155388223977391159991157110198400914669e-01
1.0000000000000000000000000000000000000000e+00
5.3729393262828173405409870611038058996201e-01
8.2884910107743514640077364674652926623821e-01
6.9242049145218464989426365718827582895756e-01
7.9911284069326926626786189444828778505325e-01
6.8486442015058679455563606097712181508541e-01
1.0000000000000000000000000000000000000000e+00
5.7381536830742307930819379180320538580418e-01
5.6556130425197093103406587033532559871674e-01
5.9666490758286405693411325046326965093613e-01
6.8743353808040275065849300517584197223186e-01
6.1681744995985432478136090139742009341717e-01
6.1133178427880185967779880229500122368336e-01
8.4682542898631052441515976170194335281849e-01
6.7984706309345144248368342232424765825272e-01
7.6114547142435473592314565394190140068531e-01
1.7267508806875714322259796063008252531290e-01
8.6990913355534049689055109411128796637058e-01
9.2655266216738230156124700442887842655182e-01
6.9937074090214834676260124979307875037193e-01
9.9185396245317059005230930779362097382545e-01
6.3131140800542029367647955950815230607986e-01
5.8384981394105839314079275936819612979889e-01
7.9396100957525850283502677484648302197456e-01
1.0000000000000000000000000000000000000000e+00
0.0000000000000000000000000000000000000000e+00
8.1036361307611182169807761965785175561905e-01
9.4998531033559552305689521745080128312111e-01
8.8395149269094031030391533931833691895008e-01
8.1626675304887030826250793325016275048256e-01
7.6792195099851190409623313826159574091434e-01
7.7566270859726049735627384507097303867340e-01
8.0099921328271106446550220425706356763840e-01
7.1533609973922696045889324523159302771091e-01
9.7814670868476227827414959392626769840717e-01
4.2360511078916845972841542788955848664045e-01
8.2823882822310845863711392667028121650219e-01
9.3624817009693672709147449495503678917885e-01
1.0000000000000000000000000000000000000000e+00
9.9388326292461037780867627589032053947449e-01
6.1052723591092394883617089362815022468567e-01
8.5723954247677969231489214507746510207653e-01
7.9396100957526227759331050037872046232224e-01
8.1951457407313377245827723527327179908752e-01
9.3177813415407007013868678768631070852280e-01
5.5077853298071244303457660862477496266365e-01
3.6417712920949657506852759070170577615499e-01
7.6419842973981699785213095310609787702560e-01
6.3322206141265158230169163289247080683708e-01
7.3107712866961904740747968389769084751606e-01
6.8486442015058679455563606097712181508541e-01
1.0000000000000000000000000000000000000000e+00
8.2424269883356249266626036842353641986847e-01
7.9396100957526227759331050037872046232224e-01
6.7075241527995244084081605251412838697433e-01
8.4459945764672683665708063927013427019119e-01
1.0000000000000000000000000000000000000000e+00
9.9498458813297740999104235015693120658398e-01
6.3322206141265158230169163289247080683708e-01
6.6737670922018843544520905197714455425739e-01
7.7264438852584360617470338183920830488205e-01
1.0000000000000000000000000000000000000000e+00
8.5660381941934882199518597190035507082939e-01
8.8634185146530641841167152961133979260921e-01
8.6464451273165110478657879866659641265869e-01
1.0000000000000000000000000000000000000000e+00
8.5261778106468033566756048458046279847622e-01
5.1017039093427651863521532504819333553314e-01
7.2165189721595535132792065269313752651215e-01
6.0945066717057072569474485135287977755070e-01
7.8625852728160250393329988582991063594818e-01
4.2265885158628524465029840939678251743317e-01
7.7989930719882405441012451774440705776215e-01
1.0000000000000000000000000000000000000000e+00
9.9936892860566262086763344996143132448196e-01
6.6395602350704996386099310257122851908207e-01
1.0000000000000000000000000000000000000000e+00
1.0000000000000000000000000000000000000000e+00
8.7149836810035030687515700265066698193550e-01
5.9223803279688724821028245060006156563759e-01
6.7810348525036878708505128088290803134441e-01
7.5630695977080797387515076479758135974407e-01
6.7810348525036800992893404327332973480225e-01
9.2634811870708988479350409761536866426468e-01
7.1783076507359566686972129900823347270489e-01
0.0000000000000000000000000000000000000000e+00
6.5773933888534497071987061644904315471649e-01
7.2595456128954838348477096587885171175003e-01
7.3107712866961904740747968389769084751606e-01
5.8540745021854001528538447018945589661598e-01
8.1184387767148147307949557216488756239414e-01
8.5723954247677958129258968256181105971336e-01
8.0099921328270995424247757910052314400673e-01
6.1620408479273713897583775178645737469196e-01
5.5290880906494366264780637720832601189613e-01
8.1626675304886708861573652029619552195072e-01
8.7277217479579183301297007346875034272671e-01
9.3887915442272584787275491180480457842350e-01
1.0000000000000000000000000000000000000000e+00
9.0187684186501693162085757649037986993790e-01
2.0679880474561226910701350334420567378402e-01
6.0527158044964890493133680138271301984787e-01
5.9506109352209046736703612623387016355991e-01
7.2670417152202071431332797146751545369625e-01
6.1494233553749311216307660288293845951557e-01
6.9687233087805100506528788173454813659191e-01
6.8484181366189844641922945811529643833637e-01
7.9396100957526227759331050037872046232224e-01
6.2254422485995786207269020451349206268787e-01
9.1850975076818308640014265620266087353230e-01
8.6085648312230167444880635230219922959805e-01
7.3388518127616175767968798027141019701958e-01
7.3107712866961904740747968389769084751606e-01
7.0301881547893552149020024444325827062130e-01
1.0000000000000000000000000000000000000000e+00
5.9372605621591723057406397856539115309715e-01
3.6728345070329848631729419139446690678596e-01
7.2428740671842151144232957449276000261307e-01
8.5954205566257568804644506599288433790207e-01
7.2383637216944662906570329141686670482159e-01
7.4818671532557956549425171033362857997417e-01
9.3715007765211411072669989152927882969379e-01
7.3031404145339806621706202349741943180561e-01
7.8016109745756490045920372722321189939976e-01
6.2445963591949760207455710769863799214363e-01
8.7885901056922444141150663199368864297867e-01
8.4459945764672683665708063927013427019119e-01
9.2313005287690064193384387181140482425690e-01
8.4459945764672683665708063927013427019119e-01
8.4348339263255744935321445154841057956219e-01
9.1348804041247888552135236750473268330097e-01
7.6205780948428680776629562387824989855289e-01
6.6569989539118734622746842433116398751736e-01
5.9523301344918255750826574512757360935211e-01
9.7194200976321631912924203788861632347107e-01
1.0000000000000000000000000000000000000000e+00
1.0000000000000000000000000000000000000000e+00
8.1901158644647986672993056345148943364620e-01
1.0000000000000000000000000000000000000000e+00
9.9042361937752609879481724419747479259968e-01
5.6556130425197093103406587033532559871674e-01
7.8616255512186261622531446846551261842251e-01
3.4785973266170111539707932024612091481686e-01
8.7362444941039851808994853854528628289700e-01
9.5605103098453714238758038845844566822052e-01
9.8117024578810185797550502684316597878933e-01
1.0000000000000000000000000000000000000000e+00
3.6202014218166789216724055222584865987301e-01
8.0613802773187159811385527063976041972637e-01
5.0655514574487658929768940652138553559780e-01
8.1473559186697686040901089654653333127499e-01
0.0000000000000000000000000000000000000000e+00
8.3904882684014303606545581715181469917297e-01
7.0086612400133119216150134889176115393639e-01
8.1350247581577150857157221253146417438984e-01
7.2616453412023640456851580893271602690220e-01
8.6990914496169446934459301701281219720840e-01
6.3668828157069734530182358867023140192032e-01
6.6121988288441246872650935983983799815178e-01
7.3817027493166220697418111740262247622013e-01
1.0000000000000000000000000000000000000000e+00
9.2256863591044391270656888082157820463181e-01
8.2270640307567399762689319686614908277988e-01
7.9868539064958798956439522953587584197521e-01
7.1160004309750157780456447653705254197121e-01
4.3291668998515075994504286427400074899197e-01
6.8465616226595815696498448232887312769890e-01
7.2670417152202071431332797146751545369625e-01
6.3215386611531265703689541624044068157673e-01
5.2402115720893349681830386543879285454750e-01
3.6101514871520962168816026860440615564585e-01
8.1238557356539720100130352875567041337490e-01
8.2964874623641815531982501852326095104218e-01
1.0000000000000000000000000000000000000000e+00
8.5660381941934859995058104686904698610306e-01
6.5073357589774261100501462351530790328979e-01
6.2751379009927421570580463594524189829826e-01
8.5097774675718251824463322918745689094067e-01
6.6349927244093387379564319417113438248634e-01
7.5047560474834495991558469540905207395554e-01
4.2360511078916845972841542788955848664045e-01
4.8137420983661260986963270624983124434948e-01
7.9272789357028794476889288489473983645439e-01
7.4907531403889970889053984137717634439468e-01
7.3294235982119593231232101970817893743515e-01
8.2195451604060298933518424746580421924591e-01
8.0302612573500953274674429849255830049515e-01
5.9643517543805391056821463280357420444489e-01
7.7108248937184964422186794763547368347645e-01
7.3294235982120148342744414549088105559349e-01
3.7505630991089322634479685802944004535675e-01
5.2172762004486783471435273895622231066227e-01
3.2116741867608039617820736566500272601843e-01
3.8302063519219042841967848289641551673412e-01
2.8565764279570377004446868340892251580954e-01
0.0000000000000000000000000000000000000000e+00
5.3729393262828173405409870611038058996201e-01
5.6556130425197093103406587033532559871674e-01
1.7267508806875714322259796063008252531290e-01
0.0000000000000000000000000000000000000000e+00
4.2360511078916845972841542788955848664045e-01
3.6417712920949657506852759070170577615499e-01
6.3322206141265158230169163289247080683708e-01
4.2265885158628524465029840939678251743317e-01
0.0000000000000000000000000000000000000000e+00
2.0679880474561226910701350334420567378402e-01
3.6728345070329848631729419139446690678596e-01
5.9523301344918255750826574512757360935211e-01
0.0000000000000000000000000000000000000000e+00
3.6101514871520962168816026860440615564585e-01
3.7505630991089322634479685802944004535675e-01
0.0000000000000000000000000000000000000000e+00
5.2172762004486783471435273895622231066227e-01
3.2116741867608039617820736566500272601843e-01
3.8302063519219042841967848289641551673412e-01
2.8565764279570377004446868340892251580954e-01
0.0000000000000000000000000000000000000000e+00
5.3729393262828173405409870611038058996201e-01
5.6556130425197093103406587033532559871674e-01
1.7267508806875714322259796063008252531290e-01
0.0000000000000000000000000000000000000000e+00
4.2360511078916845972841542788955848664045e-01
3.6417712920949657506852759070170577615499e-01
6.3322206141265158230169163289247080683708e-01
4.2265885158628524465029840939678251743317e-01
0.0000000000000000000000000000000000000000e+00
2.0679880474561226910701350334420567378402e-01
3.6728345070329848631729419139446690678596e-01
5.9523301344918255750826574512757360935211e-01
0.0000000000000000000000000000000000000000e+00
3.6101514871520962168816026860440615564585e-01
3.7505630991089322634479685802944004535675e-01
0.0000000000000000000000000000000000000000e+00
0.0000000000000000000000000000000000000000e+00
5.2172762004486783471435273895622231066227e-01
3.2116741867608039617820736566500272601843e-01
3.8302063519219042841967848289641551673412e-01
2.8565764279570377004446868340892251580954e-01
0.0000000000000000000000000000000000000000e+00
5.3729393262828173405409870611038058996201e-01
5.6556130425197093103406587033532559871674e-01
1.7267508806875714322259796063008252531290e-01
0.0000000000000000000000000000000000000000e+00
4.2360511078916845972841542788955848664045e-01
3.6417712920949657506852759070170577615499e-01
6.3322206141265158230169163289247080683708e-01
4.2265885158628524465029840939678251743317e-01
0.0000000000000000000000000000000000000000e+00
2.0679880474561226910701350334420567378402e-01
3.6728345070329848631729419139446690678596e-01
5.9523301344918255750826574512757360935211e-01
0.0000000000000000000000000000000000000000e+00
3.6101514871520962168816026860440615564585e-01
3.7505630991089322634479685802944004535675e-01
0.0000000000000000000000000000000000000000e+00
0.0000000000000000000000000000000000000000e+00
0.0000000000000000000000000000000000000000e+00
7.3523365281007215799036202952265739440918e+01
7.3118906035379471752833069331245496869087e-01
