1
0
23
6.6789722540842610953859548317268490791321e-01
3.9228235294167868030257295686169527471066e-01
5.2932252311383143350553837080951780080795e-01
7.0385531798022504812450961253489367663860e-01
3.2119725890610184571016816335031762719154e-01
8.1167168914585829941898964534630067646503e-01
7.2146021621712774773982346232514828443527e-01
3.8766564951169879549297547782771289348602e-01
7.5717012206405776009177088781143538653851e-01
7.7670301808625852313383575165062211453915e-01
6.9619382523754658187442601047223433852196e-01
2.8345048169740610921607526506704743951559e-01
9.0353851634456716634957729183952324092388e-01
7.6668373086499808088944973860634490847588e-01
1.0000000000000000000000000000000000000000e+00
1.0000000000000000000000000000000000000000e+00
0.0000000000000000000000000000000000000000e+00
8.6773922551402149494492732628714293241501e-01
9.0341350162914790811186094288132153451443e-01
7.4355138754101568476784223094000481069088e-01
7.1845481339919792240777951519703492522240e-01
9.9362328499103436119099796997033990919590e-01
5.0392126679999194038828136399388313293457e-01
8.1645710570094043312394660460995510220528e-01
7.0525831011013073723603383768931962549686e-01
7.9377655970848981503706909279571846127510e-01
6.8609566916972852812506289410521276295185e-01
1.0000000000000000000000000000000000000000e+00
5.7816260808095965018083006725646555423737e-01
5.6181765269621641856190308317309245467186e-01
5.8295580693190729437702657378395088016987e-01
6.9433976869441238477520528249442577362061e-01
6.0792981948723112672894330898998305201530e-01
6.0168033845541746273966055014170706272125e-01
8.3174885850369895123890273680444806814194e-01
6.4320968794895305720160649798344820737839e-01
7.6506570564547682344880286109400913119316e-01
1.5351823081192320086252323108055861666799e-01
8.8625412311874518511700671297148801386356e-01
9.1752971225385682174646717612631618976593e-01
6.5663996555572334834494085953338071703911e-01
9.9172203041299655801310564129380509257317e-01
6.6267259149751778224413101270329207181931e-01
5.8350157875725194855931476922705769538879e-01
7.5621780759743895128366375502082519233227e-01
9.9514007466175491423143739666556939482689e-01
0.0000000000000000000000000000000000000000e+00
8.1061879090500910116645627567777410149574e-01
9.4580137452614776449877354025375097990036e-01
8.7964363027504921532795378880109637975693e-01
8.1643744880220581183749573028762824833393e-01
7.7790487594259294379384073181427083909512e-01
7.4355138754101568476784223094000481069088e-01
7.9580129347500205838628062338102608919144e-01
6.9935441578498924730666885807295329868793e-01
9.5415010206781025736688661709195002913475e-01
4.2265878368669052012052134159603156149387e-01
8.1667022814225898041939899485441856086254e-01
9.2542194629383289772306397935608401894569e-01
1.0000000000000000000000000000000000000000e+00
9.7909637457959453055167386992252431809902e-01
6.0077257614078083403086338876164518296719e-01
7.8686741632229306731005635811015963554382e-01
7.8660492252978708727084722340805456042290e-01
8.0024188838377996457751351044862531125546e-01
9.1578194383025723901425863004988059401512e-01
5.4315618705382540110093714247341267764568e-01
3.5678895969733959159242431269376538693905e-01
7.4922136664314709086909260804532095789909e-01
6.2864121794243255081369170511607080698013e-01
7.3771056707059334822673690723604522645473e-01
6.7040304952493490198150993819581344723701e-01
1.0000000000000000000000000000000000000000e+00
8.3871748817334124126432470802683383226395e-01
8.0256796119754891805087027023546397686005e-01
6.5948450810920844489260161935817450284958e-01
8.6830310612338235110030382202239707112312e-01
1.0000000000000000000000000000000000000000e+00
9.8622405590734840696853780173114500939846e-01
6.2864121794243255081369170511607080698013e-01
6.6068859686951897369766584233730100095272e-01
7.7670301808625852313383575165062211453915e-01
1.0000000000000000000000000000000000000000e+00
8.4302745999280048749824345577508211135864e-01
8.6103327550553920843867672374472022056580e-01
8.4681177458848355676934716029791161417961e-01
1.0000000000000000000000000000000000000000e+00
8.4241251353000135004833737184526398777962e-01
4.9608060043927637572380717756459489464760e-01
7.3638061404834553869136470893863588571548e-01
5.9162718914644230050470241621951572597027e-01
7.7341072409162858747322388808242976665497e-01
4.3074161248264508650152038171654567122459e-01
7.7350365791726016784224384537083096802235e-01
1.0000000000000000000000000000000000000000e+00
1.0000000000000000000000000000000000000000e+00
6.5854620524193441255533798539545387029648e-01
1.0000000000000000000000000000000000000000e+00
1.0000000000000000000000000000000000000000e+00
8.6745928223799750877986980412970297038555e-01
5.7855377173669886303741805022582411766052e-01
6.9340717715071276128213639822206459939480e-01
7.6138594059740338781949731128406710922718e-01
6.8682033886516902221330838074209168553352e-01
9.1444679501106529428966496197972446680069e-01
6.8525175195704091102300026250304654240608e-01
0.0000000000000000000000000000000000000000e+00
6.4280538764278416508091140713077038526535e-01
7.3678116323890519012707045476417988538742e-01
7.0345831295667804461402283777715638279915e-01
5.7952556424487300379411180983879603445530e-01
8.8323377030100735929352140374248847365379e-01
8.3871748817334745851326260890346020460129e-01
7.9580129347500205838628062338102608919144e-01
6.0575715354439962911925476873875595629215e-01
5.1095506448925676057370992566575296223164e-01
7.9580129347500194736397816086537204682827e-01
8.7647453880672265835727330340887419879436e-01
9.2193486615263497974126494227675721049309e-01
1.0000000000000000000000000000000000000000e+00
9.1444679501106529428966496197972446680069e-01
2.0368484425708488494421999348560348153114e-01
5.9196857586657103400540336224366910755634e-01
5.8457060430395746397636003166553564369678e-01
7.3073559549554922831759995460743084549904e-01
6.0181394644510155522709737851982936263084e-01
6.8238065416753224123880272600217722356319e-01
6.6289329778629624279062682035146281123161e-01
7.8660492252978420069098319800104945898056e-01
6.1191210251291738853041124457377009093761e-01
9.6070353034915356715828238520771265029907e-01
8.4008844554957051720123217819491401314735e-01
7.1066483594704488169213618675712496042252e-01
7.2296359457912351409447637706762179732323e-01
7.0056763673767219469112887964001856744289e-01
1.0000000000000000000000000000000000000000e+00
5.6880464738440839056465847534127533435822e-01
3.5383505641496942883961196457676123827696e-01
7.3262754163773646798318850414943881332874e-01
8.6715668095397047121508649070165120065212e-01
7.2290001543859316868179121229331940412521e-01
7.6079076452602678592995744111249223351479e-01
9.1463938699928948317108279297826811671257e-01
7.4355138754102068077145304414443671703339e-01
7.7626403622587869524096504392218776047230e-01
6.2409305391684000152707767483661882579327e-01
8.9644403699170083221758886793395504355431e-01
8.4857720617054910317023086463450454175472e-01
9.1204067373298380871915469469968229532242e-01
8.3324789690514733386805801274022087454796e-01
8.5477838992914889626462127125705592334270e-01
9.1569044603299376561267308716196566820145e-01
7.6510177901138287648308278221520595252514e-01
6.8318990042505400861472253382089547812939e-01
6.0544112195324362168946663587121292948723e-01
9.7640123123564914742189557728124782443047e-01
1.0000000000000000000000000000000000000000e+00
9.9486101966873452528972165964660234749317e-01
8.2904835595124015679147078117239288985729e-01
1.0000000000000000000000000000000000000000e+00
1.0000000000000000000000000000000000000000e+00
5.6181765269621641856190308317309245467186e-01
7.4876961997741575682852044337778352200985e-01
2.9350200189868358435774098325055092573166e-01
9.2032432489182736112809379847021773457527e-01
9.5029486982216959667368882946902886033058e-01
1.0000000000000000000000000000000000000000e+00
1.0000000000000000000000000000000000000000e+00
3.9323861702916285132403118041111156344414e-01
1.0000000000000000000000000000000000000000e+00
5.6255610684398960064100947420229203999043e-01
8.1137504796372084125977153234998695552349e-01
0.0000000000000000000000000000000000000000e+00
8.2529337623575460547442617098568007349968e-01
7.2146021621712552729377421201206743717194e-01
8.3288846545217942729522064837510697543621e-01
7.2347955558533771913687360211042687296867e-01
8.9710890774724116880634028348140418529510e-01
6.3066993235789103877664274477865546941757e-01
6.3518944498205842652538422044017352163792e-01
7.2390524749222495692890788632212206721306e-01
1.0000000000000000000000000000000000000000e+00
9.1144146989386065627058997051790356636047e-01
8.2888455966119367612776613896130584180355e-01
7.9225203058849191783963306079385802149773e-01
7.1963095796349163535410298209171742200851e-01
4.4802713272734173699518578359857201576233e-01
6.7698563105314402132961504321428947150707e-01
7.3073559549555167080825412995181977748871e-01
6.3458470364926555795648255298146978020668e-01
4.9173569466380762094104284187778830528259e-01
3.7283060895576025650655083154560998082161e-01
8.0781649931169152711873948646825738251209e-01
8.3237768773415243828139864490367472171783e-01
1.0000000000000000000000000000000000000000e+00
8.5072979734830223019770301107200793921947e-01
6.5071238624725391552772180148167535662651e-01
6.2140053924960825249002027703681960701942e-01
8.4105828058400833313612565689254552125931e-01
6.5948450810920833387029915684252046048641e-01
7.2876073239195338082652142475126311182976e-01
4.2265878368669052012052134159603156149387e-01
4.8260298887019231761641435696219559758902e-01
7.7867785999229222060336041977279819548130e-01
7.2780077309531665541442180256126448512077e-01
7.4178793031756851128477592283161357045174e-01
8.1761632627928504390979469462763518095016e-01
8.0690124760999126785065982403466477990150e-01
6.0544112195324362168946663587121292948723e-01
7.7652398118169785323772202900727279484272e-01
7.4178793031756851128477592283161357045174e-01
3.6921011484573867944547487240924965590239e-01
5.2932252311383143350553837080951780080795e-01
3.2119725890610184571016816335031762719154e-01
3.8766564951169879549297547782771289348602e-01
2.8345048169740610921607526506704743951559e-01
0.0000000000000000000000000000000000000000e+00
5.0392126679999194038828136399388313293457e-01
5.6181765269621641856190308317309245467186e-01
1.5351823081192320086252323108055861666799e-01
0.0000000000000000000000000000000000000000e+00
4.2265878368669052012052134159603156149387e-01
3.5678895969733959159242431269376538693905e-01
6.2864121794243255081369170511607080698013e-01
4.3074161248264508650152038171654567122459e-01
0.0000000000000000000000000000000000000000e+00
2.0368484425708488494421999348560348153114e-01
3.5383505641496942883961196457676123827696e-01
6.0544112195324362168946663587121292948723e-01
0.0000000000000000000000000000000000000000e+00
3.7283060895576025650655083154560998082161e-01
3.6921011484573867944547487240924965590239e-01
0.0000000000000000000000000000000000000000e+00
5.2932252311383143350553837080951780080795e-01
3.2119725890610184571016816335031762719154e-01
3.8766564951169879549297547782771289348602e-01
2.8345048169740610921607526506704743951559e-01
0.0000000000000000000000000000000000000000e+00
5.0392126679999194038828136399388313293457e-01
5.6181765269621641856190308317309245467186e-01
1.5351823081192320086252323108055861666799e-01
0.0000000000000000000000000000000000000000e+00
4.2265878368669052012052134159603156149387e-01
3.5678895969733959159242431269376538693905e-01
6.2864121794243255081369170511607080698013e-01
4.3074161248264508650152038171654567122459e-01
0.0000000000000000000000000000000000000000e+00
2.0368484425708488494421999348560348153114e-01
3.5383505641496942883961196457676123827696e-01
6.0544112195324362168946663587121292948723e-01
0.0000000000000000000000000000000000000000e+00
3.7283060895576025650655083154560998082161e-01
3.6921011484573867944547487240924965590239e-01
0.0000000000000000000000000000000000000000e+00
0.0000000000000000000000000000000000000000e+00
5.2932252311383143350553837080951780080795e-01
3.2119725890610184571016816335031762719154e-01
3.8766564951169879549297547782771289348602e-01
2.8345048169740610921607526506704743951559e-01
0.0000000000000000000000000000000000000000e+00
5.0392126679999194038828136399388313293457e-01
5.6181765269621641856190308317309245467186e-01
1.5351823081192320086252323108055861666799e-01
0.0000000000000000000000000000000000000000e+00
4.2265878368669052012052134159603156149387e-01
3.5678895969733959159242431269376538693905e-01
6.2864121794243255081369170511607080698013e-01
4.3074161248264508650152038171654567122459e-01
0.0000000000000000000000000000000000000000e+00
2.0368484425708488494421999348560348153114e-01
3.5383505641496942883961196457676123827696e-01
6.0544112195324362168946663587121292948723e-01
0.0000000000000000000000000000000000000000e+00
3.7283060895576025650655083154560998082161e-01
3.6921011484573867944547487240924965590239e-01
0.0000000000000000000000000000000000000000e+00
0.0000000000000000000000000000000000000000e+00
0.0000000000000000000000000000000000000000e+00
7.2950418092339504028132068924605846405029e+01
7.2483323260657872566525838919915258884430e-01
