1
0
23
6.7044955851811327551814656544593162834644e-01
3.8931262591837151321172427742567379027605e-01
5.2549860324554820145692701771622523665428e-01
7.0215449135889151932587992632761597633362e-01
3.2183704747165425841259889239154290407896e-01
8.1629948061062940212195826461538672447205e-01
7.2098439053156637701391673545003868639469e-01
3.8161584407270338070716775291657540947199e-01
7.5469892686784800783783566657803021371365e-01
7.7042038119929334705204837518977001309395e-01
6.8642504283321570390796750871231779456139e-01
2.8025307341950672634922625547915231436491e-01
9.0143338808973927367418355061090551316738e-01
7.5286508699389886878350353072164580225945e-01
1.0000000000000000000000000000000000000000e+00
1.0000000000000000000000000000000000000000e+00
0.0000000000000000000000000000000000000000e+00
8.5811884767024082520947558805346488952637e-01
8.9270521547971837250656790274661034345627e-01
7.1127824498401848174466977070551365613937e-01
7.1100522690761047694962826426490209996700e-01
9.7777144420371686628357110748765990138054e-01
5.0658070726950310547209710421157069504261e-01
8.1452957647966728327304508638917468488216e-01
6.9919760875776049147134472150355577468872e-01
7.8523586736195460922260735969757661223412e-01
6.8103125725186419714418661897070705890656e-01
1.0000000000000000000000000000000000000000e+00
5.7642285271933446644254672719398513436317e-01
5.5843738558676569994076999137178063392639e-01
5.7652658609713758330883592861937358975410e-01
6.8200527077928096986170203308574855327606e-01
5.9691833452035603091445636891876347362995e-01
5.9691833452035603091445636891876347362995e-01
8.2338011169601132976936241902876645326614e-01
6.2548875784483615181130744531401433050632e-01
7.6328270901932626646413382331957109272480e-01
1.4444448599907949715159816150844562798738e-01
8.8692248371354909242114672451862134039402e-01
9.2295857135093850587281849584542214870453e-01
6.3325522510547904708744226809358224272728e-01
9.7127903905941359585796135434065945446491e-01
6.4898257604327991288073462783358991146088e-01
5.7597502740566042245262678989092819392681e-01
7.5960547732551297883674124022945761680603e-01
1.0000000000000000000000000000000000000000e+00
0.0000000000000000000000000000000000000000e+00
7.9948045312362747694123754627071321010590e-01
9.3651673111578870312143862975062802433968e-01
8.6768517690374868944758190991706214845181e-01
8.1187176543291872388152796702343039214611e-01
7.6800582757635460495748702669516205787659e-01
7.1685750817780868882067579761496745049953e-01
7.8523586736195460922260735969757661223412e-01
6.8902133914801444447562062123324722051620e-01
9.5551537747676706935351376159815117716789e-01
4.1468935026014214217937592366070020943880e-01
8.1452957647966728327304508638917468488216e-01
9.2279322147943632081990017468342557549477e-01
1.0000000000000000000000000000000000000000e+00
9.7541475617512263251995818791328929364681e-01
5.9824134933823780446715545622282661497593e-01
7.7393363313085672405833292941679246723652e-01
7.8683608036675700692086365961586125195026e-01
7.9523668607294117904871200153138488531113e-01
9.0436172956233851216722996468888595700264e-01
5.3573854728343139885993196003255434334278e-01
3.5330736294508097161681803299870807677507e-01
7.3073011543964283553975747054209932684898e-01
6.2287900211864488664303962650592438876629e-01
7.3736877335991857229657853167736902832985e-01
6.6096214717476731159706559992628172039986e-01
9.4931748127726445218854678387288004159927e-01
8.3752625871024899417705000814748927950859e-01
8.0614636915002335637581154514919035136700e-01
6.5061600991450063702359329909086227416992e-01
8.5193655695502945590646959317382425069809e-01
1.0000000000000000000000000000000000000000e+00
9.8337505191566321194329702848335728049278e-01
6.2287900211864488664303962650592438876629e-01
6.5795361475119817917800446593901142477989e-01
7.7042038119928879513764741204795427620411e-01
1.0000000000000000000000000000000000000000e+00
8.2088843361318775126989066848182119429111e-01
8.2641557752238692380331031017703935503960e-01
8.3564052493239215912979034328600391745567e-01
1.0000000000000000000000000000000000000000e+00
8.2268455689636688088484106629039160907269e-01
4.7492768922727923719406817326671443879604e-01
7.1877883466638536891224475766648538410664e-01
5.8514871648815192095582915499107912182808e-01
7.6228889282079215217180490071768872439861e-01
4.1435363534973090882118640365661121904850e-01
7.8366486930928369591953241979354061186314e-01
1.0000000000000000000000000000000000000000e+00
1.0000000000000000000000000000000000000000e+00
6.4095561075963258801380106888245791196823e-01
1.0000000000000000000000000000000000000000e+00
1.0000000000000000000000000000000000000000e+00
8.7112848372199747082333942671539261937141e-01
5.7028627046804425404502580931875854730606e-01
7.0908948188006892809909231800702400505543e-01
7.4503602260246215571726224879967048764229e-01
6.9025237231917058178254364975146017968655e-01
9.2033014094080611844361783369095064699650e-01
6.8859121339830131613979347093845717608929e-01
0.0000000000000000000000000000000000000000e+00
6.3582495063022725911849875046755187213421e-01
7.3552507835390024126809294102713465690613e-01
7.0359319263815722766963745016255415976048e-01
5.6707078851096215377225462361820973455906e-01
8.7927940953186656258822040399536490440369e-01
8.5735722007099957053810612706001847982407e-01
7.8902635314795577237134693859843537211418e-01
6.0231212010169499215805899439146742224693e-01
4.9302438881547394622373303718632087111473e-01
7.9204991154624815319351682774140499532223e-01
8.7019731198458760701441860874183475971222e-01
9.2680795604314991642525001225294545292854e-01
1.0000000000000000000000000000000000000000e+00
9.1200016070842737647694775660056620836258e-01
1.9723046020171094983020054769440321251750e-01
5.8690058813841405882527624271460808813572e-01
5.8391840337794476134547494439175352454185e-01
7.3134882311365423390725482022389769554138e-01
5.9691833452035136797775294326129369437695e-01
6.6577718846310252054365719232009723782539e-01
6.6070291400705527529169103218009695410728e-01
7.8308379451394427572807899196050129830837e-01
6.0231212010170287474153383300290443003178e-01
9.6516580357297887537981750938342884182930e-01
8.2573149680119428683866544815828092396259e-01
7.1616648501686919203734760230872780084610e-01
7.3072577494920454288518385510542429983616e-01
6.8393421299182333150668000598670914769173e-01
1.0000000000000000000000000000000000000000e+00
5.6707078851096215377225462361820973455906e-01
3.6087570937700180762064405826095025986433e-01
7.2274794855504598256601411776500754058361e-01
8.5956031224145479363585309329209849238396e-01
7.2005247177455877771734549241955392062664e-01
7.5310597210593033246084360143868252635002e-01
9.2752498469877975306729922522208653390408e-01
7.5921561824661865092167545299162156879902e-01
7.7034091329052689633982708983239717781544e-01
6.2548875784483615181130744531401433050632e-01
9.0965771470819434263432867737719789147377e-01
8.4211557114933122125677300573443062603474e-01
9.1477925417522742979059557910659350454807e-01
8.2597437152913943947396546718664467334747e-01
8.4703533390310259409972104549524374306202e-01
9.1044067204793366343551497266162186861038e-01
7.5443117981416307760156314543564803898335e-01
6.8285099043501040760872911050682887434959e-01
6.0054612105315929859727930306689813733101e-01
9.8360347957412419539480197272496297955513e-01
1.0000000000000000000000000000000000000000e+00
1.0000000000000000000000000000000000000000e+00
7.9937446906061149221045525337103754281998e-01
1.0000000000000000000000000000000000000000e+00
1.0000000000000000000000000000000000000000e+00
5.5843738558676569994076999137178063392639e-01
8.0527708847612289311257427470991387963295e-01
2.9793183662273681200360897491918876767159e-01
9.3659834893252125187501633263309486210346e-01
9.6716127211375313432739631025469861924648e-01
1.0000000000000000000000000000000000000000e+00
1.0000000000000000000000000000000000000000e+00
4.4616732065660213990554439078550785779953e-01
1.0000000000000000000000000000000000000000e+00
5.6950626570810125581800775762530975043774e-01
7.9984180143881622448986945528304204344749e-01
0.0000000000000000000000000000000000000000e+00
8.1489836448930685897096282133134081959724e-01
7.2098439053156548883549703532480634748936e-01
8.3371968698312071133216250018449500203133e-01
7.1133698666452671588444900407921522855759e-01
8.7358848842598990636076905502704903483391e-01
5.9841956463451717596058188064489513635635e-01
6.2809381038172940048269765611621551215649e-01
7.2184237219079450120773344679037109017372e-01
1.0000000000000000000000000000000000000000e+00
8.9227443905275127811194124660687521100044e-01
8.3091573916069749738966265795170329511166e-01
7.9519497687480078518262871511979028582573e-01
7.1372919958610148150057739258045330643654e-01
4.5100486604480322094801181265211198478937e-01
6.7598119228874331554379750741645693778992e-01
7.3134882311365423390725482022389769554138e-01
6.2649569821940354064082612239872105419636e-01
5.5843738558676625505228230395005084574223e-01
3.4573983402273178455743618542328476905823e-01
8.0891880004139882220925983347115106880665e-01
8.3097767825699730970256950968177989125252e-01
1.0000000000000000000000000000000000000000e+00
8.5062981558238404122818110408843494951725e-01
6.5040295064340858388618471508380025625229e-01
6.2548875784483404238756065751658752560616e-01
8.4175465259087656200165383779676631093025e-01
6.5108336981938008669601458677789196372032e-01
7.2176416519385533376862440491095185279846e-01
4.1468935026014214217937592366070020943880e-01
4.7873499861683616041219124781491700559855e-01
7.7507214610484742589591178330010734498501e-01
7.2176416519385744319237119270837865769863e-01
7.3903767758047478331207003066083416342735e-01
8.1499574008825825810475862454040907323360e-01
8.1499574008825825810475862454040907323360e-01
6.0054612105315929859727930306689813733101e-01
7.7130618036212095223191909099114127457142e-01
7.3381352509771469172505931055638939142227e-01
3.6990782400436278409827650648367125540972e-01
5.2549860324554820145692701771622523665428e-01
3.2183704747165425841259889239154290407896e-01
3.8161584407270338070716775291657540947199e-01
2.8025307341950672634922625547915231436491e-01
0.0000000000000000000000000000000000000000e+00
5.0658070726950310547209710421157069504261e-01
5.5843738558676569994076999137178063392639e-01
1.4444448599907949715159816150844562798738e-01
0.0000000000000000000000000000000000000000e+00
4.1468935026014214217937592366070020943880e-01
3.5330736294508097161681803299870807677507e-01
6.2287900211864488664303962650592438876629e-01
4.1435363534973090882118640365661121904850e-01
0.0000000000000000000000000000000000000000e+00
1.9723046020171094983020054769440321251750e-01
3.6087570937700180762064405826095025986433e-01
6.0054612105315929859727930306689813733101e-01
0.0000000000000000000000000000000000000000e+00
3.4573983402273178455743618542328476905823e-01
3.6990782400436278409827650648367125540972e-01
0.0000000000000000000000000000000000000000e+00
5.2549860324554820145692701771622523665428e-01
3.2183704747165425841259889239154290407896e-01
3.8161584407270338070716775291657540947199e-01
2.8025307341950672634922625547915231436491e-01
0.0000000000000000000000000000000000000000e+00
5.0658070726950310547209710421157069504261e-01
5.5843738558676569994076999137178063392639e-01
1.4444448599907949715159816150844562798738e-01
0.0000000000000000000000000000000000000000e+00
4.1468935026014214217937592366070020943880e-01
3.5330736294508097161681803299870807677507e-01
6.2287900211864488664303962650592438876629e-01
4.1435363534973090882118640365661121904850e-01
0.0000000000000000000000000000000000000000e+00
1.9723046020171094983020054769440321251750e-01
3.6087570937700180762064405826095025986433e-01
6.0054612105315929859727930306689813733101e-01
0.0000000000000000000000000000000000000000e+00
3.4573983402273178455743618542328476905823e-01
3.6990782400436278409827650648367125540972e-01
0.0000000000000000000000000000000000000000e+00
0.0000000000000000000000000000000000000000e+00
5.2549860324554820145692701771622523665428e-01
3.2183704747165425841259889239154290407896e-01
3.8161584407270338070716775291657540947199e-01
2.8025307341950672634922625547915231436491e-01
0.0000000000000000000000000000000000000000e+00
5.0658070726950310547209710421157069504261e-01
5.5843738558676569994076999137178063392639e-01
1.4444448599907949715159816150844562798738e-01
0.0000000000000000000000000000000000000000e+00
4.1468935026014214217937592366070020943880e-01
3.5330736294508097161681803299870807677507e-01
6.2287900211864488664303962650592438876629e-01
4.1435363534973090882118640365661121904850e-01
0.0000000000000000000000000000000000000000e+00
1.9723046020171094983020054769440321251750e-01
3.6087570937700180762064405826095025986433e-01
6.0054612105315929859727930306689813733101e-01
0.0000000000000000000000000000000000000000e+00
3.4573983402273178455743618542328476905823e-01
3.6990782400436278409827650648367125540972e-01
0.0000000000000000000000000000000000000000e+00
0.0000000000000000000000000000000000000000e+00
0.0000000000000000000000000000000000000000e+00
7.2831795812145188051545119378715753555298e+01
7.2321006213005323282061453937785699963570e-01
