1
0
23
6.6872598810702599259059297764906659722328e-01
3.8769212141716313801964588492410257458687e-01
5.2264807197653928572123049889341928064823e-01
6.9373517505477622080434230156242847442627e-01
3.4126604363164236843886101269163191318512e-01
8.4005053679397567734099538938608020544052e-01
7.1058465730719566622042293602135032415390e-01
3.8939789271795005598519878731167409569025e-01
7.5196819699931416458582589257275685667992e-01
7.6094207552475057187990614693262614309788e-01
6.6132789597793928404456664793542586266994e-01
2.6086444303332856353705437868484295904636e-01
9.1818045326060815369828560505993664264679e-01
7.4358327714623206894373197428649291396141e-01
1.0000000000000000000000000000000000000000e+00
1.0000000000000000000000000000000000000000e+00
0.0000000000000000000000000000000000000000e+00
8.6843352740296653191620634970604442059994e-01
9.0004817678500592670332025591051205992699e-01
6.9079668730415999533533977228216826915741e-01
7.1842933929037067208867028966778889298439e-01
1.0000000000000000000000000000000000000000e+00
5.1743703195130397176626502186991274356842e-01
8.0779392893952339793628425468341447412968e-01
6.8051338147834616876252766815014183521271e-01
7.8298568048917926986973725433927029371262e-01
6.7236963339845101650382730440469458699226e-01
1.0000000000000000000000000000000000000000e+00
5.8447718033320283925746707609505392611027e-01
5.6021957956808166034790019693900831043720e-01
5.6441999398358422279642354624229483306408e-01
6.7424182110840669146512027509743347764015e-01
5.8608466743216158789664405048824846744537e-01
5.8492735115653404776026036415714770555496e-01
8.2521254420061773693362283665919676423073e-01
6.0695403500639022453810866863932460546494e-01
7.5298593086950549313485225866315886378288e-01
1.3121434819322258524820767888741102069616e-01
8.8834136819240672178210616038995794951916e-01
9.0012933019552843205701719853095710277557e-01
6.4555516480852581651106447679921984672546e-01
9.5033723780153378513091411150526255369186e-01
6.4197150649287626489325475631630979478359e-01
5.7498451791634641594441745837684720754623e-01
7.5941473647806145841343550273450091481209e-01
1.0000000000000000000000000000000000000000e+00
0.0000000000000000000000000000000000000000e+00
7.9182325637347472646609958246699534356594e-01
9.2346419398187506999420293141156435012817e-01
8.5542867667366073725077058043098077178001e-01
8.1940625078390338931200176375568844377995e-01
7.7128677588759875227708562306361272931099e-01
6.9079668730416132760296932247001677751541e-01
7.7022522637366241937684208096470683813095e-01
6.7840607963811383473995419990387745201588e-01
9.2224332412026943650573684863047674298286e-01
4.0898854707281151465991797522292472422123e-01
8.0779392893952328691398179216776043176651e-01
9.3390392476524497489265286276349797844887e-01
1.0000000000000000000000000000000000000000e+00
9.7454971432071102466210277270874939858913e-01
5.9086345580854082726318665663711726665497e-01
7.8291233499121959393818315220414660871029e-01
7.8606463101271184523710644498351030051708e-01
7.8963842359338465293205899797612801194191e-01
8.9064843271862992324372498842421919107437e-01
5.3541439983906180533068663862650282680988e-01
3.4752393715492813086598289373796433210373e-01
7.1964384168945605413370003589079715311527e-01
6.1993278196016010639368687407113611698151e-01
7.4459135594461467455573711049510166049004e-01
6.5043178824798486559188859246205538511276e-01
1.0000000000000000000000000000000000000000e+00
8.3052916484344252445737311063567176461220e-01
8.1606438063239172819862687902059406042099e-01
6.4416022787804272375922209903365001082420e-01
8.3166610487915049176876891579013317823410e-01
1.0000000000000000000000000000000000000000e+00
9.8542196500914147616612126512336544692516e-01
6.1993278196016010639368687407113611698151e-01
6.5887564617362104346653950415202416479588e-01
7.6094207552474601996550518379081040620804e-01
1.0000000000000000000000000000000000000000e+00
8.0943470414166163173774748429423198103905e-01
7.7920231917168414348395799606805667281151e-01
8.5775335626238757846806493034819141030312e-01
1.0000000000000000000000000000000000000000e+00
8.3299728314618359803489511250518262386322e-01
4.6726673441053967472669228300219401717186e-01
7.1604365293023630734126072638900950551033e-01
5.8081866381513802544134250638308003544807e-01
7.6661584492093393095046849339269101619720e-01
4.0386332148754222615139042318332940340042e-01
7.8931160599963656743227602419210597872734e-01
1.0000000000000000000000000000000000000000e+00
1.0000000000000000000000000000000000000000e+00
6.1464084073626878979013099524308927357197e-01
1.0000000000000000000000000000000000000000e+00
1.0000000000000000000000000000000000000000e+00
8.4958991307357434319413869161508046090603e-01
5.7027002495104550661153552937321364879608e-01
6.9562009849501382774406010867096483707428e-01
7.3417415454454226786396020543179474771023e-01
6.9562009849501416081096749621792696416378e-01
9.0221786532603287511733469727914780378342e-01
6.7777036047680372377044477616436779499054e-01
0.0000000000000000000000000000000000000000e+00
6.3769113701875679289798881654860451817513e-01
7.3029271537010764792086092711542733013630e-01
7.0232516910488484995767066720873117446899e-01
5.4840458725477836399164743852452374994755e-01
8.9219292957953766354251001757802441716194e-01
8.7716562426956112830112033407203853130341e-01
7.8606463101272128213281575881410390138626e-01
6.0203610886122738143910737562691792845726e-01
4.8252755912824596418175815415452234447002e-01
7.7586853690572166186711910995654761791229e-01
8.6244621421697997831756765663158148527145e-01
9.2261886253561842252679525699932128190994e-01
1.0000000000000000000000000000000000000000e+00
8.9364799741694445067707874841289594769478e-01
1.9144990926147831267201127047883346676826e-01
5.7497436457153661137908784439787268638611e-01
5.7565439275516516737241090595489367842674e-01
7.2037048670586378840141605905955657362938e-01
5.8576526276606910581534748416743241250515e-01
6.8959254830913230271960401296382769942284e-01
6.8287948655183816626390580495353788137436e-01
7.7022522637366241937684208096470683813095e-01
5.8608466743216347527578591325436718761921e-01
9.3943734223980501774065032805083319544792e-01
8.3116644287213992114971006230916827917099e-01
7.1053642129075855748965295788366347551346e-01
7.1436793276386834072866349742980673909187e-01
6.6611068246487037392000729596475139260292e-01
1.0000000000000000000000000000000000000000e+00
5.6459037828365787881068627029890194535255e-01
3.4612129097454041870562946314748842269182e-01
7.1690404641034710664371232269331812858582e-01
8.6000298660694207697474666929338127374649e-01
7.2359157253773243034800088935298845171928e-01
7.3921196647421216763262918902910314500332e-01
9.1452489985781293402311575846397317945957e-01
7.7026953498285410937285178079036995768547e-01
7.7022522637366408471137901869951747357845e-01
6.2193441219546596876455168967368081212044e-01
8.8981435184379675806809473215253092348576e-01
8.3787612951127576899068571947282180190086e-01
9.0846207095947084653175807034131139516830e-01
8.2399920428643802505774829114670865237713e-01
8.5319979474171425692929915385320782661438e-01
8.8838946613231528637300016271183267235756e-01
7.4119871949520710341374751806142739951611e-01
6.7439807050123878884306805048254318535328e-01
5.9577061456685243001629714854061603546143e-01
9.8808899395735350079661429845145903527737e-01
1.0000000000000000000000000000000000000000e+00
1.0000000000000000000000000000000000000000e+00
8.4179117573671258245582293966435827314854e-01
1.0000000000000000000000000000000000000000e+00
1.0000000000000000000000000000000000000000e+00
5.6021957956808166034790019693900831043720e-01
8.2843469497277100188625809096265584230423e-01
3.1909852210864553256897124811075627803802e-01
9.4962991851973366230765805084956809878349e-01
9.5722909923497434547812190430704504251480e-01
1.0000000000000000000000000000000000000000e+00
1.0000000000000000000000000000000000000000e+00
4.0764047676995396329857612727209925651550e-01
1.0000000000000000000000000000000000000000e+00
5.3543424566248687401781580774695612490177e-01
7.2867578184266446061911892684292979538441e-01
0.0000000000000000000000000000000000000000e+00
8.2519509122382173060827881272416561841965e-01
7.1210134858070950336639270972227677702904e-01
8.2862535669390768866549024096457287669182e-01
7.0313308342316460652909881900995969772339e-01
8.8097074765212735059094484313391149044037e-01
6.1439338376547270037519865581998601555824e-01
6.2535872564773054005371477614971809089184e-01
7.2178562813333968506412929855287075042725e-01
1.0000000000000000000000000000000000000000e+00
8.7364013751821500974870104982983320951462e-01
8.4958991307357434319413869161508046090603e-01
8.0160146516825370177627974044298753142357e-01
7.1154087322677672666770831710891798138618e-01
4.7315851095036326467990761557302903383970e-01
6.7777679406084190283365842333296313881874e-01
7.2037048670586312226760128396563231945038e-01
6.1573327682811906935711476762662641704082e-01
5.6021957956808643430690608511213213205338e-01
3.3605869676009647584180584090063348412514e-01
8.1213135981164075172245020439731888473034e-01
8.2711050012633324790556343941716477274895e-01
1.0000000000000000000000000000000000000000e+00
8.5073156440447195159038074052659794688225e-01
6.5250078953278278781624521798221394419670e-01
6.4577784778809199650595473940484225749969e-01
8.4240727303382634261197381420060992240906e-01
6.5013977315265758516460437022033147513866e-01
6.9234088802550242114364209555787965655327e-01
4.0898854707281151465991797522292472422123e-01
4.7846512402457647139542018521751742810011e-01
7.6782167261193645657613160437904298305511e-01
7.2532278956667806113500773790292441844940e-01
7.3156995230478005787233541923342272639275e-01
8.0476792326512269770688590142526663839817e-01
8.0476792326512269770688590142526663839817e-01
5.9577061456685243001629714854061603546143e-01
7.7839315522612850806183359964052215218544e-01
7.3156995230477872560470586904557421803474e-01
3.6899775887416869091239846056851092725992e-01
5.2264807197653928572123049889341928064823e-01
3.4126604363164236843886101269163191318512e-01
3.8939789271795005598519878731167409569025e-01
2.6086444303332856353705437868484295904636e-01
0.0000000000000000000000000000000000000000e+00
5.1743703195130397176626502186991274356842e-01
5.6021957956808166034790019693900831043720e-01
1.3121434819322258524820767888741102069616e-01
0.0000000000000000000000000000000000000000e+00
4.0898854707281151465991797522292472422123e-01
3.4752393715492813086598289373796433210373e-01
6.1993278196016010639368687407113611698151e-01
4.0386332148754222615139042318332940340042e-01
0.0000000000000000000000000000000000000000e+00
1.9144990926147831267201127047883346676826e-01
3.4612129097454041870562946314748842269182e-01
5.9577061456685243001629714854061603546143e-01
0.0000000000000000000000000000000000000000e+00
3.3605869676009647584180584090063348412514e-01
3.6899775887416869091239846056851092725992e-01
0.0000000000000000000000000000000000000000e+00
5.2264807197653928572123049889341928064823e-01
3.4126604363164236843886101269163191318512e-01
3.8939789271795005598519878731167409569025e-01
2.6086444303332856353705437868484295904636e-01
0.0000000000000000000000000000000000000000e+00
5.1743703195130397176626502186991274356842e-01
5.6021957956808166034790019693900831043720e-01
1.3121434819322258524820767888741102069616e-01
0.0000000000000000000000000000000000000000e+00
4.0898854707281151465991797522292472422123e-01
3.4752393715492813086598289373796433210373e-01
6.1993278196016010639368687407113611698151e-01
4.0386332148754222615139042318332940340042e-01
0.0000000000000000000000000000000000000000e+00
1.9144990926147831267201127047883346676826e-01
3.4612129097454041870562946314748842269182e-01
5.9577061456685243001629714854061603546143e-01
0.0000000000000000000000000000000000000000e+00
3.3605869676009647584180584090063348412514e-01
3.6899775887416869091239846056851092725992e-01
0.0000000000000000000000000000000000000000e+00
0.0000000000000000000000000000000000000000e+00
5.2264807197653928572123049889341928064823e-01
3.4126604363164236843886101269163191318512e-01
3.8939789271795005598519878731167409569025e-01
2.6086444303332856353705437868484295904636e-01
0.0000000000000000000000000000000000000000e+00
5.1743703195130397176626502186991274356842e-01
5.6021957956808166034790019693900831043720e-01
1.3121434819322258524820767888741102069616e-01
0.0000000000000000000000000000000000000000e+00
4.0898854707281151465991797522292472422123e-01
3.4752393715492813086598289373796433210373e-01
6.1993278196016010639368687407113611698151e-01
4.0386332148754222615139042318332940340042e-01
0.0000000000000000000000000000000000000000e+00
1.9144990926147831267201127047883346676826e-01
3.4612129097454041870562946314748842269182e-01
5.9577061456685243001629714854061603546143e-01
0.0000000000000000000000000000000000000000e+00
3.3605869676009647584180584090063348412514e-01
3.6899775887416869091239846056851092725992e-01
0.0000000000000000000000000000000000000000e+00
0.0000000000000000000000000000000000000000e+00
0.0000000000000000000000000000000000000000e+00
7.3473427348973231687523366417735815048218e+01
7.1985314365796793101281991766882129013538e-01
