1
0
23
6.6178722341782914018182282234192825853825e-01
3.9072757436533422925606373610207810997963e-01
5.1801512550117712052610841055866330862045e-01
7.0241288692233172508139205092447809875011e-01
3.6866685319855790892162872296466957777739e-01
8.3534462575190071564890104127698577940464e-01
7.5893391955534550419315564795397222042084e-01
3.9459079642121525077769206291122827678919e-01
7.4033212854103003230932245060103014111519e-01
7.8003645970450985469568649932625703513622e-01
6.8488485370660989737245927244657650589943e-01
2.6423919376693938421141183425788767635822e-01
8.6958987488183159264565347257303074002266e-01
8.6872728672916010861371205464820377528667e-01
1.0000000000000000000000000000000000000000e+00
1.0000000000000000000000000000000000000000e+00
0.0000000000000000000000000000000000000000e+00
8.8674001689951187366034446313278749585152e-01
8.9910143415755938711697581311454996466637e-01
7.0169040183819697542588755823089741170406e-01
7.2638536978492007634145011252257972955704e-01
9.9111242815271249906317052591475658118725e-01
5.1962397292546347316033461538609117269516e-01
7.8639920987622602410738181788474321365356e-01
6.9364693454704740016580899464315734803677e-01
7.8668932396710333776468360156286507844925e-01
6.8488485370660967532785434741526842117310e-01
1.0000000000000000000000000000000000000000e+00
6.1917176439168586377093106420943513512611e-01
5.7904110168590738894067726505454629659653e-01
5.3988015444894188465951856414903886616230e-01
6.8603655880540248546139991958625614643097e-01
5.7504422076307692979213470607646740972996e-01
5.6016002882054793943211734585929661989212e-01
7.7224142255994809858066219021566212177277e-01
5.3929512140442259493511301116086542606354e-01
7.5389367413347352364638709332211874425411e-01
1.2970996779558782718844156534032663330436e-01
9.4201138362512493173994698736350983381271e-01
9.4979135922316848539281863850192166864872e-01
6.5554587814330744777180370874702930450439e-01
9.5212672884355620261942476645344868302345e-01
1.0000000000000000000000000000000000000000e+00
6.2027879615835201931872688874136656522751e-01
7.3848919947564850563281879658461548388004e-01
9.8257957010360841287877065042266622185707e-01
0.0000000000000000000000000000000000000000e+00
7.6837899239986151567194383460446260869503e-01
9.6174530761291243674548923081601969897747e-01
8.4292832269994999450091199832968413829803e-01
8.5735806737396114129978741402737796306610e-01
7.9707156905174558758631064847577363252640e-01
6.6280136550499424430427097831852734088898e-01
7.6019269906944486603350696896086446940899e-01
6.1560730365496829641358544904505833983421e-01
8.9064490110769911623833650082815438508987e-01
4.0137754056786817402624478745565284043550e-01
7.9578258066748441823534676586859859526157e-01
9.0404475375983628371301392689929343760014e-01
9.8359545241541357363246333989081904292107e-01
1.0000000000000000000000000000000000000000e+00
5.6680503202499243897705127892550081014633e-01
7.5963796504337655068894719079253263771534e-01
7.7554110491865801968458526971517130732536e-01
7.6152341747646312697384018974844366312027e-01
8.8692747002155902791287189756985753774643e-01
5.2544795687431222752650228358106687664986e-01
3.1939281117322598779750819630862679332495e-01
7.6640650824644751537562115117907524108887e-01
6.4720679266231451176594191565527580678463e-01
7.3567750617856031425390028744004666805267e-01
6.4720679266231451176594191565527580678463e-01
1.0000000000000000000000000000000000000000e+00
8.8619806837482184569410037511261180043221e-01
8.0784007807779634191547302179969847202301e-01
6.4720679266231451176594191565527580678463e-01
8.5510831553885058298192234360612928867340e-01
1.0000000000000000000000000000000000000000e+00
9.9550134959533831402467285442980937659740e-01
6.4720679266231451176594191565527580678463e-01
6.6003284396875661066417251277016475796700e-01
7.8439761631697391131012864207150414586067e-01
1.0000000000000000000000000000000000000000e+00
7.9816898994360330199526742944726720452309e-01
6.4061424107357489710068421118194237351418e-01
8.2728029013040460526440256217028945684433e-01
1.0000000000000000000000000000000000000000e+00
8.2018695428962473670253530144691467285156e-01
4.7580796358966442882731939789664465934038e-01
7.2465066476713557719335767615120857954025e-01
6.0859327068627344647921972864423878490925e-01
8.3126780112503129149814640186377801001072e-01
4.5734855529515971994669598643667995929718e-01
7.8669632569093972396245817435556091368198e-01
1.0000000000000000000000000000000000000000e+00
1.0000000000000000000000000000000000000000e+00
5.7658648752658947511662290708045475184917e-01
1.0000000000000000000000000000000000000000e+00
1.0000000000000000000000000000000000000000e+00
8.0049565312604809008689699112437665462494e-01
5.3914618761771238020230612164596095681190e-01
6.3623865926868139464289697571075521409512e-01
7.2046663633644270063882686372380703687668e-01
6.3623865926868150566519943822640925645828e-01
9.0364995061635511319764191284775733947754e-01
6.7225387761276622633488386782119050621986e-01
0.0000000000000000000000000000000000000000e+00
6.9191823558077192313220393771189264953136e-01
7.0775678599118874156914671402773819863796e-01
6.3256411626885167276412857972900383174419e-01
5.5265867125729117859123107336927205324173e-01
7.7833338700889664885096408397657796740532e-01
8.7215949241403656344573391834273934364319e-01
7.7756435126389933376600538394995965063572e-01
6.4616449797860386894399198354221880435944e-01
4.1608212794582399851606169249862432479858e-01
7.7552248005143586961906976284808479249477e-01
8.7193296741221804069255085778422653675079e-01
9.3653841629889034159361926867859438061714e-01
1.0000000000000000000000000000000000000000e+00
8.8462373970417074175998095597606152296066e-01
2.0939330094941160931298895775398705154657e-01
5.8012797773609259266436311008874326944351e-01
5.8790795333414247458847512461943551898003e-01
7.5693518492933486996321335027460008859634e-01
5.6850819053950851778012065551592968404293e-01
6.7074991388400462266616841588984243571758e-01
6.8341189893944442879103462473722174763680e-01
7.6019269906944486603350696896086446940899e-01
5.6730192642965049376613251297385431826115e-01
9.2995504952404295373469267360633239150047e-01
8.2455809320641015869313150687958113849163e-01
6.9499344024744769132695410007727332413197e-01
7.3102229590306144757505535380914807319641e-01
6.8682021548064975391412190219853073358536e-01
1.0000000000000000000000000000000000000000e+00
5.5622691136333402006641790649155154824257e-01
3.0499029530007482069464685991988517343998e-01
7.9545547046333620055946767024579457938671e-01
9.0404475375983628371301392689929343760014e-01
7.2892025094255497030815149628324434161186e-01
7.6034256450462389675948315925779752433300e-01
9.3268771135927286408673353435005992650986e-01
7.9411508668114327846865307947155088186264e-01
8.0469010319966782773803970485460013151169e-01
6.2886576214418865582445050677051767706871e-01
9.2789839107106986126893843902507796883583e-01
8.7273722138287168625936374155571684241295e-01
9.0090842119133673904229908657725900411606e-01
8.7273722138287368466080806683748960494995e-01
9.0616766368438639300819659183616749942303e-01
7.9545547046333620055946767024579457938671e-01
7.4524479926487885439456704261829145252705e-01
6.9123235282276707103221724537434056401253e-01
6.2782346746047801300250057465746067464352e-01
1.0000000000000000000000000000000000000000e+00
1.0000000000000000000000000000000000000000e+00
1.0000000000000000000000000000000000000000e+00
1.0000000000000000000000000000000000000000e+00
1.0000000000000000000000000000000000000000e+00
1.0000000000000000000000000000000000000000e+00
5.7904110168590738894067726505454629659653e-01
8.4958052973008657549058852964662946760654e-01
2.8744834928496310055834328522905707359314e-01
9.2333180538451797847443458522320725023746e-01
9.6975051947786750083935203292639926075935e-01
1.0000000000000000000000000000000000000000e+00
1.0000000000000000000000000000000000000000e+00
3.1954999137630002437049370200838893651962e-01
1.0000000000000000000000000000000000000000e+00
5.6852548657821122546351944038178771734238e-01
6.9567830810324582380133051628945395350456e-01
0.0000000000000000000000000000000000000000e+00
8.2192643104168650047824939974816516041756e-01
7.5364889556786285318423779244767501950264e-01
8.2964281469974920923959871288388967514038e-01
7.6491682666564642101292292863945476710796e-01
8.5971739393923585215162574968417175114155e-01
6.4822590677267011294304666080279275774956e-01
6.4431439855074035261139897556859068572521e-01
7.3659493829905831052684561655041761696339e-01
9.5543641360901454540055510733509436249733e-01
8.9719353631204767918205789101193659007549e-01
8.1369292108157309506566434720298275351524e-01
8.0900058491743809252483288219082169234753e-01
7.5573350491864776934392011753516271710396e-01
4.8549822154038080324056636527529917657375e-01
6.4210505657336003348945041580009274184704e-01
7.5969432963610250553188052435871213674545e-01
6.2782346746047801300250057465746067464352e-01
5.7904110168590983143133144039893522858620e-01
3.2551140753010221473573437833692878484726e-01
8.2277255054721132321304821743979118764400e-01
8.1073141860748099141176226112293079495430e-01
1.0000000000000000000000000000000000000000e+00
8.3411749714698757429687248077243566513062e-01
6.4169267346736535984064175863750278949738e-01
6.5088521561139522919603450645809061825275e-01
8.5994589625943762545290383059182204306126e-01
6.4616449797860386894399198354221880435944e-01
6.3625742738264756681587641651276499032974e-01
4.0809901512045387850236011217930354177952e-01
4.6488139070475242853319741698214784264565e-01
7.8345949599531738982705064699985086917877e-01
7.8603658647833118955361442203866317868233e-01
6.9664499963262938031505200342508032917976e-01
7.8450179067902803264900057911290787160397e-01
8.0086630627978572238845345054869540035725e-01
6.2782346746047801300250057465746067464352e-01
6.7900509257384844552518643467919901013374e-01
7.3791678155622786317024974778178147971630e-01
3.8692882645821180531697791593614965677261e-01
5.1801512550117712052610841055866330862045e-01
3.6866685319855790892162872296466957777739e-01
3.9459079642121525077769206291122827678919e-01
2.6423919376693938421141183425788767635822e-01
0.0000000000000000000000000000000000000000e+00
5.1962397292546347316033461538609117269516e-01
5.7904110168590738894067726505454629659653e-01
1.2970996779558782718844156534032663330436e-01
0.0000000000000000000000000000000000000000e+00
4.0137754056786817402624478745565284043550e-01
3.1939281117322598779750819630862679332495e-01
6.4720679266231451176594191565527580678463e-01
4.5734855529515971994669598643667995929718e-01
0.0000000000000000000000000000000000000000e+00
2.0939330094941160931298895775398705154657e-01
3.0499029530007482069464685991988517343998e-01
6.2782346746047801300250057465746067464352e-01
0.0000000000000000000000000000000000000000e+00
3.2551140753010221473573437833692878484726e-01
3.8692882645821180531697791593614965677261e-01
0.0000000000000000000000000000000000000000e+00
5.1801512550117712052610841055866330862045e-01
3.6866685319855790892162872296466957777739e-01
3.9459079642121525077769206291122827678919e-01
2.6423919376693938421141183425788767635822e-01
0.0000000000000000000000000000000000000000e+00
5.1962397292546347316033461538609117269516e-01
5.7904110168590738894067726505454629659653e-01
1.2970996779558782718844156534032663330436e-01
0.0000000000000000000000000000000000000000e+00
4.0137754056786817402624478745565284043550e-01
3.1939281117322598779750819630862679332495e-01
6.4720679266231451176594191565527580678463e-01
4.5734855529515971994669598643667995929718e-01
0.0000000000000000000000000000000000000000e+00
2.0939330094941160931298895775398705154657e-01
3.0499029530007482069464685991988517343998e-01
6.2782346746047801300250057465746067464352e-01
0.0000000000000000000000000000000000000000e+00
3.2551140753010221473573437833692878484726e-01
3.8692882645821180531697791593614965677261e-01
0.0000000000000000000000000000000000000000e+00
0.0000000000000000000000000000000000000000e+00
5.1801512550117712052610841055866330862045e-01
3.6866685319855790892162872296466957777739e-01
3.9459079642121525077769206291122827678919e-01
2.6423919376693938421141183425788767635822e-01
0.0000000000000000000000000000000000000000e+00
5.1962397292546347316033461538609117269516e-01
5.7904110168590738894067726505454629659653e-01
1.2970996779558782718844156534032663330436e-01
0.0000000000000000000000000000000000000000e+00
4.0137754056786817402624478745565284043550e-01
3.1939281117322598779750819630862679332495e-01
6.4720679266231451176594191565527580678463e-01
4.5734855529515971994669598643667995929718e-01
0.0000000000000000000000000000000000000000e+00
2.0939330094941160931298895775398705154657e-01
3.0499029530007482069464685991988517343998e-01
6.2782346746047801300250057465746067464352e-01
0.0000000000000000000000000000000000000000e+00
3.2551140753010221473573437833692878484726e-01
3.8692882645821180531697791593614965677261e-01
0.0000000000000000000000000000000000000000e+00
0.0000000000000000000000000000000000000000e+00
0.0000000000000000000000000000000000000000e+00
7.2993897175119911935325944796204566955566e+01
7.0348374530723456476977162310504354536533e-01
