1
0
23
9.0901187721759368898233333311509341001511e-01
3.1278769970055292359845111604954581707716e-01
4.4580068236685560512100323649065103381872e-01
6.6168121339213925580224895384162664413452e-01
2.5800039423739679067537622358941007405519e-01
6.5716087748213058983282053304719738662243e-01
6.0290467383893830977115158020751550793648e-01
9.1439271989796358508506557427608640864491e-02
7.3334832882470868398172569868620485067368e-01
6.6262019858178156095362965061212889850140e-01
4.0253836283440047605353129256400279700756e-01
1.4014574456783493450195976492977933958173e-01
4.4580068236685560512100323649065103381872e-01
8.2535042875197250911156743313767947256565e-01
9.6468784475810731571243650250835344195366e-01
1.0000000000000000000000000000000000000000e+00
0.0000000000000000000000000000000000000000e+00
6.8611874370796310795839190177503041923046e-01
6.0197211642963011080098567617824301123619e-01
8.0493890253717492733187555131735280156136e-01
7.1972090250350728712902537154150195419788e-01
1.0000000000000000000000000000000000000000e+00
5.5961031846697661951139934899401850998402e-01
4.4580068236685560512100323649065103381872e-01
3.6893153618343321742401030860492028295994e-01
5.6571297106416307265419618488522246479988e-01
5.0686212120042750672865849992376752197742e-01
4.1401238552833952155651786597445607185364e-01
5.5988884774454927839570927972090430557728e-01
7.9664980222505978740832333073740301188082e-03
8.1406419460468848470213742984924465417862e-01
8.1406419460469026105897683009970933198929e-01
7.2714825674756244922036785283125936985016e-01
7.3334832882471456816375621201586909592152e-01
6.9138845178656471723854792799102142453194e-01
7.2714825674756244922036785283125936985016e-01
6.9138845178656394008243069038144312798977e-01
3.1302398809713927185782722517615184187889e-01
6.8943683482956341634917407645843923091888e-01
4.3606592658091064551584281616669613867998e-01
8.0493890253717470528727062628604471683502e-01
8.0493890253717870209015927684959024190903e-01
1.0000000000000000000000000000000000000000e+00
5.5961031846697661951139934899401850998402e-01
5.5961031846697639746679442396271042525768e-01
4.3110133697682001541195973004505503922701e-01
1.9445032454636299035222180009441217407584e-01
5.5330447193920184734139411375508643686771e-01
6.5498013410091593389239505995647050440311e-01
9.3425439940863841403739797897287644445896e-01
7.6561720571850488958887126500485464930534e-01
4.5146059221687406814993437365046702325344e-01
6.2563730042334986247709593953914009034634e-01
3.9620257151632110037553502479568123817444e-01
7.7870372855462255401448601332958787679672e-01
5.8952419154836466219649082631804049015045e-01
1.9356194068098894756069228151318384334445e-01
4.4580068236685560512100323649065103381872e-01
5.9566100727573201289999360596993938088417e-01
6.2362091815084708112948419511667452752590e-01
7.2477898483492320114152107635163702070713e-01
4.8830581499159952940658513398375362157822e-01
7.4403278333959244061901472377940081059933e-01
8.0204124029850420996012871910352259874344e-01
1.0000000000000000000000000000000000000000e+00
8.6612560948558159346077900408999994397163e-01
4.5181611766698548393605960882268846035004e-01
1.5825303590900252626028077429509721696377e-01
7.5521334474095191957587758224690333008766e-01
4.6074867302322020101712496398249641060829e-01
4.7308942747236643056041316413029562681913e-01
6.7249131738676171110569157463032752275467e-01
7.8200974276534718221398634341312572360039e-01
5.5988884774454927839570927972090430557728e-01
5.0686212120042428708188708696980029344559e-01
6.5870373030020556992525371242663823068142e-01
8.5652325619948399548775341827422380447388e-01
8.8019017350299644242284102801932021975517e-01
1.0000000000000000000000000000000000000000e+00
1.5492198674949006487189251402014633640647e-01
5.2203140171880069164700444162008352577686e-01
7.5561618654438067466116990544833242893219e-01
6.5939262512833773932641179271740838885307e-01
1.0000000000000000000000000000000000000000e+00
5.8423682617092753677212613183655776083469e-01
6.2063757844281763897953396735829301178455e-01
9.6500367836513722963331929349806159734726e-01
5.1672722543433080577557348078698851168156e-01
6.5651188985222441729661113640759140253067e-01
1.9356194068098894756069228151318384334445e-01
2.0529547034167217045563802457763813436031e-01
6.0006196993195226596640168281737715005875e-01
4.0536758359995150868826385703869163990021e-02
6.6238229962545136508822452015010640025139e-01
5.6987369089133399491231557476567104458809e-01
7.8969506914038889444640290093957446515560e-01
7.9798527185635381719919223542092368006706e-01
5.3156274219041388384709989622933790087700e-01
8.2362446910263442667599065316608175635338e-01
4.4727181314877778595118229532090481370687e-01
7.2466888243638760691567313187988474965096e-01
4.4524313836392082066595321521162986755371e-01
4.1228396228907521203765895734250079840422e-01
4.3913520141571410482228543514793273061514e-01
7.3435402472152611075273398455465212464333e-01
4.6567815656230970855489204041077755391598e-01
0.0000000000000000000000000000000000000000e+00
5.2831470122982304715719692467246204614639e-01
6.4689348448221473120156588265672326087952e-01
8.5338762298522807814293855699361301958561e-01
7.6875942380757800176382943391217850148678e-01
3.9198202028446815781137502199271693825722e-01
8.4720424021962326133206033773603849112988e-01
5.0686212120042650752793633728288114070892e-01
7.0767637758287127436318542095250450074673e-01
7.7394807662279840876351499900920316576958e-01
6.0739353919915650692473718663677573204041e-01
6.8788363796299667463074456463800743222237e-01
5.9258303275554657929546920058783143758774e-01
5.9037244051585158199912939380737952888012e-01
7.3435402472152611075273398455465212464333e-01
2.3189517927803285357590823423379333689809e-01
5.1518706004246228591370027061202563345432e-01
8.8334492452126633921238862967584282159805e-01
5.5487296737023716897141412118799053132534e-01
6.8854908631335232094272669201018288731575e-01
3.4096197158610941357892443193122744560242e-01
6.8854908631335232094272669201018288731575e-01
4.5809403994778030710932625879650004208088e-01
7.0498636691844063228984396118903532624245e-01
4.7238581231160220452736098195600789040327e-01
6.2668094200998625264986685579060576856136e-01
5.9575339300885243876138019913923926651478e-01
6.8854908631335232094272669201018288731575e-01
4.5809403994778546964639076577441301196814e-01
8.7455556147210200546027181189856491982937e-01
7.0767637758287627036679623415693640708923e-01
1.9329200325969739249210022080660564824939e-01
5.2678113593300290862231349819921888411045e-01
8.0235346541299323863682957380660809576511e-01
6.1150691703765258644409641419770196080208e-01
4.6173806469291073240057698967575561255217e-01
4.4992219007093264826480094598082359880209e-01
7.3147246753591643741998495897860266268253e-01
7.3124585926085194920176490995800122618675e-01
6.0162277560675436749448863338329829275608e-01
8.7302745754041422010516271257074549794197e-01
4.8510912725494043096219343169650528579950e-01
6.2959646376151834346046598511748015880585e-01
6.4723339838532001344617583526996895670891e-01
5.2622627142904954133939554594689980149269e-01
6.4281852894459867719945123099023476243019e-01
5.6481797131100985875917785961064510047436e-01
4.8154739831931314686386258472339250147343e-01
2.1809366086839399034857933656894601881504e-01
8.2574241458166341978142099833348765969276e-01
7.3254815043193111101516024064039811491966e-01
5.4160768992308139235802855182555504143238e-01
9.2165702047103159610941247592563740909100e-01
5.8332697386770093750385512976208701729774e-01
5.5961031846697661951139934899401850998402e-01
9.5249575526830956850865561591490404680371e-02
4.6891951045589341795505333720939233899117e-01
3.5802148482709517107736019170260988175869e-01
4.4167402462753924119454040919663384556770e-01
2.7271356825330006490304413091507740318775e-01
7.4850611193510041552201528247678652405739e-01
2.7271356825329995388074166839942336082458e-01
9.5249575526830956850865561591490404680371e-02
7.4394015702950921919978100049775093793869e-01
3.8333652610490909218299293570453301072121e-01
8.2877378910664534217289656226057559251785e-01
0.0000000000000000000000000000000000000000e+00
8.2256185718179697374807801679708063602448e-01
4.8472961228511318720890699296433012932539e-01
4.8677681495013858103959591971943154931068e-01
6.7249131738675593794596352381631731987000e-01
5.4110171856191002781599763693520799279213e-01
7.8681751748122408240959657632629387080669e-01
3.4148519557460504936230449857248459011316e-01
6.6688652628972833191767222160706296563148e-01
5.8556496966249738100884769664844498038292e-01
6.0891546224131110065513894369360059499741e-01
5.3501421072394395039850678585935384035110e-01
4.7940031494100154851878414774546399712563e-01
2.8399654535135748778529318769869860261679e-01
3.8022359324791232815243802178883925080299e-01
5.0474531280518930564937818417092785239220e-01
4.6278844735238389151987803415977396070957e-01
6.5512815229517828985450478285201825201511e-01
2.7470469633437644141338296321919187903404e-01
2.7470469633437644141338296321919187903404e-01
6.2780886830797477671239903429523110389709e-01
7.0837520127436481853777650030679069459438e-01
6.7835139263435084711062472706544212996960e-01
9.3977223513845786762033185368636623024940e-01
6.5302319421971244395308531238697469234467e-01
8.8238539273808247465069598547415807843208e-01
8.5148190121297873123040744758327491581440e-01
9.0032093581350836064558507132460363209248e-01
6.6441883409032609364430754794739186763763e-01
3.1485152168649932491462095640599727630615e-01
5.4345681830318293137338514497969299554825e-01
8.8019017350299644242284102801932021975517e-01
4.3211884773262748682398637356527615338564e-01
6.8901197532768598819075123174116015434265e-01
6.7584722870332059052600470749894157052040e-01
8.4197014730937003168520504914340563118458e-01
4.7861589024673317771529923447815235704184e-01
5.9924183818575449400611887540435418486595e-01
6.2229938663962602873880314291454851627350e-01
1.3133998382660283521516930704819969832897e-01
4.4580068236685560512100323649065103381872e-01
2.5800039423739679067537622358941007405519e-01
9.1439271989796358508506557427608640864491e-02
1.4014574456783493450195976492977933958173e-01
0.0000000000000000000000000000000000000000e+00
5.5961031846697661951139934899401850998402e-01
7.9664980222505978740832333073740301188082e-03
3.1302398809713927185782722517615184187889e-01
1.9445032454636299035222180009441217407584e-01
1.9356194068098894756069228151318384334445e-01
1.5825303590900252626028077429509721696377e-01
1.5492198674949006487189251402014633640647e-01
4.0536758359995150868826385703869163990021e-02
0.0000000000000000000000000000000000000000e+00
2.3189517927803285357590823423379333689809e-01
1.9329200325969739249210022080660564824939e-01
2.1809366086839399034857933656894601881504e-01
0.0000000000000000000000000000000000000000e+00
2.7470469633437644141338296321919187903404e-01
1.3133998382660283521516930704819969832897e-01
0.0000000000000000000000000000000000000000e+00
4.4580068236685560512100323649065103381872e-01
2.5800039423739679067537622358941007405519e-01
9.1439271989796358508506557427608640864491e-02
1.4014574456783493450195976492977933958173e-01
0.0000000000000000000000000000000000000000e+00
5.5961031846697661951139934899401850998402e-01
7.9664980222505978740832333073740301188082e-03
3.1302398809713927185782722517615184187889e-01
1.9445032454636299035222180009441217407584e-01
1.9356194068098894756069228151318384334445e-01
1.5825303590900252626028077429509721696377e-01
1.5492198674949006487189251402014633640647e-01
4.0536758359995150868826385703869163990021e-02
0.0000000000000000000000000000000000000000e+00
2.3189517927803285357590823423379333689809e-01
1.9329200325969739249210022080660564824939e-01
2.1809366086839399034857933656894601881504e-01
0.0000000000000000000000000000000000000000e+00
2.7470469633437644141338296321919187903404e-01
1.3133998382660283521516930704819969832897e-01
0.0000000000000000000000000000000000000000e+00
0.0000000000000000000000000000000000000000e+00
4.4580068236685560512100323649065103381872e-01
2.5800039423739679067537622358941007405519e-01
9.1439271989796358508506557427608640864491e-02
1.4014574456783493450195976492977933958173e-01
0.0000000000000000000000000000000000000000e+00
5.5961031846697661951139934899401850998402e-01
7.9664980222505978740832333073740301188082e-03
3.1302398809713927185782722517615184187889e-01
1.9445032454636299035222180009441217407584e-01
1.9356194068098894756069228151318384334445e-01
1.5825303590900252626028077429509721696377e-01
1.5492198674949006487189251402014633640647e-01
4.0536758359995150868826385703869163990021e-02
0.0000000000000000000000000000000000000000e+00
2.3189517927803285357590823423379333689809e-01
1.9329200325969739249210022080660564824939e-01
2.1809366086839399034857933656894601881504e-01
0.0000000000000000000000000000000000000000e+00
2.7470469633437644141338296321919187903404e-01
1.3133998382660283521516930704819969832897e-01
0.0000000000000000000000000000000000000000e+00
0.0000000000000000000000000000000000000000e+00
0.0000000000000000000000000000000000000000e+00
8.6180611142371830624142603483051061630249e+01
4.9100057203186869836386563292762730270624e-01
