1
0
23
7.4694292733244072035603267067926935851574e-01
3.6416024740348246213628158329811412841082e-01
4.9225325244641077171436904791335109621286e-01
7.2429688290578086995452622431912459433079e-01
2.5001572133349331261698011985572520643473e-01
7.3202231644023696421896829633624292910099e-01
6.8018863924273287313582159185898490250111e-01
2.0397679301652166250491404753120150417089e-01
8.4559406138285553300448782465537078678608e-01
7.2488208881784621517851974203949794173241e-01
4.6884964069612711234924518066691234707832e-01
1.7573741812311829968429321979783708229661e-01
6.5456964240220327777564079951844178140163e-01
8.7665186333747535663007965922588482499123e-01
8.9678904576195306308505905690253712236881e-01
8.9923304915326451869361790159018710255623e-01
0.0000000000000000000000000000000000000000e+00
7.7066023200531286185821500112069770693779e-01
6.2370175564421304059692374721635133028030e-01
8.0098039155828049118213129986543208360672e-01
7.7194922449999536784304154934943653643131e-01
9.2798258090342355952628849991015158593655e-01
5.7107753455258403185723636852344498038292e-01
6.0156403687275861180694391805445775389671e-01
4.9104647085957592311800112838682252913713e-01
6.1807237875762743861685066804056987166405e-01
5.8765622871074596478280227529467083513737e-01
5.5155192974901157132450180142768658697605e-01
6.0606167181343417738048628962133079767227e-01
2.5323099918573427347112669849593658000231e-01
7.3202231644023696421896829633624292910099e-01
8.4042146985045307339134978974470868706703e-01
6.9597049549538503310230908027733676135540e-01
6.9597049549538136936632781726075336337090e-01
8.5527163450119914056557490766863338649273e-01
8.1141192068780509938363820765516720712185e-01
7.2386935551781150799399711104342713952065e-01
3.1998516516786584817921834655862767249346e-01
7.0415698693465811341951621216139756143093e-01
4.7690630878716211427104099129792302846909e-01
8.2432682502222998088825534068746492266655e-01
8.0653062803529695923288045378285460174084e-01
1.0000000000000000000000000000000000000000e+00
5.7107753455258403185723636852344498038292e-01
6.5084491127821242351103592227445915341377e-01
5.1852727534701115175153063319157809019089e-01
2.5541756187492031804353587176592554897070e-01
7.1116846910015774074764749457244761288166e-01
8.6009949119664563799148027101182378828526e-01
9.3490031921194871600278020196128636598587e-01
9.6628767807757798280476890795398503541946e-01
7.5329237434695039965504292922560125589371e-01
8.0106472769822134605277597074746154248714e-01
6.8418761275812922661998527473770081996918e-01
9.3046704647625055883963796077296137809753e-01
7.6853429731420908055383733881171792745590e-01
4.1715269014285344395531751615635585039854e-01
6.3245651179788797691116997157223522663116e-01
7.0579965868576288734459467377746477723122e-01
8.2831274664811083141557901399210095405579e-01
1.0000000000000000000000000000000000000000e+00
6.4588907032424269782922010563197545707226e-01
8.1141192068780487733903328262385912239552e-01
8.3111583595377158673045414616353809833527e-01
9.3684873536304702490440377005143091082573e-01
7.3215846277048468593307006813120096921921e-01
6.7213045240621704934369518014136701822281e-01
3.3964654399666949213809630236937664449215e-01
7.3202231644023574297364120866404846310616e-01
5.4071902926356329999180161394178867340088e-01
5.6884666263789918083659813419217243790627e-01
7.0432391942553129737802919407840818166733e-01
8.3733640206670845174130590748973190784454e-01
5.7601274193646523347211996224359609186649e-01
5.7972058441562956954129504083539359271526e-01
7.6977505521660216647461538741481490433216e-01
7.3186992158196473301501328023732639849186e-01
8.6916262515956588252663550520082935690880e-01
9.6614623136352351107092317761271260678768e-01
2.8125715506748322214392032947216648608446e-01
6.6488207137442201233312744079739786684513e-01
7.4895415879360638378159364947350695729256e-01
9.8397384818367084058365890086861327290535e-01
1.0000000000000000000000000000000000000000e+00
6.0472950640751288453600409411592409014702e-01
8.1640265374023102129541484828223474323750e-01
9.6635755733929762367750981866265647113323e-01
7.3113016128599961351852698498987592756748e-01
7.4895415879360638378159364947350695729256e-01
4.1715269014285344395531751615635585039854e-01
4.6598833515880039302103909903962630778551e-01
7.1472219652695945235620911262230947613716e-01
3.7334601864370264845405245068832300603390e-01
7.3705329172151934358225844334810972213745e-01
7.0562626179018117511532182106748223304749e-01
7.3840705249912563790104513827827759087086e-01
6.9920155170317221937636986694997176527977e-01
4.6518906393183989678163925418630242347717e-01
8.7101608380035278056396919055259786546230e-01
6.1807237875763121337513439357280731201172e-01
8.3155611110573712796423251347732730209827e-01
6.2680709632744002757220869170851074159145e-01
6.1662712762165239333000954502495005726814e-01
5.3266743956291207062747616873821243643761e-01
8.9398647231948857871941527264425531029701e-01
6.6236081604395879995905715986737050116062e-01
1.9493044799000467520722068570648843888193e-02
6.7796510688366529162607321268296800553799e-01
7.1548180066662092624341084956540726125240e-01
7.4609977942861505084692907985299825668335e-01
7.2844238322263854534810434415703639388084e-01
7.1548180066661593023980003636097535490990e-01
7.9513629528345031172165136013063602149487e-01
7.1548180066661593023980003636097535490990e-01
7.3202231644023296741607964577269740402699e-01
7.8110658209407268781632183163310401141644e-01
7.3709975402934946320243625450530089437962e-01
7.9950948057906279231588086986448615789413e-01
7.1548180066661903886426898679928854107857e-01
7.3668255375041025168059150018962100148201e-01
8.2171628511291272545236097357701510190964e-01
2.8724608879994573129579293890856206417084e-01
6.0191149835989843364103535350295715034008e-01
7.8615287306095638086844701319932937622070e-01
6.8201998386417483910548753556213341653347e-01
6.9587879074494773945502856804523617029190e-01
5.8217069167068313806367996221524663269520e-01
7.1054092481380504153776200837455689907074e-01
6.3562764617474520889572886517271399497986e-01
6.7399838400961742390649078515707515180111e-01
6.0542622814797275587750391423469409346581e-01
7.6386405271198876132388022597297094762325e-01
7.3215846277048468593307006813120096921921e-01
7.2045697831862820503801003724220208823681e-01
7.1854364395590508696187725945492275059223e-01
1.0000000000000000000000000000000000000000e+00
7.1548180066661892784196652428363449871540e-01
3.7190689502734419757956629837281070649624e-01
5.8695891921172660410377375228563323616982e-01
7.4785644782274518505005289625842124223709e-01
6.1105471280329703986922140757087618112564e-01
6.3571878347352261950931051615043543279171e-01
5.3728049334233807243776936957146972417831e-01
7.3756255834148831684871083780308254063129e-01
7.0219832577406859908109026946476660668850e-01
6.8037398925097802848682704279781319200993e-01
8.7760633919479302811339493928244337439537e-01
6.3266775621840731780309852183563634753227e-01
7.3215846277047769152801492964499630033970e-01
7.1548180066661903886426898679928854107857e-01
6.3571878347351817861721201552427373826504e-01
6.9797920309153682616454261733451858162880e-01
7.1548180066661593023980003636097535490990e-01
5.8401937610535281653056927098077721893787e-01
2.8081004085317096130580694079981185495853e-01
8.3623332521397930605644432944245636463165e-01
6.7588976666206979082573980122106149792671e-01
5.8248661533177559235241460555698722600937e-01
7.8321811202890267988863115533604286611080e-01
6.9854564285817410951295869381283409893513e-01
6.6556351773602395738294035254511982202530e-01
4.1545969448241748533945383314858190715313e-01
7.6429737636938743783332483872072771191597e-01
5.0079779601085350204670021412312053143978e-01
6.7601349359703011288047491689212620258331e-01
4.9251140174701174556659566405869554728270e-01
7.2989881981032045388246842776425182819366e-01
4.5196250071388810454209306044504046440125e-01
3.7445698592409526472835068489075638353825e-01
9.2160764169037989734789562135119922459126e-01
5.7787703500319020921693891068571247160435e-01
8.4800372307731952670195596510893665254116e-01
0.0000000000000000000000000000000000000000e+00
8.3623332521397619743197537900414317846298e-01
7.4184756623759218197022846652544103562832e-01
6.1105471280329781702533864518045447766781e-01
8.8992290004118590474035954684950411319733e-01
7.5638375309212602104480538400821387767792e-01
8.0222021235593610199998693133238703012466e-01
6.3680651906269591933096307911910116672516e-01
8.5753004402179255905025456740986555814743e-01
7.2166993055260286737961905600968748331070e-01
7.7147933287737568974762325524352490901947e-01
8.0012625748294274874439224731759168207645e-01
6.6975394865105153385798075760249048471451e-01
5.4120308988012200135386819965788163244724e-01
6.0321435346612106709329736986546777188778e-01
6.8696682403707132191783557573216967284679e-01
7.5269089321827054028801740059861913323402e-01
6.9754052723086401588403759888024069368839e-01
3.9602611575136326127477559566614218056202e-01
3.9602611575136326127477559566614218056202e-01
7.0556175017876876509603789600078016519547e-01
8.4420601257146388185503838030854240059853e-01
7.8075907953661027871561373103759251534939e-01
8.6353978699073064007052380475215613842010e-01
7.0134262749622744426147846752428449690342e-01
9.2649378647742564041323021228890866041183e-01
9.1506856067429775958288473702850751578808e-01
9.0811908548731978818580046208808198571205e-01
7.5892278423509851315031937701860442757607e-01
4.7064550769274832164867916617367882281542e-01
6.6834362218865206450857385789277032017708e-01
7.9301836876130715747734711840166710317135e-01
6.1561997172167970404643710935488343238831e-01
7.1528510543815093658537307419464923441410e-01
7.5214659080780310596026083658216521143913e-01
8.5611579304105756005327521052095107734203e-01
6.3571878347352261950931051615043543279171e-01
7.7159719191062192678032261028420180082321e-01
7.0543149589575160351984095541411079466343e-01
2.6784078132069166766626722164801321923733e-01
4.9225325244641077171436904791335109621286e-01
2.5001572133349331261698011985572520643473e-01
2.0397679301652166250491404753120150417089e-01
1.7573741812311829968429321979783708229661e-01
0.0000000000000000000000000000000000000000e+00
5.7107753455258403185723636852344498038292e-01
2.5323099918573427347112669849593658000231e-01
3.1998516516786584817921834655862767249346e-01
2.5541756187492031804353587176592554897070e-01
4.1715269014285344395531751615635585039854e-01
3.3964654399666949213809630236937664449215e-01
2.8125715506748322214392032947216648608446e-01
3.7334601864370264845405245068832300603390e-01
1.9493044799000467520722068570648843888193e-02
2.8724608879994573129579293890856206417084e-01
3.7190689502734419757956629837281070649624e-01
2.8081004085317096130580694079981185495853e-01
0.0000000000000000000000000000000000000000e+00
3.9602611575136326127477559566614218056202e-01
2.6784078132069166766626722164801321923733e-01
0.0000000000000000000000000000000000000000e+00
4.9225325244641077171436904791335109621286e-01
2.5001572133349331261698011985572520643473e-01
2.0397679301652166250491404753120150417089e-01
1.7573741812311829968429321979783708229661e-01
0.0000000000000000000000000000000000000000e+00
5.7107753455258403185723636852344498038292e-01
2.5323099918573427347112669849593658000231e-01
3.1998516516786584817921834655862767249346e-01
2.5541756187492031804353587176592554897070e-01
4.1715269014285344395531751615635585039854e-01
3.3964654399666949213809630236937664449215e-01
2.8125715506748322214392032947216648608446e-01
3.7334601864370264845405245068832300603390e-01
1.9493044799000467520722068570648843888193e-02
2.8724608879994573129579293890856206417084e-01
3.7190689502734419757956629837281070649624e-01
2.8081004085317096130580694079981185495853e-01
0.0000000000000000000000000000000000000000e+00
3.9602611575136326127477559566614218056202e-01
2.6784078132069166766626722164801321923733e-01
0.0000000000000000000000000000000000000000e+00
0.0000000000000000000000000000000000000000e+00
4.9225325244641077171436904791335109621286e-01
2.5001572133349331261698011985572520643473e-01
2.0397679301652166250491404753120150417089e-01
1.7573741812311829968429321979783708229661e-01
0.0000000000000000000000000000000000000000e+00
5.7107753455258403185723636852344498038292e-01
2.5323099918573427347112669849593658000231e-01
3.1998516516786584817921834655862767249346e-01
2.5541756187492031804353587176592554897070e-01
4.1715269014285344395531751615635585039854e-01
3.3964654399666949213809630236937664449215e-01
2.8125715506748322214392032947216648608446e-01
3.7334601864370264845405245068832300603390e-01
1.9493044799000467520722068570648843888193e-02
2.8724608879994573129579293890856206417084e-01
3.7190689502734419757956629837281070649624e-01
2.8081004085317096130580694079981185495853e-01
0.0000000000000000000000000000000000000000e+00
3.9602611575136326127477559566614218056202e-01
2.6784078132069166766626722164801321923733e-01
0.0000000000000000000000000000000000000000e+00
0.0000000000000000000000000000000000000000e+00
0.0000000000000000000000000000000000000000e+00
8.2609295788786823777627432718873023986816e+01
1.0207667201998504857840543991187587380409e+00
