1
0
23
9.0626446815528138856166151526849716901779e-01
3.0720710552500507528606021878658793866634e-01
4.3456876422395973591505935473833233118057e-01
6.6002862413777974026629635773133486509323e-01
2.4057806969528169882543977564637316390872e-01
6.2548991316151059116634769452502951025963e-01
5.6565135265486576887639103006222285330296e-01
1.0107661842866885737457494087720988318324e-01
7.2708338691687812715969130294979549944401e-01
6.4985332118615091179236742391367442905903e-01
4.1876405289182333513409162151219788938761e-01
1.4418151900945699872558236620534444227815e-01
4.3456876422395973591505935473833233118057e-01
7.7114060597397948715325810553622432053089e-01
9.6321484826779846244448890502098947763443e-01
1.0000000000000000000000000000000000000000e+00
0.0000000000000000000000000000000000000000e+00
6.2828928011104268058772959193447604775429e-01
6.0589175474003864607652758422773331403732e-01
8.1223636235562945984156613121740520000458e-01
7.6892752461964319898868325253715738654137e-01
1.0000000000000000000000000000000000000000e+00
5.4183062516216751181019617433776147663593e-01
4.3456876422395973591505935473833233118057e-01
3.5907799876567508823299590403621550649405e-01
5.5494297648391466282191686332225799560547e-01
4.9712018070197044883329340336786117404699e-01
3.8003372880786545628950534592149779200554e-01
5.4183062516216751181019617433776147663593e-01
0.0000000000000000000000000000000000000000e+00
7.8725459151286547587744735210435464978218e-01
7.9637763593718380317199034834629856050014e-01
7.3598447132948019433484887485974468290806e-01
7.2708338691687834920429622798110358417034e-01
6.7103371647159848478736421384382992982864e-01
7.0865673019899599882620577773195691406727e-01
6.7103371647159804069815436378121376037598e-01
2.9509799776663525605613358493428677320480e-01
6.5848712839357737003354031912749633193016e-01
4.1477902410978484404324717615963891148567e-01
7.8850095045672796700841900019440799951553e-01
7.9837450530492859446241027399082668125629e-01
1.0000000000000000000000000000000000000000e+00
5.4183062516216751181019617433776147663593e-01
5.4145861960432151160915736909373663365841e-01
4.1394432805078862358527658216189593076706e-01
1.6690796410261443671885217554518021643162e-01
5.3739818565074248812862833801773376762867e-01
6.3535632363834715352624016304616816341877e-01
9.3307516216102159845036112528759986162186e-01
7.6905042867846207244042489037383347749710e-01
4.0830461664515671493802528857486322522163e-01
6.0725664225409792251753060554619878530502e-01
3.7357499631347884649912316490372177213430e-01
7.6905042867846318266344951553037390112877e-01
5.6683498441790169941612020920729264616966e-01
1.8540258760370620372270877851406112313271e-01
4.3456876422395973591505935473833233118057e-01
5.8245960556795617346637072841986082494259e-01
6.0747456112153364049532910939888097345829e-01
7.1699922978898922298895968197030015289783e-01
4.4928382298012459195035717129940167069435e-01
7.3465874623540305954350060346769168972969e-01
7.8855884370073492384278779354644939303398e-01
1.0000000000000000000000000000000000000000e+00
8.8301477125168403858879173640161752700806e-01
4.2937402221518655709431300238065887242556e-01
1.4205414153104131691485179089795565232635e-01
7.5593842665709543027219297073315829038620e-01
4.5182030481802981647376782348146662116051e-01
4.7939871523191585067635855921253096312284e-01
6.8936631562813799334321629430633038282394e-01
7.9188760232748678369318895420292392373085e-01
5.4944114242972530437469913522363640367985e-01
4.9353412848428074299889090070792008191347e-01
6.5537279736706055555117700350820086896420e-01
8.6400588363776975597829732578247785568237e-01
8.6595240607611323468972841510549187660217e-01
1.0000000000000000000000000000000000000000e+00
1.6412610096952473526243920787237584590912e-01
5.1610895294262448818045641019125469028950e-01
7.4419042589236794604801161767682060599327e-01
6.9154324589418902924364829232217743992805e-01
1.0000000000000000000000000000000000000000e+00
5.6034953194931425013436410154099576175213e-01
6.3662969526886348248240210523363202810287e-01
9.3275724769995771445962873258395120501518e-01
5.0459997685513457987838137341896072030067e-01
6.6378329288515236505929806298809126019478e-01
1.8540258760370620372270877851406112313271e-01
2.0769481094154387812444895189400995150208e-01
5.9070897940825761729399800969986245036125e-01
6.5751492484521611991965528432046994566917e-02
6.7178427345144553495259742703638039529324e-01
5.6565135265486576887639103006222285330296e-01
7.7591473857652604184664824060746468603611e-01
8.2547878963242382610587810631841421127319e-01
5.0711306105346942718625768975471146404743e-01
8.1647032499276306349855758526246063411236e-01
4.3751652310185595862179752657539211213589e-01
7.1357277348350534040832826576661318540573e-01
4.4663956752617428591634052281733602285385e-01
4.1435336489747764954216791011276654899120e-01
4.3456876422395973591505935473833233118057e-01
7.3883714263709376890432167783728800714016e-01
4.6595392359055676223533737356774508953094e-01
0.0000000000000000000000000000000000000000e+00
5.2281009618715557074608568655094131827354e-01
6.3251466651113086303581667380058206617832e-01
8.2883478673509558554144405206898227334023e-01
7.7010030056667033715456227582762949168682e-01
3.8003372880787278376146787195466458797455e-01
8.3186227396192913285943859591498039662838e-01
4.8006865176690871610531985425041057169437e-01
7.0147344484534290831589942172286100685596e-01
7.5471800804240363191865981207229197025299e-01
5.9420560239203945585018118435982614755630e-01
6.8489065524975178966826661053346469998360e-01
5.9092122834373694839626978136948309838772e-01
5.8419605682480812980372775200521573424339e-01
7.3883714263709376890432167783728800714016e-01
2.2582101074750468572283068624528823420405e-01
5.1610895294262448818045641019125469028950e-01
8.5690279156092818979573166870977729558945e-01
5.5367981938750654435921205731574445962906e-01
6.9587439438120601842285850580083206295967e-01
3.3256663309738260236869678010407369583845e-01
6.9587439438120657353437081837910227477551e-01
4.5328952356696855519047062443860340863466e-01
6.9350168871154493910324845273862592875957e-01
4.5525852372856362437758548367128241807222e-01
6.3091286534962764953604619222460314631462e-01
5.8705952281126605463157375197624787688255e-01
6.7126023746515128820533391262870281934738e-01
4.5627986935033393312011185116716660559177e-01
9.0390300856097960391366541443858295679092e-01
7.0147344484534646102957822222379036247730e-01
1.8530716336556565804194462998566450551152e-01
5.2281009618715557074608568655094131827354e-01
7.7428463168887484702196388752781786024570e-01
6.3107032731747514375797436514403671026230e-01
4.6597857919196239429027173173381015658379e-01
4.1834406039961735679355570027837529778481e-01
7.3621988560342677132553035335149616003036e-01
7.1563984288939064271062306943349540233612e-01
5.9325330807566678537057214271044358611107e-01
8.8868973582365617946976499297306872904301e-01
4.8680797459247071579113708139630034565926e-01
6.2976955822248459337941994817811064422131e-01
6.5253287483160860027453509246697649359703e-01
5.5013813138080380760186471889028325676918e-01
6.3122065574549224287181914405664429068565e-01
5.4360407100934604596176313862088136374950e-01
4.7384391671674003232439531529962550848722e-01
2.0648728842322069954029473137779859825969e-01
8.0425534131020615102869442125665955245495e-01
7.1476390992738614293955379253020510077477e-01
5.3510350647695803516512569331098347902298e-01
9.0969243655702203277257922309217974543571e-01
5.8232612132112282488094479049323126673698e-01
5.4183062516216751181019617433776147663593e-01
8.5420464721656638729108124152844538912177e-02
4.7221258953348133058369739956106059253216e-01
3.2778321291920808899789108181721530854702e-01
4.4565757023483842935718257649568840861320e-01
2.6592088679712133636456883323262445628643e-01
7.8049736264336200264324361342005431652069e-01
2.9224571898425627525242020965379197150469e-01
8.5420464721656638729108124152844538912177e-02
7.2318820782666648483427707105875015258789e-01
3.8446739063940971181665418043849058449268e-01
7.5608791889723159229674820380751043558121e-01
0.0000000000000000000000000000000000000000e+00
8.0425534131020481876106487106881104409695e-01
4.7613256309035062452394981846737209707499e-01
4.7156780614466353718228219804586842656136e-01
6.8936631562813821538782121933763846755028e-01
5.2342853346463147357070511134224943816662e-01
7.7557816187907280269797638538875617086887e-01
3.2815332128847102266533397596504073590040e-01
6.6366952542242318990872718131868168711662e-01
6.0035101058451911804070277867140248417854e-01
6.0961824855566104641724223256460390985012e-01
5.1610895294262548738117857283214107155800e-01
4.5385644159843441247659256987390108406544e-01
2.8946033062873832708561394611024297773838e-01
3.6337272110919893730596186287584714591503e-01
4.8792887996429196162395669489342253655195e-01
4.6794153052965098416038358664081897586584e-01
6.6390296209943233662897910107858479022980e-01
2.6559043900059026155346941777679603546858e-01
2.6559043900059026155346941777679603546858e-01
6.2827289686759602016508097221958450973034e-01
6.9922346673623758661619831400457769632339e-01
6.6982091096006235453330646123504266142845e-01
9.2843807121772470303255886392435058951378e-01
6.2837869400385182316881582664791494607925e-01
8.7273004362941120071184286643983796238899e-01
8.5301469809912644493010702717583626508713e-01
8.7213470363322542766582046169787645339966e-01
6.5258453722326015267185539414640516042709e-01
3.1407773858000248567989842740644235163927e-01
5.4218212751648009462002164582372643053532e-01
8.6595240607611323468972841510549187660217e-01
4.3095280947743608290778638547635637223721e-01
6.6535997609593566792796082154382020235062e-01
6.7223713022987252596607277155271731317043e-01
8.5031299745047150828725079918513074517250e-01
4.6597857919196156162300326286640483886003e-01
6.0668956562178388836059639288578182458878e-01
6.0974393229556766993226801787386648356915e-01
1.3312571507784773383598064810939831659198e-01
4.3456876422395973591505935473833233118057e-01
2.4057806969528169882543977564637316390872e-01
1.0107661842866885737457494087720988318324e-01
1.4418151900945699872558236620534444227815e-01
0.0000000000000000000000000000000000000000e+00
5.4183062516216751181019617433776147663593e-01
0.0000000000000000000000000000000000000000e+00
2.9509799776663525605613358493428677320480e-01
1.6690796410261443671885217554518021643162e-01
1.8540258760370620372270877851406112313271e-01
1.4205414153104131691485179089795565232635e-01
1.6412610096952473526243920787237584590912e-01
6.5751492484521611991965528432046994566917e-02
0.0000000000000000000000000000000000000000e+00
2.2582101074750468572283068624528823420405e-01
1.8530716336556565804194462998566450551152e-01
2.0648728842322069954029473137779859825969e-01
0.0000000000000000000000000000000000000000e+00
2.6559043900059026155346941777679603546858e-01
1.3312571507784773383598064810939831659198e-01
0.0000000000000000000000000000000000000000e+00
4.3456876422395973591505935473833233118057e-01
2.4057806969528169882543977564637316390872e-01
1.0107661842866885737457494087720988318324e-01
1.4418151900945699872558236620534444227815e-01
0.0000000000000000000000000000000000000000e+00
5.4183062516216751181019617433776147663593e-01
0.0000000000000000000000000000000000000000e+00
2.9509799776663525605613358493428677320480e-01
1.6690796410261443671885217554518021643162e-01
1.8540258760370620372270877851406112313271e-01
1.4205414153104131691485179089795565232635e-01
1.6412610096952473526243920787237584590912e-01
6.5751492484521611991965528432046994566917e-02
0.0000000000000000000000000000000000000000e+00
2.2582101074750468572283068624528823420405e-01
1.8530716336556565804194462998566450551152e-01
2.0648728842322069954029473137779859825969e-01
0.0000000000000000000000000000000000000000e+00
2.6559043900059026155346941777679603546858e-01
1.3312571507784773383598064810939831659198e-01
0.0000000000000000000000000000000000000000e+00
0.0000000000000000000000000000000000000000e+00
4.3456876422395973591505935473833233118057e-01
2.4057806969528169882543977564637316390872e-01
1.0107661842866885737457494087720988318324e-01
1.4418151900945699872558236620534444227815e-01
0.0000000000000000000000000000000000000000e+00
5.4183062516216751181019617433776147663593e-01
0.0000000000000000000000000000000000000000e+00
2.9509799776663525605613358493428677320480e-01
1.6690796410261443671885217554518021643162e-01
1.8540258760370620372270877851406112313271e-01
1.4205414153104131691485179089795565232635e-01
1.6412610096952473526243920787237584590912e-01
6.5751492484521611991965528432046994566917e-02
0.0000000000000000000000000000000000000000e+00
2.2582101074750468572283068624528823420405e-01
1.8530716336556565804194462998566450551152e-01
2.0648728842322069954029473137779859825969e-01
0.0000000000000000000000000000000000000000e+00
2.6559043900059026155346941777679603546858e-01
1.3312571507784773383598064810939831659198e-01
0.0000000000000000000000000000000000000000e+00
0.0000000000000000000000000000000000000000e+00
0.0000000000000000000000000000000000000000e+00
8.6339710517069661932509916368871927261353e+01
4.8502086992569432011279673133685719221830e-01
