1
0
23
8.8999757858217032335801377485040575265884e-01
3.1370441214425792697539918663096614181995e-01
4.4543247732182122966548831755062565207481e-01
6.4928731303418940612459664407651871442795e-01
2.5140016957401356556545124476542696356773e-01
6.4300169647570049047402562791830860078335e-01
6.1958277406527895170285091808182187378407e-01
8.9432436708952484094581336648843716830015e-02
7.1867096580101275105079139393637888133526e-01
7.1398531762483974372202055747038684785366e-01
4.1076925147982468189411520143039524555206e-01
1.7261218169792968968323521039565093815327e-01
4.4543247732182122966548831755062565207481e-01
8.5855104292249750930210439037182368338108e-01
8.5908889256244957977060039411298930644989e-01
1.0000000000000000000000000000000000000000e+00
0.0000000000000000000000000000000000000000e+00
7.7593903010533027408968109739362262189388e-01
5.8460831924712919338560368487378582358360e-01
8.0091214991312642546006372867850586771965e-01
7.5280923219842166282944617705652490258217e-01
1.0000000000000000000000000000000000000000e+00
5.4590922325727853081644980193232186138630e-01
4.4543247732182122966548831755062565207481e-01
3.6014815231381042126557190385938156396151e-01
5.7113562716060162216535900370217859745026e-01
5.0047360505325444446356186745106242597103e-01
4.4543247732182122966548831755062565207481e-01
5.4590922325727853081644980193232186138630e-01
1.2852707450951343648437585898136603645980e-02
7.7593903010533027408968109739362262189388e-01
8.3309197816758273624770936294225975871086e-01
7.1480939978171897930536715648486278951168e-01
7.1398531762484540585944614576874300837517e-01
6.9406105467405942999192802744801156222820e-01
7.2141324458833511190647413968690671026707e-01
6.9406105467406020714804526505758985877037e-01
2.9197785599489528562955342749773990362883e-01
6.3174888055325706393006157668423838913441e-01
4.6495193632492892721330690619652159512043e-01
8.2194816423673366934110617876285687088966e-01
8.3566061064939556324304703593952581286430e-01
1.0000000000000000000000000000000000000000e+00
5.4590922325727853081644980193232186138630e-01
5.6694523758088577469749225201667286455631e-01
4.1264012964443297359906637211679480969906e-01
2.1635694222452969692760404996079159900546e-01
5.4980955618526428096970448677893728017807e-01
6.6028322811512185630533622315851971507072e-01
9.3378982788628994704538399673765525221825e-01
8.0185485816484602938913894831785000860691e-01
5.0965807615187386225841237319400534033775e-01
6.2160679049819167474311143450904637575150e-01
4.1385024182352825317110500691342167556286e-01
8.0185485816484969312512021133443340659142e-01
6.0749097451706945971494633340626023709774e-01
2.0726597555780432169392213381797773763537e-01
4.4543247732182122966548831755062565207481e-01
5.7743014920278457058344656616100110113621e-01
6.3489683682244180129572441728669218719006e-01
7.2919882742982100598538863778230734169483e-01
4.4029326992563189158147451962577179074287e-01
7.5499710227657712557913782802643254399300e-01
7.9424590557312202410145118847140111029148e-01
1.0000000000000000000000000000000000000000e+00
7.9424590557311891547698223803308792412281e-01
4.8044548129073133546640406166261527687311e-01
1.7219398884262968052460962553595891222358e-01
7.0861759495218412663319895727909170091152e-01
4.7107263554334188881966838380321860313416e-01
4.5884621338863623707382544125721324235201e-01
6.4883362302536429222499236857402138411999e-01
7.3133615071642232852155984801356680691242e-01
5.4590922325727853081644980193232186138630e-01
4.8508231016676500724216225535201374441385e-01
6.4720374269944191958359169802861288189888e-01
8.0177342828859665679885893041500821709633e-01
8.9683554541507737312144854513462632894516e-01
1.0000000000000000000000000000000000000000e+00
1.5864785654164523243103701588552212342620e-01
5.2588543266450593627325815759832039475441e-01
8.2253195662760425488357896028901450335979e-01
6.9290269910217683335673655165010131895542e-01
1.0000000000000000000000000000000000000000e+00
5.1126297760575889483902756182942539453506e-01
6.2091350528162547739441379235358908772469e-01
9.9680767657705970918868843000382184982300e-01
5.4636139418215190488581356476061046123505e-01
7.1443931124672133137210039421916007995605e-01
2.0726597555780432169392213381797773763537e-01
2.3567960569611559606961748158937552943826e-01
6.1937602616581921566307755711022764444351e-01
1.4368145649906161054332187632098793983459e-01
6.5054963741349136618907778029097244143486e-01
6.1958277406527895170285091808182187378407e-01
7.6234464038588223289139023108873516321182e-01
7.5548305513911218067590880309580825269222e-01
5.7857584343757562095333923934958875179291e-01
8.0584207659542483881409680179785937070847e-01
4.6055363178804037405100757496256846934557e-01
7.1670814067197985419710448695695959031582e-01
4.3537910647299293831480326844030059874058e-01
4.4471683125699146277298723362036980688572e-01
4.3537910647299260524789588089333847165108e-01
7.0228144018144755822419256219291128218174e-01
4.6118220808579213354505554889328777790070e-01
0.0000000000000000000000000000000000000000e+00
5.3383614944459323314873699928284622728825e-01
6.4955933177552871438109605151112191379070e-01
8.3294145330439139929268321793642826378345e-01
7.7271294964931303006494545115856453776360e-01
4.0831063848096804669296489009866490960121e-01
8.4381153828442900799444714721175841987133e-01
5.1715920727273911872146072710165753960609e-01
6.9083573282207588750480908856843598186970e-01
7.8265206987545654637727920999168418347836e-01
6.2057299157011824863872107016504742205143e-01
6.8736580210680409130930001992965117096901e-01
5.8194863784649197846476909035118296742439e-01
5.8736776435072490798461330996360629796982e-01
7.0228144018144478266663099930156022310257e-01
2.1579530075725952831255938235699431970716e-01
4.9544262314737352870253062064875848591328e-01
8.7905823776674818503806818625889718532562e-01
5.4144277862849310434256722146528773009777e-01
6.9924273947437032283858115988550707697868e-01
3.3340762418123426336080683540785685181618e-01
6.9924273947437032283858115988550707697868e-01
4.7665334805474035562156132073141634464264e-01
6.8321819797471783353159935359144583344460e-01
4.4903165389947957697458491566067095845938e-01
6.4169848626933390089988051840919069945812e-01
5.7038232247798803520311139436671510338783e-01
6.7803808498606721322232715465361252427101e-01
4.7665334805473258406038894463563337922096e-01
9.1769087223056444724278435387532226741314e-01
6.9083573282208388111058638969552703201771e-01
1.8370601334240629909366759875410934910178e-01
5.3223490988861466011172751677804626524448e-01
7.9709286700390247215608496844652108848095e-01
6.0320675960918013203126974985934793949127e-01
4.9718649409088472301831984623277094215155e-01
4.6670831027229253695765009979368187487125e-01
7.1376256753585087810876075309352017939091e-01
6.9406105467405820874660093977581709623337e-01
6.0024874199012934194996660153265111148357e-01
8.3947018722281041558375136446557007730007e-01
4.8501921125943570078931088573881424963474e-01
6.6267977446523707030223704350646585226059e-01
6.7352547693426667585470113408518955111504e-01
5.0304401072580273712731013802113011479378e-01
6.8219368146345638059813154541188850998878e-01
5.8194863784649197846476909035118296742439e-01
4.9829674490271230746785136034304741770029e-01
2.0131184952552588773855291037762071937323e-01
8.3921259112195845109027914077159948647022e-01
7.4077346206215399782024633168475702404976e-01
5.1459005354315423552691299846628680825233e-01
7.1398531762483974372202055747038684785366e-01
5.9379735590229809627516033287975005805492e-01
5.4590922325727853081644980193232186138630e-01
1.0022285443884845768103275531757390126586e-01
5.0715210477261485344513403106248006224632e-01
4.2188731624552455734544764709426090121269e-01
4.7226682674155295860174419431132264435291e-01
2.6799146459813100173974476092553231865168e-01
7.7088806128264020234297504430287517607212e-01
2.8677661371951745916675236003356985747814e-01
1.3869918110794948740149834520707372575998e-01
7.1546538309188290050144587439717724919319e-01
3.9672675200401186224041794048389419913292e-01
8.9500839555466060737387579138157889246941e-01
0.0000000000000000000000000000000000000000e+00
8.3921259112195845109027914077159948647022e-01
5.1678459282622024595355014753295108675957e-01
4.8179095474236910412457746133441105484962e-01
6.7435540075699551554322397350915707647800e-01
5.9634960667183534166468916737358085811138e-01
8.0338170347694437545271739509189501404762e-01
3.5592735954599358239036632767238188534975e-01
6.9083573282207710875013617624063044786453e-01
5.4954907304214217766968886280665174126625e-01
6.1127835434617217025277113862102851271629e-01
5.7248358101798002550708588387351483106613e-01
4.7066913919639630226043891525478102266788e-01
3.3404136063604678019700600088981445878744e-01
3.8010261310215409658042062801541760563850e-01
5.3218823721733676812561952829128131270409e-01
4.8179095474236921514687992385006509721279e-01
6.3393436063720154383105409579002298414707e-01
2.9758898347334866718583157307875808328390e-01
2.9758898347334866718583157307875808328390e-01
6.0783146277236754784212280355859547853470e-01
7.2582421935647245536671334775746800005436e-01
7.0234186480489591009046534963999874889851e-01
9.5707932081072055741088888680678792297840e-01
6.2603272253435771066421011710190214216709e-01
8.7536205862691041090783983236178755760193e-01
8.7956133284062032462458091686130501329899e-01
9.0830343576485450540758392889983952045441e-01
6.8404357229027623610306818591197952628136e-01
3.2922459431287831588264225501916371285915e-01
5.4611515732823745494783906906377524137497e-01
8.6278837531961549700554314767941832542419e-01
4.6759470714607798136341898498358204960823e-01
6.5608702758995673942621351670823059976101e-01
6.5949251911934192449393776769284158945084e-01
8.0666040859854182265564759291009977459908e-01
4.7260490342367461602535172460193280130625e-01
6.0460858710013165584484795544994994997978e-01
6.5797376445710953341006188566097989678383e-01
1.2156604926034533797896131090965354815125e-01
4.4543247732182122966548831755062565207481e-01
2.5140016957401356556545124476542696356773e-01
8.9432436708952484094581336648843716830015e-02
1.7261218169792968968323521039565093815327e-01
0.0000000000000000000000000000000000000000e+00
5.4590922325727853081644980193232186138630e-01
1.2852707450951343648437585898136603645980e-02
2.9197785599489528562955342749773990362883e-01
2.1635694222452969692760404996079159900546e-01
2.0726597555780432169392213381797773763537e-01
1.7219398884262968052460962553595891222358e-01
1.5864785654164523243103701588552212342620e-01
1.4368145649906161054332187632098793983459e-01
0.0000000000000000000000000000000000000000e+00
2.1579530075725952831255938235699431970716e-01
1.8370601334240629909366759875410934910178e-01
2.0131184952552588773855291037762071937323e-01
0.0000000000000000000000000000000000000000e+00
2.9758898347334866718583157307875808328390e-01
1.2156604926034533797896131090965354815125e-01
0.0000000000000000000000000000000000000000e+00
4.4543247732182122966548831755062565207481e-01
2.5140016957401356556545124476542696356773e-01
8.9432436708952484094581336648843716830015e-02
1.7261218169792968968323521039565093815327e-01
0.0000000000000000000000000000000000000000e+00
5.4590922325727853081644980193232186138630e-01
1.2852707450951343648437585898136603645980e-02
2.9197785599489528562955342749773990362883e-01
2.1635694222452969692760404996079159900546e-01
2.0726597555780432169392213381797773763537e-01
1.7219398884262968052460962553595891222358e-01
1.5864785654164523243103701588552212342620e-01
1.4368145649906161054332187632098793983459e-01
0.0000000000000000000000000000000000000000e+00
2.1579530075725952831255938235699431970716e-01
1.8370601334240629909366759875410934910178e-01
2.0131184952552588773855291037762071937323e-01
0.0000000000000000000000000000000000000000e+00
2.9758898347334866718583157307875808328390e-01
1.2156604926034533797896131090965354815125e-01
0.0000000000000000000000000000000000000000e+00
0.0000000000000000000000000000000000000000e+00
4.4543247732182122966548831755062565207481e-01
2.5140016957401356556545124476542696356773e-01
8.9432436708952484094581336648843716830015e-02
1.7261218169792968968323521039565093815327e-01
0.0000000000000000000000000000000000000000e+00
5.4590922325727853081644980193232186138630e-01
1.2852707450951343648437585898136603645980e-02
2.9197785599489528562955342749773990362883e-01
2.1635694222452969692760404996079159900546e-01
2.0726597555780432169392213381797773763537e-01
1.7219398884262968052460962553595891222358e-01
1.5864785654164523243103701588552212342620e-01
1.4368145649906161054332187632098793983459e-01
0.0000000000000000000000000000000000000000e+00
2.1579530075725952831255938235699431970716e-01
1.8370601334240629909366759875410934910178e-01
2.0131184952552588773855291037762071937323e-01
0.0000000000000000000000000000000000000000e+00
2.9758898347334866718583157307875808328390e-01
1.2156604926034533797896131090965354815125e-01
0.0000000000000000000000000000000000000000e+00
0.0000000000000000000000000000000000000000e+00
0.0000000000000000000000000000000000000000e+00
8.4979143386247599778471339959651231765747e+01
5.1009080184210398023481047857785597443581e-01
