1
0
23
9.1675673517190958694556002228637225925922e-01
3.1803018561395290930704504717141389846802e-01
4.5193035117127844380036094662500545382500e-01
6.6777637151673618909342167171416804194450e-01
2.7232748711395765583986872115929145365953e-01
6.3507492480062577300259363255463540554047e-01
5.7503724134452638416803438303759321570396e-01
8.1248598410963920879446220624231500551105e-02
7.4916500098912786054228263310506008565426e-01
7.1615925343323405538598080966039560735226e-01
4.4579414764601371645724725567561108618975e-01
2.0452640967835197804980396085738902911544e-01
4.5193035117127844380036094662500545382500e-01
8.1479186830946837005740235326811671257019e-01
9.7014152046432688969446189730660989880562e-01
1.0000000000000000000000000000000000000000e+00
0.0000000000000000000000000000000000000000e+00
6.4465307006270489154076130944304168224335e-01
6.0488090814472861289630145620321854948997e-01
7.6788220708126597724429984737071208655834e-01
8.8810140160318529201077808465925045311451e-01
1.0000000000000000000000000000000000000000e+00
5.3541531989530100066332352071185596287251e-01
4.5193035117127844380036094662500545382500e-01
3.5142146016163106070351318521716166287661e-01
5.5286473043384154468782298863516189157963e-01
5.1716382573889840834624465060187503695488e-01
4.3263808697709560391331251594237983226776e-01
5.3784984405862978906753824048792012035847e-01
0.0000000000000000000000000000000000000000e+00
8.3409029215971219883840603870339691638947e-01
8.3409029215970897919163462574942968785763e-01
7.5027546602491812510749014109023846685886e-01
7.7624479596058870711772215145174413919449e-01
6.1562978822781289078847066775779239833355e-01
7.0150210833143433752923101565102115273476e-01
6.8017627673590130843450651809689588844776e-01
3.3497335369850905761879289457283448427916e-01
6.5590850650684062728146273002494126558304e-01
4.1537480096736301149462633475195616483688e-01
7.5601434207137041543234090568148531019688e-01
8.2428649281188515196561183984158560633659e-01
1.0000000000000000000000000000000000000000e+00
5.3541531989530100066332352071185596287251e-01
5.5530456159931107507077285845298320055008e-01
4.2943966142768408289498438534792512655258e-01
2.0803374958816647777304353894578525796533e-01
5.3813706712427022971212409174768254160881e-01
6.5730642472424416489218401693506166338921e-01
9.5423721775946734879880750668235123157501e-01
8.0678489399415198590759246144443750381470e-01
4.2945062216621332495947171992156654596329e-01
6.7000122350989355091144261677982285618782e-01
3.6428446317915480490157165149867068976164e-01
7.3767604667161545961562296724878251552582e-01
6.5563938405836563738660061062546446919441e-01
1.8030374007780322620497770458314334973693e-01
4.5193035117127844380036094662500545382500e-01
6.2936596781361076047289770940551534295082e-01
6.1767027628650983395175444456981495022774e-01
7.5844398646341759651079428294906392693520e-01
4.7464574367415335309772217442514374852180e-01
7.3423912750262720905425339879002422094345e-01
8.6172765721324640075806655659107491374016e-01
1.0000000000000000000000000000000000000000e+00
8.9593957968374104972042459849035367369652e-01
4.4601025085829881788868078729137778282166e-01
1.5469570135342902705843926014495082199574e-01
7.7170854538063382577206539281178265810013e-01
4.7114751323466891319569072038575541228056e-01
4.9718354640750611617150411802867893129587e-01
7.2896083647385112591621236788341775536537e-01
8.3232009874327661513859766273526474833488e-01
5.5420400445649098397637999369180761277676e-01
5.3784984405862845679990869030007161200047e-01
6.6597473350864444530117225440335460007191e-01
9.0717363600069467199915607125149108469486e-01
8.8704297510035812202033866924466565251350e-01
1.0000000000000000000000000000000000000000e+00
1.8924277838989217448428803436399903148413e-01
4.8498593272543732979329433874227106571198e-01
7.9648266413811485975315918039996176958084e-01
6.9096665782498567498493002858594991266727e-01
1.0000000000000000000000000000000000000000e+00
5.9842904019713460961327200493542477488518e-01
6.5169590033174973342511293594725430011749e-01
9.3405809207251877523958683013916015625000e-01
5.2887742663939241172244010158465243875980e-01
7.1362100287710172885624615446431562304497e-01
1.8030374007780322620497770458314334973693e-01
2.0294689212812863643442540251271566376090e-01
6.1962327075585421631842564238468185067177e-01
6.9830600503908324405699659109814092516899e-02
6.9895789199496705101921634195605292916298e-01
6.1760563020885017593286647752393037080765e-01
7.7743649028543537760072013043100014328957e-01
8.3760968328892460021961596794426441192627e-01
5.3878297894982984939105108423973433673382e-01
8.4619803404486437781173435723758302628994e-01
4.7920711185273462406897237997327465564013e-01
7.1709223576767344709992357820738106966019e-01
4.5113150435546495176097891999233979731798e-01
4.5803293983561010893623688389197923243046e-01
4.5113150435546567340594492634409107267857e-01
7.7777620807510938760742646991275250911713e-01
4.4029615186139370308637808193452656269073e-01
0.0000000000000000000000000000000000000000e+00
5.5271378827219797003067469631787389516830e-01
6.4387140388747154950976891996106132864952e-01
8.1797476035069727196002986602252349257469e-01
8.2428649281188504094330937732593156397343e-01
4.3263808697707961670175791368819773197174e-01
8.8944764948578991514693825592985376715660e-01
4.7268868738472497037506059314182493835688e-01
7.2484327774866752491789156920276582241058e-01
7.7785794665884511189801742148119956254959e-01
6.1615525155487538278009651548927649855614e-01
6.8538128418733423874442678425111807882786e-01
5.9408979554865759542536807202850468456745e-01
5.9119668300674232952474085323046892881393e-01
7.5399344452290006923789178472361527383327e-01
2.6124958164197786825155844780965708196163e-01
5.4191817261100305724852432831539772450924e-01
8.7460668145109643489831796614453196525574e-01
5.6634843217470620668763103822129778563976e-01
7.4885445010049078717884185607545077800751e-01
3.4194478335140893188182076301018241792917e-01
7.4885445010048934388890984337194822728634e-01
4.8040394781945178204196622573363129049540e-01
7.2484327774866752491789156920276582241058e-01
4.9120136242857342923073815654788631945848e-01
6.6846935335376234110782434072461910545826e-01
5.9817445489404841296732229238841682672501e-01
6.9002440556266886328984355714055709540844e-01
4.8158807858065344476017344277352094650269e-01
1.0000000000000000000000000000000000000000e+00
7.4953626026270903093262631955440156161785e-01
2.0464504743219180671331969278980977833271e-01
5.5845642913931059503340748051414266228676e-01
7.7479804571913712951669594986014999449253e-01
6.5364816753476162602964905090630054473877e-01
5.0012232969323411335693663204438053071499e-01
4.4142832108700524873512449630652554333210e-01
7.4462161214530175890047303255414590239525e-01
7.6813172948358166003401947818929329514503e-01
6.7078400308341978863779786479426547884941e-01
8.7756027565164052006707606778945773839951e-01
4.7612847944823788459700608655111864209175e-01
6.7113372086408995542683442181441932916641e-01
6.7113372086407951933040294534293934702873e-01
5.8951683774542806837359876226400956511497e-01
6.7192983074416279265506091178394854068756e-01
5.3640768674236183333192684585810638964176e-01
5.1725488254821516687087523678201250731945e-01
2.1874805315399187266578451271925587207079e-01
8.3554921252726077618433464522240683436394e-01
7.5889777359594590144808989862212911248207e-01
5.2676473660828215805906893365317955613136e-01
9.9009490463589855391290939223836176097393e-01
6.3003201560864241503878702133079059422016e-01
5.3541531989530100066332352071185596287251e-01
1.0783108722055584349774903785146307200193e-01
5.3957637520186485513562502092099748551846e-01
3.5691519182896092043932867454714141786098e-01
5.1570106298481843687397940811933949589729e-01
3.2109104254474102324579121159331407397985e-01
8.7183316171424718454829871916444972157478e-01
3.3090942057870209591641241786419413983822e-01
1.2812378838806132153038674914569128304720e-01
7.6707628666628502323021621123189106583595e-01
4.5665165838692489685968212143052369356155e-01
8.0908187052719682252899247032473795115948e-01
0.0000000000000000000000000000000000000000e+00
8.2920156772174336001768324422300793230534e-01
4.7113403519652086171021210247999988496304e-01
4.5946910070195512432178475137334316968918e-01
7.1632024978009489757369010476395487785339e-01
5.1722765761864275546599856170359998941422e-01
7.8420239023982918347144277504412457346916e-01
3.2924164881961281992062140488997101783752e-01
6.7405890422400371875255586928687989711761e-01
5.9035835722631080368927314339089207351208e-01
6.5150080853440150985278478401596657931805e-01
5.4531370443238413869835312652867287397385e-01
4.7502205069221831168491121388797182589769e-01
2.8542424409328392975737642700551077723503e-01
3.8004430779786707583767224605253431946039e-01
4.9675882134853049931777491110551636666059e-01
4.5946910070195512432178475137334316968918e-01
6.7113372086408784600308763401699252426624e-01
2.7869695724713589024545967731683049350977e-01
2.7869695724713589024545967731683049350977e-01
6.4465307006270655687529824717785231769085e-01
7.0090935234575202361639867376652546226978e-01
6.5952094006543560134048220788827165961266e-01
9.5628385280925842781840628958889283239841e-01
6.3541301990463416871079971315339207649231e-01
8.8085449830684303673677959523047320544720e-01
9.0753234482892053414104793773731216788292e-01
9.0139111967540974656998287173337303102016e-01
7.1660708068682010818406524776946753263474e-01
3.1788336314195769771728805608290713280439e-01
5.4976223104282806453113607858540490269661e-01
8.9617623274354629714366637927014380693436e-01
4.3375274864439422595197015652956906706095e-01
6.3541301990463394666619478812208399176598e-01
6.9691390470853409322415927817928604781628e-01
8.4550066165554504937773572237347252666950e-01
4.5144323623234594577979805762879550457001e-01
6.0604333650470743055649336383794434368610e-01
6.0010686513257494034689898398937657475471e-01
1.5486173248132723001546651175885926932096e-01
4.5193035117127844380036094662500545382500e-01
2.7232748711395765583986872115929145365953e-01
8.1248598410963920879446220624231500551105e-02
2.0452640967835197804980396085738902911544e-01
0.0000000000000000000000000000000000000000e+00
5.3541531989530100066332352071185596287251e-01
0.0000000000000000000000000000000000000000e+00
3.3497335369850905761879289457283448427916e-01
2.0803374958816647777304353894578525796533e-01
1.8030374007780322620497770458314334973693e-01
1.5469570135342902705843926014495082199574e-01
1.8924277838989217448428803436399903148413e-01
6.9830600503908324405699659109814092516899e-02
0.0000000000000000000000000000000000000000e+00
2.6124958164197786825155844780965708196163e-01
2.0464504743219180671331969278980977833271e-01
2.1874805315399187266578451271925587207079e-01
0.0000000000000000000000000000000000000000e+00
2.7869695724713589024545967731683049350977e-01
1.5486173248132723001546651175885926932096e-01
0.0000000000000000000000000000000000000000e+00
4.5193035117127844380036094662500545382500e-01
2.7232748711395765583986872115929145365953e-01
8.1248598410963920879446220624231500551105e-02
2.0452640967835197804980396085738902911544e-01
0.0000000000000000000000000000000000000000e+00
5.3541531989530100066332352071185596287251e-01
0.0000000000000000000000000000000000000000e+00
3.3497335369850905761879289457283448427916e-01
2.0803374958816647777304353894578525796533e-01
1.8030374007780322620497770458314334973693e-01
1.5469570135342902705843926014495082199574e-01
1.8924277838989217448428803436399903148413e-01
6.9830600503908324405699659109814092516899e-02
0.0000000000000000000000000000000000000000e+00
2.6124958164197786825155844780965708196163e-01
2.0464504743219180671331969278980977833271e-01
2.1874805315399187266578451271925587207079e-01
0.0000000000000000000000000000000000000000e+00
2.7869695724713589024545967731683049350977e-01
1.5486173248132723001546651175885926932096e-01
0.0000000000000000000000000000000000000000e+00
0.0000000000000000000000000000000000000000e+00
4.5193035117127844380036094662500545382500e-01
2.7232748711395765583986872115929145365953e-01
8.1248598410963920879446220624231500551105e-02
2.0452640967835197804980396085738902911544e-01
0.0000000000000000000000000000000000000000e+00
5.3541531989530100066332352071185596287251e-01
0.0000000000000000000000000000000000000000e+00
3.3497335369850905761879289457283448427916e-01
2.0803374958816647777304353894578525796533e-01
1.8030374007780322620497770458314334973693e-01
1.5469570135342902705843926014495082199574e-01
1.8924277838989217448428803436399903148413e-01
6.9830600503908324405699659109814092516899e-02
0.0000000000000000000000000000000000000000e+00
2.6124958164197786825155844780965708196163e-01
2.0464504743219180671331969278980977833271e-01
2.1874805315399187266578451271925587207079e-01
0.0000000000000000000000000000000000000000e+00
2.7869695724713589024545967731683049350977e-01
1.5486173248132723001546651175885926932096e-01
0.0000000000000000000000000000000000000000e+00
0.0000000000000000000000000000000000000000e+00
0.0000000000000000000000000000000000000000e+00
8.6209009951471088584185054060071706771851e+01
4.7436801166314113142874475670396350324154e-01
