1
0
23
9.1600621425480377446604052238399162888527e-01
3.1720331929698503126147102193499449640512e-01
4.4938429080549285865586739419086370617151e-01
6.7222832959968392696481487291748635470867e-01
2.9289033318614704493043632282933685928583e-01
6.3632109165628747415865973380277864634991e-01
5.8960825193474764027712353708921000361443e-01
8.9940769685688745638252328262751689180732e-02
7.5114631601432924057348827773239463567734e-01
6.9999173472130304940463929597171954810619e-01
4.3603711201248068762836851419706363230944e-01
1.9113600267658631404188440683356020599604e-01
4.4938429080549285865586739419086370617151e-01
7.9113067297697359236963166040368378162384e-01
9.7437903199118824915103687089867889881134e-01
1.0000000000000000000000000000000000000000e+00
0.0000000000000000000000000000000000000000e+00
6.4334900490181290422242454951629042625427e-01
6.1359349541757224333338172073126770555973e-01
7.6856795271900724131342030887026339769363e-01
8.8566835278570077427673368219984695315361e-01
1.0000000000000000000000000000000000000000e+00
5.3463442724828469376774364718585275113583e-01
4.5218497131062829197389874025247991085052e-01
3.6529295586520688088327801779087167233229e-01
5.5593852915527031122167045396054163575172e-01
5.1964088074135994510527325473958626389503e-01
4.1677922626029717534379415155854076147079e-01
5.3463442724828469376774364718585275113583e-01
0.0000000000000000000000000000000000000000e+00
8.3314042940386656699303102868725545704365e-01
8.3836053079894912176683874349691905081272e-01
7.4822647294431154918470383563544601202011e-01
7.6084741176089576430996430644881911575794e-01
6.1187407865458043332296256266999989748001e-01
7.1259761749815375697636454788153059780598e-01
6.7349767781354630269419203614233992993832e-01
3.3482469104542217364084422115411143749952e-01
6.7105299669971274489910229021916165947914e-01
4.4051597613640969264281466166721656918526e-01
7.5840566627233929608564722002483904361725e-01
8.1350847778181978320333200827008113265038e-01
1.0000000000000000000000000000000000000000e+00
5.3463442724828469376774364718585275113583e-01
5.7911133758946187199967425840441137552261e-01
4.3685167149004089370833980865427292883396e-01
2.0490777609518456836568134349363390356302e-01
5.3222675339580671760586483287625014781952e-01
6.6405012980278455003713133919518440961838e-01
9.5499151103603874268799245328409597277641e-01
7.9106200551726202352398331640870310366154e-01
4.0882797098631479260077981052745599299669e-01
6.6295621361589995856888890557456761598587e-01
3.6817515838423481300267781080037821084261e-01
7.6084741176089576430996430644881911575794e-01
6.3726574986781314713368828961392864584923e-01
1.7939931888518342861793541942461160942912e-01
4.4938429080549285865586739419086370617151e-01
6.2712254788961852014494979812297970056534e-01
6.1249217183267978814598109238431788980961e-01
7.4739951697217898995972973352763801813126e-01
4.7324704028207814632267513843544293195009e-01
7.2657657816928200578132646114681847393513e-01
8.5771232738287350727546254347544163465500e-01
1.0000000000000000000000000000000000000000e+00
8.9995511633800195916421671427087858319283e-01
4.4444601955285739647294462884019594639540e-01
1.4762226559665644898267089502041926607490e-01
7.7811215837167568842858145217178389430046e-01
4.6943812483179675476563375013938639312983e-01
4.9374411795755318577150205783254932612181e-01
7.2907342207594794114555725172976963222027e-01
8.1210366844580017531285420773201622068882e-01
5.4973207949430313856709062747540883719921e-01
5.3325528344365413779826212703483179211617e-01
6.6682367737709202781815065463888458907604e-01
9.3835834056023781357680491055361926555634e-01
8.6359240812355031469138566535548307001591e-01
1.0000000000000000000000000000000000000000e+00
1.9006359920462329027301962014462333172560e-01
4.9623876143437073427122641078312881290913e-01
8.1679039732138214446877100272104144096375e-01
6.8776213004676112205970639479346573352814e-01
1.0000000000000000000000000000000000000000e+00
5.8979761689380227895895814071991480886936e-01
6.3940429480234417525252865743823349475861e-01
9.3390531187410874558452178462175652384758e-01
5.1627331996431879979070345143554732203484e-01
6.9905776730026236709392151169595308601856e-01
1.7939931888518342861793541942461160942912e-01
2.0140714780519688997806326824502320960164e-01
6.1356620689412821878505610584397800266743e-01
5.3659417382236007654228160390630364418030e-02
7.0869851761929747446799865429056808352470e-01
6.0388488750077140565508670988492667675018e-01
7.5792472602089433486582947807619348168373e-01
8.4573151163608062397258890996454283595085e-01
5.3500848948127077697733966488158330321312e-01
8.4420754763727334779588318269816227257252e-01
4.5610805354377237375018694365280680358410e-01
7.2479255094274797066589144378667697310448e-01
4.4654995969524918786319744867796543985605e-01
4.4444601955285617522761754116800148040056e-01
4.4654995969524918786319744867796543985605e-01
7.5912330531606675432243491741246543824673e-01
4.3920801613504645288799110858235508203506e-01
0.0000000000000000000000000000000000000000e+00
5.5059247580456793791370273538632318377495e-01
6.4345866381578531445484259165823459625244e-01
8.2577894865033507620921682246262207627296e-01
8.1350847778182011627023939581704325973988e-01
4.3071118266596752910402301495196297764778e-01
8.8807006531618670752692423775442875921726e-01
4.7152668749801313063940710890165064483881e-01
7.2479255094274686044286681863013654947281e-01
7.7814399976761372546008033168618567287922e-01
6.2648702575754655619277855294058099389076e-01
6.8808061483755234011283619111054576933384e-01
6.0582905277936494048418580860015936195850e-01
5.8549341394004061900346869151690043509007e-01
7.5827558809597916944511553083430044353008e-01
2.4991502349196001442344083898206008598208e-01
5.3732684101385619346302746635046787559986e-01
8.9414765173389276764481792270089499652386e-01
5.6013621627263299185273126568063162267208e-01
7.3942385270663013585590306320227682590485e-01
3.4224180806873699678405387203383725136518e-01
7.3942385270663013585590306320227682590485e-01
4.6891464024380391517610178198083303868771e-01
7.2696203312868468149332557004527188837528e-01
4.8170171920457371950163860674365423619747e-01
6.6295621361590484355019725626334547996521e-01
6.0749033262022433810045640711905434727669e-01
6.9759767356892543599400369203067384660244e-01
4.7778090310762633130536869430216029286385e-01
1.0000000000000000000000000000000000000000e+00
7.4039337646664793446404928545234724879265e-01
2.0326144505720675215165726967825321480632e-01
5.5679526828523828729800015935325063765049e-01
8.0279692364330856868548380589345470070839e-01
6.5434603364921584134350496242404915392399e-01
4.9542905858362051851884189090924337506294e-01
4.5558869141148183867784382528043352067471e-01
7.5701351466186106442535219684941694140434e-01
7.6160907911530673075617414724547415971756e-01
6.6186959202563733217772323769167996942997e-01
8.8017791106343512552712127217091619968414e-01
4.8244710541033813955280606933229137212038e-01
6.6276516494854087468979741970542818307877e-01
6.7480873630257875994686855847248807549477e-01
5.9375212387750875286940299702109768986702e-01
6.5439734460479770383756203955272212624550e-01
5.4718770721103504595106414853944443166256e-01
5.0596340360376168554523701459402218461037e-01
2.2667206120828559123836498656601179391146e-01
8.4405400788330753325539035358815453946590e-01
7.8174111518791233876868318475317209959030e-01
5.3701928755754324562587953550973907113075e-01
9.8937062126554020657920318626565858721733e-01
6.2340954168536422130841856414917856454849e-01
5.3463442724828469376774364718585275113583e-01
1.0359210191014033008993777684736414812505e-01
5.2219868703832128531416856276337057352066e-01
3.5261473450859409650703923944092821329832e-01
4.8824158879332568705677886100602336227894e-01
2.9699273156580174859442422530264593660831e-01
8.5295832644299551805744386001606471836567e-01
3.1567376381292533427114221922238357365131e-01
1.0359210191014033008993777684736414812505e-01
7.4745783718828806563294619991211220622063e-01
4.5620270488274394793393184954766184091568e-01
8.1160646124436186532591364084510132670403e-01
0.0000000000000000000000000000000000000000e+00
8.1530016519377612738139760040212422609329e-01
4.8404746508420071204881196536007337272167e-01
4.6474937387112463804683670787198934704065e-01
7.1545901937365374845256837943452410399914e-01
5.1681925308506571070665813749656081199646e-01
7.8267794297148607363112660095794126391411e-01
3.2324274907879313456504632995347492396832e-01
6.7397566950272713715008876533829607069492e-01
6.0194270455495058058659196831285953521729e-01
6.4561817006906707661073596682399511337280e-01
5.3732684101385619346302746635046787559986e-01
4.6259307355973366959744907944696024060249e-01
2.7811800634394556741568749202997423708439e-01
3.7180561515553511853227064420934766530991e-01
4.9610494855005948799941961624426767230034e-01
4.6474937387112463804683670787198934704065e-01
6.7480873630257875994686855847248807549477e-01
2.7811800634394556741568749202997423708439e-01
2.7811800634394556741568749202997423708439e-01
6.4767358186651813323209125883295200765133e-01
7.1783707347288616684721773708588443696499e-01
6.4921485202331430386379906849469989538193e-01
9.7108292039158317088265448546735569834709e-01
6.3495935733940656042761929711559787392616e-01
8.8260002110516078133173323294613510370255e-01
8.9361998458536329170698309098952449858189e-01
8.9611699569229652517776685272110626101494e-01
7.0019867426634774254523563286056742072105e-01
3.1269014917714321732944426912581548094749e-01
5.4527985353868058115978101341170258820057e-01
8.9638342192581355050151614705100655555725e-01
4.3380543649459141208879486839578021317720e-01
6.3495935733939756762111983334762044250965e-01
6.8186173940804439830287719814805313944817e-01
8.3975851696596548467965703821391798555851e-01
4.5795292384745728275774467874725814908743e-01
5.9744960716141082279762031248537823557854e-01
6.0124306802856541942503554309951141476631e-01
1.4837620571545837022675584648823132738471e-01
4.4938429080549285865586739419086370617151e-01
2.9289033318614704493043632282933685928583e-01
1.7939931888518342861793541942461160942912e-01
1.9113600267658631404188440683356020599604e-01
1.7939931888518342861793541942461160942912e-01
5.3463442724828469376774364718585275113583e-01
1.7939931888518342861793541942461160942912e-01
3.3482469104542217364084422115411143749952e-01
2.0490777609518456836568134349363390356302e-01
1.7939931888518342861793541942461160942912e-01
1.7939931888518342861793541942461160942912e-01
1.9006359920462329027301962014462333172560e-01
1.7939931888518342861793541942461160942912e-01
1.7939931888518342861793541942461160942912e-01
2.4991502349196001442344083898206008598208e-01
2.0326144505720675215165726967825321480632e-01
2.2667206120828559123836498656601179391146e-01
1.7939931888518342861793541942461160942912e-01
2.7811800634394556741568749202997423708439e-01
1.7939931888518342861793541942461160942912e-01
1.7939931888518342861793541942461160942912e-01
4.4938429080549285865586739419086370617151e-01
2.9289033318614704493043632282933685928583e-01
8.9940769685688745638252328262751689180732e-02
1.9113600267658631404188440683356020599604e-01
0.0000000000000000000000000000000000000000e+00
5.3463442724828469376774364718585275113583e-01
0.0000000000000000000000000000000000000000e+00
3.3482469104542217364084422115411143749952e-01
2.0490777609518456836568134349363390356302e-01
1.7939931888518342861793541942461160942912e-01
1.4762226559665644898267089502041926607490e-01
1.9006359920462329027301962014462333172560e-01
5.3659417382236007654228160390630364418030e-02
0.0000000000000000000000000000000000000000e+00
2.4991502349196001442344083898206008598208e-01
2.0326144505720675215165726967825321480632e-01
2.2667206120828559123836498656601179391146e-01
0.0000000000000000000000000000000000000000e+00
2.7811800634394556741568749202997423708439e-01
1.4837620571545837022675584648823132738471e-01
1.7939931888518342861793541942461160942912e-01
0.0000000000000000000000000000000000000000e+00
4.4938429080549285865586739419086370617151e-01
2.9289033318614704493043632282933685928583e-01
8.9940769685688745638252328262751689180732e-02
1.9113600267658631404188440683356020599604e-01
0.0000000000000000000000000000000000000000e+00
5.3463442724828469376774364718585275113583e-01
0.0000000000000000000000000000000000000000e+00
3.3482469104542217364084422115411143749952e-01
2.0490777609518456836568134349363390356302e-01
1.7939931888518342861793541942461160942912e-01
1.4762226559665644898267089502041926607490e-01
1.9006359920462329027301962014462333172560e-01
5.3659417382236007654228160390630364418030e-02
0.0000000000000000000000000000000000000000e+00
2.4991502349196001442344083898206008598208e-01
2.0326144505720675215165726967825321480632e-01
2.2667206120828559123836498656601179391146e-01
0.0000000000000000000000000000000000000000e+00
2.7811800634394556741568749202997423708439e-01
1.4837620571545837022675584648823132738471e-01
1.7939931888518342861793541942461160942912e-01
0.0000000000000000000000000000000000000000e+00
0.0000000000000000000000000000000000000000e+00
8.4888069065903749788049026392400264739990e+01
4.7672030588744124246503020003729034215212e-01
