1
0
23
9.1528728016226790220599696112913079559803e-01
3.1912279404371818314345432554546277970076e-01
4.5501104653480145545429991216224152594805e-01
6.6625682869774949246277628844836726784706e-01
2.7000396382412122919802754950069356709719e-01
6.3955643081931912163895503908861428499222e-01
5.7089296176614456879150338863837532699108e-01
8.9181179047674821736002570560231106355786e-02
7.5546630546407222972504769131774082779884e-01
7.2022580049152717940330603596521541476250e-01
4.4996547063152464440705102788342628628016e-01
2.0598794351442203942603725863591535016894e-01
4.5501104653480145545429991216224152594805e-01
7.9590089876644620758838755136821419000626e-01
9.7367856381900119711048091630800627171993e-01
1.0000000000000000000000000000000000000000e+00
0.0000000000000000000000000000000000000000e+00
6.4562083747058252036765679804375395178795e-01
6.0251715052410503847823974865605123341084e-01
7.7126051257017225193379772463231347501278e-01
9.0458283204706413371809503587428480386734e-01
1.0000000000000000000000000000000000000000e+00
5.3859774745961486175360732886474579572678e-01
4.5501104653480145545429991216224152594805e-01
3.5032995098816177570455465684062801301479e-01
5.5549437380909161277031671488657593727112e-01
5.1741998543441247715435338250244967639446e-01
4.3656311065668229609570971661014482378960e-01
5.3859774745961486175360732886474579572678e-01
0.0000000000000000000000000000000000000000e+00
8.4010212043312848528842096129665151238441e-01
8.3081596504123589319590337254339829087257e-01
7.5728232205765100282235380291240289807320e-01
7.7999493216447790544521012634504586458206e-01
6.1859080318981285451229723548749461770058e-01
7.0474438291284069446618332221987657248974e-01
6.8198054891678527855702895976719446480274e-01
3.3833062471658748027181218276382423937321e-01
6.5985929774753215859561805700650438666344e-01
4.1251355792640037600804703288304153829813e-01
7.6486298161995480704433703067479655146599e-01
8.2514640331073252355054137296974658966064e-01
1.0000000000000000000000000000000000000000e+00
5.3859774745961486175360732886474579572678e-01
5.5170073309889133827965679301996715366840e-01
4.3404832618858735227007628054707311093807e-01
2.0977826653176190330185590937617234885693e-01
5.4176548860293605169857755754492245614529e-01
6.5646769617563405230242778998217545449734e-01
9.5271425552749655629725111793959513306618e-01
8.0215919572886762445307340385625138878822e-01
4.4073275537397649248561037893523462116718e-01
6.8263891466465043134093093613046221435070e-01
3.6541603857459903359483632812043651938438e-01
7.4216923023472536335987115307943895459175e-01
6.5506714339361371557401980680879205465317e-01
1.8591988760123442925298320460569811984897e-01
4.5501104653480145545429991216224152594805e-01
6.3110223104955509576541317073861137032509e-01
6.2070309692297154224860378235462121665478e-01
7.5760306921729325679848443542141467332840e-01
4.8022256259370077469128545999410562217236e-01
7.3528131279605690728828903957037255167961e-01
8.5738489952935392768296196663868613541126e-01
1.0000000000000000000000000000000000000000e+00
8.8630455041271560823190611699828878045082e-01
4.4745567564555938089299047533131670206785e-01
1.5455578760553070893912774863565573468804e-01
7.6806095193481760396991830930346623063087e-01
4.7294301660369220119406463709310628473759e-01
5.0264663261435982288816148866317234933376e-01
7.3013711529979374859067320358008146286011e-01
8.1206819339236135935067295577027834951878e-01
5.6098153638992864777890190453035756945610e-01
5.3859774745961530584281717892736196517944e-01
6.6701032225300138644996650327811948955059e-01
9.0822032380282613495126042835181578993797e-01
8.9060828291024296543554328309255652129650e-01
1.0000000000000000000000000000000000000000e+00
1.8763917376822758509291588779888115823269e-01
4.9644938389229331665575273291324265301228e-01
7.9074434630257051104251786455279216170311e-01
6.9687178373239333506461434808443300426006e-01
1.0000000000000000000000000000000000000000e+00
5.9780842020491264943160558686940930783749e-01
6.5546434838130562816616020427318289875984e-01
9.3320106499977129033140954561531543731689e-01
5.2621859038817964115963832227862440049648e-01
7.2231408290226750690266044330201111733913e-01
1.8591988760123442925298320460569811984897e-01
2.0042135238865940727315262392949080094695e-01
6.2594088103976353032464885473018512129784e-01
6.8567248676085768011034815572202205657959e-02
6.9688755835537774530052956833969801664352e-01
6.1180388035507460298134674303582869470119e-01
7.7480463090502549317051261823507957160473e-01
8.3925994101477008335621121659642085433006e-01
5.5320593631341752338670403332798741757870e-01
8.4724555696560355233515338113647885620594e-01
4.7463284692520746332888847973663359880447e-01
7.1842516139879653014332916427520103752613e-01
4.4709795894753695533196946598764043301344e-01
4.5900752979570264011854874297569040209055e-01
4.4709795894753745493233054730808362364769e-01
7.7709032989959714310401750481105409562588e-01
4.3640937605403884447241580346599221229553e-01
0.0000000000000000000000000000000000000000e+00
5.5435792880852641228983657128992490470409e-01
6.4347980111136893199841324531007558107376e-01
8.2191352314033661041747791387024335563183e-01
8.2514640331073252355054137296974658966064e-01
4.3656311065667319226690779032651335000992e-01
8.9405533178110818681716409628279507160187e-01
4.7341902076368685969853800088458228856325e-01
7.2823859615835206948730728981900028884411e-01
7.8104021542601764771518446650588884949684e-01
6.2036105303805988420151606987928971648216e-01
6.8865856975258721295318764532567001879215e-01
5.9107519221531923392376484116539359092712e-01
5.9447822048235698932927562054828740656376e-01
7.6149732631512434544163170357933267951012e-01
2.6522232905544462777669423303450457751751e-01
5.4167356109749564829769497009692713618279e-01
8.7269877187775213300824361795093864202499e-01
5.6630700235393904851122215404757298529148e-01
7.5180813672184954032928771994193084537983e-01
3.4851748566640194937349406245630234479904e-01
7.5180813672185187179763943277066573500633e-01
4.8631740542264079163459200572106055915356e-01
7.2823859615835206948730728981900028884411e-01
4.9046627260383074409233472579217050224543e-01
6.6696264610128841443525971044437028467655e-01
5.9754067608164407321424960173317231237888e-01
6.8526339780869571782773164159152656793594e-01
4.8631740542263901527775260547059588134289e-01
1.0000000000000000000000000000000000000000e+00
7.4958223318127625844908834551461040973663e-01
2.0791356105410507826292132449452765285969e-01
5.6185352174999780849873332044808194041252e-01
7.7420176421596931248814144055359065532684e-01
6.5484125608281607000549229269381612539291e-01
5.0239689567961542948637543304357677698135e-01
4.3984498301026614397457592531281989067793e-01
7.4826755384149801209048291639192029833794e-01
7.6814048276752200372641254944028332829475e-01
6.7337721134089578711723333981353789567947e-01
8.7670575157459207371601905833813361823559e-01
4.7728688409640679379819516725547146052122e-01
6.7337721134089667529565303993877023458481e-01
6.7215517267619895314112454798305407166481e-01
5.8771154553406335097065493755508214235306e-01
6.6712470314109351132714209597907029092312e-01
5.3378763469637002803125369609915651381016e-01
5.1927466301398239600928263826062902808189e-01
2.1720861147381320677141047781333327293396e-01
8.4210682367918709978482638689456507563591e-01
7.6328215911523145109640609007328748703003e-01
5.3289728800925295626456090758438222110271e-01
9.8971643584023583084530173437087796628475e-01
6.5133109772602015841158618059125728905201e-01
5.3859774745961486175360732886474579572678e-01
1.1378345425309209504316498851039796136320e-01
5.3800505924556385473067621205700561404228e-01
3.6945769174523412914368236670270562171936e-01
5.2048644554401324313630539108999073505402e-01
3.3462716489969518418590155306446831673384e-01
8.7617333618664661187835918099153786897659e-01
3.3475172419702126092033722670748829841614e-01
1.3077994910009671514217188814654946327209e-01
7.7893989604872437837457255227491259574890e-01
4.6077529190315336116157141077565029263496e-01
8.1875239089193008190648015443002805113792e-01
0.0000000000000000000000000000000000000000e+00
8.3273641762297245794144373576273210346699e-01
4.6978700003257117812083265562250744551420e-01
4.5953157641316749737470104264502879232168e-01
7.2370655251801119245413929093047045171261e-01
5.2250636391952332004962045175489038228989e-01
7.8626944590561198555889177441713400185108e-01
3.2896784493795261372639515684568323194981e-01
6.7363464859523980443611890223110094666481e-01
5.9816788072407001131125525716925039887428e-01
6.5431851162580179082084441688493825495243e-01
5.4657282771697612844263858278281986713409e-01
4.8192360607844603181959541871037799865007e-01
2.8839016534191402874043319570773746818304e-01
3.8851477619545865538341899991792161017656e-01
5.0174474973412330758293364851851947605610e-01
4.5953157641316433323908086094888858497143e-01
6.7227818318765131255787537156720645725727e-01
2.8163185373279314704930698098905850201845e-01
2.8163185373279314704930698098905850201845e-01
6.4750290275068578260686535941204056143761e-01
7.0337001773483420752341999104828573763371e-01
6.6480008484282315794899886896018870174885e-01
9.5151157229369964785092861347948201000690e-01
6.3655501113570822635523427379666827619076e-01
8.7879754477454674610470419793273322284222e-01
9.1098118367251679217133641941472887992859e-01
9.0046645144046866260367778522777371108532e-01
7.1636165336050228180653220988460816442966e-01
3.2250413660030680107482226048887241631746e-01
5.5470338562359666756407250431948341429234e-01
9.0040160868376917235877954226452857255936e-01
4.3497712053497178397165612295793835073709e-01
6.3930328213733078612790450279135257005692e-01
7.0585059913082437432763072138186544179916e-01
8.4923335525660392786306829293607734143734e-01
4.5520291436496534975830741132085677236319e-01
6.1199678362912168783083188827731646597385e-01
6.0696168520354010222916940620052628219128e-01
1.6058610899942188376954277373442891985178e-01
4.5501104653480145545429991216224152594805e-01
2.7000396382412122919802754950069356709719e-01
8.9181179047674821736002570560231106355786e-02
2.0598794351442203942603725863591535016894e-01
0.0000000000000000000000000000000000000000e+00
5.3859774745961486175360732886474579572678e-01
0.0000000000000000000000000000000000000000e+00
3.3833062471658748027181218276382423937321e-01
2.0977826653176190330185590937617234885693e-01
1.8591988760123442925298320460569811984897e-01
1.5455578760553070893912774863565573468804e-01
1.8763917376822758509291588779888115823269e-01
6.8567248676085768011034815572202205657959e-02
0.0000000000000000000000000000000000000000e+00
2.6522232905544462777669423303450457751751e-01
2.0791356105410507826292132449452765285969e-01
2.1720861147381320677141047781333327293396e-01
0.0000000000000000000000000000000000000000e+00
2.8163185373279314704930698098905850201845e-01
1.6058610899942188376954277373442891985178e-01
0.0000000000000000000000000000000000000000e+00
4.5501104653480145545429991216224152594805e-01
2.7000396382412122919802754950069356709719e-01
8.9181179047674821736002570560231106355786e-02
2.0598794351442203942603725863591535016894e-01
0.0000000000000000000000000000000000000000e+00
5.3859774745961486175360732886474579572678e-01
0.0000000000000000000000000000000000000000e+00
3.3833062471658748027181218276382423937321e-01
2.0977826653176190330185590937617234885693e-01
1.8591988760123442925298320460569811984897e-01
1.5455578760553070893912774863565573468804e-01
1.8763917376822758509291588779888115823269e-01
6.8567248676085768011034815572202205657959e-02
0.0000000000000000000000000000000000000000e+00
2.6522232905544462777669423303450457751751e-01
2.0791356105410507826292132449452765285969e-01
2.1720861147381320677141047781333327293396e-01
0.0000000000000000000000000000000000000000e+00
2.8163185373279314704930698098905850201845e-01
1.6058610899942188376954277373442891985178e-01
0.0000000000000000000000000000000000000000e+00
0.0000000000000000000000000000000000000000e+00
4.5501104653480145545429991216224152594805e-01
2.7000396382412122919802754950069356709719e-01
8.9181179047674821736002570560231106355786e-02
2.0598794351442203942603725863591535016894e-01
0.0000000000000000000000000000000000000000e+00
5.3859774745961486175360732886474579572678e-01
0.0000000000000000000000000000000000000000e+00
3.3833062471658748027181218276382423937321e-01
2.0977826653176190330185590937617234885693e-01
1.8591988760123442925298320460569811984897e-01
1.5455578760553070893912774863565573468804e-01
1.8763917376822758509291588779888115823269e-01
6.8567248676085768011034815572202205657959e-02
0.0000000000000000000000000000000000000000e+00
2.6522232905544462777669423303450457751751e-01
2.0791356105410507826292132449452765285969e-01
2.1720861147381320677141047781333327293396e-01
0.0000000000000000000000000000000000000000e+00
2.8163185373279314704930698098905850201845e-01
1.6058610899942188376954277373442891985178e-01
0.0000000000000000000000000000000000000000e+00
0.0000000000000000000000000000000000000000e+00
0.0000000000000000000000000000000000000000e+00
8.4364011972409599593447637744247913360596e+01
4.7425309068036364257281434220203664153814e-01
