1
0
23
7.7827544845794993655374582885997369885445e-01
3.5050530420583947410761993523919954895973e-01
3.9138500724466596114581307119806297123432e-01
8.7576012232660349621227169336634688079357e-01
0.0000000000000000000000000000000000000000e+00
5.8164065765603967239627536400803364813328e-01
4.0581895658514094415991735331772360950708e-01
1.0589282069937200336795513067045249044895e-01
8.5040668979761813162099315377417951822281e-01
7.0597222786492119794843347335699945688248e-01
1.3075241616035218616964641569211380556226e-01
0.0000000000000000000000000000000000000000e+00
6.4975005184666323465592085995012894272804e-01
6.8651039421160664488752445322461426258087e-01
1.0589282069937200336795513067045249044895e-01
9.2287438688710388134950335370376706123352e-01
7.4437687565582777438066841568797826766968e-02
8.3271730410077338113694622734328731894493e-01
3.6173544516334404930191226412716787308455e-01
5.3765264404430390676736806199187412858009e-01
5.4581697576612675515406181148136965930462e-01
7.7708172306946476926015066055697388947010e-01
3.2099226570422423332473726986791007220745e-01
6.9452654873306873817284667893545702099800e-01
4.5525645330356701023788446036633104085922e-01
3.0873232440400355525156328440061770379543e-01
6.4499251203784424557596821614424698054790e-01
8.9125559113711716463512857444584369659424e-01
4.4900615331917487216273343619832303375006e-01
2.5771231631736135625487804645672440528870e-01
5.7435459309766900837246339506236836314201e-01
6.0504081735246928452909287443617358803749e-01
6.2194857376309320429186300316359847784042e-01
6.8796262282540732169167085885419510304928e-01
4.7558794769045525940853735846758354455233e-01
8.6822921218872706194957800107658840715885e-01
6.7693537518691304644136153001454658806324e-01
3.2021495797381926973201871078344993293285e-01
9.2744319391814389330619405882316641509533e-01
5.2536171537586806579156473162584006786346e-01
9.0412508524053658565122759682708419859409e-01
3.7349422221229966467603844648692756891251e-01
8.5776207926474667964100717654218897223473e-01
6.7085592433669638534610157876159064471722e-01
6.9847628018623075796256216563051566481590e-01
6.8754025512337313408295358385657891631126e-01
3.2099226570422423332473726986791007220745e-01
5.9111304500491790303584593857522122561932e-01
5.8746995739613083742369781248271465301514e-01
6.9758903115686698992448100398178212344646e-01
8.4698446859312936929597981361439451575279e-01
4.0519370170487345461651784717105329036713e-01
6.2774796071834948474332804835285060107708e-01
5.7084976561124112226508486855891533195972e-01
6.7254004146395585106432690736255608499050e-01
8.5818879992479857321541203418746590614319e-01
2.3533754499798920090114506820100359618664e-01
5.4055965859783328131271673555602319538593e-01
9.1574153116637235783059622917789965867996e-01
4.5353380881017485437567415829107630997896e-01
7.8579246851734818601897814005496911704540e-01
3.5522510321517203335517365303530823439360e-01
8.4137438219029569985707439627731218934059e-01
8.3541372211476350173597893444821238517761e-01
1.0000000000000000000000000000000000000000e+00
6.2476560919171719721276758718886412680149e-01
4.1302731955762472804138951687491498887539e-01
2.7799519472029565747561719035729765892029e-01
7.4674043812484613980018366419244557619095e-01
3.5594109333500079106471503109787590801716e-01
3.5594109333500079106471503109787590801716e-01
6.2207761526756377712388257350539788603783e-01
4.9562536597056267018146513692045118659735e-01
6.0049853844702660854437681337003596127033e-01
4.9562536597055523168720014837163034826517e-01
5.1687940976976320950342369542340748012066e-01
5.0139523157536303177295167188276536762714e-01
6.1738488299055405139625918309320695698261e-01
1.0000000000000000000000000000000000000000e+00
3.5594109333500079106471503109787590801716e-01
6.0333430452948610955843378178542479872704e-01
1.0000000000000000000000000000000000000000e+00
7.2394478548853358201853325226693414151669e-01
1.0000000000000000000000000000000000000000e+00
1.9259574316579064490184691749163903295994e-01
7.3013652201153345089323920547030866146088e-01
1.0000000000000000000000000000000000000000e+00
1.0000000000000000000000000000000000000000e+00
6.8754025512337313408295358385657891631126e-01
5.8492915929761335469549976551206782460213e-01
5.2618564250505095447607573078130371868610e-01
7.7116898933791544479277035861741751432419e-01
1.4170164837130663770814464896830031648278e-01
6.4533110374722379987133535905741155147552e-01
1.0000000000000000000000000000000000000000e+00
5.0749522425981208328948923735879361629486e-01
8.7594816572733957826812911662273108959198e-01
8.0166657823243170355453912634402513504028e-01
7.0528619410447312976231160064344294369221e-01
9.4077688426904548801843475303030572831631e-01
6.7693537518690760634854086674749851226807e-01
6.8754025512337313408295358385657891631126e-01
4.8398910565179770193466879391053225845098e-01
6.4549985895231332122534695372451096773148e-01
8.3982461451934042884204245638102293014526e-01
7.5585487021352415482056130713317543268204e-01
0.0000000000000000000000000000000000000000e+00
7.7031553871919122844502680891309864819050e-01
7.1636720645660734163584493217058479785919e-01
6.4898550809460175958776062543620355427265e-01
6.2207761526756966130591308683506213128567e-01
7.2829412623949696392600117178517393767834e-01
6.0537623666663331611914600216550752520561e-01
6.5856381634205218844613227702211588621140e-01
8.4024355608556300367695257591549307107925e-01
6.1560202135932862166356471789185889065266e-01
4.8097711531315451294332774523354601114988e-01
6.7887350550099689883154496783390641212463e-01
7.9331977941975617696357403474394232034683e-01
5.8492915929761546411924655330949462950230e-01
8.4024355608556300367695257591549307107925e-01
8.2966143216543983274213758249970851466060e-02
6.8550447191522900780569216294679790735245e-01
7.1636720645660745265814739468623884022236e-01
3.8042893422470436259885673280223272740841e-01
3.8042893422470436259885673280223272740841e-01
3.9352617380055820994755322317359969019890e-01
5.7422155939732699714284080982906743884087e-01
6.3121662663644251267669460503384470939636e-01
6.7614158216243458454641768184956163167953e-01
8.7654426638839999519348111789440736174583e-01
6.9517981503955073030454059335170313715935e-01
7.6895123563595102478274156965198926627636e-01
7.1962675375666396160312388019519858062267e-01
5.1388685433483760611750312818912789225578e-01
8.1554009717048225880375866836402565240860e-01
6.8550447191522900780569216294679790735245e-01
3.8042893422470436259885673280223272740841e-01
7.0394573542500471496907721302704885601997e-01
8.4187459800358910300133175041992217302322e-01
4.6516636539318989562730166653636842966080e-01
7.8579246851735395917870619086897931993008e-01
7.1968531099796617667152531794272363185883e-01
8.3957382382695144862339020619401708245277e-01
8.1116903494090952797535010176943615078926e-01
9.0353851402537421755312152527039870619774e-01
8.9784210140693732071781596459913998842239e-01
7.9701479673319386431984412411111406981945e-01
7.8336142652357232396553854414378292858601e-01
7.6853559643341573526242882508086040616035e-01
6.7309058243108210728422591273556463420391e-01
9.4890364394041637474686012865277007222176e-01
7.8422236929976596453428783206618390977383e-01
6.8550447191522900780569216294679790735245e-01
4.6516636539318989562730166653636842966080e-01
5.5448899580545774057327435002662241458893e-01
1.0000000000000000000000000000000000000000e+00
1.0000000000000000000000000000000000000000e+00
8.1357340018472390497095148020889610052109e-01
1.0000000000000000000000000000000000000000e+00
1.0000000000000000000000000000000000000000e+00
2.5771231631736135625487804645672440528870e-01
1.0000000000000000000000000000000000000000e+00
6.0306412553081867322646303364308550953865e-01
1.0000000000000000000000000000000000000000e+00
8.6643998143947686951804598720627836883068e-01
9.7038310692187002004516216402407735586166e-01
9.2100056059500312599652716016862541437149e-01
5.2377650192907410087173047941178083419800e-01
5.4600835372444589399520964434486813843250e-01
5.7529248243150565844672428283956833183765e-01
1.0000000000000000000000000000000000000000e+00
0.0000000000000000000000000000000000000000e+00
7.5431828842179493577191351505462080240250e-01
4.7762955878089641270634047032217495143414e-01
3.2596235789277006045239204468089155852795e-01
7.0597222786492208612685317348223179578781e-01
3.3400641909570827348119337329990230500698e-01
3.2099226570422423332473726986791007220745e-01
3.4738739050474509717503224237589165568352e-01
9.5401572461711081629687214444857090711594e-01
3.2099226570422423332473726986791007220745e-01
6.9758903115686532458994406624697148799896e-01
4.6741119795186242269480203503917437046766e-01
6.1059845270248702675530694250483065843582e-01
5.6619991523286428147798687859904021024704e-01
6.4549985895230910237785337812965735793114e-01
6.3232533461702455923614252242259681224823e-01
7.8627750986842892544359528983477503061295e-01
6.7598539071323848759220709325745701789856e-01
4.0976726378172789733156378133571706712246e-01
3.2099226570422423332473726986791007220745e-01
6.2469931740327488967068347847089171409607e-01
4.6227277596812199611520100006600841879845e-01
8.0807922918280172819294193686801008880138e-01
1.0000000000000000000000000000000000000000e+00
3.3830443887608213637818721508665475994349e-01
6.5798016708505713268095860257744789123535e-01
8.0803930041818960994248755014268681406975e-01
6.2194857376309320429186300316359847784042e-01
3.2099226570422423332473726986791007220745e-01
5.2041175170721065690315754181938245892525e-01
4.4663846814540869578635806647071149200201e-01
6.8732073813750749202711176621960476040840e-01
8.3263384662408346237327805283712223172188e-01
6.7711792246837276820770057383924722671509e-01
7.7031553871919122844502680891309864819050e-01
5.9886804924527758942076616222038865089417e-01
7.2391518595449511064288117268006317317486e-01
7.7517643574880013002115219933330081403255e-01
6.6650903487957235959981971973320469260216e-01
2.7005998179924972646404057741165161132812e-01
3.9138500724466596114581307119806297123432e-01
0.0000000000000000000000000000000000000000e+00
1.0589282069937200336795513067045249044895e-01
0.0000000000000000000000000000000000000000e+00
7.4437687565582777438066841568797826766968e-02
3.2099226570422423332473726986791007220745e-01
2.5771231631736135625487804645672440528870e-01
3.2021495797381926973201871078344993293285e-01
3.2099226570422423332473726986791007220745e-01
2.3533754499798920090114506820100359618664e-01
2.7799519472029565747561719035729765892029e-01
3.5594109333500079106471503109787590801716e-01
1.4170164837130663770814464896830031648278e-01
0.0000000000000000000000000000000000000000e+00
8.2966143216543983274213758249970851466060e-02
3.8042893422470436259885673280223272740841e-01
4.6516636539318989562730166653636842966080e-01
0.0000000000000000000000000000000000000000e+00
3.2099226570422423332473726986791007220745e-01
2.7005998179924972646404057741165161132812e-01
0.0000000000000000000000000000000000000000e+00
3.9138500724466596114581307119806297123432e-01
0.0000000000000000000000000000000000000000e+00
1.0589282069937200336795513067045249044895e-01
0.0000000000000000000000000000000000000000e+00
7.4437687565582777438066841568797826766968e-02
3.2099226570422423332473726986791007220745e-01
2.5771231631736135625487804645672440528870e-01
3.2021495797381926973201871078344993293285e-01
3.2099226570422423332473726986791007220745e-01
2.3533754499798920090114506820100359618664e-01
2.7799519472029565747561719035729765892029e-01
3.5594109333500079106471503109787590801716e-01
1.4170164837130663770814464896830031648278e-01
0.0000000000000000000000000000000000000000e+00
8.2966143216543983274213758249970851466060e-02
3.8042893422470436259885673280223272740841e-01
4.6516636539318989562730166653636842966080e-01
0.0000000000000000000000000000000000000000e+00
3.2099226570422423332473726986791007220745e-01
2.7005998179924972646404057741165161132812e-01
0.0000000000000000000000000000000000000000e+00
0.0000000000000000000000000000000000000000e+00
3.9138500724466596114581307119806297123432e-01
0.0000000000000000000000000000000000000000e+00
1.0589282069937200336795513067045249044895e-01
0.0000000000000000000000000000000000000000e+00
7.4437687565582777438066841568797826766968e-02
3.2099226570422423332473726986791007220745e-01
2.5771231631736135625487804645672440528870e-01
3.2021495797381926973201871078344993293285e-01
3.2099226570422423332473726986791007220745e-01
2.3533754499798920090114506820100359618664e-01
2.7799519472029565747561719035729765892029e-01
3.5594109333500079106471503109787590801716e-01
1.4170164837130663770814464896830031648278e-01
0.0000000000000000000000000000000000000000e+00
8.2966143216543983274213758249970851466060e-02
3.8042893422470436259885673280223272740841e-01
4.6516636539318989562730166653636842966080e-01
0.0000000000000000000000000000000000000000e+00
3.2099226570422423332473726986791007220745e-01
2.7005998179924972646404057741165161132812e-01
0.0000000000000000000000000000000000000000e+00
0.0000000000000000000000000000000000000000e+00
0.0000000000000000000000000000000000000000e+00
8.7808431752821718418999807909131050109863e+01
3.6720055137074331108593128192296717315912e-01
