1
0
23
7.1174863644302510667927208487526513636112e-01
3.8038534612530267020602536831574980169535e-01
4.4929272669847891696903730007761623710394e-01
7.6996703999199711532241963141132146120071e-01
1.5050742063726865738182425502600381150842e-01
7.2337581690794272581968016311293467879295e-01
5.8185375560869823097220887575531378388405e-01
2.6484475678137636700526513777731452137232e-01
8.2287694399875965789448173381970264017582e-01
7.9681507357369663058221931350999511778355e-01
3.9880589469132482483004764617362525314093e-01
3.2802971603828633140320647498811013065279e-02
6.2779085498487829930525094823678955435753e-01
8.1950870895498906243403780536027625203133e-01
2.6484475678137636700526513777731452137232e-01
9.0279101079095802617757726693525910377502e-01
1.5608274973558433629250430385582149028778e-02
9.4240008439025724218396362630301155149937e-01
4.9968174756402289338197419965581502765417e-01
6.3221794744707127122751444403547793626785e-01
5.2933414257549260550916869760840199887753e-01
7.0572927386925532466932509123580530285835e-01
4.5711557864667756723164870891196187585592e-01
7.6876896604361233400481978605967015028000e-01
5.8925172511398116181879913710872642695904e-01
5.0111321512514739318078227370278909802437e-01
6.6464835413938228025898524720105342566967e-01
9.5462113927739633556512899303925223648548e-01
5.4217853964347395567813236993970349431038e-01
3.5487991678896724234704151967889629304409e-01
6.3190526405099345375049324502469971776009e-01
6.4357802051635282225561240920796990394592e-01
6.8451585128374947686324958340264856815338e-01
6.6464835413938228025898524720105342566967e-01
5.6201938183248256741819659509928897023201e-01
7.7219303673363415274621956996270455420017e-01
7.1280174336063606421731719819945283234119e-01
3.2557175637770302545348499734245706349611e-01
7.2597807202807085324991476227296516299248e-01
6.1501887000982957687256202916614711284637e-01
1.0000000000000000000000000000000000000000e+00
4.3164942460143729263677414564881473779678e-01
9.1926545156234973354969497449928894639015e-01
9.0639020349563836909112524153897538781166e-01
7.5375206715245346433817985598579980432987e-01
7.4136732755509970882457082552718929946423e-01
3.2682204213443422080587197342538274824619e-01
7.2337581690794272581968016311293467879295e-01
7.3460956630758456054053340267273597419262e-01
8.1858915701059664637995183511520735919476e-01
8.5348654696729919777453687856905162334442e-01
5.2573523737879357398128377099055796861649e-01
7.3536182960597007429726090776966884732246e-01
7.7066959817422886480642318929312750697136e-01
7.9713313616103420589098504933645017445087e-01
9.0657513898978758781765918683959171175957e-01
4.3245735246604766199851610508630983531475e-01
6.0319697382210502034638466284377500414848e-01
8.7199175844656762190965082481852732598782e-01
6.8451585128374725641720033308956772089005e-01
8.5348654696729919777453687856905162334442e-01
4.1492824711820225358493985368113499134779e-01
8.7462739076081341682566971940104849636555e-01
9.0951818218041169394894041033694520592690e-01
1.0000000000000000000000000000000000000000e+00
6.8871924406793916251245946114067919552326e-01
5.8790495956051458392721542622894048690796e-01
3.6243298990828115568874068230798002332449e-01
7.4406148397047433551421136144199408590794e-01
4.2946847676732313736636115208966657519341e-01
5.0111321512514739318078227370278909802437e-01
7.6339594730691773261099797309725545346737e-01
8.0278372442188272728458287019748240709305e-01
5.4778755287498315240668489423114806413651e-01
5.6692726032575502248533894089632667601109e-01
5.5051636939734971409876607140176929533482e-01
5.9072696756613363167076613535755313932896e-01
7.1346853283149569424637093106866814196110e-01
1.0000000000000000000000000000000000000000e+00
4.2946847676732313736636115208966657519341e-01
6.5584505730926823119375512760598212480545e-01
1.0000000000000000000000000000000000000000e+00
6.8451585128374947686324958340264856815338e-01
1.0000000000000000000000000000000000000000e+00
3.5864155629290017657240241533145308494568e-01
7.5767947617116859770902692616800777614117e-01
1.0000000000000000000000000000000000000000e+00
8.9377003018497314101864503754768520593643e-01
7.4136732755510825754186043923255056142807e-01
6.1768163753778704272434652011725120246410e-01
5.8790495956051458392721542622894048690796e-01
7.0281380760254252848540090781170874834061e-01
2.3140747084800628030620828212704509496689e-01
7.4579135219639569598371053871233016252518e-01
1.0000000000000000000000000000000000000000e+00
6.7671930288644621676041879254626110196114e-01
9.0288479939723831346753968318807892501354e-01
8.0895534133163993217863207974005490541458e-01
7.2628320704986271127978625372634269297123e-01
8.7453461213876393376409623670042492449284e-01
8.6668636643759855431312644213903695344925e-01
6.8008708240612880668862771926796995103359e-01
5.8984614720419559219521943305153399705887e-01
6.7258441089429776837960162083618342876434e-01
8.8147317781799350289162475746707059442997e-01
8.3684141516167509511348043815814889967442e-01
0.0000000000000000000000000000000000000000e+00
7.5269019085799626633814796150545589625835e-01
7.6186679775086485477686437661759555339813e-01
7.8669802635578545135786043829284608364105e-01
7.2255342599181160423427172645460814237595e-01
8.1327323942083118435419919478590600192547e-01
7.4425780656903028908999431223492138087749e-01
7.6186679775086485477686437661759555339813e-01
8.3574750901550709514253867382649332284927e-01
6.5371900476111632904974158009281381964684e-01
6.5371900476112054789723515568766742944717e-01
7.4425780656902695842092043676530010998249e-01
8.2352070136366251063009258359670639038086e-01
6.0887883711442314371709016995737329125404e-01
8.8236251499018758526204919689917005598545e-01
1.8987560510958642612244773317797807976604e-01
6.2850852564921355636329280969221144914627e-01
7.6186679775086485477686437661759555339813e-01
6.1004815404559253888550074407248757779598e-01
5.4225448041961055167803351650945842266083e-01
5.5406139129925024988665427372325211763382e-01
6.3221794744707493496349570705206133425236e-01
7.0034117187261113457452665898017585277557e-01
7.5091643540746844109889934770762920379639e-01
8.7721006572138804369132003557751886546612e-01
8.5292864241524468660315960732987150549889e-01
8.1104118946421310809569149569142609834671e-01
7.2196407414204377683830671230680309236050e-01
6.7141464796524341629435639333678409457207e-01
7.8304077970691532417646385511034168303013e-01
7.8860163339613542632378084817901253700256e-01
4.8555293317750342074745617537701036781073e-01
7.6289250258828511519482162839267402887344e-01
8.5593301794037834895334526663646101951599e-01
6.1922476093846223754724178434116765856743e-01
8.3318888797067935936269122976227663457394e-01
8.1383868988194407734226842876523733139038e-01
8.0341597330047709313305404066340997815132e-01
8.4917121101147774453465899568982422351837e-01
9.2187781869995599759448623444768600165844e-01
9.0606476641627053947303238601307384669781e-01
8.6151504189113603526806173249497078359127e-01
8.2969735512666742405230024814954958856106e-01
7.5694716617334956154650171811226755380630e-01
7.6551086680352731228538232244318351149559e-01
9.5987122860307971805582383240107446908951e-01
8.0814713623078382465081404006923548877239e-01
6.7141464796524386038356624339940026402473e-01
4.6186612024353151939592976304993499070406e-01
8.7202886541011148668900432312511838972569e-01
8.5499269448336179255676370303262956440449e-01
1.0000000000000000000000000000000000000000e+00
9.1154540596174293831666091136867180466652e-01
1.0000000000000000000000000000000000000000e+00
6.7333001536946857079612982488470152020454e-01
5.7929228243804686826479155570268630981445e-01
7.0042308266063912913779176960815675556660e-01
7.0603422745325661313842147137620486319065e-01
5.3906228931344846166950901533709838986397e-01
1.0000000000000000000000000000000000000000e+00
9.5785244194487173530205836868844926357269e-01
8.0650636741697689924279757178737781941891e-01
6.5393531151382067179156365455128252506256e-01
7.2194204651160909236295992741361260414124e-01
6.6263827842510147902999051439110189676285e-01
1.0000000000000000000000000000000000000000e+00
0.0000000000000000000000000000000000000000e+00
9.1159452141405694636233647543122060596943e-01
5.8185375560869467825853007525438442826271e-01
5.7755598114651407470887534145731478929520e-01
8.4754095087006198205870077799772843718529e-01
4.8202285111341391932171518419636413455009e-01
4.5711557864667756723164870891196187585592e-01
5.4854359163763133366842339455615729093552e-01
9.4490458198643190179666362382704392075539e-01
3.7317284598162536735088679051841609179974e-01
8.1858915701059675740225429763086140155792e-01
6.8451585128374214939128705736948177218437e-01
8.0020572507848786170114863125490956008434e-01
5.8940040050606801180776983528630807995796e-01
6.7671930288645665285685026901774108409882e-01
6.8027326671968268989587613759795203804970e-01
8.4796033026932748910553527821321040391922e-01
8.6832130731863177430795985856093466281891e-01
5.7527051909703863508127597015118226408958e-01
3.7317284598162536735088679051841609179974e-01
6.5689576997767162858110623346874490380287e-01
6.1501887000982957687256202916614711284637e-01
9.9463217320826791123522525595035403966904e-01
9.5387136536199612635300582041963934898376e-01
4.5887876234486962845338098304637242108583e-01
7.4425780656903028908999431223492138087749e-01
7.8618906611099137471398989873705431818962e-01
7.7608329334849557312736578751355409622192e-01
4.5444436029050772063442309445235878229141e-01
5.7277328552891759727572207339107990264893e-01
5.5541284423473524789471866824897006154060e-01
8.0278372442189349644792173421592451632023e-01
7.3276031841533351141038110654335469007492e-01
7.5694716617334023567309486679732799530029e-01
7.4932680334741919025987044733483344316483e-01
6.8187064717341550057483345881337299942970e-01
7.5694716617334800723426724289311096072197e-01
5.8954329364647151123790536075830459594727e-01
7.3000541702770627150442805941565893590450e-01
3.2681922744852315299013412186468485742807e-01
4.4929272669847891696903730007761623710394e-01
1.5050742063726865738182425502600381150842e-01
2.6484475678137636700526513777731452137232e-01
3.2802971603828633140320647498811013065279e-02
1.5608274973558433629250430385582149028778e-02
4.5711557864667756723164870891196187585592e-01
3.5487991678896724234704151967889629304409e-01
3.2557175637770302545348499734245706349611e-01
3.2682204213443422080587197342538274824619e-01
4.3245735246604766199851610508630983531475e-01
3.6243298990828115568874068230798002332449e-01
4.2946847676732313736636115208966657519341e-01
2.3140747084800628030620828212704509496689e-01
0.0000000000000000000000000000000000000000e+00
1.8987560510958642612244773317797807976604e-01
4.8555293317750342074745617537701036781073e-01
4.6186612024353151939592976304993499070406e-01
0.0000000000000000000000000000000000000000e+00
3.7317284598162536735088679051841609179974e-01
3.2681922744852315299013412186468485742807e-01
0.0000000000000000000000000000000000000000e+00
4.4929272669847891696903730007761623710394e-01
1.5050742063726865738182425502600381150842e-01
2.6484475678137636700526513777731452137232e-01
3.2802971603828633140320647498811013065279e-02
1.5608274973558433629250430385582149028778e-02
4.5711557864667756723164870891196187585592e-01
3.5487991678896724234704151967889629304409e-01
3.2557175637770302545348499734245706349611e-01
3.2682204213443422080587197342538274824619e-01
4.3245735246604766199851610508630983531475e-01
3.6243298990828115568874068230798002332449e-01
4.2946847676732313736636115208966657519341e-01
2.3140747084800628030620828212704509496689e-01
0.0000000000000000000000000000000000000000e+00
1.8987560510958642612244773317797807976604e-01
4.8555293317750342074745617537701036781073e-01
4.6186612024353151939592976304993499070406e-01
0.0000000000000000000000000000000000000000e+00
3.7317284598162536735088679051841609179974e-01
3.2681922744852315299013412186468485742807e-01
0.0000000000000000000000000000000000000000e+00
0.0000000000000000000000000000000000000000e+00
4.4929272669847891696903730007761623710394e-01
1.5050742063726865738182425502600381150842e-01
2.6484475678137636700526513777731452137232e-01
3.2802971603828633140320647498811013065279e-02
1.5608274973558433629250430385582149028778e-02
4.5711557864667756723164870891196187585592e-01
3.5487991678896724234704151967889629304409e-01
3.2557175637770302545348499734245706349611e-01
3.2682204213443422080587197342538274824619e-01
4.3245735246604766199851610508630983531475e-01
3.6243298990828115568874068230798002332449e-01
4.2946847676732313736636115208966657519341e-01
2.3140747084800628030620828212704509496689e-01
0.0000000000000000000000000000000000000000e+00
1.8987560510958642612244773317797807976604e-01
4.8555293317750342074745617537701036781073e-01
4.6186612024353151939592976304993499070406e-01
0.0000000000000000000000000000000000000000e+00
3.7317284598162536735088679051841609179974e-01
3.2681922744852315299013412186468485742807e-01
0.0000000000000000000000000000000000000000e+00
0.0000000000000000000000000000000000000000e+00
0.0000000000000000000000000000000000000000e+00
8.9483154459538013725250493735074996948242e+01
5.0471134112034732321916408182005397975445e-01
