1
0
23
7.7699368432777959903035025490680709481239e-01
3.5067226040357507566014305666612926870584e-01
4.0393607373847412178591298470564652234316e-01
8.9484629918621760857888602913590148091316e-01
0.0000000000000000000000000000000000000000e+00
5.9347386087384712549663845493341796100140e-01
4.0553105471128342296438518133072648197412e-01
1.1834585924091001185587401778320781886578e-01
8.4760935692038663624714445177232846617699e-01
7.0083151478890270968946651919395662844181e-01
1.3500623488894422652428772835264680907130e-01
0.0000000000000000000000000000000000000000e+00
6.6690211640546204208135350199881941080093e-01
6.7697853570793120603354964259779080748558e-01
1.1834585924091001185587401778320781886578e-01
9.4085513355358285636498294479679316282272e-01
8.3074432556248356540606891940115019679070e-02
8.2873536827854044073404793380177579820156e-01
3.6045495175678921029316370550077408552170e-01
5.4527055405433133561388103771605528891087e-01
5.6836956241015468282995470872265286743641e-01
8.1325969381059204366124504304025322198868e-01
3.2692814740219683367072889268456492573023e-01
6.9421927260453064612022444634931161999702e-01
4.5976768743705204167682154547946993261576e-01
3.0889233129127402488478537634364329278469e-01
6.5763468470779407049064957391237840056419e-01
9.3849023647944551651534084157901816070080e-01
4.4555634513578890043561386846704408526421e-01
2.5784253437434667688421541242860257625580e-01
5.8012696085681658697552620651549659669399e-01
5.9594179743300446094877997893490828573704e-01
6.2717249471821601147780711471568793058395e-01
6.9957426427121349732374255836475640535355e-01
4.8949719953889758716769620150444097816944e-01
8.6399973043727185118001443697721697390079e-01
6.7628591967583273625308493137708865106106e-01
3.3006889630994917794737375515978783369064e-01
9.3746153987859537348725780248059891164303e-01
5.4344073483907373578460919816279783844948e-01
8.9029407176302854942662179382750764489174e-01
3.4735643725594544939383467863081023097038e-01
8.7189623829392681741978776699397712945938e-01
7.0211376097834254927931851852918043732643e-01
7.1887362476064231575634266846464015543461e-01
7.0529037083653478568123773584375157952309e-01
3.2201097484967350359497118006402160972357e-01
5.9729850067732481733173699467442929744720e-01
5.8713968519182913041731808334589004516602e-01
7.0693706068865136415979577577672898769379e-01
8.3385640950138950611147947711287997663021e-01
4.0974304089660379402104695145681034773588e-01
6.3606552371378188848183299342053942382336e-01
5.7217282991437345973650963060208596289158e-01
6.8329846486106882164079934227629564702511e-01
8.1670414536628432866649518473423086106777e-01
2.3662320211648057988185200883890502154827e-01
5.4835654144096079853909486701013520359993e-01
9.0330489059991569966712177119916304945946e-01
4.5167978838424621690350591052265372127295e-01
7.6752271668154081751822559454012662172318e-01
3.5586380258385391650577389555110130459070e-01
8.3132824299885810237498162678093649446964e-01
8.2931650508208487604377978641423396766186e-01
1.0000000000000000000000000000000000000000e+00
6.0618428580751859691133631713455542922020e-01
4.1924454858333259910097012834739871323109e-01
2.7480330058980284579916997245163656771183e-01
7.3650594204161523581575465868809260427952e-01
3.5199584017651641687507435563020408153534e-01
3.5199584017651641687507435563020408153534e-01
6.2942465119807011753039205359527841210365e-01
4.9981432689711335903837152727646753191948e-01
6.1433211869729542620177653589053079485893e-01
4.9981432689711302597146413972950540482998e-01
5.0949592031506563127862818873836658895016e-01
4.9991087364858605157635906834912020713091e-01
6.4356713931208076040491050662240013480186e-01
1.0000000000000000000000000000000000000000e+00
3.5199584017651641687507435563020408153534e-01
6.2075281621400413278877294942503795027733e-01
1.0000000000000000000000000000000000000000e+00
7.2830306438881131647633537795627489686012e-01
1.0000000000000000000000000000000000000000e+00
2.3157453309445585887260676827281713485718e-01
7.2195153548042723112843077615252695977688e-01
1.0000000000000000000000000000000000000000e+00
1.0000000000000000000000000000000000000000e+00
7.0529037083653522977044758590636774897575e-01
5.9997074777577075188617072853958234190941e-01
5.1806457072310330147502099862322211265564e-01
7.8575913253282292370016648419550620019436e-01
1.6747004768622200665539878627896541729569e-01
6.2960757479919893242481521156150847673416e-01
1.0000000000000000000000000000000000000000e+00
4.9494745442247650712985773679974954575300e-01
1.0000000000000000000000000000000000000000e+00
8.0666184804822671505775133482529781758785e-01
7.0096445196446621750396843708585947751999e-01
9.4974220680600085486844363913405686616898e-01
6.7628591967583273625308493137708865106106e-01
6.8668155861097546210913833419908769428730e-01
4.9878155834903470378094425541348755359650e-01
6.5564589034382980692328146687941625714302e-01
8.6559942630619046699536056621582247316837e-01
7.7968112783833054546533958273357711732388e-01
0.0000000000000000000000000000000000000000e+00
7.8864898325420151881104402491473592817783e-01
7.3930799522642798304872258086106739938259e-01
6.4923695539734405102194614300969988107681e-01
6.3222670438288264271875505073694512248039e-01
7.3384537744941435999379564236733131110668e-01
6.1433211869729542620177653589053079485893e-01
6.7628591967583273625308493137708865106106e-01
8.5226033298301206997393819619901478290558e-01
6.0617917999192694189503072266234084963799e-01
4.9639609541938228831625679049466270953417e-01
6.8165780782664286974181777623016387224197e-01
8.1672986242143819080041566849104128777981e-01
5.9997074777577119597538057860219851136208e-01
8.5226033298301206997393819619901478290558e-01
8.8958388967049079054660865040204953402281e-02
7.0530851205084466037931179016595706343651e-01
7.1104334963460602558882328594336286187172e-01
3.8140626573041369606897887933882884681225e-01
3.8140626573041369606897887933882884681225e-01
3.9564812065450905009811322088353335857391e-01
5.8648073658722732481862749409629032015800e-01
6.2846341433082941740906335326144471764565e-01
6.6966226312106802431856067414628341794014e-01
8.4402403669987569045929376443382352590561e-01
6.8277870404278406812892399102565832436085e-01
7.6839932721948800420364023011643439531326e-01
7.1350523856427483515574294870020821690559e-01
5.1806457072310541089876778642064891755581e-01
8.1679427716466779241244466902571730315685e-01
6.8754619236915215374494891875656321644783e-01
3.8140626573041369606897887933882884681225e-01
6.8953486456621926325993854334228672087193e-01
8.0672927641949876420568443791125901043415e-01
4.7177015866584964820518166561669204384089e-01
7.7269335512746950556106639851350337266922e-01
7.2556699050450468302386752839083783328533e-01
8.4464220005451196016110770870000123977661e-01
8.1218305245182953466809294695849530398846e-01
9.1399880293562818511787781972088851034641e-01
9.0183976919452535359056355446227826178074e-01
7.9652772534731464126878108800156041979790e-01
7.7818965353670932483254318867693655192852e-01
7.6605098314681707716289338350179605185986e-01
6.9182489854966389142276739221415482461452e-01
9.5211896534048756635115751123521476984024e-01
7.7946933526983963602674521098379045724869e-01
6.8754619236915082147731936856871470808983e-01
4.7177015866584964820518166561669204384089e-01
5.4382582972590864933692955673905089497566e-01
1.0000000000000000000000000000000000000000e+00
9.7670918488810365420960124538396485149860e-01
7.5971957960053126956978530870401300489902e-01
1.0000000000000000000000000000000000000000e+00
1.0000000000000000000000000000000000000000e+00
2.5784253437434667688421541242860257625580e-01
1.0000000000000000000000000000000000000000e+00
5.4499442481136362026461483765160664916039e-01
1.0000000000000000000000000000000000000000e+00
8.8854150068699022657625619103782810270786e-01
9.5882258541176546007278602701262570917606e-01
9.5890094847340945349856156099122017621994e-01
4.8620786747580213571495733049232512712479e-01
5.6333882489242037561183451543911360204220e-01
5.4601233154018768978232856170507147908211e-01
1.0000000000000000000000000000000000000000e+00
0.0000000000000000000000000000000000000000e+00
7.6162742640289582407575608158367685973644e-01
4.9012201393877968813583834162272978574038e-01
3.2673997367964657811967299494426697492599e-01
7.1374113458283316990815592362196184694767e-01
3.4668934628812259068908474546333309262991e-01
3.2692814740219683367072889268456492573023e-01
3.4362427944763684894979860473540611565113e-01
9.6734663880497118171319925750140100717545e-01
3.2201097484967350359497118006402160972357e-01
7.0693706068865258540512286344892345368862e-01
4.5602810121995995817911762060248292982578e-01
6.0157308600346304228168037298019044101238e-01
5.5608456306812970026953735214192420244217e-01
6.5564589034383136123551594209857285022736e-01
6.3190450331898395663898782004253007471561e-01
8.0266671648019682905328409106004983186722e-01
6.6578494306316493567265979436342604458332e-01
4.0176456556448947310400399146601557731628e-01
3.2201097484967350359497118006402160972357e-01
6.2854586825324976206985638782498426735401e-01
4.7819806590949176516858187824254855513573e-01
8.0865190451204904675819307158235460519791e-01
1.0000000000000000000000000000000000000000e+00
3.4160192534074523829090708204603288322687e-01
6.6440595342220709618175078503554686903954e-01
8.1981965796948952363010221233707852661610e-01
6.2717249471821601147780711471568793058395e-01
3.2201097484967350359497118006402160972357e-01
5.3028733524764348761237897633691318333149e-01
4.5167978838424588383659852297569159418344e-01
6.8592067014107982458881451748311519622803e-01
8.2164490241282051030680122494231909513474e-01
6.8592067014108082378953668012400157749653e-01
7.8864898325420151881104402491473592817783e-01
5.9041360863028358174631193833192810416222e-01
7.3173164255155254132034770009340718388557e-01
6.8645284317533405982203476014547049999237e-01
6.6339198174378022354602535415324382483959e-01
2.6383465359326252475113960827002301812172e-01
4.0393607373847412178591298470564652234316e-01
0.0000000000000000000000000000000000000000e+00
1.1834585924091001185587401778320781886578e-01
0.0000000000000000000000000000000000000000e+00
8.3074432556248356540606891940115019679070e-02
3.2692814740219683367072889268456492573023e-01
2.5784253437434667688421541242860257625580e-01
3.3006889630994917794737375515978783369064e-01
3.2201097484967350359497118006402160972357e-01
2.3662320211648057988185200883890502154827e-01
2.7480330058980284579916997245163656771183e-01
3.5199584017651641687507435563020408153534e-01
1.6747004768622200665539878627896541729569e-01
0.0000000000000000000000000000000000000000e+00
8.8958388967049079054660865040204953402281e-02
3.8140626573041369606897887933882884681225e-01
4.7177015866584964820518166561669204384089e-01
0.0000000000000000000000000000000000000000e+00
3.2201097484967350359497118006402160972357e-01
2.6383465359326252475113960827002301812172e-01
0.0000000000000000000000000000000000000000e+00
4.0393607373847412178591298470564652234316e-01
0.0000000000000000000000000000000000000000e+00
1.1834585924091001185587401778320781886578e-01
0.0000000000000000000000000000000000000000e+00
8.3074432556248356540606891940115019679070e-02
3.2692814740219683367072889268456492573023e-01
2.5784253437434667688421541242860257625580e-01
3.3006889630994917794737375515978783369064e-01
3.2201097484967350359497118006402160972357e-01
2.3662320211648057988185200883890502154827e-01
2.7480330058980284579916997245163656771183e-01
3.5199584017651641687507435563020408153534e-01
1.6747004768622200665539878627896541729569e-01
0.0000000000000000000000000000000000000000e+00
8.8958388967049079054660865040204953402281e-02
3.8140626573041369606897887933882884681225e-01
4.7177015866584964820518166561669204384089e-01
0.0000000000000000000000000000000000000000e+00
3.2201097484967350359497118006402160972357e-01
2.6383465359326252475113960827002301812172e-01
0.0000000000000000000000000000000000000000e+00
0.0000000000000000000000000000000000000000e+00
4.0393607373847412178591298470564652234316e-01
0.0000000000000000000000000000000000000000e+00
1.1834585924091001185587401778320781886578e-01
0.0000000000000000000000000000000000000000e+00
8.3074432556248356540606891940115019679070e-02
3.2692814740219683367072889268456492573023e-01
2.5784253437434667688421541242860257625580e-01
3.3006889630994917794737375515978783369064e-01
3.2201097484967350359497118006402160972357e-01
2.3662320211648057988185200883890502154827e-01
2.7480330058980284579916997245163656771183e-01
3.5199584017651641687507435563020408153534e-01
1.6747004768622200665539878627896541729569e-01
0.0000000000000000000000000000000000000000e+00
8.8958388967049079054660865040204953402281e-02
3.8140626573041369606897887933882884681225e-01
4.7177015866584964820518166561669204384089e-01
0.0000000000000000000000000000000000000000e+00
3.2201097484967350359497118006402160972357e-01
2.6383465359326252475113960827002301812172e-01
0.0000000000000000000000000000000000000000e+00
0.0000000000000000000000000000000000000000e+00
0.0000000000000000000000000000000000000000e+00
8.7148246697306475994082575198262929916382e+01
3.6596390110161935993460247118491679430008e-01
