1
0
23
7.0021859695340327167656369056203402578831e-01
3.8971271243989041854760557725967373698950e-01
4.4775701612068596890736671412014402449131e-01
7.8700895388113933925922083290060982108116e-01
1.7460166796737891514723628461069893091917e-01
7.4465789663042325496888906855019740760326e-01
5.9923744755790087079816430559731088578701e-01
2.9574498984478791996366453531663864850998e-01
8.4634860313699711298340844223275780677795e-01
8.2991969474214577484616484071011655032635e-01
4.5069354750848866775214673907612450420856e-01
1.4007366679420146793333401546988170593977e-01
6.0953901581121960884246391287888400256634e-01
8.9813722395575090740038604053552262485027e-01
2.9574498984478791996366453531663864850998e-01
8.3228424734406480922643822850659489631653e-01
0.0000000000000000000000000000000000000000e+00
9.5798827975818101609917221139767207205296e-01
5.5160152001905482510579759036772884428501e-01
6.4419425379174943824267529635108076035976e-01
5.9354018937747676787353157124016433954239e-01
8.2025439096506236325012650922872126102448e-01
4.2894001984009133554565096346777863800526e-01
8.0732486354062593658653668171609751880169e-01
6.2937477248734807755425890718470327556133e-01
5.6594822808260614177555680726072750985622e-01
7.2442487508754527247845089732436463236809e-01
1.0000000000000000000000000000000000000000e+00
5.9354018937747676787353157124016433954239e-01
3.7464226661026112097374607401434332132339e-01
6.5736279278062537123616948520066216588020e-01
6.8601235482642752838700062056886963546276e-01
7.0353774959495418706012515031034126877785e-01
7.3108808656059498520818351607886143028736e-01
5.9415309188744314106145338882924988865852e-01
7.5501489125287080117487903407891280949116e-01
7.4606715255397071384635410140617750585079e-01
3.6701928689206392286692448578833136707544e-01
7.5681594925637385440353455123840831220150e-01
6.4281118296493033881233714055269956588745e-01
7.4488593487705323514802557838265784084797e-01
5.3267561534443474968725240614730864763260e-01
8.8790728854799405578290816265507601201534e-01
9.2256541166887762184245502794510684907436e-01
7.5029837371378793609011381704476661980152e-01
7.5029837371378793609011381704476661980152e-01
3.1647756784631597692936111343442462384701e-01
7.4465789663042325496888906855019740760326e-01
7.9148311710337460045394664120976813137531e-01
8.1934625932678906146122699283296242356300e-01
9.1421317496256870871462751892977394163609e-01
5.4795590286352480191567337897140532732010e-01
8.0916638987179412279004964148043654859066e-01
8.3195691525514059438961567138903774321079e-01
8.2938409739563834222053628764115273952484e-01
9.2452281377122458305706231840304099023342e-01
4.5432910301241807848882103826326783746481e-01
6.1631566220170441727788102070917375385761e-01
8.3246920767006860053527361742453649640083e-01
7.4465789663042281087967921848758123815060e-01
8.8205905648133720031722759813419543206692e-01
4.4078932379737317814871744303673040121794e-01
8.5810424382334882231759820570005103945732e-01
9.6077597089636834759573957853717729449272e-01
9.7087926954084480257733957841992378234863e-01
6.7770653701157690385059595428174361586571e-01
6.2397547888539761640203096249024383723736e-01
3.5732241599208020010891573292610701173544e-01
7.5191409413313248233379226803663186728954e-01
4.9375990960884141856013229698874056339264e-01
5.6594822808260625279785926977638155221939e-01
7.4594435101733347348584857172681950032711e-01
8.6073397007511465162110653182025998830795e-01
6.0760243127543556163061566621763631701469e-01
5.9425972777571489658043901727069169282913e-01
6.2289993957739819840924155869288370013237e-01
6.1381651044775131786934707633918151259422e-01
7.8688743574856967466502055685850791633129e-01
1.0000000000000000000000000000000000000000e+00
4.5198136787266801617235500998503994196653e-01
6.5897141598637787307524149582604877650738e-01
1.0000000000000000000000000000000000000000e+00
6.7236237592965886200602199096465483307838e-01
1.0000000000000000000000000000000000000000e+00
4.1479452410070649648332619108259677886963e-01
7.4459617228148167189516470898524858057499e-01
9.6077597089635857763312287715962156653404e-01
7.6419557074699018262009531099465675652027e-01
7.5029837371379437538365664295270107686520e-01
6.3954546604312434432415557239437475800514e-01
6.1333918095645589829700838890857994556427e-01
7.0193743779976358609928865917026996612549e-01
3.0820929550366449323206552435294725000858e-01
8.0732486354062593658653668171609751880169e-01
1.0000000000000000000000000000000000000000e+00
6.5902017214207553319482713050092570483685e-01
8.2991969474214322133320820285007357597351e-01
8.9248588126271133358358156328904442489147e-01
7.4296438328667391282067455904325470328331e-01
8.4813563430099891959912383754272013902664e-01
9.0427218392375474653732680963003076612949e-01
6.5634336330477038856656690768431872129440e-01
5.9665611243107896655146760167554020881653e-01
6.5634336330477049958886937019997276365757e-01
9.0427218392376262912080164824146777391434e-01
8.0921020557791578653450415004044771194458e-01
0.0000000000000000000000000000000000000000e+00
7.8462609399875971050164480402600020170212e-01
7.8700895388114000539303560799453407526016e-01
7.7574051378082831131877128427731804549694e-01
7.8103921076533444622924662326113320887089e-01
7.5504933444493527172625135790440253913403e-01
7.7771366079474713028929500069352798163891e-01
7.8700895388113878414770852032233960926533e-01
8.5497744870014125151413963976665399968624e-01
5.8179353679720358094584753416711464524269e-01
6.5633147829037385978523388985195197165012e-01
7.8700895388113878414770852032233960926533e-01
8.2183524982000832892481412272900342941284e-01
6.6197029345774371922317413918790407478809e-01
9.0427218392375874334021546019357629120350e-01
2.2031460356003312872630317542643751949072e-01
6.4707874495200279341133864363655447959900e-01
7.8700895388114000539303560799453407526016e-01
6.5685645612099163859198824866325594484806e-01
6.5390658179436889074764849283383227884769e-01
5.5188901565815318139840428557363338768482e-01
6.6602461234218424124264856800436973571777e-01
7.3353452644222272294172171314130537211895e-01
7.4975047202501676757435689069097861647606e-01
8.7866132277697017727291495248209685087204e-01
8.8668339920008043542054565477883443236351e-01
8.2564137082769162301332244169316254556179e-01
7.6143862196196820946170191746205091476440e-01
6.7234616540690328445606382956611923873425e-01
8.3042158485376371679365092859370633959770e-01
7.8700895388113933925922083290060982108116e-01
4.9798753623459923733918230936978943645954e-01
7.7633029632724215307604254121542908251286e-01
8.5357851968634068651198276711511425673962e-01
6.4225199917995801079939610644942149519920e-01
8.5613626244207496895910480816382914781570e-01
8.4153149848052044568191831785952672362328e-01
8.5810424382334882231759820570005103945732e-01
8.3624724190617283348103683238150551915169e-01
9.6500308437074155953894205595133826136589e-01
8.9219984889868009236835177944158203899860e-01
8.6006937523670323741953325225040316581726e-01
8.4346302814011520077031036635162308812141e-01
7.8898854586171507374814382274053059518337e-01
7.3761242733478027400195742302457801997662e-01
9.7433641499179257650098406884353607892990e-01
8.0831541197786693775384492255398072302341e-01
6.4707874495199724229621551785385236144066e-01
4.9193610074835197876197412369947414845228e-01
9.2730187542849296100655465124873444437981e-01
1.0000000000000000000000000000000000000000e+00
9.6399511168504969926829062387696467339993e-01
1.0000000000000000000000000000000000000000e+00
1.0000000000000000000000000000000000000000e+00
6.9159372500558347063304154289653524756432e-01
5.9633174672072919442200600315118208527565e-01
7.5015592162305666512622792652109637856483e-01
7.4027789872475735499790516769280657172203e-01
7.7396666319321050231394565344089642167091e-01
9.7459473632373117002458684510202147066593e-01
1.0000000000000000000000000000000000000000e+00
1.0000000000000000000000000000000000000000e+00
6.3866286744209010972639362080371938645840e-01
8.2183524982000888403632643530727364122868e-01
6.5685645612100185264381480010342784225941e-01
1.0000000000000000000000000000000000000000e+00
0.0000000000000000000000000000000000000000e+00
9.1144420475942078407882718238397501409054e-01
6.2842792169796835022310688145807944238186e-01
6.0905716469165038784439047958585433661938e-01
8.8113975989645942910044595919316634535789e-01
6.1617387964299374925047914075548760592937e-01
4.8727056065327967182554402825189754366875e-01
6.2644615419053151228467868349980562925339e-01
1.0000000000000000000000000000000000000000e+00
3.9583289232100049570561850487138144671917e-01
8.1934625932678939452813438037992455065250e-01
7.4465789663042281087967921848758123815060e-01
9.1472926572403201461725075205322355031967e-01
6.2644615419053151228467868349980562925339e-01
6.5403754218950982401992177983629517257214e-01
6.6197029345776392528222231703693978488445e-01
8.6398190510917050044525922203320078551769e-01
8.9816846458433863276127340213861316442490e-01
6.2644615419052818161560480803018435835838e-01
3.9583289232100049570561850487138144671917e-01
6.7100560836213285487161783748888410627842e-01
6.4728866569155574239857742213644087314606e-01
9.8387287667728751117124375014100223779678e-01
9.2114270080078242131094157230108976364136e-01
5.0615536669635152744461947804666124284267e-01
7.3698807465402982330715531134046614170074e-01
8.4255653989382195412360943009844049811363e-01
8.2184767475543074599642068278626538813114e-01
4.7626189747123115481031163653824478387833e-01
5.6632539859503328028011992500978522002697e-01
5.4715524532305503946361113776220008730888e-01
8.6073397007511387446498929421068169176579e-01
6.7166470726026328286195621330989524722099e-01
7.8898854586171884850642754827276803553104e-01
7.8898854586171973668484724839800037443638e-01
7.1746863060318655236358154070330783724785e-01
7.8898854586171884850642754827276803553104e-01
6.3084235198842342207115052588051185011864e-01
7.4079249871531238635924410118605010211468e-01
3.4700893444604730131430869732866995036602e-01
4.4775701612068596890736671412014402449131e-01
1.7460166796737891514723628461069893091917e-01
2.9574498984478791996366453531663864850998e-01
1.4007366679420146793333401546988170593977e-01
0.0000000000000000000000000000000000000000e+00
4.2894001984009133554565096346777863800526e-01
3.7464226661026112097374607401434332132339e-01
3.6701928689206392286692448578833136707544e-01
3.1647756784631597692936111343442462384701e-01
4.5432910301241807848882103826326783746481e-01
3.5732241599208020010891573292610701173544e-01
4.5198136787266801617235500998503994196653e-01
3.0820929550366449323206552435294725000858e-01
0.0000000000000000000000000000000000000000e+00
2.2031460356003312872630317542643751949072e-01
4.9798753623459923733918230936978943645954e-01
4.9193610074835197876197412369947414845228e-01
0.0000000000000000000000000000000000000000e+00
3.9583289232100049570561850487138144671917e-01
3.4700893444604730131430869732866995036602e-01
0.0000000000000000000000000000000000000000e+00
4.4775701612068596890736671412014402449131e-01
1.7460166796737891514723628461069893091917e-01
2.9574498984478791996366453531663864850998e-01
1.4007366679420146793333401546988170593977e-01
0.0000000000000000000000000000000000000000e+00
4.2894001984009133554565096346777863800526e-01
3.7464226661026112097374607401434332132339e-01
3.6701928689206392286692448578833136707544e-01
3.1647756784631597692936111343442462384701e-01
4.5432910301241807848882103826326783746481e-01
3.5732241599208020010891573292610701173544e-01
4.5198136787266801617235500998503994196653e-01
3.0820929550366449323206552435294725000858e-01
0.0000000000000000000000000000000000000000e+00
2.2031460356003312872630317542643751949072e-01
4.9798753623459923733918230936978943645954e-01
4.9193610074835197876197412369947414845228e-01
0.0000000000000000000000000000000000000000e+00
3.9583289232100049570561850487138144671917e-01
3.4700893444604730131430869732866995036602e-01
0.0000000000000000000000000000000000000000e+00
0.0000000000000000000000000000000000000000e+00
4.4775701612068596890736671412014402449131e-01
1.7460166796737891514723628461069893091917e-01
2.9574498984478791996366453531663864850998e-01
1.4007366679420146793333401546988170593977e-01
0.0000000000000000000000000000000000000000e+00
4.2894001984009133554565096346777863800526e-01
3.7464226661026112097374607401434332132339e-01
3.6701928689206392286692448578833136707544e-01
3.1647756784631597692936111343442462384701e-01
4.5432910301241807848882103826326783746481e-01
3.5732241599208020010891573292610701173544e-01
4.5198136787266801617235500998503994196653e-01
3.0820929550366449323206552435294725000858e-01
0.0000000000000000000000000000000000000000e+00
2.2031460356003312872630317542643751949072e-01
4.9798753623459923733918230936978943645954e-01
4.9193610074835197876197412369947414845228e-01
0.0000000000000000000000000000000000000000e+00
3.9583289232100049570561850487138144671917e-01
3.4700893444604730131430869732866995036602e-01
0.0000000000000000000000000000000000000000e+00
0.0000000000000000000000000000000000000000e+00
0.0000000000000000000000000000000000000000e+00
8.8349226153343423106889531482011079788208e+01
5.8380523114997817657467749086208641529083e-01
