1
0
23
7.6202235704034426699848836506134830415249e-01
3.6638908787969087788027877650165464729071e-01
4.4799815968127743026627740619005635380745e-01
8.7680557453532603773282971815206110477448e-01
4.7294594533333303432165450885804602876306e-02
6.3675311610614437896060735511127859354019e-01
4.8019177564107956568406621045141946524382e-01
1.5901441961254858536989331696531735360622e-01
8.3733791144894453850611171219497919082642e-01
7.2517049542678779783244635837036184966564e-01
1.9325031290271763029231522068585036322474e-01
0.0000000000000000000000000000000000000000e+00
6.8741644801202350656410544615937396883965e-01
7.6047236338379997633296625281218439340591e-01
1.5901441961254858536989331696531735360622e-01
1.0000000000000000000000000000000000000000e+00
1.5363891142533747657950016218819655478001e-01
9.4262452819541875381759155061445198953152e-01
4.6458351475867859514679025778605137020350e-01
6.4181305817954070747077821579296141862869e-01
6.0578242226997780495167944536660797894001e-01
9.2024379312831638966230229925713501870632e-01
3.7834304262658124962115380185423418879509e-01
7.2824621254119781266211930415011011064053e-01
5.1229368510268591396794590764329768717289e-01
3.4276703608095393516208559958613477647305e-01
6.3797271722746484723387538906536065042019e-01
9.0433647667110317325267487831297330558300e-01
5.2350800268934516434882198154809884727001e-01
3.0030206172603401970633285600342787802219e-01
6.3105782337274662907589117821771651506424e-01
6.3566168069451489675003585944068618118763e-01
6.9442864667267079070711588428821414709091e-01
7.1513908293382966174789316937676630914211e-01
5.2728171470246076868448881214135326445103e-01
9.2459231984543732707493290945421904325485e-01
7.0138637888212629345474624642520211637020e-01
3.4013199827868023650268014534958638250828e-01
9.0944229771388973571077940505347214639187e-01
5.6429171205402939293094277672935277223587e-01
9.4166573629950489632278731733094900846481e-01
3.9068361176742072427003904522280208766460e-01
1.0000000000000000000000000000000000000000e+00
7.5912207782495411123591111390851438045502e-01
7.8013545267670347804767061461461707949638e-01
7.1479871367436853546450947760604321956635e-01
3.7834304262658124962115380185423418879509e-01
6.4770906888265766809809065307490527629852e-01
6.1895680755972315445490039564901962876320e-01
7.4031279503310987166742052068002521991730e-01
8.7998805387858303195258713458315469324589e-01
4.4011145755807046242580327088944613933563e-01
6.9911961009897849450567264284472912549973e-01
6.1186087767245567192730959504842758178711e-01
7.0586745962207808613442239220603369176388e-01
8.9808434721458263449989090076996944844723e-01
2.7661196736816739960573841017321683466434e-01
5.8488981127617167832255518078454770147800e-01
9.1463861723213812915389553381828591227531e-01
5.0853634756361809632352333210292272269726e-01
7.8653642556536396135413724550744518637657e-01
4.1127796607981620402583189388678874820471e-01
8.8810185319965784245255235873628407716751e-01
8.4842792544000000809489847597433254122734e-01
9.7686793009500805240463705558795481920242e-01
6.8601730652337444826827095312182791531086e-01
4.5048084460113829718963529558095615357161e-01
3.1053716395183994514184178115101531147957e-01
7.8138502143222143825340708644944243133068e-01
4.0418445790482593338310834951698780059814e-01
4.0630352507258954419810947911173570901155e-01
6.8679792949679918656613608618499711155891e-01
5.5663716703048460310299105913145467638969e-01
6.0778894033062369484099463079473935067654e-01
5.5663716703048449208068859661580063402653e-01
5.8132513217392300930441706441342830657959e-01
5.7837842334519240505841253252583555877209e-01
6.6830805553465166823912113613914698362350e-01
1.0000000000000000000000000000000000000000e+00
4.0418445790482593338310834951698780059814e-01
6.4690998133613775156192104986985214054585e-01
1.0000000000000000000000000000000000000000e+00
7.3111690012458452336829850537469610571861e-01
1.0000000000000000000000000000000000000000e+00
2.8562523316632593139985374364187009632587e-01
7.7852439649000337862361220686580054461956e-01
1.0000000000000000000000000000000000000000e+00
1.0000000000000000000000000000000000000000e+00
7.1479871367436853546450947760604321956635e-01
6.1182806196311001478704838518751785159111e-01
5.3857005113350620018053405146929435431957e-01
7.5769924560573254090911632374627515673637e-01
1.2631990738969101073507772525772452354431e-01
7.0549594649685054559284935749019496142864e-01
8.1677331399643138265531661090790294110775e-01
5.8149614783041436716359839920187368988991e-01
8.3822841297946981686806111611076630651951e-01
8.1175343357174500891204615982132963836193e-01
7.6426573277909082282377539740991778671741e-01
9.3782076807772907223181846347870305180550e-01
7.0138637888211974313890095800161361694336e-01
7.1479871367436864648681194012169726192951e-01
4.8822630434091002227248168310325127094984e-01
6.7318785515504708794054522513761185109615e-01
9.1899578767535361478735467244405299425125e-01
7.7570716100781234025873800419503822922707e-01
0.0000000000000000000000000000000000000000e+00
7.9600442512125213490037367591867223381996e-01
7.4110374014338131765100570191862061619759e-01
6.8427837503871768998209290657541714608669e-01
6.3411738854134747089830170807545073330402e-01
7.3503190228236092718105965104768984019756e-01
6.8615852364089779946709768410073593258858e-01
7.0138637888212629345474624642520211637020e-01
8.4024252752804806654296498891199007630348e-01
6.2997562906586224151794795034220442175865e-01
5.2947238046171340997148035967256873846054e-01
7.0138637888212629345474624642520211637020e-01
8.6136849046603036761382554686861112713814e-01
6.0456338117205554727462413211469538509846e-01
8.7364534375312163927418396269786171615124e-01
1.2081368511906895313323673235572641715407e-01
6.7596768890021541320578535305685363709927e-01
7.4110374014338487036468450241954997181892e-01
3.9993824258212823385960632549540605396032e-01
3.9993824258212823385960632549540605396032e-01
4.5409412460035064595942344567447435110807e-01
6.3174707947953301356847077840939164161682e-01
6.6704982877298357735185163619462400674820e-01
7.0882872601054480732329921011114493012428e-01
9.2241692078893289252761178431683219969273e-01
7.3331784862840199146205577562795951962471e-01
8.0646895966495135699148022467852570116520e-01
7.4509412816333631113252522482071071863174e-01
5.0748226154616493666082988056587055325508e-01
7.7908317409512961582152001938084140419960e-01
6.9956650016633215027894721060874871909618e-01
3.9993824258212823385960632549540605396032e-01
7.7708920845089313189646418322809040546417e-01
8.8912296574971594331771029828814789652824e-01
5.0970672102326586294651633579633198678493e-01
8.0771346964294077341861566310399211943150e-01
7.4960105577580682378879828320350497961044e-01
8.6408070191989927444353725149994716048241e-01
8.4842792543999312471214580000378191471100e-01
9.0823327622445826357022724550915881991386e-01
9.5542436078199899363028180232504382729530e-01
8.2169613668523067140370130800874903798103e-01
7.9728828314107669239518827453139238059521e-01
8.0498613264417395729566351292305625975132e-01
7.1023161036429072190401257103076204657555e-01
9.5617022522061334566245704991160891950130e-01
8.1961933814816345655884788357070647180080e-01
6.9062516068404122826507318677613511681557e-01
5.0134076941827687701191962332814000546932e-01
7.0095483831516991468646438079304061830044e-01
1.0000000000000000000000000000000000000000e+00
1.0000000000000000000000000000000000000000e+00
9.1869300295120925881064977147616446018219e-01
1.0000000000000000000000000000000000000000e+00
1.0000000000000000000000000000000000000000e+00
3.2624108343521518449392715410795062780380e-01
6.2366222839571505698330611267010681331158e-01
6.7071397670750443342768676302512176334858e-01
1.0000000000000000000000000000000000000000e+00
9.2002792936336230678051606446388177573681e-01
1.0000000000000000000000000000000000000000e+00
1.0000000000000000000000000000000000000000e+00
5.8543302537665642404363097739405930042267e-01
6.2366222839571505698330611267010681331158e-01
5.6107501017375349672278161961003206670284e-01
9.5600403936335698329429533259826712310314e-01
0.0000000000000000000000000000000000000000e+00
8.3102880313093741015961768425768241286278e-01
4.9316849142238028402829286278574727475643e-01
3.7834304262658124962115380185423418879509e-01
7.2517049542679601348282858452876098453999e-01
3.7834304262658208228842227072163950651884e-01
3.7834304262658124962115380185423418879509e-01
3.7834304262658452477907644606602843850851e-01
9.3562076775960534291698422748595476150513e-01
3.7834304262658124962115380185423418879509e-01
7.4031279503310987166742052068002521991730e-01
5.0853634756361776325661594455596059560776e-01
6.3790753732384652963105509115848690271378e-01
5.4067442721490743817724933251156471669674e-01
6.7318785515504653282903291255934163928032e-01
6.7562984082720711764835641588433645665646e-01
8.0693923156448132960605335028958506882191e-01
7.1481203130163517567297049026819877326488e-01
3.7834304262659013140535080310655757784843e-01
3.7834304262658124962115380185423418879509e-01
6.7596768890021541320578535305685363709927e-01
5.2147962667384406554305087411194108426571e-01
9.9821551196965119245874120679218322038651e-01
8.7998805387859191373678413583547808229923e-01
3.9977016504090157056339194241445511579514e-01
7.4498445876880436955502773344051092863083e-01
8.4955195345678591323235195886809378862381e-01
6.9442864667267045764020849674125202000141e-01
3.7834304262658124962115380185423418879509e-01
5.6119418280547583854911408707266673445702e-01
4.7885168737619199230692856872337870299816e-01
7.1139901609652012037798840538016520440578e-01
8.7643646094202465324229933685273863375187e-01
6.9518471568410034056029189741821028292179e-01
7.9600442512125213490037367591867223381996e-01
6.4842350865795572723015993688022717833519e-01
7.6021231401002564709301623224746435880661e-01
7.6431842961521501145227830420481041073799e-01
7.0386075297069339296029966135392896831036e-01
3.0765578458727971256081445972085930407047e-01
4.4799815968127743026627740619005635380745e-01
4.7294594533333303432165450885804602876306e-02
1.5901441961254858536989331696531735360622e-01
0.0000000000000000000000000000000000000000e+00
1.5363891142533747657950016218819655478001e-01
3.7834304262658124962115380185423418879509e-01
3.0030206172603401970633285600342787802219e-01
3.4013199827868023650268014534958638250828e-01
3.7834304262658124962115380185423418879509e-01
2.7661196736816739960573841017321683466434e-01
3.1053716395183994514184178115101531147957e-01
4.0418445790482593338310834951698780059814e-01
1.2631990738969101073507772525772452354431e-01
0.0000000000000000000000000000000000000000e+00
1.2081368511906895313323673235572641715407e-01
3.9993824258212823385960632549540605396032e-01
5.0134076941827687701191962332814000546932e-01
0.0000000000000000000000000000000000000000e+00
3.7834304262658124962115380185423418879509e-01
3.0765578458727971256081445972085930407047e-01
0.0000000000000000000000000000000000000000e+00
4.4799815968127743026627740619005635380745e-01
4.7294594533333303432165450885804602876306e-02
1.5901441961254858536989331696531735360622e-01
0.0000000000000000000000000000000000000000e+00
1.5363891142533747657950016218819655478001e-01
3.7834304262658124962115380185423418879509e-01
3.0030206172603401970633285600342787802219e-01
3.4013199827868023650268014534958638250828e-01
3.7834304262658124962115380185423418879509e-01
2.7661196736816739960573841017321683466434e-01
3.1053716395183994514184178115101531147957e-01
4.0418445790482593338310834951698780059814e-01
1.2631990738969101073507772525772452354431e-01
0.0000000000000000000000000000000000000000e+00
1.2081368511906895313323673235572641715407e-01
3.9993824258212823385960632549540605396032e-01
5.0134076941827687701191962332814000546932e-01
0.0000000000000000000000000000000000000000e+00
3.7834304262658124962115380185423418879509e-01
3.0765578458727971256081445972085930407047e-01
0.0000000000000000000000000000000000000000e+00
0.0000000000000000000000000000000000000000e+00
4.4799815968127743026627740619005635380745e-01
4.7294594533333303432165450885804602876306e-02
1.5901441961254858536989331696531735360622e-01
0.0000000000000000000000000000000000000000e+00
1.5363891142533747657950016218819655478001e-01
3.7834304262658124962115380185423418879509e-01
3.0030206172603401970633285600342787802219e-01
3.4013199827868023650268014534958638250828e-01
3.7834304262658124962115380185423418879509e-01
2.7661196736816739960573841017321683466434e-01
3.1053716395183994514184178115101531147957e-01
4.0418445790482593338310834951698780059814e-01
1.2631990738969101073507772525772452354431e-01
0.0000000000000000000000000000000000000000e+00
1.2081368511906895313323673235572641715407e-01
3.9993824258212823385960632549540605396032e-01
5.0134076941827687701191962332814000546932e-01
0.0000000000000000000000000000000000000000e+00
3.7834304262658124962115380185423418879509e-01
3.0765578458727971256081445972085930407047e-01
0.0000000000000000000000000000000000000000e+00
0.0000000000000000000000000000000000000000e+00
0.0000000000000000000000000000000000000000e+00
9.0685831413039309722989855799823999404907e+01
3.7939826837843915185999321693088859319687e-01
