1
0
23
7.7802407612552626492430363214225508272648e-01
3.4840821001871208340006091930263210088015e-01
3.9736481461400047221488307513936888426542e-01
8.6400912048922606789602696153451688587666e-01
0.0000000000000000000000000000000000000000e+00
5.7983339481819784477778512155055068433285e-01
3.9831678594628983081094020235468633472919e-01
9.5655548664982020801161866074835415929556e-02
8.4017465327093232563271385515690781176090e-01
7.0654053251193527085405321486177854239941e-01
1.3689037499638675998703263303468702360988e-01
0.0000000000000000000000000000000000000000e+00
6.5098738997659499894155032961862161755562e-01
6.7818378614810193028006324311718344688416e-01
9.5655548664982020801161866074835415929556e-02
9.2543868094040537819466862856643274426460e-01
7.9389096038209872041591097513446584343910e-02
8.4662860268964823529103114196914248168468e-01
3.6491297169168107616954443983559031039476e-01
5.3135584842871741440006871926016174256802e-01
5.3503899436252588817097830542479641735554e-01
7.4487101595294724631912686163559556007385e-01
3.2350471673034741915131462519639171659946e-01
6.7631693065869880054918894529691897332668e-01
4.5068465341606128715667978212877642363310e-01
3.0484875475855094384414201158506330102682e-01
6.3411615602443893724426970948115922510624e-01
8.5724569196950284322156221605837345123291e-01
4.4210649742021945751702105553704313933849e-01
2.5359496968202621669519203351228497922421e-01
5.7730288445422461851563866730430163443089e-01
6.1113115764040470967444207417429424822330e-01
6.2962803260080124623243591486243531107903e-01
6.8264734413866023921002579299965873360634e-01
4.7967199856700865057135274582833517342806e-01
8.6323790651871512569215383336995728313923e-01
6.7472637878051811011204108581296168267727e-01
3.0668929669031247398081063693098258227110e-01
9.0763511162669185949880557018332183361053e-01
5.2034068440638037156276141104171983897686e-01
8.8860527059049398967971455931547097861767e-01
3.6676841840965673791075118970184121280909e-01
8.8541006357868012877077035227557644248009e-01
6.7815667747633645578986261170939542353153e-01
6.8691853140873382344011588429566472768784e-01
6.7472637878051811011204108581296168267727e-01
3.2350471673034741915131462519639171659946e-01
5.9688052767814137045121469782316125929356e-01
5.7725791030281736748719367824378423392773e-01
6.9535340877927953595616372695076279342175e-01
8.6410955715252812936455484305042773485184e-01
3.9578167605082248403647326995269395411015e-01
6.1901838915998741441626407322473824024200e-01
5.6706540434453078791676716718939132988453e-01
6.6996414969739681577465262307669036090374e-01
8.6610399367367529865902042729430831968784e-01
2.3223122745535926259030645724124042317271e-01
5.4329040437050268863572455302346497774124e-01
9.1169083976918785516829757398227229714394e-01
4.5952361049457973729559512321429792791605e-01
7.9151581772222034949493263411568477749825e-01
3.5288160045541905329713472383446060121059e-01
8.4828596141284151599393226206302642822266e-01
8.2907208092272843824588335337466560304165e-01
9.8770487909587822983326077519450336694717e-01
6.2136715347878057613684177340473979711533e-01
4.0952425290225669129995367256924510002136e-01
2.7755075611730517515240990178426727652550e-01
7.4403466711107868469810000533470883965492e-01
3.4553797410982178828220412469818256795406e-01
3.4844788008732785478116511512780562043190e-01
6.1812129308882268752256550214951857924461e-01
4.9233624091432093283771109781810082495213e-01
5.9214894131670592347660431187250651419163e-01
4.9233624091432159897152587291202507913113e-01
5.0590916951539510737489990788162685930729e-01
4.9786362722845489692247156199300661683083e-01
6.0335146420190710614406270906329154968262e-01
1.0000000000000000000000000000000000000000e+00
3.4553797410982178828220412469818256795406e-01
5.9664962967223322820586872694548219442368e-01
1.0000000000000000000000000000000000000000e+00
7.3099839957760348596593757974915206432343e-01
1.0000000000000000000000000000000000000000e+00
1.9301564199717130554390109864471014589071e-01
7.4487101595295024392129334955825470387936e-01
1.0000000000000000000000000000000000000000e+00
1.0000000000000000000000000000000000000000e+00
6.7472637878051533455447952292161062359810e-01
5.8068151276288149098547819448867812752724e-01
5.1957615812175028668917775576119311153889e-01
7.5892870407654600128921629220712929964066e-01
1.5546274426622685993493178102653473615646e-01
6.7631693065869535885781260731164366006851e-01
1.0000000000000000000000000000000000000000e+00
5.0296099787169157302457733749179169535637e-01
8.6813791213704094573699876491446048021317e-01
7.9255755647218173454149336976115591824055e-01
7.3109005655012948565740771300625056028366e-01
9.3998925363601293359039345887140370905399e-01
6.7472637878051877624585586090688593685627e-01
6.7472637878051855420125093587557785212994e-01
4.7581360917933879228769455949077382683754e-01
6.4475242831983403668516530160559341311455e-01
8.3232766883061060081416826506028883159161e-01
7.4741000813774249866838772504706867039204e-01
0.0000000000000000000000000000000000000000e+00
7.7075419678216727792374740602099336683750e-01
7.1691027460575029728317986155161634087563e-01
6.5641713692191672180342720821499824523926e-01
6.2601260216398724178787915661814622581005e-01
7.5312374106627433256733183952746912837029e-01
6.0637497245132321310734369035344570875168e-01
6.5237414544134630922656015172833576798439e-01
8.3144867862695526206096019450342282652855e-01
6.0874062776014581377381773563683964312077e-01
4.8085243369841923488650081708328798413277e-01
6.8044479744045938129914929959340952336788e-01
7.9571625927049149940017969129257835447788e-01
5.8068151276288126894087326945737004280090e-01
8.3856944801569532899065961828455328941345e-01
7.9337757877680381568552547832950949668884e-02
6.8154054028503330275867710952297784388065e-01
7.1691027460575218466232172431773506104946e-01
3.7996924439758050784377019226667471230030e-01
3.7996924439758050784377019226667471230030e-01
3.9825417438882904086483449646038934588432e-01
5.6930192482961783362327423674287274479866e-01
6.2985220809764486116222315104096196591854e-01
6.7472637878051811011204108581296168267727e-01
8.6200609332477629020985432362067513167858e-01
6.8486477297200210045957646798342466354370e-01
7.6483698376735931301340087884454987943172e-01
7.1511885294913879462797012820374220609665e-01
5.1995798561715067531707745729363523423672e-01
8.0555379491192191654391763222520239651203e-01
6.8354823035808698339366173968301154673100e-01
3.7996924439758050784377019226667471230030e-01
7.0325182755868220763062481637462042272091e-01
8.3369446260986335150988679743022657930851e-01
4.5488879526628711591484943710383959114552e-01
7.9151581772220935828698884506593458354473e-01
6.9250622786738269542894386177067644894123e-01
8.2193769283306128414778868318535387516022e-01
8.0334431765492708699127888394286856055260e-01
8.9274923268434602796617127751233056187630e-01
8.7689054009414224566398843307979404926300e-01
7.9398831606021702533837469673017039895058e-01
7.7445783992719219313016765227075666189194e-01
7.6471975979650452792668602342018857598305e-01
6.7714848002261940340673618266009725630283e-01
9.3832909332464597973455511237261816859245e-01
7.7445783992719219313016765227075666189194e-01
6.8154054028503330275867710952297784388065e-01
4.5488879526628711591484943710383959114552e-01
5.8044378539098895330994309915695339441299e-01
1.0000000000000000000000000000000000000000e+00
9.9584838235824613139612893064622767269611e-01
7.9132423187754907800695036712568253278732e-01
1.0000000000000000000000000000000000000000e+00
1.0000000000000000000000000000000000000000e+00
2.5359496968202621669519203351228497922421e-01
1.0000000000000000000000000000000000000000e+00
6.3103780425897948447300223051570355892181e-01
1.0000000000000000000000000000000000000000e+00
8.6697961155527825116706708286073990166187e-01
9.6615773469197618883441691650659777224064e-01
8.8673572353129570533525338760227896273136e-01
5.2265245829359063822749931205180473625660e-01
5.4171311119479914619745386517024599015713e-01
5.7581973060056634849956935795489698648453e-01
1.0000000000000000000000000000000000000000e+00
0.0000000000000000000000000000000000000000e+00
7.6116846722627551358186792640481144189835e-01
4.8296541647825735887877840468718204647303e-01
3.2350471673034741915131462519639171659946e-01
7.0654053251193682516628769008093513548374e-01
3.2946703397927440404302501519850920885801e-01
3.2350471673034741915131462519639171659946e-01
3.3952792240238632848203792491403874009848e-01
9.4893068941717317876793913455912843346596e-01
3.2350471673034741915131462519639171659946e-01
6.9535340877927964697846618946641683578491e-01
4.6997142117794860061152917296567466109991e-01
6.1031696546606573061666267676628194749355e-01
5.8088218412372882859528999688336625695229e-01
6.4475242831983481384128253921517170965672e-01
6.3539656814761713565786749313701875507832e-01
7.8692896976131876396465258949319832026958e-01
6.7939516172902381097031820900156162679195e-01
3.9101094981106299108830626209964975714684e-01
3.2350471673034741915131462519639171659946e-01
6.2962803260080124623243591486243531107903e-01
4.6232014810180360742108973681752104312181e-01
8.1521969117001802374034014064818620681763e-01
1.0000000000000000000000000000000000000000e+00
3.4686869281013910093491858788183890283108e-01
6.5709640126841328822138166287913918495178e-01
8.0431131537617617244251277952571399509907e-01
6.2962803260080124623243591486243531107903e-01
3.2350471673034741915131462519639171659946e-01
5.2243948894345948463779905068804509937763e-01
4.4627471512490834992803456771071068942547e-01
6.9276986140146823434093903415487147867680e-01
8.3340287568787640992695742170326411724091e-01
6.8791031038228411809143381105968728661537e-01
7.7075419678216816610216710614622570574284e-01
6.1888308243807577113670959079172462224960e-01
7.2885268497474031690330775745678693056107e-01
7.7355847374534991711669817959773354232311e-01
6.6098568186867567852971205866197124123573e-01
2.7883761329373835113898394411080516874790e-01
3.9736481461400047221488307513936888426542e-01
0.0000000000000000000000000000000000000000e+00
9.5655548664982020801161866074835415929556e-02
0.0000000000000000000000000000000000000000e+00
7.9389096038209872041591097513446584343910e-02
3.2350471673034741915131462519639171659946e-01
2.5359496968202621669519203351228497922421e-01
3.0668929669031247398081063693098258227110e-01
3.2350471673034741915131462519639171659946e-01
2.3223122745535926259030645724124042317271e-01
2.7755075611730517515240990178426727652550e-01
3.4553797410982178828220412469818256795406e-01
1.5546274426622685993493178102653473615646e-01
0.0000000000000000000000000000000000000000e+00
7.9337757877680381568552547832950949668884e-02
3.7996924439758050784377019226667471230030e-01
4.5488879526628711591484943710383959114552e-01
0.0000000000000000000000000000000000000000e+00
3.2350471673034741915131462519639171659946e-01
2.7883761329373835113898394411080516874790e-01
0.0000000000000000000000000000000000000000e+00
3.9736481461400047221488307513936888426542e-01
0.0000000000000000000000000000000000000000e+00
9.5655548664982020801161866074835415929556e-02
0.0000000000000000000000000000000000000000e+00
7.9389096038209872041591097513446584343910e-02
3.2350471673034741915131462519639171659946e-01
2.5359496968202621669519203351228497922421e-01
3.0668929669031247398081063693098258227110e-01
3.2350471673034741915131462519639171659946e-01
2.3223122745535926259030645724124042317271e-01
2.7755075611730517515240990178426727652550e-01
3.4553797410982178828220412469818256795406e-01
1.5546274426622685993493178102653473615646e-01
0.0000000000000000000000000000000000000000e+00
7.9337757877680381568552547832950949668884e-02
3.7996924439758050784377019226667471230030e-01
4.5488879526628711591484943710383959114552e-01
0.0000000000000000000000000000000000000000e+00
3.2350471673034741915131462519639171659946e-01
2.7883761329373835113898394411080516874790e-01
0.0000000000000000000000000000000000000000e+00
0.0000000000000000000000000000000000000000e+00
3.9736481461400047221488307513936888426542e-01
0.0000000000000000000000000000000000000000e+00
9.5655548664982020801161866074835415929556e-02
0.0000000000000000000000000000000000000000e+00
7.9389096038209872041591097513446584343910e-02
3.2350471673034741915131462519639171659946e-01
2.5359496968202621669519203351228497922421e-01
3.0668929669031247398081063693098258227110e-01
3.2350471673034741915131462519639171659946e-01
2.3223122745535926259030645724124042317271e-01
2.7755075611730517515240990178426727652550e-01
3.4553797410982178828220412469818256795406e-01
1.5546274426622685993493178102653473615646e-01
0.0000000000000000000000000000000000000000e+00
7.9337757877680381568552547832950949668884e-02
3.7996924439758050784377019226667471230030e-01
4.5488879526628711591484943710383959114552e-01
0.0000000000000000000000000000000000000000e+00
3.2350471673034741915131462519639171659946e-01
2.7883761329373835113898394411080516874790e-01
0.0000000000000000000000000000000000000000e+00
0.0000000000000000000000000000000000000000e+00
0.0000000000000000000000000000000000000000e+00
8.7447006251034395063470583409070968627930e+01
3.6760650008720852088828223713790066540241e-01
