1
0
23
7.1306284224362337376135201338911429047585e-01
3.7948516179323737995687793045362923294306e-01
4.7762312155557534731897817437129560858011e-01
8.4505319860608185678074733004905283451080e-01
1.1537192470084157991383477792624034918845e-01
6.8276469119088789572202813360490836203098e-01
5.1472741816812317416918176604667678475380e-01
2.2564798657484030908193517461768351495266e-01
8.4078068922298110354773825747543014585972e-01
7.5782838193442891849826992256566882133484e-01
3.1985911439701825154102721171511802822351e-01
2.5596948524640561473120214941445738077164e-02
6.9833796981086038169195262526045553386211e-01
7.6805414594453746968127916261437349021435e-01
2.2564798657484030908193517461768351495266e-01
9.2605645708553252504202646377962082624435e-01
4.4474945638830254424078702868428081274033e-02
9.9264403951795521230394570011412724852562e-01
4.7199815317274373960287903173593804240227e-01
7.0634090353388723215743993932846933603287e-01
5.8060275162456176367697935347678139805794e-01
8.4381381378101838475203066991525702178478e-01
4.4076604852907186327115596213843673467636e-01
7.7733780189990231423990962866810150444508e-01
5.3066118516198124144267467272584326565266e-01
4.3912935645679379570438527480291668325663e-01
6.7962967761787396181460962907294742763042e-01
1.0000000000000000000000000000000000000000e+00
5.7934003272752043756099737947806715965271e-01
3.4723389998796927446989002419286407530308e-01
6.7354625001485390889399695879546925425529e-01
6.0887101072780480670587621716549620032310e-01
7.0960405774493673369818225182825699448586e-01
6.7283580399862086274254124873550608754158e-01
5.2605710797699734015964168065693229436874e-01
8.4381381378102837675925229632412083446980e-01
7.2039689851070853876535693416371941566467e-01
3.3795883041268925950362245202995836734772e-01
8.1029543825036898230251836139359511435032e-01
6.3496206830374735119448814657516777515411e-01
9.5459424750663590675259229101357050240040e-01
4.0787831863072165905492738602333702147007e-01
9.3052730001533923154255489862407557666302e-01
7.7682509517482223326823032039101235568523e-01
8.1214988536650278838635585998417809605598e-01
7.1693385863120329126729757263092324137688e-01
3.4166985325341742152360779982700478285551e-01
6.8276469119088789572202813360490836203098e-01
6.7223617002134872233654050432960502803326e-01
7.8108150305413226455186759267235174775124e-01
8.4799083219396109711851750034838914871216e-01
5.5264257128759386450411739133414812386036e-01
6.7557047812106985062996500346343964338303e-01
7.2641855790249154622983951412606984376907e-01
7.7321007141831665787634619846357963979244e-01
9.1551341276509123900950726238079369068146e-01
3.5979489355000116024285716775921173393726e-01
6.0991500705250312197591711083077825605869e-01
9.5041282695888984477505800896324217319489e-01
5.7332839419203518449563716785633005201817e-01
8.4545615194742917974934925950947217643261e-01
4.3006752968375433487935310949978884309530e-01
8.7727935779465449073200034035835415124893e-01
9.0794930323796008142522850903333164751530e-01
1.0000000000000000000000000000000000000000e+00
6.4921150251324322155710433435160666704178e-01
5.3694606792247012716501330942264758050442e-01
3.6672617131504609000458572154457215219736e-01
8.2325973028787646779136366603779606521130e-01
4.3046228326066304781249982625013217329979e-01
4.8002535758940478860523626281064935028553e-01
7.7547416712528716153940422373125329613686e-01
7.0196244702992727226842362142633646726608e-01
6.2319658635947072777838684487505815923214e-01
6.2613990664175600553420508731505833566189e-01
5.7817652835805488642506588803371414542198e-01
5.6562713107259565692430669514578767120838e-01
6.6291206728595630792710835521575063467026e-01
9.5415846206062071566122995136538520455360e-01
4.3046228326066304781249982625013217329979e-01
6.8697966347130212660943016089731827378273e-01
1.0000000000000000000000000000000000000000e+00
7.0960405774494184072409552754834294319153e-01
1.0000000000000000000000000000000000000000e+00
3.9506468511433467938331887125968933105469e-01
7.5547162220656460807077792196650989353657e-01
1.0000000000000000000000000000000000000000e+00
9.2293130417124003006534849191666580736637e-01
7.1693385863120695500327883564750663936138e-01
6.0835448823468707413297806851915083825588e-01
6.1641628936063186383620404740213416516781e-01
7.2128417449935655625381514255423098802567e-01
2.1138381609216852496935246108478168025613e-01
7.3926602663516038926871942749130539596081e-01
9.8616826547826719195910527560045011341572e-01
6.1054897006564623485047604845021851360798e-01
8.5208178387769839545740069297607988119125e-01
7.5136593759115166690776277391705662012100e-01
6.3370002211460951802024510470801033079624e-01
8.9170066823931515287426918803248554468155e-01
7.9554543472963445971402052236953750252724e-01
7.1693385863120207002197048495872877538204e-01
5.1687922339483960421091524040093645453453e-01
6.9197180967826310560297997653833590447903e-01
9.0694131142892353558693230297649279236794e-01
8.3535257190266554161439671588595956563950e-01
0.0000000000000000000000000000000000000000e+00
7.5179500959446088348414605206926353275776e-01
7.6208148633795458337658601521980017423630e-01
6.9772022112895548673350276658311486244202e-01
6.0845688911904338702640870906179770827293e-01
7.4699704980253689434732677909778431057930e-01
7.5284203545887296016303480428177863359451e-01
7.5268289776825503256674210206256248056889e-01
8.3537768858720806708362260906142182648182e-01
6.8271278968906312645259504279238171875477e-01
5.9887877759381724640519450986175797879696e-01
7.5268289776825503256674210206256248056889e-01
8.4704932957907597135260857612593099474907e-01
6.0835448823468984969053963141050189733505e-01
8.7559780442903922814679162911488674581051e-01
2.0873383148925619967606337468168931081891e-01
6.6611481336230671246312340372242033481598e-01
7.6881003276489079389932612684788182377815e-01
5.3878350101574112862579113425454124808311e-01
4.8247389396047579701587437739362940192223e-01
5.2859178822352981264032223407411947846413e-01
6.7346244127151577707479646051069721579552e-01
7.1309811581779469769060142425587400794029e-01
7.4424495564563541982749939052155241370201e-01
9.7668359890313327653643682424444705247879e-01
7.6881003276489090492162858936353586614132e-01
8.1582011809942422964070374291623011231422e-01
7.1637274298729036736688158271135762333870e-01
6.2081223792168049868678281200118362903595e-01
7.9823466084990457591885615329374559223652e-01
7.6908814828447202849304176197620108723640e-01
4.8247389396047579701587437739362940192223e-01
8.1470687083064396993847822159295901656151e-01
8.3844971088333852815566160643356852233410e-01
5.4028108723306444982625862394343130290508e-01
8.5657588882221191717292185785481706261635e-01
7.7227576735436309629534434861852787435055e-01
8.8597225291252346135451034569996409118176e-01
8.8894165355393306438003264702274464070797e-01
9.1997735316480677703054880112176761031151e-01
8.6922751145524501659167526668170467019081e-01
8.1470687083064330380466344649903476238251e-01
8.4377470240958085678784073024871759116650e-01
7.7547416712528727256170668624690733850002e-01
7.6880512952216772948332845771801657974720e-01
9.5433881805227949168823897707625292241573e-01
8.4377470240958063474323580521740950644016e-01
7.1309811581779758427046544966287910938263e-01
5.0706806896681266838555757203721441328526e-01
6.4819597051963184775047466246178373694420e-01
7.3911372185444790261499292682856321334839e-01
1.0000000000000000000000000000000000000000e+00
1.0000000000000000000000000000000000000000e+00
1.0000000000000000000000000000000000000000e+00
1.0000000000000000000000000000000000000000e+00
5.6173095113735915795416531182127073407173e-01
7.1659904605585333925432678370270878076553e-01
6.4796837691424180594168547031586058437824e-01
1.0000000000000000000000000000000000000000e+00
9.8310190574378153449686124076833948493004e-01
1.0000000000000000000000000000000000000000e+00
7.0412523839285556803702093020547181367874e-01
6.9845390014461916639021410446730442345142e-01
7.1659904605585333925432678370270878076553e-01
6.6778437732667117465723549685208126902580e-01
1.0000000000000000000000000000000000000000e+00
0.0000000000000000000000000000000000000000e+00
9.2430804237250985266882707946933805942535e-01
5.1472741816812239701306452843709848821163e-01
4.9909374128995132036124005026067607104778e-01
7.8334542483822311442764885214273817837238e-01
4.2227521335700957116898734966525807976723e-01
4.4076604852907186327115596213843673467636e-01
4.9957550377035758737420678698981646448374e-01
9.2051756234095327702249278445378877222538e-01
3.4166985325341742152360779982700478285551e-01
7.8703216496063466145471920754062011837959e-01
6.0280892789015605437441536196274682879448e-01
7.2769398177225119717093093640869483351707e-01
5.6444086538513260631333423589239828288555e-01
6.9626289196074497844790585077134892344475e-01
6.9626289196073498644068422436248511075974e-01
8.5258759384440052642162299889605492353439e-01
8.0174328680604689534305862252949737012386e-01
5.0804915417715568182188690116163343191147e-01
3.4166985325341742152360779982700478285551e-01
6.8373931225274764411636851946241222321987e-01
5.5694005745546359964492921790224500000477e-01
1.0000000000000000000000000000000000000000e+00
8.8593651348354007790675268552149645984173e-01
4.1233715334497161864035774669901002198458e-01
7.5284203545887085073928801648435182869434e-01
8.1037422873538944578797327267238870263100e-01
7.0960405774493573449746008918737061321735e-01
3.7848570401151199193989782543212641030550e-01
5.5809655860970353025152235204586759209633e-01
5.3050245060990730561201189630082808434963e-01
7.3736158492140813081050509936176240444183e-01
7.9142456060762167435740366272511892020702e-01
6.9534385528200004511489851211081258952618e-01
7.4206666512710794947338399651926010847092e-01
6.6611481336230682348542586623807437717915e-01
7.3736158492140924103352972451830282807350e-01
5.2061305495287668598791697149863466620445e-01
7.0499650932358803867572305534849874675274e-01
2.7207454261704494546947330491093453019857e-01
4.7762312155557534731897817437129560858011e-01
1.1537192470084157991383477792624034918845e-01
2.2564798657484030908193517461768351495266e-01
2.5596948524640561473120214941445738077164e-02
4.4474945638830254424078702868428081274033e-02
4.4076604852907186327115596213843673467636e-01
3.4723389998796927446989002419286407530308e-01
3.3795883041268925950362245202995836734772e-01
3.4166985325341742152360779982700478285551e-01
3.5979489355000116024285716775921173393726e-01
3.6672617131504609000458572154457215219736e-01
4.3046228326066304781249982625013217329979e-01
2.1138381609216852496935246108478168025613e-01
0.0000000000000000000000000000000000000000e+00
2.0873383148925619967606337468168931081891e-01
4.8247389396047579701587437739362940192223e-01
5.0706806896681266838555757203721441328526e-01
0.0000000000000000000000000000000000000000e+00
3.4166985325341742152360779982700478285551e-01
2.7207454261704494546947330491093453019857e-01
0.0000000000000000000000000000000000000000e+00
4.7762312155557534731897817437129560858011e-01
1.1537192470084157991383477792624034918845e-01
2.2564798657484030908193517461768351495266e-01
2.5596948524640561473120214941445738077164e-02
4.4474945638830254424078702868428081274033e-02
4.4076604852907186327115596213843673467636e-01
3.4723389998796927446989002419286407530308e-01
3.3795883041268925950362245202995836734772e-01
3.4166985325341742152360779982700478285551e-01
3.5979489355000116024285716775921173393726e-01
3.6672617131504609000458572154457215219736e-01
4.3046228326066304781249982625013217329979e-01
2.1138381609216852496935246108478168025613e-01
0.0000000000000000000000000000000000000000e+00
2.0873383148925619967606337468168931081891e-01
4.8247389396047579701587437739362940192223e-01
5.0706806896681266838555757203721441328526e-01
0.0000000000000000000000000000000000000000e+00
3.4166985325341742152360779982700478285551e-01
2.7207454261704494546947330491093453019857e-01
0.0000000000000000000000000000000000000000e+00
0.0000000000000000000000000000000000000000e+00
4.7762312155557534731897817437129560858011e-01
1.1537192470084157991383477792624034918845e-01
2.2564798657484030908193517461768351495266e-01
2.5596948524640561473120214941445738077164e-02
4.4474945638830254424078702868428081274033e-02
4.4076604852907186327115596213843673467636e-01
3.4723389998796927446989002419286407530308e-01
3.3795883041268925950362245202995836734772e-01
3.4166985325341742152360779982700478285551e-01
3.5979489355000116024285716775921173393726e-01
3.6672617131504609000458572154457215219736e-01
4.3046228326066304781249982625013217329979e-01
2.1138381609216852496935246108478168025613e-01
0.0000000000000000000000000000000000000000e+00
2.0873383148925619967606337468168931081891e-01
4.8247389396047579701587437739362940192223e-01
5.0706806896681266838555757203721441328526e-01
0.0000000000000000000000000000000000000000e+00
3.4166985325341742152360779982700478285551e-01
2.7207454261704494546947330491093453019857e-01
0.0000000000000000000000000000000000000000e+00
0.0000000000000000000000000000000000000000e+00
0.0000000000000000000000000000000000000000e+00
8.8326734311940612087710178457200527191162e+01
4.2997213742720102880312538218277040868998e-01
