1
0
23
1.0000000000000000000000000000000000000000e+00
3.3082579888258883960006073721160646528006e-01
2.5493963544371230078855461442799423821270e-02
8.5048188512792533000350658767274580895901e-01
1.9802696634415581367072434204601449891925e-01
4.7477788360187489491437418109853751957417e-01
6.4941452249130093843376698714564554393291e-01
8.5629380682658351453540035436162725090981e-02
5.9666117427199016898242689421749673783779e-01
5.3544940564297249796510413943906314671040e-01
3.8111478062044162884447473516047466546297e-01
2.3292693838954298124477304554602596908808e-02
7.2564040696181475453840903355740010738373e-01
9.5840463467104031192178581477492116391659e-01
8.1095870024586269586563958000624552369118e-01
6.4952299826692894146873413774301297962666e-01
0.0000000000000000000000000000000000000000e+00
7.6853331868144203475878839526558294892311e-01
1.9802696634415581367072434204601449891925e-01
6.9653617971008863207771355519071221351624e-01
2.7990442820831790138313976967765484005213e-01
7.2549070533151704953667149311513639986515e-01
1.6258246914199298016612260653346311300993e-01
5.4218749361014340060194172110641375184059e-01
2.6623503262427156146330275987565983086824e-01
5.2763641430015262301367329200729727745056e-01
4.4860702563154342126239271237864159047604e-01
1.0000000000000000000000000000000000000000e+00
3.8544677993314352404397027385130058974028e-01
5.1460738542490606917123585617446224205196e-02
5.1634400142176617443112718319753184914589e-01
7.6388168959901259214007041009608656167984e-01
7.5405190157476797985225402953801676630974e-01
7.0425737891297879311736096497043035924435e-01
1.0000000000000000000000000000000000000000e+00
6.5316425969261682205058150429977104067802e-01
7.6323464861210754683895629568723961710930e-01
3.3960612016697333537251779489452019333839e-01
6.8032452913206042932614536766777746379375e-01
6.5282924292558330847668912610970437526703e-01
6.9508142113744320056412107078358530998230e-01
4.7455199608754339291039059389731846749783e-01
1.0000000000000000000000000000000000000000e+00
4.6587261870006180242143045688862912356853e-01
6.0967673098464258973905316452146507799625e-01
5.6913503920406316449742689655977301299572e-01
0.0000000000000000000000000000000000000000e+00
3.4452988687296015601901899572112597525120e-01
8.8505393443837609979141234362032264471054e-01
5.9248739209183720610951695562107488512993e-01
9.8011481844374581662293621775461360812187e-01
1.0000000000000000000000000000000000000000e+00
6.6305269155469459541052401618799194693565e-01
3.8597186480640249817142262145353015512228e-01
3.3960612016697333537251779489452019333839e-01
1.0000000000000000000000000000000000000000e+00
3.3488017823711324627566909839515574276447e-01
6.9402060934826637073058464011410251259804e-01
7.6388168959901192600625563500216230750084e-01
6.5509892302387962015330913345678709447384e-01
6.9402060934826637073058464011410251259804e-01
6.1917446362085470923375396523624658584595e-01
9.6542174788588897005325861755409277975559e-01
7.2685733966875742950719541113357990980148e-01
1.0000000000000000000000000000000000000000e+00
6.5477696558018749772855926494230516254902e-01
3.3488017823711324627566909839515574276447e-01
3.1840392336423622987595649647118989378214e-01
5.9518438202295509409367468833806924521923e-01
2.9316320694425868076393726369133219122887e-01
3.6814349331498197326340005020028911530972e-01
7.0425737891297779391663880232954397797585e-01
6.7944897834348849663399505516281351447105e-01
5.0036805726488919887628981086891144514084e-01
3.1189993100919805035786680491582956165075e-01
3.3960612016697527826281088891846593469381e-01
8.8226869756024517421622022084193304181099e-01
9.1588357500635264596411388993146829307079e-01
8.6228960313732394560304328479105606675148e-01
0.0000000000000000000000000000000000000000e+00
8.6628849885167003019859066625940613448620e-02
1.0000000000000000000000000000000000000000e+00
2.4549636943697794588814531380194239318371e-01
1.0000000000000000000000000000000000000000e+00
1.0000000000000000000000000000000000000000e+00
8.1534558168221871188308114142273552715778e-01
8.8544152474902693139569009872502647340298e-01
1.0000000000000000000000000000000000000000e+00
1.0000000000000000000000000000000000000000e+00
3.8597186480640049976997829617175739258528e-01
3.1840392336423622987595649647118989378214e-01
6.0627381291824078424212984828045591711998e-01
1.6643169148847031246774008650390896946192e-02
5.9653957824862424708101116266334429383278e-01
1.0000000000000000000000000000000000000000e+00
7.2100922919451415626923562740557827055454e-01
5.8025590449018493721666800411185249686241e-01
4.5816113411382131115345828220597468316555e-01
9.6542174788588897005325861755409277975559e-01
9.2095549263293363662086221665958873927593e-01
7.6323464861210577048211689543677493929863e-01
4.5439093287637366547215833634254522621632e-01
5.8069872539854272552872771484544500708580e-01
4.5439093287637477569518296149908564984798e-01
5.4528722587420630496524154295912012457848e-01
7.2975737780360905304632979095913469791412e-01
0.0000000000000000000000000000000000000000e+00
3.3894650608847193273831521764805074781179e-01
7.9549667665563006391238332071225158870220e-01
6.2826022823486771251566551654832437634468e-01
6.6690432420617928865880230659968219697475e-01
9.6857981137091520018600476760184392333031e-01
5.4184740633861361303047488036099821329117e-01
5.7189094626470804438866935015539638698101e-01
7.6048479218477926799835131532745435833931e-01
5.0358664787727014378049261722480878233910e-01
3.6950303536098216827809892492950893938541e-01
7.6048479218477926799835131532745435833931e-01
5.4095738265232695685114094885648228228092e-01
6.2931916996896941629557886699330992996693e-01
7.1906502288118967491925559443188831210136e-01
2.0692772102441941983741457988799083977938e-01
3.6515792667054769449208606602041982114315e-01
5.9786956692019022074902068197843618690968e-01
3.6614408244189095009701873095764312893152e-01
3.6515792667054769449208606602041982114315e-01
5.4821309590483080498302115302067250013351e-01
4.6587261870006263508869892575603444129229e-01
4.4419559670413638619024254694522824138403e-01
5.1634400142176550829731240810360759496689e-01
9.9249652378453578904782261815853416919708e-01
1.0000000000000000000000000000000000000000e+00
5.1634400142176550829731240810360759496689e-01
5.1634400142176595238652225816622376441956e-01
3.1840392336423711805437619659642223268747e-01
1.0000000000000000000000000000000000000000e+00
4.3996705859727558429739247003453783690929e-01
1.8356703606172350418113126124808331951499e-01
3.8095014124950865586072268342832103371620e-01
6.4622776960922734268422118475427851080894e-01
2.5833153201604319715301016913144849240780e-01
5.5144554646035626177535959868691861629486e-01
6.6299368070489073101470012261415831744671e-01
1.0000000000000000000000000000000000000000e+00
6.3010013121817298742399771072086878120899e-01
8.2347521110303101288252491940511390566826e-01
7.2294306090845328327532115508802235126495e-01
5.6400531048379176635165777042857371270657e-01
5.5755845592658970222288417062372900545597e-01
7.4992439194209603581242618020041845738888e-01
6.2931916996896974936248625454027205705643e-01
1.0000000000000000000000000000000000000000e+00
5.7189094626470604598722502487362362444401e-01
4.4419559670413788499132579090655781328678e-01
1.3638029609934876340560094831744208931923e-01
5.1634400142176617443112718319753184914589e-01
1.0000000000000000000000000000000000000000e+00
1.0000000000000000000000000000000000000000e+00
4.7625520245742414271461484531755559146404e-01
1.0000000000000000000000000000000000000000e+00
9.0118625559039733374788738728966563940048e-01
4.8409937737306618643629008147399872541428e-01
8.1410673440882219686898224608739838004112e-01
5.3317423817362907811912009492516517639160e-01
1.0000000000000000000000000000000000000000e+00
1.0000000000000000000000000000000000000000e+00
1.0000000000000000000000000000000000000000e+00
1.0000000000000000000000000000000000000000e+00
1.5742070320559414797756403459061402827501e-01
5.6943796836469451339013403412536717951298e-01
5.9188798927309216324488261307124048471451e-01
1.0000000000000000000000000000000000000000e+00
0.0000000000000000000000000000000000000000e+00
8.6246576324800516832880248330184258520603e-01
6.7243919019130304892684080186882056295872e-01
2.0572352356300821485390883935906458646059e-01
8.6246576324800916513169113386538811028004e-01
1.0000000000000000000000000000000000000000e+00
4.1404503170504658449146972998278215527534e-01
4.9851129895445023265665440703742206096649e-01
1.0000000000000000000000000000000000000000e+00
2.7003988027056702314609992754412814974785e-01
7.1499788296276411969643049815203994512558e-01
6.5509892302387917606409928339417092502117e-01
5.5090308422370826146874378537177108228207e-01
2.6057319165518977310824766391306184232235e-01
1.4848298558061800989094081160146743059158e-01
5.8158629326276589655009274792973883450031e-01
5.0549435687294652641554648653254844248295e-01
3.9971700947249000357430759322596713900566e-01
1.8818055592187921121194449369795620441437e-01
1.2419795806458056031118530881940387189388e-01
6.0700244755178212052726394176715984940529e-01
6.3081247708460319589818254826241172850132e-01
6.3081247708460319589818254826241172850132e-01
5.8405346279788017405110167601378634572029e-01
5.0152182042503401504518478759564459323883e-01
7.0111809591200358049434271379141137003899e-01
9.8038949777147177400138389202766120433807e-01
8.1410673440882219686898224608739838004112e-01
8.6680325931240331804872312204679474234581e-01
5.0152182042503468117899956268956884741783e-01
4.7962640233338488249259512485878076404333e-01
6.7015742752157203554475017881486564874649e-01
7.5539193598910769900101058738073334097862e-01
4.1838599176059232398472431668778881430626e-01
5.9823653558735556678982447920134291052818e-01
7.5317755283484200123922391867381520569324e-01
3.9971700947249394486604501253168564289808e-01
2.5501106028830133887197462172480300068855e-01
3.9971700947249000357430759322596713900566e-01
2.5501106028830133887197462172480300068855e-01
2.5493963544371230078855461442799423821270e-02
1.9802696634415581367072434204601449891925e-01
8.5629380682658351453540035436162725090981e-02
2.3292693838954298124477304554602596908808e-02
2.3292693838954298124477304554602596908808e-02
1.6258246914199298016612260653346311300993e-01
5.1460738542490606917123585617446224205196e-02
3.3960612016697333537251779489452019333839e-01
2.3292693838954298124477304554602596908808e-02
3.3488017823711324627566909839515574276447e-01
3.1840392336423622987595649647118989378214e-01
2.3292693838954298124477304554602596908808e-02
2.3292693838954298124477304554602596908808e-02
2.3292693838954298124477304554602596908808e-02
2.0692772102441941983741457988799083977938e-01
1.8356703606172350418113126124808331951499e-01
1.3638029609934876340560094831744208931923e-01
2.3292693838954298124477304554602596908808e-02
1.2419795806458056031118530881940387189388e-01
2.5501106028830133887197462172480300068855e-01
2.3292693838954298124477304554602596908808e-02
2.5493963544371230078855461442799423821270e-02
1.9802696634415581367072434204601449891925e-01
8.5629380682658351453540035436162725090981e-02
2.3292693838954298124477304554602596908808e-02
0.0000000000000000000000000000000000000000e+00
1.6258246914199298016612260653346311300993e-01
5.1460738542490606917123585617446224205196e-02
3.3960612016697333537251779489452019333839e-01
0.0000000000000000000000000000000000000000e+00
3.3488017823711324627566909839515574276447e-01
3.1840392336423622987595649647118989378214e-01
0.0000000000000000000000000000000000000000e+00
1.6643169148847031246774008650390896946192e-02
0.0000000000000000000000000000000000000000e+00
2.0692772102441941983741457988799083977938e-01
1.8356703606172350418113126124808331951499e-01
1.3638029609934876340560094831744208931923e-01
0.0000000000000000000000000000000000000000e+00
1.2419795806458056031118530881940387189388e-01
2.5501106028830133887197462172480300068855e-01
2.3292693838954298124477304554602596908808e-02
0.0000000000000000000000000000000000000000e+00
2.5493963544371230078855461442799423821270e-02
1.9802696634415581367072434204601449891925e-01
8.5629380682658351453540035436162725090981e-02
2.3292693838954298124477304554602596908808e-02
2.3292693838954298124477304554602596908808e-02
1.6258246914199298016612260653346311300993e-01
5.1460738542490606917123585617446224205196e-02
3.3960612016697333537251779489452019333839e-01
2.3292693838954298124477304554602596908808e-02
3.3488017823711324627566909839515574276447e-01
3.1840392336423622987595649647118989378214e-01
2.3292693838954298124477304554602596908808e-02
2.3292693838954298124477304554602596908808e-02
2.3292693838954298124477304554602596908808e-02
2.0692772102441941983741457988799083977938e-01
1.8356703606172350418113126124808331951499e-01
1.3638029609934876340560094831744208931923e-01
2.3292693838954298124477304554602596908808e-02
1.2419795806458056031118530881940387189388e-01
2.5501106028830133887197462172480300068855e-01
2.3292693838954298124477304554602596908808e-02
2.3292693838954298124477304554602596908808e-02
2.3292693838954298124477304554602596908808e-02
9.6545269700866143125495000276714563369751e+01
2.5542204621383006457602249383853632025421e-02
