1
0
23
1.0000000000000000000000000000000000000000e+00
3.2770788278798018700044281104055698961020e-01
2.0291227188774924733438709267829835880548e-02
8.6837830262719717389074958191486075520515e-01
1.6871874683357523938553867992595769464970e-01
4.4927160310056990510929608717560768127441e-01
6.3261064264812527646597573038889095187187e-01
0.0000000000000000000000000000000000000000e+00
5.9041085889677336062675294670043513178825e-01
5.3838416078685968901851310874917544424534e-01
4.2105847913914745683783280583156738430262e-01
0.0000000000000000000000000000000000000000e+00
8.2242187550830891940023548158933408558369e-01
9.4893786469647500858570765558397397398949e-01
7.0316575170656592241869020654121413826942e-01
6.5294574295536844665832632017554715275764e-01
0.0000000000000000000000000000000000000000e+00
7.2857786239240251990878505239379592239857e-01
1.6871874683357523938553867992595769464970e-01
7.6566055397897969658771444301237352192402e-01
2.6399486366548657878539074772561434656382e-01
1.0000000000000000000000000000000000000000e+00
1.6871874683357523938553867992595769464970e-01
5.3049027004022863973631274348008446395397e-01
2.9951868905963791034352539099927525967360e-01
5.3255764924163107032484276714967563748360e-01
4.2105847913914784541589142463635653257370e-01
1.0000000000000000000000000000000000000000e+00
3.5810959280905574342313002489390783011913e-01
2.8398210524792324299658830000225862022489e-02
5.3695856746800552095066905167186632752419e-01
7.5949512687006226485664228675886988639832e-01
7.5949512687006226485664228675886988639832e-01
7.1668371547446207969755960220936685800552e-01
1.0000000000000000000000000000000000000000e+00
6.2204839522548760477604901097947731614113e-01
7.5949512687006226485664228675886988639832e-01
3.4223562309969957073718660467420704662800e-01
7.0019606620333230129205048797302879393101e-01
5.7738438171719486113886432576691731810570e-01
7.5454193302878069804506822038092650473118e-01
3.0260508326789081756658106314716860651970e-01
1.0000000000000000000000000000000000000000e+00
4.6303981788707060385235081412247382104397e-01
6.3465652657839144445972578978398814797401e-01
6.0000369371139772312062632408924400806427e-01
0.0000000000000000000000000000000000000000e+00
3.6986938306854466596007569023640826344490e-01
8.8272842874843471250301263353321701288223e-01
5.3313824908033957683528569759801030158997e-01
9.4799418642101418441825444460846483707428e-01
1.0000000000000000000000000000000000000000e+00
6.7277209296678175398653820593608543276787e-01
3.7268320433561658022725282535247970372438e-01
3.4223562309969957073718660467420704662800e-01
1.0000000000000000000000000000000000000000e+00
3.4223562309969957073718660467420704662800e-01
6.7303725875030095959772324931691400706768e-01
6.9796970053944673573198542726458981633186e-01
6.7160019220203359679999266518279910087585e-01
6.7303725875030095959772324931691400706768e-01
6.3453144363188840326728268337319605052471e-01
8.9514510227698973476861965536954812705517e-01
7.0355844874898709750965508646913804113865e-01
1.0000000000000000000000000000000000000000e+00
6.0000369371139472551845983616658486425877e-01
3.4223562309969957073718660467420704662800e-01
2.9745655324129721686077232334355358034372e-01
5.3527226908456604359543007376487366855145e-01
2.5902667690572028780238156286941375583410e-01
3.7146966563119254711722305728471837937832e-01
7.1511661183971408917159351403824985027313e-01
7.1176350499173668406882597992080263793468e-01
5.1239570553321556189985130913555622100830e-01
2.6344818032047023770303439960116520524025e-01
3.4223562309969957073718660467420704662800e-01
8.3527725884761250263466081378282979130745e-01
9.9312818344111319923683822707971557974815e-01
8.1709978162409668822618868944118730723858e-01
0.0000000000000000000000000000000000000000e+00
2.0291227188774924733438709267829835880548e-02
1.0000000000000000000000000000000000000000e+00
1.8964908654246159791512127412715926766396e-01
1.0000000000000000000000000000000000000000e+00
1.0000000000000000000000000000000000000000e+00
7.2065922507830582066645774830249138176441e-01
9.8898406461081411755742465174989774823189e-01
1.0000000000000000000000000000000000000000e+00
1.0000000000000000000000000000000000000000e+00
3.7268320433561602511574051277420949190855e-01
2.9745655324129721686077232334355358034372e-01
5.7696874585062341012076103652361780405045e-01
0.0000000000000000000000000000000000000000e+00
4.8899678384526629182360579761734697967768e-01
1.0000000000000000000000000000000000000000e+00
7.5949512687006026645519796147709712386131e-01
7.0631498187581231995579855720279738306999e-01
4.8842461417687155211808658350491896271706e-01
8.9514510227698973476861965536954812705517e-01
9.0348624156461521117478241649223491549492e-01
7.5949512687006270894585213682148605585098e-01
4.3212032565135355399732475234486628323793e-01
5.2322535017151983183225638640578836202621e-01
4.3212032565135355399732475234486628323793e-01
6.1185942774593682358386104169767349958420e-01
7.1824933444786753788946498389123007655144e-01
0.0000000000000000000000000000000000000000e+00
3.5059460358218891284920459838758688420057e-01
8.1163593376080689356655284427688457071781e-01
6.4154300974935829504630646624718792736530e-01
6.7303725875030095959772324931691400706768e-01
1.0000000000000000000000000000000000000000e+00
5.5923331214816807133161091769579797983170e-01
5.8434156203194642653642176810535602271557e-01
7.8246904965138175391814456816064193844795e-01
5.4566884688234629230407790601020678877831e-01
4.4452287512610139108559792475716676563025e-01
7.8246904965138175391814456816064193844795e-01
5.3695856746800774139671830198494717478752e-01
5.9873614897211469010329665252356790006161e-01
7.3339094715954811221081399708054959774017e-01
2.6072560513131803894282256806036457419395e-01
4.1551193724356866310287728083494585007429e-01
5.5689545158825914938915957463905215263367e-01
3.7199721031605392784769037461956031620502e-01
3.6116016460797628617740429035620763897896e-01
5.5689545158825914938915957463905215263367e-01
4.6303981788707060385235081412247382104397e-01
4.2105847913914962177273082488682121038437e-01
5.3695856746800552095066905167186632752419e-01
9.5967892166290658106930777648813091218472e-01
9.2197823839933679135327793119358830153942e-01
4.7981147416686709128441634675255045294762e-01
5.3695856746800707526290352689102292060852e-01
3.0310636201844753934153686714125797152519e-01
1.0000000000000000000000000000000000000000e+00
4.5688969044970212385337049454392399638891e-01
1.4403897606067653236472381195198977366090e-01
4.0473458012871749156502687583270017057657e-01
6.5767077162696985226375545607879757881165e-01
2.0361565262360648009831720628426410257816e-01
5.4856027407094931636066803548601455986500e-01
5.7367031673903656763258140927064232528210e-01
1.0000000000000000000000000000000000000000e+00
6.5555565677966598503445538881351239979267e-01
8.4804264668756268452654012435232289135456e-01
7.5609215070008162218329061943222768604755e-01
5.4611809447340797785130916963680647313595e-01
4.9699063625293182777653555604047141969204e-01
7.5777645216973499309176531824050471186638e-01
5.9873614897211480112559911503922194242477e-01
1.0000000000000000000000000000000000000000e+00
5.8434156203194587142490945552708581089973e-01
4.2105847913915300795295593161426950246096e-01
1.5250870797802409950527646742557408288121e-01
5.3695856746800552095066905167186632752419e-01
1.0000000000000000000000000000000000000000e+00
8.7400022339466632015358982243924401700497e-01
5.4493804409728296977988293292582966387272e-01
1.0000000000000000000000000000000000000000e+00
1.0000000000000000000000000000000000000000e+00
4.8366593904356097732843977610173169523478e-01
8.1091668839914321509354522277135401964188e-01
5.0233039108003718631323408772004768252373e-01
1.0000000000000000000000000000000000000000e+00
1.0000000000000000000000000000000000000000e+00
1.0000000000000000000000000000000000000000e+00
1.0000000000000000000000000000000000000000e+00
0.0000000000000000000000000000000000000000e+00
5.6860080718553573930762468080502003431320e-01
5.6732487755472194024264354084152728319168e-01
1.0000000000000000000000000000000000000000e+00
0.0000000000000000000000000000000000000000e+00
8.2242187550830925246714286913629621267319e-01
6.8492997087406348732940841728122904896736e-01
2.1852804383087887085679312804131768643856e-01
9.2259416375942027155332425536471419036388e-01
1.0000000000000000000000000000000000000000e+00
5.7123212547903579050512234971392899751663e-01
4.7192709499303608922105013334657996892929e-01
9.2892474219315923633644160872790962457657e-01
2.6867718300634074735100398356735240668058e-01
7.0967892894626283251113818550948053598404e-01
6.7160019220203226453236311499495059251785e-01
5.0783275120708837313543426716933026909828e-01
1.7946159520917337459877671790309250354767e-01
1.4144406640948681275204990015481598675251e-01
6.4841512326011496725186589173972606658936e-01
5.0744867128086834640043889521621167659760e-01
4.1060044411121265905961763564846478402615e-01
2.7364122612177799176436110428767278790474e-01
1.4144406640948681275204990015481598675251e-01
5.9019764300259291989192433902644552290440e-01
6.5449717992589140358461463620187714695930e-01
6.5449717992589140358461463620187714695930e-01
5.6265591042618878780956492846598848700523e-01
5.1177463947438395219791118506691418588161e-01
6.7169003599467513865306500520091503858566e-01
9.9640213090055884670448449469404295086861e-01
8.3513101152770596868890606856439262628555e-01
9.0320629773951777163887300048372708261013e-01
5.3439187357697226499197995508438907563686e-01
4.7869877706586055898796416840923484414816e-01
6.0145123128670352485869443626143038272858e-01
7.0544058547929933133957547397585585713387e-01
3.7452688665689298774807980407786089926958e-01
6.5449717992589140358461463620187714695930e-01
7.3184661812041529316275045857764780521393e-01
4.1060044411121193741465162929671350866556e-01
2.8732154606121440565402735956013202667236e-01
4.1060044411121265905961763564846478402615e-01
2.8732154606121440565402735956013202667236e-01
2.0291227188774924733438709267829835880548e-02
1.6871874683357523938553867992595769464970e-01
0.0000000000000000000000000000000000000000e+00
0.0000000000000000000000000000000000000000e+00
0.0000000000000000000000000000000000000000e+00
1.6871874683357523938553867992595769464970e-01
2.8398210524792324299658830000225862022489e-02
3.4223562309969957073718660467420704662800e-01
0.0000000000000000000000000000000000000000e+00
3.4223562309969957073718660467420704662800e-01
2.9745655324129721686077232334355358034372e-01
0.0000000000000000000000000000000000000000e+00
0.0000000000000000000000000000000000000000e+00
0.0000000000000000000000000000000000000000e+00
2.6072560513131803894282256806036457419395e-01
1.4403897606067653236472381195198977366090e-01
1.5250870797802409950527646742557408288121e-01
0.0000000000000000000000000000000000000000e+00
1.4144406640948681275204990015481598675251e-01
2.8732154606121440565402735956013202667236e-01
0.0000000000000000000000000000000000000000e+00
2.0291227188774924733438709267829835880548e-02
1.6871874683357523938553867992595769464970e-01
0.0000000000000000000000000000000000000000e+00
0.0000000000000000000000000000000000000000e+00
0.0000000000000000000000000000000000000000e+00
1.6871874683357523938553867992595769464970e-01
2.8398210524792324299658830000225862022489e-02
3.4223562309969957073718660467420704662800e-01
0.0000000000000000000000000000000000000000e+00
3.4223562309969957073718660467420704662800e-01
2.9745655324129721686077232334355358034372e-01
0.0000000000000000000000000000000000000000e+00
0.0000000000000000000000000000000000000000e+00
0.0000000000000000000000000000000000000000e+00
2.6072560513131803894282256806036457419395e-01
1.4403897606067653236472381195198977366090e-01
1.5250870797802409950527646742557408288121e-01
0.0000000000000000000000000000000000000000e+00
1.4144406640948681275204990015481598675251e-01
2.8732154606121440565402735956013202667236e-01
0.0000000000000000000000000000000000000000e+00
0.0000000000000000000000000000000000000000e+00
2.0291227188774924733438709267829835880548e-02
1.6871874683357523938553867992595769464970e-01
0.0000000000000000000000000000000000000000e+00
0.0000000000000000000000000000000000000000e+00
0.0000000000000000000000000000000000000000e+00
1.6871874683357523938553867992595769464970e-01
2.8398210524792324299658830000225862022489e-02
3.4223562309969957073718660467420704662800e-01
0.0000000000000000000000000000000000000000e+00
3.4223562309969957073718660467420704662800e-01
2.9745655324129721686077232334355358034372e-01
0.0000000000000000000000000000000000000000e+00
0.0000000000000000000000000000000000000000e+00
0.0000000000000000000000000000000000000000e+00
2.6072560513131803894282256806036457419395e-01
1.4403897606067653236472381195198977366090e-01
1.5250870797802409950527646742557408288121e-01
0.0000000000000000000000000000000000000000e+00
1.4144406640948681275204990015481598675251e-01
2.8732154606121440565402735956013202667236e-01
0.0000000000000000000000000000000000000000e+00
0.0000000000000000000000000000000000000000e+00
0.0000000000000000000000000000000000000000e+00
9.5229842575280443384144746232777833938599e+01
1.9511765350033502541826635479083051905036e-02
