1
0
23
9.0538995469716021524675397813552990555763e-01
3.4535777073117601698726275571971200406551e-01
1.8621375216199295699048832375410711392760e-01
6.9004819087967561586083320435136556625366e-01
2.2980927596737896201339879098668461665511e-01
6.4349965289956123637438167861546389758587e-01
7.2145226018515584698320708412211388349533e-01
3.0062317208913780230972179197124205529690e-01
6.3734996146258260374395376857137307524681e-01
6.3734996146258271476625623108702711760998e-01
5.3277906314417622368750926398206502199173e-01
4.7389832122947421130798595356736768735573e-03
7.3224506304048597726819025410804897546768e-01
7.8246633549969746290742023120401427149773e-01
1.0000000000000000000000000000000000000000e+00
8.7616041385797904794685564411338418722153e-01
0.0000000000000000000000000000000000000000e+00
8.1064712829890406275978875783039256930351e-01
2.2980927596737896201339879098668461665511e-01
4.9022543634611981389070933801122009754181e-01
3.3257289279095492151583357554045505821705e-01
7.8313032235444290929393673650338314473629e-01
2.2980927596737896201339879098668461665511e-01
6.2748733620508456709785605198703706264496e-01
3.1439510373906970341906230714812409132719e-01
5.3277906314415579558385616110172122716904e-01
5.3277906314415723887378817380522377789021e-01
6.9738101290230380957524403129355050623417e-01
5.3277906314415601762846108613302931189537e-01
1.2615735478520298529225840411527315154672e-01
5.3656633842776524367934598558349534869194e-01
7.8334640066148686354807750831241719424725e-01
6.9971553766430905074713564317789860069752e-01
6.0646001512498426411212903985870070755482e-01
1.0000000000000000000000000000000000000000e+00
7.3446399728609557122638307191664353013039e-01
7.8334640066148686354807750831241719424725e-01
3.2450437012821164994846867557498626410961e-01
6.1168713848078681838416059690644033253193e-01
5.9767066337532082087591334129683673381805e-01
6.1207055430042778265686820304836146533489e-01
6.8330829968229944704205536254448816180229e-01
1.0000000000000000000000000000000000000000e+00
3.9020934260901518619846228830283507704735e-01
5.9767066337532082087591334129683673381805e-01
6.8330829968229944704205536254448816180229e-01
0.0000000000000000000000000000000000000000e+00
6.4189196563506500936568954784888774156570e-01
8.7102508907823406048009928781539201736450e-01
6.8534133148761844367413686995860189199448e-01
8.3564880282435594072154572131694294512272e-01
1.0000000000000000000000000000000000000000e+00
6.1497779403762831140767275428515858948231e-01
6.4934869845854403802576371163013391196728e-01
5.3656633842776524367934598558349534869194e-01
9.5425549526102815267591950032510794699192e-01
3.2255685668033862167902725559542886912823e-01
7.2367255135904440255245617663604207336903e-01
7.8334640066148686354807750831241719424725e-01
6.9752821246651541819971953373169526457787e-01
7.2367255135904440255245617663604207336903e-01
5.3668204272798625265039618170703761279583e-01
8.1494535259323008791199072220479138195515e-01
7.8762029150973600355456483157468028366566e-01
1.0000000000000000000000000000000000000000e+00
6.9004819087967605995004305441398173570633e-01
5.1064462152378742310077086585806682705879e-01
3.8456165688187848861190332172554917633533e-01
6.0932919485917758084525530648534186184406e-01
2.7295074712821054685463195710326544940472e-01
4.9022543634611975837955810675339307636023e-01
6.3734996146258271476625623108702711760998e-01
5.5136549720250893624751142851891927421093e-01
4.9022543634611975837955810675339307636023e-01
3.0071541135777929421024623479752335697412e-01
5.1876258803868890989718920536688528954983e-01
6.9583309611800192584496471681632101535797e-01
7.3655603297464800061078449289198033511639e-01
8.2997973047851381078743315811152569949627e-01
1.1501426881001575175389461946906521916389e-01
2.1115352135484544149335306428838521242142e-01
7.8326022047348164978330942176398821175098e-01
6.9971553766430905074713564317789860069752e-01
1.0000000000000000000000000000000000000000e+00
9.1279240434665998016328103403793647885323e-01
8.0973049634402727292581403162330389022827e-01
9.9509654735745378673072991659864783287048e-01
1.0000000000000000000000000000000000000000e+00
1.0000000000000000000000000000000000000000e+00
5.1064462152378564674393146560760214924812e-01
3.8456165688187848861190332172554917633533e-01
5.9388338809170926335667672901763580739498e-01
2.1115352135484544149335306428838521242142e-01
6.5030137629880302441165440541226416826248e-01
1.0000000000000000000000000000000000000000e+00
7.0645542886167889129467312159249559044838e-01
7.0645542886167889129467312159249559044838e-01
5.1310062662430500068921901402063667774200e-01
8.1494535259323008791199072220479138195515e-01
9.2424887379763787098596594660193659365177e-01
7.8334640066148608639196027070283889770508e-01
4.9390176808435992672485781440627761185169e-01
6.0462898907062623266028822399675846099854e-01
5.3668204272798858411874789453577250242233e-01
7.8334640066148653048117012076545506715775e-01
7.4027367668902777086969990705256350338459e-01
0.0000000000000000000000000000000000000000e+00
4.4434872852749890403956101181393023580313e-01
7.8849697277488606239614910009549930691719e-01
6.8959258387751098950957384658977389335632e-01
6.8188819499204489371635418137884698808193e-01
1.0000000000000000000000000000000000000000e+00
5.8034562422952085114502551732584834098816e-01
6.0704705847782292060799136379500851035118e-01
7.3032313405586157806226310640340670943260e-01
5.9767066337532082087591334129683673381805e-01
5.1064462152378586878853639063891023397446e-01
7.4821275310149193416009438806213438510895e-01
5.4572972357508275909054873409331776201725e-01
5.6810892789523692592013048852095380425453e-01
7.8334640066148453207972579548368230462074e-01
5.2151273944378968849822086895073880441487e-02
4.4434872852749890403956101181393023580313e-01
5.9767066337532082087591334129683673381805e-01
5.1841370732171399016152690819581039249897e-01
4.8151098828310073818315117932797875255346e-01
5.9767066337531804531835177840548567473888e-01
4.8381181897726044383034604834392666816711e-01
5.3277906314415568456155369858606718480587e-01
5.3277906314415490740543646097648888826370e-01
6.6058186605206126174039127363357692956924e-01
1.0000000000000000000000000000000000000000e+00
6.6058186605206126174039127363357692956924e-01
5.4833419685543483002021503125433810055256e-01
4.7138803449630223285637953267723787575960e-01
8.2944660992833485479991395550314337015152e-01
5.7480919806490704537793590134242549538612e-01
2.3581152593092138958219550204375991597772e-01
4.8151098828310062716084871681232471019030e-01
6.9290655426316738463299316208576783537865e-01
3.6447197092753591540770230494672432541847e-01
6.3062012013098733831384379300288856029510e-01
1.0000000000000000000000000000000000000000e+00
8.1068688099514374378884440375259146094322e-01
7.8251370310056378443164248892571777105331e-01
7.4945963304712548413988315587630495429039e-01
8.3485008101896762688909348071319982409477e-01
6.9344677312281655101600108537240885198116e-01
6.9004819087967561586083320435136556625366e-01
7.7394644610425733510794543690280988812447e-01
6.8269200727202683509631242486648261547089e-01
9.2424887379763687178524378396105021238327e-01
6.0704705847781659233675100040272809565067e-01
4.8151098828309807364789207895228173583746e-01
2.7383632506819827190369665004254784435034e-01
5.6475460940335953097246601828373968601227e-01
1.0000000000000000000000000000000000000000e+00
6.9367350412101091983174683264223858714104e-01
7.9017634481422671655082012875936925411224e-01
1.0000000000000000000000000000000000000000e+00
5.6593185098765896867689662030898034572601e-01
6.9367350412101091983174683264223858714104e-01
7.2348447684812322577840859594289213418961e-01
5.8061210689530129425151017130701802670956e-01
1.0000000000000000000000000000000000000000e+00
7.4873189055162459037973121667164377868176e-01
8.5124145187838062831531260599149391055107e-01
6.3509930846808093640731840423541143536568e-01
3.1745045941667515698725310357986018061638e-01
6.1475562239243952689093930530361831188202e-01
6.5272601351998538188325937881018035113811e-01
8.1770647985166400317780244222376495599747e-01
1.2967107202710936864065160989412106573582e-01
9.1340932019645815209685224544955417513847e-01
7.7825560946166616460573095537256449460983e-01
5.9131617208509190675158606609329581260681e-01
8.6014185892473760119969483639579266309738e-01
1.0000000000000000000000000000000000000000e+00
5.0749471853807981425177331402665004134178e-01
5.3277906314415579558385616110172122716904e-01
1.0000000000000000000000000000000000000000e+00
4.1349848533123856331172873979085125029087e-01
7.4227376192383776043470788863487541675568e-01
6.9752821246651663944504662140388973057270e-01
6.6553616123906156332168393419124186038971e-01
4.5900256380742210371437295179930515587330e-01
3.5977061397203191628335616769618354737759e-01
6.1451271859317957435564494517166167497635e-01
6.9752821246651297570906535838730633258820e-01
5.2529904155731776960180923197185620665550e-01
5.3698579708224136730621012247866019606590e-01
3.5977061397203191628335616769618354737759e-01
6.4349965289956123637438167861546389758587e-01
7.0242839021072223104624754341784864664078e-01
8.1084049386736589681845543964300304651260e-01
7.5044183739631564744598790639429353177547e-01
5.1972339355483221368103841086849570274353e-01
7.3858122595520070419183866761159151792526e-01
9.6584802169371708480127836082829162478447e-01
8.2386963227743947868475515861064195632935e-01
1.0000000000000000000000000000000000000000e+00
5.1064462152378742310077086585806682705879e-01
5.6765386845528542636429847334511578083038e-01
6.7254139813622437760187722233240492641926e-01
8.0906190788641851874274379952112212777138e-01
6.2770780266419423654156162228900939226151e-01
7.0242839021072223104624754341784864664078e-01
9.0254775966613154380979722191113978624344e-01
5.2529904155731732551259938190924003720284e-01
3.4303710881794186038362681756552774459124e-01
5.2529904155731776960180923197185620665550e-01
3.4303710881794186038362681756552774459124e-01
1.8621375216199295699048832375410711392760e-01
2.2980927596737896201339879098668461665511e-01
3.0062317208913780230972179197124205529690e-01
4.7389832122947421130798595356736768735573e-03
0.0000000000000000000000000000000000000000e+00
2.2980927596737896201339879098668461665511e-01
1.2615735478520298529225840411527315154672e-01
3.2450437012821164994846867557498626410961e-01
0.0000000000000000000000000000000000000000e+00
3.2255685668033862167902725559542886912823e-01
3.8456165688187848861190332172554917633533e-01
1.1501426881001575175389461946906521916389e-01
2.1115352135484544149335306428838521242142e-01
0.0000000000000000000000000000000000000000e+00
5.2151273944378968849822086895073880441487e-02
2.3581152593092138958219550204375991597772e-01
2.7383632506819827190369665004254784435034e-01
1.2967107202710936864065160989412106573582e-01
3.5977061397203191628335616769618354737759e-01
3.4303710881794186038362681756552774459124e-01
0.0000000000000000000000000000000000000000e+00
1.8621375216199295699048832375410711392760e-01
2.2980927596737896201339879098668461665511e-01
3.0062317208913780230972179197124205529690e-01
4.7389832122947421130798595356736768735573e-03
0.0000000000000000000000000000000000000000e+00
2.2980927596737896201339879098668461665511e-01
1.2615735478520298529225840411527315154672e-01
3.2450437012821164994846867557498626410961e-01
0.0000000000000000000000000000000000000000e+00
3.2255685668033862167902725559542886912823e-01
3.8456165688187848861190332172554917633533e-01
1.1501426881001575175389461946906521916389e-01
2.1115352135484544149335306428838521242142e-01
0.0000000000000000000000000000000000000000e+00
5.2151273944378968849822086895073880441487e-02
2.3581152593092138958219550204375991597772e-01
2.7383632506819827190369665004254784435034e-01
1.2967107202710936864065160989412106573582e-01
3.5977061397203191628335616769618354737759e-01
3.4303710881794186038362681756552774459124e-01
0.0000000000000000000000000000000000000000e+00
0.0000000000000000000000000000000000000000e+00
1.8621375216199295699048832375410711392760e-01
2.2980927596737896201339879098668461665511e-01
3.0062317208913780230972179197124205529690e-01
4.7389832122947421130798595356736768735573e-03
0.0000000000000000000000000000000000000000e+00
2.2980927596737896201339879098668461665511e-01
1.2615735478520298529225840411527315154672e-01
3.2450437012821164994846867557498626410961e-01
0.0000000000000000000000000000000000000000e+00
3.2255685668033862167902725559542886912823e-01
3.8456165688187848861190332172554917633533e-01
1.1501426881001575175389461946906521916389e-01
2.1115352135484544149335306428838521242142e-01
0.0000000000000000000000000000000000000000e+00
5.2151273944378968849822086895073880441487e-02
2.3581152593092138958219550204375991597772e-01
2.7383632506819827190369665004254784435034e-01
1.2967107202710936864065160989412106573582e-01
3.5977061397203191628335616769618354737759e-01
3.4303710881794186038362681756552774459124e-01
0.0000000000000000000000000000000000000000e+00
0.0000000000000000000000000000000000000000e+00
0.0000000000000000000000000000000000000000e+00
9.5894078403846307878666266333311796188354e+01
1.5669672730957850959043753391597419977188e-01
