1
0
23
1.0000000000000000000000000000000000000000e+00
3.3814407745711771990926308717462234199047e-01
3.6128200405604493639089014322962611913681e-02
9.0294616051048448568394633184652775526047e-01
2.0671647428708997407120762090926291421056e-01
4.5909942986527746411340444865345489233732e-01
6.2443076872691682943639079894637688994408e-01
6.2382626806560370624765710090287029743195e-02
5.7907140846079530049905770283658057451248e-01
5.2467227154117646037434496975038200616837e-01
3.9267391232615456164722900211927480995655e-01
2.7988250778545605695901699050409661140293e-02
8.4643189653969952424006351066054776310921e-01
9.7806899735197738721126370364800095558167e-01
5.8237230072374235323451330259558744728565e-01
6.6652711842262246655366197956027463078499e-01
0.0000000000000000000000000000000000000000e+00
7.9086515711546301332646180526353418827057e-01
2.0671647428708997407120762090926291421056e-01
7.3573601720841996787214611686067655682564e-01
4.0598292920328876709490373286826070398092e-01
9.7083987378640634879900517262285575270653e-01
1.3766040453340711025020937086082994937897e-01
4.9958827118840282155431964383751619607210e-01
2.3773900604869524499918043147772550582886e-01
5.4345521591673140449074708158150315284729e-01
4.1093917576649391376619746552023570984602e-01
1.0000000000000000000000000000000000000000e+00
3.3511872104203688227386237485916353762150e-01
0.0000000000000000000000000000000000000000e+00
6.0475215734196030581415470805950462818146e-01
7.0077619613386465946547332350746728479862e-01
7.3796323704801691789612050342839211225510e-01
7.5196513912006202051685477272258140146732e-01
1.0000000000000000000000000000000000000000e+00
6.5318156147172312664395121828420087695122e-01
7.3796323704801669585151557839708402752876e-01
3.8256332192611841591656229866202920675278e-01
7.1140960886478310509772882141987793147564e-01
6.2617113599734808282448739191750064492226e-01
9.1538772264487677787769825954455882310867e-01
3.6677929145660081999835711030755192041397e-01
1.0000000000000000000000000000000000000000e+00
4.8406686955492750357166187313850969076157e-01
6.6371857499138431357721401582239195704460e-01
7.3796323704801713994072542845970019698143e-01
0.0000000000000000000000000000000000000000e+00
4.0051133240474251495655266808171290904284e-01
9.0781525411712982176482000795658677816391e-01
6.2500944405083891375340954255079850554466e-01
9.0781525411712971074251754544093273580074e-01
1.0000000000000000000000000000000000000000e+00
8.1630402604448004666437554988078773021698e-01
3.6759685075537834597625419519317802041769e-01
3.8256332192611819387195737363072112202644e-01
1.0000000000000000000000000000000000000000e+00
3.3439348355224779441030591442540753632784e-01
6.3322270896029742015542751687462441623211e-01
7.0077619613386199493021422313177026808262e-01
6.9763526540714859702774219840648584067822e-01
6.7779597897097643155461810238193720579147e-01
6.5631825204453686506411713708075694739819e-01
8.2241041465452069392227940625161863863468e-01
7.0587775362412774615705757241812534630299e-01
1.0000000000000000000000000000000000000000e+00
6.1124164310706707858855679660337045788765e-01
3.3439348355224779441030591442540753632784e-01
3.0020728703916299551224255992565304040909e-01
5.2736171561191946821622877905610948801041e-01
2.3837496585961773232220650697854580357671e-01
4.1613184879839176799620759084064047783613e-01
7.4538248312687371832652161174337379634380e-01
6.2391130902542712988179118838161230087280e-01
4.3461424451679037117557413694157730787992e-01
2.3837496585961773232220650697854580357671e-01
3.8256332192611791631620121734158601611853e-01
8.6316381820633614196935923246201127767563e-01
1.0000000000000000000000000000000000000000e+00
8.3641848643212401981372750014998018741608e-01
0.0000000000000000000000000000000000000000e+00
3.6128200405604493639089014322962611913681e-02
1.0000000000000000000000000000000000000000e+00
2.0373970995942713990700667636701837182045e-01
1.0000000000000000000000000000000000000000e+00
1.0000000000000000000000000000000000000000e+00
6.3888713051500045647657088920823298394680e-01
1.0000000000000000000000000000000000000000e+00
9.9572596430538484746364247257588431239128e-01
1.0000000000000000000000000000000000000000e+00
3.8983154380633766589170363658922724425793e-01
3.4732221350423603256629689894907642155886e-01
5.5964996427523705513351615081774070858955e-01
0.0000000000000000000000000000000000000000e+00
5.1941678946156732976646708266343921422958e-01
1.0000000000000000000000000000000000000000e+00
7.3796323704801736198533035349100828170776e-01
8.8269384356272517777597386157140135765076e-01
6.2023831043176236299530046380823478102684e-01
8.2241041465452069392227940625161863863468e-01
7.5680940677091390611508359143044799566269e-01
6.7125488624530982306737314502242952585220e-01
4.7997493105081145969847966625820845365524e-01
6.2412651434431476449304909692727960646152e-01
4.7997493105081145969847966625820845365524e-01
6.6710379368148364775947811722289770841599e-01
7.6822173690362105524798153055598959326744e-01
0.0000000000000000000000000000000000000000e+00
3.6011748048534258925812423512979876250029e-01
7.6061298090014073380871195695362985134125e-01
6.3778692874168818605085107265040278434753e-01
6.7879798217477682609199973740032874047756e-01
1.0000000000000000000000000000000000000000e+00
5.1698109698300909187196339189540594816208e-01
6.0178386815377704621710108767729252576828e-01
8.3378013784542592823356699227588251233101e-01
6.2261339888420841326421850681072100996971e-01
5.6554836970426447528836888523073866963387e-01
7.6744707759668573388012191571760922670364e-01
5.7892231802482396751940996182383969426155e-01
6.1958988585714580565877440676558762788773e-01
7.9603211253645633771469647399499081075191e-01
3.2091369284764703628809456859016790986061e-01
4.7997493105081145969847966625820845365524e-01
6.0475215734196030581415470805950462818146e-01
3.4399977599741105027675303063006140291691e-01
4.0164914161496279021434929745737463235855e-01
6.0475215734196030581415470805950462818146e-01
4.8406686955492755908281310439633671194315e-01
4.1093917576649391376619746552023570984602e-01
6.0475215734196030581415470805950462818146e-01
1.0000000000000000000000000000000000000000e+00
9.1690885739497818285315133834956213831902e-01
4.7997493105081145969847966625820845365524e-01
6.4253723887202363052040254842722788453102e-01
3.0318172778779806098015114912413991987705e-01
1.0000000000000000000000000000000000000000e+00
4.1742355524860957904920155669969972223043e-01
2.0906105606016009423875345873966580256820e-01
4.8154234969273740363249203255691099911928e-01
6.8031639428442269856844859532429836690426e-01
2.8804684087019732929846327351697254925966e-01
6.1139635328286967563826692639850080013275e-01
7.4145861773596810628816911048488691449165e-01
1.0000000000000000000000000000000000000000e+00
6.2650999659382067275004146722494624555111e-01
7.4037467629634567956031787616666406393051e-01
8.9865942852434987919707509718136861920357e-01
6.0631957598388619423701584310038015246391e-01
4.9881148387815205103024140953493770211935e-01
7.9578501678150992404425778659060597419739e-01
6.1958988585714591668107686928124167025089e-01
1.0000000000000000000000000000000000000000e+00
6.2401856120473586653218944775289855897427e-01
4.1093917576649341416583638419979251921177e-01
1.8877437061951285457439553283620625734329e-01
6.0475215734196030581415470805950462818146e-01
1.0000000000000000000000000000000000000000e+00
7.3796323704802013754289191638235934078693e-01
7.9289049697574354169660182378720492124557e-01
1.0000000000000000000000000000000000000000e+00
1.0000000000000000000000000000000000000000e+00
4.4271358424808565645847124869760591536760e-01
9.3563717776598420705624903348507359623909e-01
6.1846690342367316439720070775365456938744e-01
1.0000000000000000000000000000000000000000e+00
1.0000000000000000000000000000000000000000e+00
1.0000000000000000000000000000000000000000e+00
1.0000000000000000000000000000000000000000e+00
7.2225714121818995749890746083110570907593e-02
5.7681532298082749399270596768474206328392e-01
5.8909803162588270097899112442974001169205e-01
1.0000000000000000000000000000000000000000e+00
0.0000000000000000000000000000000000000000e+00
8.9916823914071830614602731657214462757111e-01
7.3212962606535325615908504914841614663601e-01
2.7582047764937089873171771614579483866692e-01
9.3794989219592195262009681755444034934044e-01
9.5332407169498267762719478923827409744263e-01
5.1687549218971062803262839224771596491337e-01
4.5190402634694049055497089284472167491913e-01
9.7528002254331513931617791968164965510368e-01
6.0355378602511811081399173417594283819199e-01
7.7093297214392431104812430930905975401402e-01
6.9763526540714859702774219840648584067822e-01
5.8851937298618661742466429132036864757538e-01
2.5162594926852455134991259910748340189457e-01
2.2465853320312936802771730526728788390756e-01
6.9218785933856019632059997093165293335915e-01
6.3972121404042003867118637572275474667549e-01
4.2595706516497444660274140915134921669960e-01
3.0392665930961404452403940013027749955654e-01
1.5104325135822233017179883063363377004862e-01
6.0475215734196008376954978302819654345512e-01
6.9046186743027626597779544681543484330177e-01
6.3893835385504482715646190627012401819229e-01
5.4008822988387672481280787906143814325333e-01
6.0475215734195963968033993296558037400246e-01
7.5385691307054325527303717535687610507011e-01
1.0000000000000000000000000000000000000000e+00
7.9622580639769557908635988496826030313969e-01
8.7398040703190182920678807931835763156414e-01
6.0475215734196008376954978302819654345512e-01
4.6420428405165853336100667547725606709719e-01
6.5072269897246115544220401716302148997784e-01
7.4553834535045870879343965498264878988266e-01
4.8614959143168645638866109948139637708664e-01
7.0509238130871931815590869518928229808807e-01
6.4644082719096240818856813348247669637203e-01
4.0614796050297102825155093341891188174486e-01
3.3058372356050841345265212112281005829573e-01
4.2595706516497444660274140915134921669960e-01
3.3058372356050841345265212112281005829573e-01
3.6128200405604493639089014322962611913681e-02
2.0671647428708997407120762090926291421056e-01
6.2382626806560370624765710090287029743195e-02
2.7988250778545605695901699050409661140293e-02
0.0000000000000000000000000000000000000000e+00
1.3766040453340711025020937086082994937897e-01
0.0000000000000000000000000000000000000000e+00
3.8256332192611841591656229866202920675278e-01
0.0000000000000000000000000000000000000000e+00
3.3439348355224779441030591442540753632784e-01
3.0020728703916299551224255992565304040909e-01
0.0000000000000000000000000000000000000000e+00
0.0000000000000000000000000000000000000000e+00
0.0000000000000000000000000000000000000000e+00
3.2091369284764703628809456859016790986061e-01
2.0906105606016009423875345873966580256820e-01
1.8877437061951285457439553283620625734329e-01
0.0000000000000000000000000000000000000000e+00
1.5104325135822233017179883063363377004862e-01
3.3058372356050841345265212112281005829573e-01
0.0000000000000000000000000000000000000000e+00
3.6128200405604493639089014322962611913681e-02
2.0671647428708997407120762090926291421056e-01
6.2382626806560370624765710090287029743195e-02
2.7988250778545605695901699050409661140293e-02
0.0000000000000000000000000000000000000000e+00
1.3766040453340711025020937086082994937897e-01
0.0000000000000000000000000000000000000000e+00
3.8256332192611841591656229866202920675278e-01
0.0000000000000000000000000000000000000000e+00
3.3439348355224779441030591442540753632784e-01
3.0020728703916299551224255992565304040909e-01
0.0000000000000000000000000000000000000000e+00
0.0000000000000000000000000000000000000000e+00
0.0000000000000000000000000000000000000000e+00
3.2091369284764703628809456859016790986061e-01
2.0906105606016009423875345873966580256820e-01
1.8877437061951285457439553283620625734329e-01
0.0000000000000000000000000000000000000000e+00
1.5104325135822233017179883063363377004862e-01
3.3058372356050841345265212112281005829573e-01
0.0000000000000000000000000000000000000000e+00
0.0000000000000000000000000000000000000000e+00
3.6128200405604493639089014322962611913681e-02
2.0671647428708997407120762090926291421056e-01
6.2382626806560370624765710090287029743195e-02
2.7988250778545605695901699050409661140293e-02
0.0000000000000000000000000000000000000000e+00
1.3766040453340711025020937086082994937897e-01
0.0000000000000000000000000000000000000000e+00
3.8256332192611841591656229866202920675278e-01
0.0000000000000000000000000000000000000000e+00
3.3439348355224779441030591442540753632784e-01
3.0020728703916299551224255992565304040909e-01
0.0000000000000000000000000000000000000000e+00
0.0000000000000000000000000000000000000000e+00
0.0000000000000000000000000000000000000000e+00
3.2091369284764703628809456859016790986061e-01
2.0906105606016009423875345873966580256820e-01
1.8877437061951285457439553283620625734329e-01
0.0000000000000000000000000000000000000000e+00
1.5104325135822233017179883063363377004862e-01
3.3058372356050841345265212112281005829573e-01
0.0000000000000000000000000000000000000000e+00
0.0000000000000000000000000000000000000000e+00
0.0000000000000000000000000000000000000000e+00
9.4938583722771298312181897927075624465942e+01
1.1245050280104723627871976532333064824343e-02
