1
0
23
9.6664009660969774095917728118365630507469e-01
3.2464381406228554061144109255110379308462e-01
1.6584171499003180771936172277492005378008e-01
7.4014532795822340904834391039912588894367e-01
1.6261046213777310964765376866125734522939e-01
5.7659402807620230291263396793510764837265e-01
6.9807953868864380808645364595577120780945e-01
1.6829196381796243664474843626521760597825e-01
6.6032396168163298710851449868641793727875e-01
6.2071162257297129993816042770049534738064e-01
4.9196354455454804899261489481432363390923e-01
0.0000000000000000000000000000000000000000e+00
6.9161629541765545781117907608859241008759e-01
9.5605523672933379053517910506343469023705e-01
1.0000000000000000000000000000000000000000e+00
6.1051420368304465391418034414527937769890e-01
0.0000000000000000000000000000000000000000e+00
7.8223055988336398502980273406137712299824e-01
1.6261046213777310964765376866125734522939e-01
4.9496659606972792655454895793809555470943e-01
3.3028226370488095176014553544519003480673e-01
6.9430965397909893965788796776905655860901e-01
8.2045389418602732156671208940679207444191e-02
5.6338941245579199357251809487934224307537e-01
2.8198887675516542961062782524095382541418e-01
4.9529349688719037647643972377409227192402e-01
4.9196354455454804899261489481432363390923e-01
1.0000000000000000000000000000000000000000e+00
4.9196354455454804899261489481432363390923e-01
5.6917507043731420390830777478186064399779e-02
5.2476182955543482222537932102568447589874e-01
7.4375973161488162510579513764241710305214e-01
6.5914424223474310515769047924550250172615e-01
6.0126541230663965720282249094452708959579e-01
8.4401880536412021704961716750403866171837e-01
6.6260259885751593422753558115800842642784e-01
7.4375973161488162510579513764241710305214e-01
2.7525638867627733041842930106213316321373e-01
6.8598457334885798442059012813842855393887e-01
6.3163294692760540982590100611560046672821e-01
6.0248712231002177208694092769292183220387e-01
6.3163294692760540982590100611560046672821e-01
1.0000000000000000000000000000000000000000e+00
4.4336468142062113173551551881246268749237e-01
5.5088520766091497726790748856728896498680e-01
4.8439076471894737530021757265785709023476e-01
0.0000000000000000000000000000000000000000e+00
4.4741912731070326847415685733722057193518e-01
7.8596597866763540096712858940009027719498e-01
6.1100445090980204376762685569701716303825e-01
8.7315881115301574588727362424833700060844e-01
1.0000000000000000000000000000000000000000e+00
5.6863209829907845893615103705087676644325e-01
5.5806817474557290914560780947795137763023e-01
4.0606969755343275130243796411377843469381e-01
1.0000000000000000000000000000000000000000e+00
2.6017754088505140597220588460913859307766e-01
6.9161629541765545781117907608859241008759e-01
7.4441852429266863744317106466041877865791e-01
6.6076834705462506036610648152418434619904e-01
6.3744834608782730001053096202667802572250e-01
4.1415687743121970543214160898060072213411e-01
9.0524252845394681532553704528254456818104e-01
7.6614791381151492455359175437479279935360e-01
1.0000000000000000000000000000000000000000e+00
6.3163294692760574289280839366256259381771e-01
4.4081874253235586724741779107716865837574e-01
3.2006737076347263615261340419237967580557e-01
6.1195210899936103299268097543972544372082e-01
2.5405991593686316765143828888540156185627e-01
4.3910657095229688184900851410930044949055e-01
6.5361995655815297023849552715546451508999e-01
5.4677725584778846812383790165768004953861e-01
4.9496659606972781553224649542244151234627e-01
3.1796022414195668215342038820381276309490e-01
4.3904699071596542392370565721648745238781e-01
7.5684249130748282308189800460240803658962e-01
7.2660892365529416991876132669858634471893e-01
7.6797748179685687563988949477788992226124e-01
1.1107874251126199915962189379570190794766e-01
1.6584171499003180771936172277492005378008e-01
8.3174694564131523843997229050728492438793e-01
3.3294507157866698454640186355391051620245e-01
1.0000000000000000000000000000000000000000e+00
1.0000000000000000000000000000000000000000e+00
1.0000000000000000000000000000000000000000e+00
9.5783545793268665136110939783975481987000e-01
1.0000000000000000000000000000000000000000e+00
1.0000000000000000000000000000000000000000e+00
4.2146977206688213124508024520764593034983e-01
3.2006737076347263615261340419237967580557e-01
6.0026973450938914123042877690750174224377e-01
4.4686659305360754146363433392252773046494e-03
6.4725381562932882140160018025198951363564e-01
1.0000000000000000000000000000000000000000e+00
6.9532717601593019285388663774938322603703e-01
6.9303351883740582639603644565795548260212e-01
3.8530404166121878795081556745572015643120e-01
9.0524252845394714839244443282950669527054e-01
9.8059545177673457239109211514005437493324e-01
7.4375973161488773133243057600338943302631e-01
4.7392900901015133641180909762624651193619e-01
6.2791724648702840205771735782036557793617e-01
4.7392900901014095582652885241259355098009e-01
6.9633095302018666039600702788447961211205e-01
7.3652254811739048534491303144022822380066e-01
0.0000000000000000000000000000000000000000e+00
3.6065540206969892711441616484080441296101e-01
7.4199799162532675822490091377403587102890e-01
6.4492873565918951150877092004520818591118e-01
6.7273579930550075900441697740461677312851e-01
1.0000000000000000000000000000000000000000e+00
4.9196354455454804899261489481432363390923e-01
6.1433093332492860749738383674412034451962e-01
7.0078876077661822474595965104526840150356e-01
5.8539856873202378295673042885027825832367e-01
4.1894465409542203104820146108977496623993e-01
7.6797748179685620950607471968396566808224e-01
4.9670250972833379643489593036065343767405e-01
4.8899815395891588210020017868373543024063e-01
7.2537120751246730865346989958197809755802e-01
6.9973120133556040989297741816699272021651e-02
3.6065540206969892711441616484080441296101e-01
5.7676733956899284283537099327077157795429e-01
4.3910657095229688184900851410930044949055e-01
4.4401962275178458172675277637608814984560e-01
4.9979274692875957919468987711297813802958e-01
4.5402217387894328037845070866751484572887e-01
4.8052695021251679019513858293066732585430e-01
4.8083972699069621459244672223576344549656e-01
7.6920684991555599019363853585673496127129e-01
1.0000000000000000000000000000000000000000e+00
5.7224650571364810147656498884316533803940e-01
5.0759212698813771513783876798697747290134e-01
4.2980411617623104358898444843362085521221e-01
9.4305880523946861160311527783051133155823e-01
5.9878894553578954074168905208352953195572e-01
2.3407314009302124246936216422909637913108e-01
4.4856875605203833101697341589897405356169e-01
6.4087698905571377494538864993955940008163e-01
2.4751246193604725664982879607123322784901e-01
5.0701694142906073015097945244633592665195e-01
7.1581114887214081221600281423889100551605e-01
9.8643183155826053010173382062930613756180e-01
6.9247868247152744025640913605457171797752e-01
7.0680535019832024801189618301577866077423e-01
7.4657154702357586550931500823935493826866e-01
6.4424637618243008052587583733838982880116e-01
6.3117914338862235457128235793788917362690e-01
6.6332616286486456580462345300475135445595e-01
5.6320386736395233739926879934500902891159e-01
1.0000000000000000000000000000000000000000e+00
6.1433093332492860749738383674412034451962e-01
4.4401962275178458172675277637608814984560e-01
2.4751246193604725664982879607123322784901e-01
5.2476182955543482222537932102568447589874e-01
1.0000000000000000000000000000000000000000e+00
7.2571918056786388628864870042889378964901e-01
7.6239780025587999823244444996817037463188e-01
1.0000000000000000000000000000000000000000e+00
7.4734534476495884103286471145111136138439e-01
6.9120581949675508059982576014590449631214e-01
9.3504804089571169622985280511784367263317e-01
6.3839004944153143750185108729056082665920e-01
1.0000000000000000000000000000000000000000e+00
8.2707005186509097161007275644806213676929e-01
8.2707005186509108263237521896371617913246e-01
7.4682003169597255265443891403265297412872e-01
3.4540052831018486223513264121720567345619e-01
6.6436519252581693883996649674372747540474e-01
6.2414491506739633308598058647476136684418e-01
8.7544162199705288784912227129098027944565e-01
3.2424554388851944963789719622582197189331e-02
8.7452786032077090005998343258397653698921e-01
6.9807953868864425217566349601838737726212e-01
3.2446895740457754042651572490285616368055e-01
8.7452786032076912370314403233351185917854e-01
1.0000000000000000000000000000000000000000e+00
4.2691830175407552427913060455466620624065e-01
4.7064610480086821464595914221717976033688e-01
1.0000000000000000000000000000000000000000e+00
3.7119868990631887939457556058187037706375e-01
8.0693133999479305096258485718863084912300e-01
6.6076834705462306196466215624241158366203e-01
6.2997315368492790010890303165069781243801e-01
3.7436545083889216645189890186884440481663e-01
3.1994812354923418684649050192092545330524e-01
5.8194565990570912283885718352394178509712e-01
6.2596887165355452609105668670963495969772e-01
4.3692233279632863851560387047356925904751e-01
4.7064610480086677135602712951367720961571e-01
3.1994812354923418684649050192092545330524e-01
6.3245405319363323659587194924824871122837e-01
6.4748128213274880327077198671759106218815e-01
7.7877996410840555352450564896571449935436e-01
7.1352228188894828431187988826422952115536e-01
3.5969510008799499001241883888724260032177e-01
7.8335397062639022802699173553264699876308e-01
1.0000000000000000000000000000000000000000e+00
7.4294466908120038173279908733093179762363e-01
1.0000000000000000000000000000000000000000e+00
4.4081874253235597826972025359282270073891e-01
4.8573722194758461867536425415892153978348e-01
6.7200848066057339291745620357687585055828e-01
7.2929404109197792926977399474708363413811e-01
5.1476559630206719653244817891390994191170e-01
6.4748128213274880327077198671759106218815e-01
8.2415930365798673040700350611587055027485e-01
4.8573722194758461867536425415892153978348e-01
3.4327744958496991811713883180345874279737e-01
4.4081874253235503458014932220976334065199e-01
3.4327744958496991811713883180345874279737e-01
1.6584171499003180771936172277492005378008e-01
1.6261046213777310964765376866125734522939e-01
1.6829196381796243664474843626521760597825e-01
0.0000000000000000000000000000000000000000e+00
0.0000000000000000000000000000000000000000e+00
8.2045389418602732156671208940679207444191e-02
5.6917507043731420390830777478186064399779e-02
2.7525638867627733041842930106213316321373e-01
0.0000000000000000000000000000000000000000e+00
2.6017754088505140597220588460913859307766e-01
3.2006737076347263615261340419237967580557e-01
1.1107874251126199915962189379570190794766e-01
4.4686659305360754146363433392252773046494e-03
0.0000000000000000000000000000000000000000e+00
6.9973120133556040989297741816699272021651e-02
2.3407314009302124246936216422909637913108e-01
2.4751246193604725664982879607123322784901e-01
3.2424554388851944963789719622582197189331e-02
3.1994812354923418684649050192092545330524e-01
3.4327744958496991811713883180345874279737e-01
0.0000000000000000000000000000000000000000e+00
1.6584171499003180771936172277492005378008e-01
1.6261046213777310964765376866125734522939e-01
1.6829196381796243664474843626521760597825e-01
0.0000000000000000000000000000000000000000e+00
0.0000000000000000000000000000000000000000e+00
8.2045389418602732156671208940679207444191e-02
5.6917507043731420390830777478186064399779e-02
2.7525638867627733041842930106213316321373e-01
0.0000000000000000000000000000000000000000e+00
2.6017754088505140597220588460913859307766e-01
3.2006737076347263615261340419237967580557e-01
1.1107874251126199915962189379570190794766e-01
4.4686659305360754146363433392252773046494e-03
0.0000000000000000000000000000000000000000e+00
6.9973120133556040989297741816699272021651e-02
2.3407314009302124246936216422909637913108e-01
2.4751246193604725664982879607123322784901e-01
3.2424554388851944963789719622582197189331e-02
3.1994812354923418684649050192092545330524e-01
3.4327744958496991811713883180345874279737e-01
0.0000000000000000000000000000000000000000e+00
0.0000000000000000000000000000000000000000e+00
1.6584171499003180771936172277492005378008e-01
1.6261046213777310964765376866125734522939e-01
1.6829196381796243664474843626521760597825e-01
0.0000000000000000000000000000000000000000e+00
0.0000000000000000000000000000000000000000e+00
8.2045389418602732156671208940679207444191e-02
5.6917507043731420390830777478186064399779e-02
2.7525638867627733041842930106213316321373e-01
0.0000000000000000000000000000000000000000e+00
2.6017754088505140597220588460913859307766e-01
3.2006737076347263615261340419237967580557e-01
1.1107874251126199915962189379570190794766e-01
4.4686659305360754146363433392252773046494e-03
0.0000000000000000000000000000000000000000e+00
6.9973120133556040989297741816699272021651e-02
2.3407314009302124246936216422909637913108e-01
2.4751246193604725664982879607123322784901e-01
3.2424554388851944963789719622582197189331e-02
3.1994812354923418684649050192092545330524e-01
3.4327744958496991811713883180345874279737e-01
0.0000000000000000000000000000000000000000e+00
0.0000000000000000000000000000000000000000e+00
0.0000000000000000000000000000000000000000e+00
9.6195275947057155008224071934819221496582e+01
9.7563262584547588707195586721354629844427e-02
