1
0
23
1.0000000000000000000000000000000000000000e+00
3.3590701412383600077404821604432072490454e-01
2.1506903329487757348115195554782985709608e-02
9.0852971238193558356499579531373456120491e-01
2.5053135316588970304962913360213860869408e-01
4.7188935527945136128025183097633998841047e-01
6.0003909443547787105899260495789349079132e-01
4.6408105538011806823206484295951668173075e-02
5.5765070656205562027452060647192411124706e-01
4.9462587784789668887697189347818493843079e-01
3.5785825388221986775860727902909275144339e-01
3.0491157759662379511667040787870064377785e-02
8.1006737700665976120717459707520902156830e-01
9.8192631525104057121922096484922803938389e-01
6.4836802681049454655237695988034829497337e-01
7.3100158449202679022960182919632643461227e-01
0.0000000000000000000000000000000000000000e+00
8.4221211692891606581667929276591166853905e-01
2.5053135316588970304962913360213860869408e-01
8.1471640711486059682755467292736284434795e-01
4.6193532444997864594427028350764885544777e-01
1.0000000000000000000000000000000000000000e+00
2.2390672892830348894577241480874363332987e-01
4.7939602768435363167043306020786985754967e-01
2.5053135316588970304962913360213860869408e-01
4.9412599950677782434382834253483451902866e-01
3.9740424194581314143448480535880662500858e-01
1.0000000000000000000000000000000000000000e+00
3.7694385895577942058309872663812711834908e-01
0.0000000000000000000000000000000000000000e+00
6.0145133990740828888732494306168518960476e-01
7.0643540765937040681876624148571863770485e-01
7.3615711957268137322074608164257369935513e-01
7.8967252352707606455339828244177624583244e-01
1.0000000000000000000000000000000000000000e+00
6.3300660224184379654133181247743777930737e-01
7.3615711957267881970778944378253072500229e-01
3.9454580941274947081254254044324625283480e-01
6.8899814622521060591964214836480095982552e-01
6.8136280799350068537734159690444357693195e-01
9.7034685221562311241427778440993279218674e-01
3.5672008896774332065149337722687050700188e-01
1.0000000000000000000000000000000000000000e+00
5.3473305180217889365223982167663052678108e-01
6.9036349690294140923896293315920047461987e-01
7.3615711957267881970778944378253072500229e-01
0.0000000000000000000000000000000000000000e+00
3.8765610961118568411620799452066421508789e-01
9.6902292483085061824965578125556930899620e-01
6.2326025499695958398405082334647886455059e-01
9.2779226802937198037568578001810237765312e-01
1.0000000000000000000000000000000000000000e+00
8.7076251311941632593516260385513305664062e-01
3.7417194116470253728579109520069323480129e-01
3.9454580941274947081254254044324625283480e-01
1.0000000000000000000000000000000000000000e+00
3.5125564162190570094423947011819109320641e-01
6.1670502591040565754099134210264310240746e-01
7.0643540765936985170725392890744842588902e-01
6.8936931242604004843599341256776824593544e-01
6.8160537140073274020579674470354802906513e-01
6.6553571607264838672080031756195239722729e-01
8.5169683944601692893172639742260798811913e-01
7.1666502717868785232724349043564870953560e-01
1.0000000000000000000000000000000000000000e+00
6.1670502591040565754099134210264310240746e-01
3.5125564162190398009855130112555343657732e-01
2.9472620050527709167909051757305860519409e-01
5.2229175632655411298799208452692255377769e-01
2.8773644711734025491978172794915735721588e-01
3.9701545262866044794236586312763392925262e-01
7.3490246695231831175476600037654861807823e-01
7.1118744172840986372818861127598211169243e-01
4.5807047856985649847416652846732176840305e-01
2.3831001659551179217011451783037045970559e-01
3.9454580941274947081254254044324625283480e-01
8.5198781276124413430750337283825501799583e-01
1.0000000000000000000000000000000000000000e+00
8.5773381220742239694487807355471886694431e-01
0.0000000000000000000000000000000000000000e+00
2.1506903329487757348115195554782985709608e-02
1.0000000000000000000000000000000000000000e+00
1.9513861585727743097606889932649210095406e-01
1.0000000000000000000000000000000000000000e+00
1.0000000000000000000000000000000000000000e+00
6.9744861775768529632557601871667429804802e-01
1.0000000000000000000000000000000000000000e+00
9.6956529009201819491181595367379486560822e-01
1.0000000000000000000000000000000000000000e+00
3.8672249241720735302152434087474830448627e-01
3.3321926399492585169070935080526396632195e-01
5.3587696254137351381530152139021083712578e-01
0.0000000000000000000000000000000000000000e+00
5.4128314004836919348662149786832742393017e-01
1.0000000000000000000000000000000000000000e+00
7.3615711957268137322074608164257369935513e-01
8.5091211851570369706365681850002147257328e-01
7.0818125361832107156345728071755729615688e-01
8.5169683944601692893172639742260798811913e-01
7.6412340247036425466831133235245943069458e-01
7.0643540765937040681876624148571863770485e-01
4.9695137475757683587218593856960069388151e-01
6.4403016648524280540755171386990696191788e-01
4.9695137475757683587218593856960069388151e-01
6.3285235766913294774838050216203555464745e-01
7.4958092918420182737548884688294492661953e-01
0.0000000000000000000000000000000000000000e+00
3.5415868230259794913195037224795669317245e-01
7.4435000732952660840169301081914454698563e-01
6.9902775796227167859342443989589810371399e-01
6.5998101348687288059124966821400448679924e-01
1.0000000000000000000000000000000000000000e+00
5.5318093098883125424691797888954170048237e-01
5.9080683609865358718593597586732357740402e-01
8.5908047665213127519479030524962581694126e-01
6.8262345713437722061200929601909592747688e-01
5.6045923018022925088388319636578671634197e-01
7.4197279922541337082719792306306771934032e-01
5.9724510890660598150248006277251988649368e-01
5.6909586152456159702239801845280453562737e-01
8.1397699788571786783109018870163708925247e-01
3.1316657257541891112850862555205821990967e-01
4.5814726043197018245933804792002774775028e-01
6.2232327007036747357204831132548861205578e-01
3.3871999579116041090287581027951091527939e-01
3.8068213763824476636443705501733347773552e-01
5.9340586634589420622631905644084326922894e-01
5.1352779205513254812132117876899428665638e-01
3.9740424194581314143448480535880662500858e-01
5.9340586634589420622631905644084326922894e-01
1.0000000000000000000000000000000000000000e+00
9.1978841522021403953601748071378096938133e-01
4.5814726043197018245933804792002774775028e-01
6.3593885014103035402399655140470713376999e-01
2.5275559747061610016416466351074632257223e-01
1.0000000000000000000000000000000000000000e+00
3.9251273296632738230016457237070426344872e-01
1.7035099779110196571707547263940796256065e-01
4.7217699741262680879216873108816798776388e-01
6.8337442213590016137914062710478901863098e-01
3.1889358294208525190782665958977304399014e-01
5.9306971404217323495799973898101598024368e-01
7.2999570823405246500215071137063205242157e-01
1.0000000000000000000000000000000000000000e+00
6.2134104162262171477948413667036220431328e-01
7.3456752777074196814055540016852319240570e-01
8.5899531812402241115478318533860146999359e-01
6.0743560332655077704799850835115648806095e-01
4.8508317069824863354554622674186248332262e-01
7.9290702381752409255710745128453709185123e-01
5.6909586152456148600009555593715049326420e-01
1.0000000000000000000000000000000000000000e+00
6.0335738735115840292166922154137864708900e-01
3.9740424194581314143448480535880662500858e-01
2.0837613108322766697355632459220942109823e-01
5.8278102024589273355559271294623613357544e-01
1.0000000000000000000000000000000000000000e+00
7.3615711957268403775600518201827071607113e-01
8.3564232615330136244580216953181661665440e-01
1.0000000000000000000000000000000000000000e+00
1.0000000000000000000000000000000000000000e+00
4.0906288417519875988404010058729909360409e-01
8.8067418063335378697331634612055495381355e-01
5.2767331027120012443276664271252229809761e-01
1.0000000000000000000000000000000000000000e+00
1.0000000000000000000000000000000000000000e+00
1.0000000000000000000000000000000000000000e+00
1.0000000000000000000000000000000000000000e+00
1.5686986984974582437502022003172896802425e-01
5.6045923018023180439683983422582969069481e-01
4.5814726043197018245933804792002774775028e-01
1.0000000000000000000000000000000000000000e+00
0.0000000000000000000000000000000000000000e+00
8.7044635767021560912581890079309232532978e-01
7.5226820282778605886164768890012055635452e-01
3.0953183793910510335223307265550829470158e-01
9.3258131237878438835053884758963249623775e-01
1.0000000000000000000000000000000000000000e+00
5.3053696761455249042427340100402943789959e-01
4.6460710558285767124431231422931887209415e-01
9.9327875918364172402874601175426505506039e-01
6.5290049073355094222392835945356637239456e-01
7.7905229172748535759751575824338942766190e-01
6.8936931242604004843599341256776824593544e-01
6.0450204050532996280509223652188666164875e-01
2.3097515430285620041672700608614832162857e-01
2.4502276284387936033937194224563427269459e-01
6.6133596109474257485061343686538748443127e-01
6.3499162426461053243542664858978241682053e-01
4.4919173699374143060580877317988779395819e-01
3.6289525668265865121497881773393601179123e-01
1.4535582830070914450715235943789593875408e-01
6.0145133990740828888732494306168518960476e-01
7.1340397293475588114120000682305544614792e-01
6.5798078102403523281793695787200704216957e-01
5.4960716017101729491400874394457787275314e-01
6.0145133990740573537436830520164221525192e-01
7.7214732838685584681570617249235510826111e-01
1.0000000000000000000000000000000000000000e+00
8.2544373993162667435541379745700396597385e-01
8.5331861457626156930444949466618709266186e-01
6.0145133990740828888732494306168518960476e-01
4.5814726043197023797048927917785476893187e-01
6.8221923848287691072300731320865452289581e-01
7.4241242789627226450477337493794038891792e-01
5.2888611441513799782399019022705033421516e-01
7.1340397293475588114120000682305544614792e-01
6.0145133990740828888732494306168518960476e-01
4.1109436971443674702086923389288131147623e-01
3.2917128748594487452905354984977748245001e-01
4.4919173699374143060580877317988779395819e-01
3.2917128748594487452905354984977748245001e-01
2.1506903329487757348115195554782985709608e-02
2.5053135316588970304962913360213860869408e-01
4.6408105538011806823206484295951668173075e-02
3.0491157759662379511667040787870064377785e-02
0.0000000000000000000000000000000000000000e+00
2.2390672892830348894577241480874363332987e-01
0.0000000000000000000000000000000000000000e+00
3.9454580941274947081254254044324625283480e-01
0.0000000000000000000000000000000000000000e+00
3.5125564162190570094423947011819109320641e-01
2.9472620050527709167909051757305860519409e-01
0.0000000000000000000000000000000000000000e+00
0.0000000000000000000000000000000000000000e+00
0.0000000000000000000000000000000000000000e+00
3.1316657257541891112850862555205821990967e-01
1.7035099779110196571707547263940796256065e-01
2.0837613108322766697355632459220942109823e-01
0.0000000000000000000000000000000000000000e+00
1.4535582830070914450715235943789593875408e-01
3.2917128748594487452905354984977748245001e-01
0.0000000000000000000000000000000000000000e+00
2.1506903329487757348115195554782985709608e-02
2.5053135316588970304962913360213860869408e-01
4.6408105538011806823206484295951668173075e-02
3.0491157759662379511667040787870064377785e-02
0.0000000000000000000000000000000000000000e+00
2.2390672892830348894577241480874363332987e-01
0.0000000000000000000000000000000000000000e+00
3.9454580941274947081254254044324625283480e-01
0.0000000000000000000000000000000000000000e+00
3.5125564162190570094423947011819109320641e-01
2.9472620050527709167909051757305860519409e-01
0.0000000000000000000000000000000000000000e+00
0.0000000000000000000000000000000000000000e+00
0.0000000000000000000000000000000000000000e+00
3.1316657257541891112850862555205821990967e-01
1.7035099779110196571707547263940796256065e-01
2.0837613108322766697355632459220942109823e-01
0.0000000000000000000000000000000000000000e+00
1.4535582830070914450715235943789593875408e-01
3.2917128748594487452905354984977748245001e-01
0.0000000000000000000000000000000000000000e+00
0.0000000000000000000000000000000000000000e+00
2.1506903329487757348115195554782985709608e-02
2.5053135316588970304962913360213860869408e-01
4.6408105538011806823206484295951668173075e-02
3.0491157759662379511667040787870064377785e-02
0.0000000000000000000000000000000000000000e+00
2.2390672892830348894577241480874363332987e-01
0.0000000000000000000000000000000000000000e+00
3.9454580941274947081254254044324625283480e-01
0.0000000000000000000000000000000000000000e+00
3.5125564162190570094423947011819109320641e-01
2.9472620050527709167909051757305860519409e-01
0.0000000000000000000000000000000000000000e+00
0.0000000000000000000000000000000000000000e+00
0.0000000000000000000000000000000000000000e+00
3.1316657257541891112850862555205821990967e-01
1.7035099779110196571707547263940796256065e-01
2.0837613108322766697355632459220942109823e-01
0.0000000000000000000000000000000000000000e+00
1.4535582830070914450715235943789593875408e-01
3.2917128748594487452905354984977748245001e-01
0.0000000000000000000000000000000000000000e+00
0.0000000000000000000000000000000000000000e+00
0.0000000000000000000000000000000000000000e+00
9.4230175935531036657266668044030666351318e+01
1.0582820461422625529790408904773357789963e-02
