1
0
23
1.0000000000000000000000000000000000000000e+00
3.3107782560120230241906824630859773606062e-01
5.2672097571584246267217821468875627033412e-03
8.3447814738322323435681937553454190492630e-01
1.9371927879489089785458588721667183563113e-01
4.8046003918682461675260242373042274266481e-01
6.7551943655530710675094496764359064400196e-01
5.9125705298416653121762465161737054586411e-02
5.6963964317933546421812707194476388394833e-01
5.3382618301588335985030653318972326815128e-01
3.9921886954726965024420337613264564424753e-01
7.8213126331051971429353386611182941123843e-03
7.4402047603015675214521706948289647698402e-01
9.6510112274974546586747692344943061470985e-01
5.2717539384036404825906174664851278066635e-01
6.0837690578624137316410269704647362232208e-01
0.0000000000000000000000000000000000000000e+00
7.6054469025975213192225510283606126904488e-01
1.9371927879489089785458588721667183563113e-01
6.6587313849229912143812271096976473927498e-01
3.0534199277222945356768946112424600869417e-01
7.2230576142154523378025032798177562654018e-01
1.6327342610457362681586346297990530729294e-01
5.2385743937387707624964150454616174101830e-01
2.8653049524509732748356327647343277931213e-01
5.0225553194999672523834988169255666434765e-01
4.5144173106501700454273873219790402799845e-01
1.0000000000000000000000000000000000000000e+00
4.1831711342483945959003222014871425926685e-01
3.3396999105404556740239740975084714591503e-02
5.1408983054187695760361975771957077085972e-01
7.9702280363976563126726659902487881481647e-01
7.8497805886262095320660137076629325747490e-01
7.2104732092108325680612779251532629132271e-01
9.2350814681170489972572568149189464747906e-01
6.1534189693117702368851951177930459380150e-01
7.9347309630072893060770411466364748775959e-01
3.2580986033688624781134990371356252580881e-01
7.1987328063872435546244332726928405463696e-01
6.6890731016995541580172357498668134212494e-01
6.9736801004058646125116638359031639993191e-01
3.9921886954726643059743196317867841571569e-01
1.0000000000000000000000000000000000000000e+00
4.8115636179524379212324447507853619754314e-01
6.0090687152669164383667066431371495127678e-01
5.9125927855245152819918530440190806984901e-01
0.0000000000000000000000000000000000000000e+00
3.4389042495537247567938266001874580979347e-01
8.4251862917896214177915226173354312777519e-01
4.8796418911449512822997576222405768930912e-01
9.7728059707073966499990547163179144263268e-01
1.0000000000000000000000000000000000000000e+00
6.5778344100292129859042233874788507819176e-01
3.8582265645367835871226702693093102425337e-01
3.2580986033688624781134990371356252580881e-01
1.0000000000000000000000000000000000000000e+00
3.2580986033688624781134990371356252580881e-01
7.0139812059339989858131048094946891069412e-01
7.9702280363976563126726659902487881481647e-01
6.8304082548402866859049709091777913272381e-01
7.0139812059339989858131048094946891069412e-01
6.3252009486540694549461250062449835240841e-01
9.6291046620480325035629221019917167723179e-01
7.1986369940994709981652022179332561790943e-01
1.0000000000000000000000000000000000000000e+00
6.9444209316771221551789494697004556655884e-01
3.2580986033688713598976960383879486471415e-01
2.9055493254455061480356903302890714257956e-01
5.7542010099248719345865765717462636530399e-01
3.0818340729892540474921247550810221582651e-01
3.4495736508307139889240033880923874676228e-01
6.8007881535407976869578305922914296388626e-01
7.5068613444873322215755706565687432885170e-01
4.5916819852573448335064654202142264693975e-01
3.1749295866523979947615430319274310022593e-01
3.2580986033688646985595482874487061053514e-01
8.1713152266210653529299179353984072804451e-01
7.5085094168205901432600057887611910700798e-01
8.2183403935796928152512919041328132152557e-01
0.0000000000000000000000000000000000000000e+00
5.2672097571584246267217821468875627033412e-03
1.0000000000000000000000000000000000000000e+00
2.3062714244607884772619854629738256335258e-01
1.0000000000000000000000000000000000000000e+00
1.0000000000000000000000000000000000000000e+00
7.9219677598245485938832644023932516574860e-01
8.8148074661624375991664237517397850751877e-01
1.0000000000000000000000000000000000000000e+00
1.0000000000000000000000000000000000000000e+00
3.8582265645367813666766210189962293952703e-01
2.9055493254455061480356903302890714257956e-01
6.4506010505036903701636674668407067656517e-01
0.0000000000000000000000000000000000000000e+00
5.9624285727226300490855237512732855975628e-01
1.0000000000000000000000000000000000000000e+00
6.7634294689238538822451118903700262308121e-01
5.3382618301588524722944839595584198832512e-01
4.7298202910237197027498723400640301406384e-01
9.6291046620480325035629221019917167723179e-01
9.5886726436105773618834291482926346361637e-01
7.9347309630072659913935240183491259813309e-01
4.2531828927052550692877730398322455585003e-01
5.8599641244023548125596789759583771228790e-01
4.2531828927052517386186991643626242876053e-01
5.5664113545565763185862806494696997106075e-01
6.5697871337494562204994963394710794091225e-01
0.0000000000000000000000000000000000000000e+00
3.2906422327241041658751896648027468472719e-01
7.7441198387268639358183008880587294697762e-01
6.3182159312188979072288930183276534080505e-01
6.7878681319303146857180308870738372206688e-01
1.0000000000000000000000000000000000000000e+00
5.1252820633395312910352004109881818294525e-01
5.9874707872554855381252991719520650804043e-01
7.4603242656455370784840397391235455870628e-01
5.3159331043373381220362716703675687313080e-01
3.3899941398205951648137101983593311160803e-01
7.7441198387268639358183008880587294697762e-01
5.4069762153562583861798884754534810781479e-01
5.9823624922165241635241272888379171490669e-01
7.2500184992290805929826547071570530533791e-01
1.9363923200417126890826580165594350546598e-01
3.2906422327241041658751896648027468472719e-01
6.0554686376829902627605406451039016246796e-01
3.5591858987910307554614064429188147187233e-01
3.4009885666139078042036203441966790705919e-01
5.4614905396351698385615236475132405757904e-01
5.0237806600295575876202747167553752660751e-01
4.4371139828528682880204314642469398677349e-01
5.1408983054187695760361975771957077085972e-01
8.4612228367522424044011586374836042523384e-01
9.8709248429248330758412066643359139561653e-01
5.1408983054187695760361975771957077085972e-01
5.0217122221730037257003687045653350651264e-01
2.9055493254455461160645768359245266765356e-01
1.0000000000000000000000000000000000000000e+00
4.2434578242210158061098468351701740175486e-01
1.9343635081233157002600364648969843983650e-01
3.8147341249457905609787644607422407716513e-01
6.7551943655530766186245728022186085581779e-01
2.4320464815693260129947361747326795011759e-01
5.1589642463699725283277075504884123802185e-01
7.0713057063426687509632984074414707720280e-01
1.0000000000000000000000000000000000000000e+00
6.6931910117201343091153376008151099085808e-01
7.7490003492107728533255794900469481945038e-01
7.9851222422371148645936500543029978871346e-01
5.5063439100600175546418313388130627572536e-01
5.1935783439718130605200485661043785512447e-01
6.8924705564994026563141460428596474230289e-01
6.0927088261063266916295333430753089487553e-01
1.0000000000000000000000000000000000000000e+00
5.9874707872554855381252991719520650804043e-01
4.4371139828528682880204314642469398677349e-01
1.6949990898535138850178327629691921174526e-01
5.1276138043730701276956551737384870648384e-01
1.0000000000000000000000000000000000000000e+00
1.0000000000000000000000000000000000000000e+00
5.1408983054187695760361975771957077085972e-01
1.0000000000000000000000000000000000000000e+00
1.0000000000000000000000000000000000000000e+00
5.0135176510824241979946691571967676281929e-01
7.8497805886262117525120629579760134220123e-01
4.2851425192409009490290827670833095908165e-01
1.0000000000000000000000000000000000000000e+00
1.0000000000000000000000000000000000000000e+00
9.9448573326688693985175859779701568186283e-01
1.0000000000000000000000000000000000000000e+00
1.8376093735012632990333258931059390306473e-01
5.1526646506651763157691448213881812989712e-01
5.1408983054187695760361975771957077085972e-01
1.0000000000000000000000000000000000000000e+00
0.0000000000000000000000000000000000000000e+00
8.8546201591866879887504637736128643155098e-01
6.7551943655530755084015481770620681345463e-01
2.7152399212762012847832693296368233859539e-01
8.8546201591866746660741682717343792319298e-01
1.0000000000000000000000000000000000000000e+00
3.7425074367984895173933068690530490130186e-01
4.7378247624025371376177417914732359349728e-01
1.0000000000000000000000000000000000000000e+00
2.5775873386633374462206802490982227027416e-01
6.8304082548403344254950297909090295433998e-01
6.8304082548402889063510201594908721745014e-01
6.3153846450367134846004546488984487950802e-01
3.0208441366751626055986434948863461613655e-01
1.8006695890119844838395124497765209525824e-01
5.8555270838812412126372919374261982738972e-01
5.1363763895269931580855882202740758657455e-01
4.0125585356138887549448668323748279362917e-01
2.6559623918124314334576752116845455020666e-01
1.8006695890119844838395124497765209525824e-01
5.9467087262948770121084862694260664284229e-01
6.2992580042182022559416054718894883990288e-01
6.2992580042182000354955562215764075517654e-01
6.1087565385077469137797834264347329735756e-01
4.7442440525030143971818574755161534994841e-01
6.9563882650227926163211122911889106035233e-01
9.3672402713242819416450402059126645326614e-01
7.8497805886262117525120629579760134220123e-01
8.0555369432061185719362583768088370561600e-01
4.7442440525029866416062418466026429086924e-01
4.6785343486591068895563694240991026163101e-01
6.1638992058388775152621974484645761549473e-01
7.2520485292440817204351333202794194221497e-01
3.2720205819611658526469000207725912332535e-01
6.0387085926274397529311954713193699717522e-01
7.2283956629980972152793583518359810113907e-01
4.4943159372976759780016209333552978932858e-01
2.4933288786209326093334937013423768803477e-01
4.2700234976501566519502262053720187395811e-01
2.4933288786209326093334937013423768803477e-01
5.2672097571584246267217821468875627033412e-03
1.9371927879489089785458588721667183563113e-01
5.9125705298416653121762465161737054586411e-02
7.8213126331051971429353386611182941123843e-03
0.0000000000000000000000000000000000000000e+00
1.6327342610457362681586346297990530729294e-01
3.3396999105404556740239740975084714591503e-02
3.2580986033688624781134990371356252580881e-01
0.0000000000000000000000000000000000000000e+00
3.2580986033688624781134990371356252580881e-01
2.9055493254455061480356903302890714257956e-01
0.0000000000000000000000000000000000000000e+00
0.0000000000000000000000000000000000000000e+00
0.0000000000000000000000000000000000000000e+00
1.9363923200417126890826580165594350546598e-01
1.9343635081233157002600364648969843983650e-01
1.6949990898535138850178327629691921174526e-01
0.0000000000000000000000000000000000000000e+00
1.8006695890119844838395124497765209525824e-01
2.4933288786209326093334937013423768803477e-01
0.0000000000000000000000000000000000000000e+00
5.2672097571584246267217821468875627033412e-03
1.9371927879489089785458588721667183563113e-01
5.9125705298416653121762465161737054586411e-02
7.8213126331051971429353386611182941123843e-03
0.0000000000000000000000000000000000000000e+00
1.6327342610457362681586346297990530729294e-01
3.3396999105404556740239740975084714591503e-02
3.2580986033688624781134990371356252580881e-01
0.0000000000000000000000000000000000000000e+00
3.2580986033688624781134990371356252580881e-01
2.9055493254455061480356903302890714257956e-01
0.0000000000000000000000000000000000000000e+00
0.0000000000000000000000000000000000000000e+00
0.0000000000000000000000000000000000000000e+00
1.9363923200417126890826580165594350546598e-01
1.9343635081233157002600364648969843983650e-01
1.6949990898535138850178327629691921174526e-01
0.0000000000000000000000000000000000000000e+00
1.8006695890119844838395124497765209525824e-01
2.4933288786209326093334937013423768803477e-01
0.0000000000000000000000000000000000000000e+00
0.0000000000000000000000000000000000000000e+00
5.2672097571584246267217821468875627033412e-03
1.9371927879489089785458588721667183563113e-01
5.9125705298416653121762465161737054586411e-02
7.8213126331051971429353386611182941123843e-03
0.0000000000000000000000000000000000000000e+00
1.6327342610457362681586346297990530729294e-01
3.3396999105404556740239740975084714591503e-02
3.2580986033688624781134990371356252580881e-01
0.0000000000000000000000000000000000000000e+00
3.2580986033688624781134990371356252580881e-01
2.9055493254455061480356903302890714257956e-01
0.0000000000000000000000000000000000000000e+00
0.0000000000000000000000000000000000000000e+00
0.0000000000000000000000000000000000000000e+00
1.9363923200417126890826580165594350546598e-01
1.9343635081233157002600364648969843983650e-01
1.6949990898535138850178327629691921174526e-01
0.0000000000000000000000000000000000000000e+00
1.8006695890119844838395124497765209525824e-01
2.4933288786209326093334937013423768803477e-01
0.0000000000000000000000000000000000000000e+00
0.0000000000000000000000000000000000000000e+00
0.0000000000000000000000000000000000000000e+00
9.6539127037862940028389857616275548934937e+01
3.0227666236865066012873271006355935242027e-02
