1
0
23
5.7413142805003569701938204161706380546093e-01
3.8039200933579747632151679681555833667517e-01
1.6297875014716606267839438260125461965799e-01
9.8355960814521947721544847809127531945705e-01
2.6263476215619707687665140838362276554108e-01
6.3769652923398378874253467074595391750336e-01
6.8699673132518712659333459669142030179501e-01
4.4048268712400712177057471308216918259859e-01
6.6737713008267296466158313705818727612495e-01
8.9105996557495203980181486258516088128090e-01
5.1126768846626402531541089047095738351345e-01
3.4509396006602210960068077838514000177383e-01
7.0090541952780593959460020414553582668304e-01
8.0744726727356352924402926873881369829178e-01
1.0000000000000000000000000000000000000000e+00
8.1655038429714243974899545719381421804428e-01
0.0000000000000000000000000000000000000000e+00
1.0000000000000000000000000000000000000000e+00
7.3986702569104445537107039854163303971291e-01
7.5718427159490275801800862609525211155415e-01
6.4595453953308723527015899890102446079254e-01
7.2800203940036201100127755125868134200573e-01
5.9619902498391819101186683838022872805595e-01
5.9044073435437172125972438152530230581760e-01
6.9896140349925783841200654933345504105091e-01
7.4900315706967612872091422104858793318272e-01
7.4100481231637815859869533596793189644814e-01
6.7547639101878731437977876339573413133621e-01
7.4900315706967612872091422104858793318272e-01
4.0672174596705856775002985159517265856266e-01
6.5560627796077464157775693820440210402012e-01
7.6970761843695745252347251152968965470791e-01
5.9403205215718890563891818601405248045921e-01
8.1226822447899205137389344599796459078789e-01
1.0000000000000000000000000000000000000000e+00
9.5285200426966443210119450668571516871452e-01
7.3137069874324389662234580100630410015583e-01
1.4240941833902898139285753131844103336334e-01
4.8076669748651512659165518925874494016171e-01
7.2619410083930135968444119498599320650101e-01
6.1373570920020692476271051418734714388847e-01
7.3362081979248638941015769887599162757397e-01
8.1351134286417747798481059362529776990414e-01
1.0000000000000000000000000000000000000000e+00
6.2006557556793140406625752802938222885132e-01
4.7361552814094481922424506592506077140570e-01
5.6697908724710921468670221656793728470802e-02
5.5026934373187319504694414717960171401501e-01
5.5552370636118308944162436091573908925056e-01
5.8959933103065664816710977902403101325035e-01
7.4031509467180489636461970803793519735336e-01
6.2823948305623855681290024222107604146004e-01
7.6058053001339898102628467313479632139206e-01
6.4582269271480452488276569056324660778046e-01
7.1088026796719494537768468944705091416836e-01
7.2317117204369252281281887917430140078068e-01
2.9369566217032105903683714132057502865791e-01
5.8138123055794044269362075283424928784370e-01
8.5162103606465855420992738800123333930969e-01
6.2668842585832418290436862662318162620068e-01
7.0328712328467613001947711381944827735424e-01
5.5976768529079345970700387624674476683140e-01
8.2054546069553613296676530808326788246632e-01
7.8167229061103260523424296479788608849049e-01
9.6891423784106633920742979171336628496647e-01
7.3362081979248638941015769887599162757397e-01
5.4490997480642788808324894489487633109093e-01
3.2673627017165435271195406130573246628046e-01
6.3843148529964977022643779491772875189781e-01
6.2427344521683036937531596777262166142464e-01
6.8170296741719138555737345086527056992054e-01
6.3255478871020931475044335456914268434048e-01
7.2363391263799536901046849379781633615494e-01
7.5297229473912263841839376254938542842865e-01
6.1258519103884156997708032577065750956535e-01
6.9109734013110457606643421968328766524792e-01
6.1373570920020659169580312664038501679897e-01
6.8318272560867288056840607168851420283318e-01
7.7188227218735716572695082504651509225368e-01
5.6831491485467677815535125773749314248562e-01
4.7217737915344809573880979769455734640360e-01
1.0000000000000000000000000000000000000000e+00
8.9652650728616611885968268325086683034897e-01
8.1832265216882760228145343717187643051147e-01
1.0000000000000000000000000000000000000000e+00
7.4900315706967612872091422104858793318272e-01
1.0000000000000000000000000000000000000000e+00
7.6253169261944508949824239607551135122776e-01
8.6625332128916421314812623677426017820835e-01
4.5211054963441432708037837073788978159428e-01
3.5464962428049467968449448562751058489084e-01
7.7465189233418640935013854686985723674297e-01
2.4277052795735476475869063506252132356167e-01
5.3246987032984327559148596265004016458988e-01
1.0000000000000000000000000000000000000000e+00
5.6674364544904254348267613750067539513111e-01
6.6386080656785184661572429831721819937229e-01
3.5597603094813867752321812076843343675137e-01
6.0437813605815060569170782400760799646378e-01
4.9812952735279614202568154723849147558212e-01
6.3272298295190210204452796460827812552452e-01
5.0606530269010530087570032264920882880688e-01
3.4738053426393955547268888039980083703995e-01
5.0556946226727561555236434287508018314838e-01
5.8786447357817916969935367887956090271473e-01
3.8415480591545753119575579148659016937017e-01
0.0000000000000000000000000000000000000000e+00
8.0453140279074297769312806849484331905842e-01
1.0000000000000000000000000000000000000000e+00
6.8293792630973348956047175306593999266624e-01
8.0422502655367833490629436710150912404060e-01
7.3256256053429813501765011096722446382046e-01
9.4619708509263367179897841197089292109013e-01
6.8445767543796898202401735034072771668434e-01
7.6869422133158971099931022763485088944435e-01
6.8445767543796898202401735034072771668434e-01
8.9683798554333538088911836894112639129162e-01
7.0394188448638561617087816557614132761955e-01
7.2989754668249073876751253919792361557484e-01
9.0544403621344704546913817466702312231064e-01
7.1881018667996765536543080088449642062187e-01
0.0000000000000000000000000000000000000000e+00
7.8740509781462386662553853966528549790382e-01
9.1428353258649042167860443441895768046379e-01
7.0345150926631760945895166514674201607704e-01
6.4468153468622857449332741452963091433048e-01
5.9596423661228481449825267191044986248016e-01
9.0429693623959195303285696354578249156475e-01
6.7034584486181658657955040325759910047054e-01
6.4468153468622824142642002698266878724098e-01
9.4821944976010419381395877280738204717636e-01
5.5953992834575971837551833232282660901546e-01
7.0879547891189986774662656898726709187031e-01
7.0568480059799465475833812888595275580883e-01
7.9672982171605155610194515247712843120098e-01
7.0206536234657868078556930413469672203064e-01
7.8884698965802901859944995521800592541695e-01
5.5953992834575971837551833232282660901546e-01
5.8487589661695527087914570074644871056080e-01
9.9539326133656524930870546086225658655167e-01
7.3429795478456327817440296712447889149189e-01
6.5621741454449455943631619447842240333557e-01
9.3509425894973785542418909244588576257229e-01
9.9879948694798370567582423973362892866135e-01
6.9896140349925739432279669927083887159824e-01
6.4126177862251976247165430322638712823391e-01
5.4267525497093027642137030852609314024448e-01
5.2967993213151143283567989783477969467640e-01
6.4532493748019714718822115173679776489735e-01
5.6831491485467677815535125773749314248562e-01
4.5138050527046330584468591951008420437574e-01
6.1648903369106233807173111927113495767117e-01
6.9763376710231339572487740952055901288986e-01
7.2264707248655202231901739651220850646496e-01
3.4480309063532699198617592628579586744308e-01
5.7744059079413034840655427615274675190449e-01
1.0000000000000000000000000000000000000000e+00
7.7580493079933166011841194631415419280529e-01
4.5899716953494318349981995197595097124577e-01
1.0000000000000000000000000000000000000000e+00
9.6917634149437215107525389612419530749321e-01
6.9896140349925894863503117448999546468258e-01
9.7169762914158352984372868377249687910080e-01
4.7025166469308843364416361509938724339008e-01
6.7321397950691397316091979519114829599857e-01
5.5485042427042297052963704118155874311924e-01
1.0000000000000000000000000000000000000000e+00
1.0000000000000000000000000000000000000000e+00
5.0666024248120167250419854099163785576820e-01
1.0000000000000000000000000000000000000000e+00
8.0101749112439479816316634241957217454910e-01
1.0000000000000000000000000000000000000000e+00
0.0000000000000000000000000000000000000000e+00
3.5205548027579647296647635812405496835709e-01
7.6028094516579003414591397813637740910053e-01
8.0797345320098423737675830125226639211178e-01
6.4467253115055356271767550424556247889996e-01
6.7639475085915334862107783919782377779484e-01
8.4066519355607416397191400392330251634121e-01
6.7728391770266038740544445317937061190605e-01
9.2919870943281446251660327106947079300880e-01
6.7745759530293558903224493406014516949654e-01
5.8959933103065653714480731650837697088718e-01
6.4467253115055134227162625393248163163662e-01
6.6141448663353186177005227364134043455124e-01
5.4413067847127716269994834874523803591728e-01
3.5205548027579647296647635812405496835709e-01
7.2291574404299829836872959276661276817322e-01
7.3620747536246100573009698564419522881508e-01
6.5518415268686247543428180506452918052673e-01
5.6093364075504614785216972450143657624722e-01
3.5205548027579647296647635812405496835709e-01
5.6838108699769829268433340985211543738842e-01
7.3057719255657393997438475707895122468472e-01
8.0430653774131988242857005388941615819931e-01
6.9211643693920055220303311216412112116814e-01
5.7634189404929836442192936374340206384659e-01
6.8828614349626349167010630480945110321045e-01
9.3275231206841957565245593286817893385887e-01
6.5172577610338811027190786262508481740952e-01
7.5200628790520418487375309268827550113201e-01
4.6026575746247327947102689904568251222372e-01
5.0751120683395822830163979233475401997566e-01
7.5552211423089354891402535940869711339474e-01
5.2901680473569201446082388429204002022743e-01
5.2515649327086266762165678301244042813778e-01
1.0000000000000000000000000000000000000000e+00
6.2437551808729951918763845242210663855076e-01
6.2742591565406102827040513147949241101742e-01
5.6036335604850384672914742623106576502323e-01
7.5147343199290894677488950037513859570026e-01
3.3698850329968094152732760448998305946589e-01
1.6297875014716606267839438260125461965799e-01
2.6263476215619707687665140838362276554108e-01
4.4048268712400712177057471308216918259859e-01
3.4509396006602210960068077838514000177383e-01
0.0000000000000000000000000000000000000000e+00
5.9619902498391819101186683838022872805595e-01
4.0672174596705856775002985159517265856266e-01
1.4240941833902898139285753131844103336334e-01
5.6697908724710921468670221656793728470802e-02
2.9369566217032105903683714132057502865791e-01
3.2673627017165435271195406130573246628046e-01
5.6831491485467677815535125773749314248562e-01
2.4277052795735476475869063506252132356167e-01
0.0000000000000000000000000000000000000000e+00
0.0000000000000000000000000000000000000000e+00
5.5953992834575971837551833232282660901546e-01
3.4480309063532699198617592628579586744308e-01
0.0000000000000000000000000000000000000000e+00
3.5205548027579647296647635812405496835709e-01
3.3698850329968094152732760448998305946589e-01
0.0000000000000000000000000000000000000000e+00
1.6297875014716606267839438260125461965799e-01
2.6263476215619707687665140838362276554108e-01
4.4048268712400712177057471308216918259859e-01
3.4509396006602210960068077838514000177383e-01
0.0000000000000000000000000000000000000000e+00
5.9619902498391819101186683838022872805595e-01
4.0672174596705856775002985159517265856266e-01
1.4240941833902898139285753131844103336334e-01
5.6697908724710921468670221656793728470802e-02
2.9369566217032105903683714132057502865791e-01
3.2673627017165435271195406130573246628046e-01
5.6831491485467677815535125773749314248562e-01
2.4277052795735476475869063506252132356167e-01
0.0000000000000000000000000000000000000000e+00
0.0000000000000000000000000000000000000000e+00
5.5953992834575971837551833232282660901546e-01
3.4480309063532699198617592628579586744308e-01
0.0000000000000000000000000000000000000000e+00
3.5205548027579647296647635812405496835709e-01
3.3698850329968094152732760448998305946589e-01
0.0000000000000000000000000000000000000000e+00
0.0000000000000000000000000000000000000000e+00
1.6297875014716606267839438260125461965799e-01
2.6263476215619707687665140838362276554108e-01
4.4048268712400712177057471308216918259859e-01
3.4509396006602210960068077838514000177383e-01
0.0000000000000000000000000000000000000000e+00
5.9619902498391819101186683838022872805595e-01
4.0672174596705856775002985159517265856266e-01
1.4240941833902898139285753131844103336334e-01
5.6697908724710921468670221656793728470802e-02
2.9369566217032105903683714132057502865791e-01
3.2673627017165435271195406130573246628046e-01
5.6831491485467677815535125773749314248562e-01
2.4277052795735476475869063506252132356167e-01
0.0000000000000000000000000000000000000000e+00
0.0000000000000000000000000000000000000000e+00
5.5953992834575971837551833232282660901546e-01
3.4480309063532699198617592628579586744308e-01
0.0000000000000000000000000000000000000000e+00
3.5205548027579647296647635812405496835709e-01
3.3698850329968094152732760448998305946589e-01
0.0000000000000000000000000000000000000000e+00
0.0000000000000000000000000000000000000000e+00
0.0000000000000000000000000000000000000000e+00
7.4359689058193211508296371903270483016968e+01
6.3459894492544954847090821203892119228840e-01
