1
0
23
5.7675630919899500970160488577676005661488e-01
3.7510784465655916397608393708651419728994e-01
1.4625785481858386005704630861146142706275e-01
9.6444232886330261145246822707122191786766e-01
2.5360504194186717086267890408635139465332e-01
6.3351089022760864732930485843098722398281e-01
6.7597262085122022945427033846499398350716e-01
4.3157166071404007290368554095039144158363e-01
6.5492043393691479202800564962672069668770e-01
8.9048230813061057808965870208339765667915e-01
4.8892179588648121413285707603790797293186e-01
3.3477822505238613581823869935760740190744e-01
6.6768801013804957023012320860289037227631e-01
7.5654705775129127420797203740221448242664e-01
1.0000000000000000000000000000000000000000e+00
7.8864225480806171564296391807147301733494e-01
0.0000000000000000000000000000000000000000e+00
1.0000000000000000000000000000000000000000e+00
7.4620139750186864624481586361071094870567e-01
7.4211549241551544309203336524660699069500e-01
6.2980736683460547542523499942035414278507e-01
7.3569318568851405082398287049727514386177e-01
5.8316334473658193449097097982303239405155e-01
5.5032910673331736362001720408443361520767e-01
6.5865870256049974251766343513736501336098e-01
7.0748738948497436052065268086153082549572e-01
7.0504333668468099904913515274529345333576e-01
6.4128866331667633282620499812765046954155e-01
7.0748738948497191802999850551714189350605e-01
3.7404446068377622536260673768993001431227e-01
6.3230558795133162686141758968005888164043e-01
7.6049559403532251966595367775880731642246e-01
5.7983722822225602921974996206699870526791e-01
8.0849801856795866505933645385084673762321e-01
1.0000000000000000000000000000000000000000e+00
9.3824952141295847596325074846390634775162e-01
7.1776739631398878138668351311935111880302e-01
1.3981090572187995779707136989600257948041e-01
5.4709622158331927543883921316592022776604e-01
7.4045197941430862531575485263601876795292e-01
6.1253695166958144202595804017619229853153e-01
7.4069669235398838402772980771260336041451e-01
8.4421333919075103313645058733527548611164e-01
1.0000000000000000000000000000000000000000e+00
6.1529204967304584883436291420366615056992e-01
4.7054360146297424805084119725506752729416e-01
6.0276461395045055624564156460110098123550e-02
5.5194092105849335005984812596580013632774e-01
5.5194092105849335005984812596580013632774e-01
5.8518647512577592895155476071522571146488e-01
7.5984908385585481216395464798551984131336e-01
6.1954162027985482108505266296560876071453e-01
7.3351171874079945656177415003185160458088e-01
6.1954162027984238658717686121235601603985e-01
6.9744204992667113707227599661564454436302e-01
7.0383246916577069107745501241879537701607e-01
2.8228231762596078802118881867500022053719e-01
5.6334157311018218106113408794044516980648e-01
8.2869657017525100162202988940407522022724e-01
5.9745456093672077990675006731180474162102e-01
6.9305065360919260175620593145140446722507e-01
5.4964590238666266586164965701755136251450e-01
8.2716674597440009719662157294806092977524e-01
7.5523973957253376365628128041862510144711e-01
9.5248548448299674706873929608264006674290e-01
7.4401810164541859471398765890626236796379e-01
5.2656164653395065577967670833459123969078e-01
2.9707649253561735358530881967453751713037e-01
6.3351089022760853630700239591533318161964e-01
6.2053596630822682733708006708184257149696e-01
6.7211975123616607419307911186479032039642e-01
6.3091514609308774197415914386510848999023e-01
7.2786446700020324129809523583389818668365e-01
7.4049679623704056652400140592362731695175e-01
6.0331147178204869163664625375531613826752e-01
7.0887324176800370345574719976866617798805e-01
6.1253695166958077589214326508226804435253e-01
6.9107296714447086216637217148672789335251e-01
7.4591829992685232397775507706683129072189e-01
5.5160527588312535662851132656214758753777e-01
4.7487853291026560498266917420551180839539e-01
1.0000000000000000000000000000000000000000e+00
8.8813760040244837945522249356145039200783e-01
7.9776571582543132077347536323941312730312e-01
1.0000000000000000000000000000000000000000e+00
7.3210665924089912692807047278620302677155e-01
9.9444978557284624542944584391079843044281e-01
7.5791606318612514403554314412758685648441e-01
9.6259985749596832516061795104178600013256e-01
4.2836322529512393941786285722628235816956e-01
3.3740470918279602541289818873337935656309e-01
7.9933725083525719590227254229830577969551e-01
1.9847311810176071489308924356009811162949e-01
5.3883767016570394137175981086329557001591e-01
1.0000000000000000000000000000000000000000e+00
5.4981411650645140021254064777167513966560e-01
6.2787631056825654596309504995588213205338e-01
3.6835596734265985130463150198920629918575e-01
5.8496068575487492058329053179477341473103e-01
4.8791208372905114920570213143946602940559e-01
6.3157576183286345816725315671646967530251e-01
4.9113771147142692985454459631000645458698e-01
3.4511259749684147779547060963523108512163e-01
4.9113771147142692985454459631000645458698e-01
5.8524829913064901898422931481036357581615e-01
3.6545243028938156903961953503312543034554e-01
0.0000000000000000000000000000000000000000e+00
7.9095134542301515079287810294772498309612e-01
1.0000000000000000000000000000000000000000e+00
6.8213351512625719497151521863997913897038e-01
7.9233376628307039535314970635226927697659e-01
6.9728488422450884964831629986292682588100e-01
9.3603271126086651232611757222912274301052e-01
6.6854461206306958764855608023935928940773e-01
7.6715685261515076387439648897270672023296e-01
6.7591084028890113799548089446034282445908e-01
8.8713556139604365924355988681782037019730e-01
6.7194617529808897682386259475606493651867e-01
7.4049679623704056652400140592362731695175e-01
8.5419120914365054275663169391918927431107e-01
7.1891763660420071602175084990449249744415e-01
0.0000000000000000000000000000000000000000e+00
7.2202308215257227086425473316921852529049e-01
8.9856008898275485652362704058759845793247e-01
6.8259572832902593031434435033588670194149e-01
6.3533643343165657757509734437917359173298e-01
6.1374802404741368722085326226078905165195e-01
8.8553242028968137677935601459466852247715e-01
6.4989600488170051750813627222669310867786e-01
6.4989600488169918524050672203884460031986e-01
9.5074638184827475750893199801794253289700e-01
5.4845675098214552445341496422770433127880e-01
6.9462030255098228259669213002780452370644e-01
6.9462030255099016518016696863924153149128e-01
7.7528872405726312333484884220524691045284e-01
6.9472207762431326116825403005350381135941e-01
7.8072367087392924300814911475754342973232e-01
5.4845675098214552445341496422770433127880e-01
5.7128824308744829973960577262914739549160e-01
1.0000000000000000000000000000000000000000e+00
7.2250056603608758809542678136494942009449e-01
6.4758183727657692152490653825225308537483e-01
9.0680170410048299700633833708707243204117e-01
9.8419742871194615396746030455688014626503e-01
6.6163478668368580493108765949727967381477e-01
6.2926105731482717686731120920740067958832e-01
5.7517127388430455692258647104608826339245e-01
5.0287615639436067382916917267721146345139e-01
6.2789829902378024861775429599219933152199e-01
5.5160527588312535662851132656214758753777e-01
4.3929579301121335355162500491132959723473e-01
5.9004151395773862809335241763619706034660e-01
6.6854461206307669307591368124121800065041e-01
7.0335191712762612503695436316775158047676e-01
3.0980694041135004024312138426466844975948e-01
5.4594440940885446966746030739159323275089e-01
9.7700064435909339533026241042534820735455e-01
7.5047524842191426497350903446204029023647e-01
4.8892179588648121413285707603790797293186e-01
1.0000000000000000000000000000000000000000e+00
8.7856167746779223470809938589809462428093e-01
7.1225052947465072872290647865156643092632e-01
9.8562441557460056529293979110661894083023e-01
4.8892179588648165822206692610052414238453e-01
7.0011779278440666729466101969592273235321e-01
5.3277743565345514475950494670541957020760e-01
1.0000000000000000000000000000000000000000e+00
1.0000000000000000000000000000000000000000e+00
4.7834221226212969568791777419392019510269e-01
1.0000000000000000000000000000000000000000e+00
8.0560165782121462285658708424307405948639e-01
1.0000000000000000000000000000000000000000e+00
0.0000000000000000000000000000000000000000e+00
3.4735944167555360406751674418046604841948e-01
7.6147282508650759869084367892355658113956e-01
7.8948000426575171140086695231730118393898e-01
6.4402075724963769864928053721087053418159e-01
6.5841436434817324219181955413660034537315e-01
8.4147097908323109649586513114627450704575e-01
6.7319855576518394801865952103980816900730e-01
9.1480664502609243537989414107869379222393e-01
6.7646383453608316393967925250763073563576e-01
5.8518647512577648406306707329349592328072e-01
6.4271321194260988551860691586625762283802e-01
6.5123005268308042925440304315998218953609e-01
5.0331192342520292282159743990632705390453e-01
3.4735944167555360406751674418046604841948e-01
7.2674126604889799363462543624336831271648e-01
7.2202308215257227086425473316921852529049e-01
6.4404574101798761631698653218336403369904e-01
5.6781959644518631424858767786645330488682e-01
3.4735944167555360406751674418046604841948e-01
5.4594440940885491375667015745420940220356e-01
7.3186770768416131716094241710379719734192e-01
7.8121004797969817445846274495124816894531e-01
6.8176446021682346465553337111487053334713e-01
5.2918625769514371359747428869013674557209e-01
6.7020476679245222229042155959177762269974e-01
9.1549993476223656685419882705900818109512e-01
6.5647680928656881871319228594074957072735e-01
7.2771243945296903987696168769616633653641e-01
4.4517512791402641392224381888809148222208e-01
4.8364062966403392751502110513683874160051e-01
7.4624794182775799900042557055712677538395e-01
5.0783045108807634004932651805575005710125e-01
5.1413540270192736869603322702459990978241e-01
1.0000000000000000000000000000000000000000e+00
6.0268547571428021658590523657039739191532e-01
6.2546773723254389665271446574479341506958e-01
5.9730550750875233134706832061056047677994e-01
7.2942929388553301439657161608920432627201e-01
3.1152542623459139603525613892998080700636e-01
1.4625785481858386005704630861146142706275e-01
2.5360504194186717086267890408635139465332e-01
4.3157166071404007290368554095039144158363e-01
3.3477822505238613581823869935760740190744e-01
0.0000000000000000000000000000000000000000e+00
5.8316334473658193449097097982303239405155e-01
3.7404446068377622536260673768993001431227e-01
1.3981090572187995779707136989600257948041e-01
6.0276461395045055624564156460110098123550e-02
2.8228231762596078802118881867500022053719e-01
2.9707649253561735358530881967453751713037e-01
5.5160527588312535662851132656214758753777e-01
1.9847311810176071489308924356009811162949e-01
0.0000000000000000000000000000000000000000e+00
2.7887486285746994831033444629106291375714e-16
5.4845675098214552445341496422770433127880e-01
3.0980694041135004024312138426466844975948e-01
0.0000000000000000000000000000000000000000e+00
3.4735944167555360406751674418046604841948e-01
3.1152542623459139603525613892998080700636e-01
0.0000000000000000000000000000000000000000e+00
1.4625785481858386005704630861146142706275e-01
2.5360504194186717086267890408635139465332e-01
4.3157166071404007290368554095039144158363e-01
3.3477822505238613581823869935760740190744e-01
0.0000000000000000000000000000000000000000e+00
5.8316334473658193449097097982303239405155e-01
3.7404446068377622536260673768993001431227e-01
1.3981090572187995779707136989600257948041e-01
6.0276461395045055624564156460110098123550e-02
2.8228231762596078802118881867500022053719e-01
2.9707649253561735358530881967453751713037e-01
5.5160527588312535662851132656214758753777e-01
1.9847311810176071489308924356009811162949e-01
0.0000000000000000000000000000000000000000e+00
0.0000000000000000000000000000000000000000e+00
5.4845675098214552445341496422770433127880e-01
3.0980694041135004024312138426466844975948e-01
0.0000000000000000000000000000000000000000e+00
3.4735944167555360406751674418046604841948e-01
3.1152542623459139603525613892998080700636e-01
0.0000000000000000000000000000000000000000e+00
0.0000000000000000000000000000000000000000e+00
1.4625785481858386005704630861146142706275e-01
2.5360504194186717086267890408635139465332e-01
4.3157166071404007290368554095039144158363e-01
3.3477822505238613581823869935760740190744e-01
0.0000000000000000000000000000000000000000e+00
5.8316334473658193449097097982303239405155e-01
3.7404446068377622536260673768993001431227e-01
1.3981090572187995779707136989600257948041e-01
6.0276461395045055624564156460110098123550e-02
2.8228231762596078802118881867500022053719e-01
2.9707649253561735358530881967453751713037e-01
5.5160527588312535662851132656214758753777e-01
1.9847311810176071489308924356009811162949e-01
0.0000000000000000000000000000000000000000e+00
2.7887486285746994831033444629106291375714e-16
5.4845675098214552445341496422770433127880e-01
3.0980694041135004024312138426466844975948e-01
0.0000000000000000000000000000000000000000e+00
3.4735944167555360406751674418046604841948e-01
3.1152542623459139603525613892998080700636e-01
0.0000000000000000000000000000000000000000e+00
0.0000000000000000000000000000000000000000e+00
0.0000000000000000000000000000000000000000e+00
7.4917625736049558327067643404006958007812e+01
6.3915988555600811160672947153216227889061e-01
