1
0
23
5.7588368099654885234883749944856390357018e-01
3.7675938523761998144578910796553827822208e-01
1.4702716751157307584207956097088754177094e-01
9.7708794091407147330841098664677701890469e-01
2.5371614351177429469430535391438752412796e-01
6.3008664315109808029546911711804568767548e-01
6.8353048950512662607081892929272726178169e-01
4.2725854125501627756023026449838653206825e-01
6.5779580194940456827623620483791455626488e-01
8.9454600051374266733716922317398712038994e-01
4.9461972828734507290349142749619204550982e-01
3.3673972830082737894841216075292322784662e-01
6.7609855908850979844260109530296176671982e-01
7.6825226852142103339815548679325729608536e-01
1.0000000000000000000000000000000000000000e+00
7.9767534411069784816561423212988302111626e-01
0.0000000000000000000000000000000000000000e+00
1.0000000000000000000000000000000000000000e+00
7.4557656235243774389687132497783750295639e-01
7.3373341022970461899888050538720563054085e-01
6.3413928723016010913227091805310919880867e-01
7.4189147438694957870097823615651577711105e-01
5.8601075906596089559741358243627473711967e-01
5.7248304315143250242670092120533809065819e-01
6.7194965546035401171565126787754707038403e-01
7.2582144453591679322812524333130568265915e-01
7.2444753637578196414636977351619862020016e-01
6.6400592488735843410552206478314474225044e-01
7.2582144453591679322812524333130568265915e-01
3.8367923943077453241556895591202192008495e-01
6.3459849862074424464708499726839363574982e-01
7.6581464344410288269671127636684104800224e-01
5.7917798179239854405864207365084439516068e-01
8.1036702419763317895018417402752675116062e-01
1.0000000000000000000000000000000000000000e+00
9.5418376733716336879354003031039610505104e-01
7.2582144453591102006839719251729547977448e-01
1.3886698323233317986513668529369169846177e-01
4.8609071053612629143003687204327434301376e-01
7.2033336039142203954810383947915397584438e-01
6.1020410122378265782572270836681127548218e-01
7.3995603856151148658426563997636549174786e-01
8.4843092377670970005709705219487659633160e-01
1.0000000000000000000000000000000000000000e+00
6.1020410122378265782572270836681127548218e-01
4.6822590803527275316042732811183668673038e-01
6.2118688883389339139284857083112001419067e-02
5.4596588818635927164990562232560478150845e-01
5.4596588818635927164990562232560478150845e-01
5.8218545655078213219013605339569039642811e-01
7.5397733807528488636506835973705165088177e-01
6.2494493170549192395668569588451646268368e-01
7.3825418699688061252572879311628639698029e-01
6.2219149722323208173691000411054119467735e-01
7.0373456987873073131822820869274437427521e-01
6.9707224662807432125077866658102720975876e-01
2.8150275311816436163425692029704805463552e-01
5.7248304315143261344900338372099213302135e-01
8.4032293461631435427250380598707124590874e-01
6.1068569651565640654666822229046374559402e-01
7.0163639559264801004445644139195792376995e-01
5.6824946835197720496068995998939499258995e-01
8.3592011932915433192192722344771027565002e-01
7.6491767817888955960370367392897605895996e-01
9.8138771797483270731277116283308714628220e-01
7.3995603856151148658426563997636549174786e-01
5.2864306709090658209504454134730622172356e-01
3.1207853559647780183894383299048058688641e-01
6.3008664315109808029546911711804568767548e-01
6.1557469375690732071859656571177765727043e-01
6.6944648283247010223107054116553626954556e-01
6.3659792147585492205763557649333961308002e-01
7.1222846952232765627144317477359436452389e-01
7.3812292664676926179367910663131624460220e-01
6.1020410122378265782572270836681127548218e-01
7.0523603451221539284432537897373549640179e-01
6.1020410122378265782572270836681127548218e-01
6.7474038857615026287817272532265633344650e-01
7.5611360047197351264003373216837644577026e-01
5.5671823618533244903971990424906834959984e-01
4.7074752249930867931126954317733179777861e-01
1.0000000000000000000000000000000000000000e+00
8.8181610055334747055866273512947373092175e-01
8.1282062229006046827350928651867434382439e-01
1.0000000000000000000000000000000000000000e+00
7.4760298689490245482858199466136284172535e-01
1.0000000000000000000000000000000000000000e+00
7.5720791181490432197875861675129272043705e-01
8.7142267840537601664152589364675804972649e-01
4.3866223492077083268014803252299316227436e-01
3.4999245745642293403676603702479042112827e-01
7.8088885961218645892500944682979024946690e-01
2.1414161873866821572676144569413736462593e-01
5.3838755950430006169682428662781603634357e-01
1.0000000000000000000000000000000000000000e+00
5.5663437092637324532518050546059384942055e-01
6.3738353872635100660914986292482353746891e-01
3.7786769088569349683837117481743916869164e-01
5.8704687667416444174506295894389040768147e-01
4.8607153017719745280444954005361068993807e-01
6.3777379202212602926636009215144440531731e-01
4.9484355981725836048923383714281953871250e-01
3.3637575065133468177336339977046009153128e-01
4.9484355981725836048923383714281953871250e-01
5.8085047664109312748337288212496787309647e-01
3.9152159888924842334745335392653942108154e-01
0.0000000000000000000000000000000000000000e+00
7.9755975860375172281635514082154259085655e-01
1.0000000000000000000000000000000000000000e+00
6.7193857680602053772389581354218535125256e-01
7.9088792985398292945120601871167309582233e-01
7.1104403098633550683871362707577645778656e-01
9.2949020668080672979982637116336263716221e-01
6.7226328992428419084603774535935372114182e-01
7.5184321893096539568546177179086953401566e-01
6.7226328992428419084603774535935372114182e-01
8.8142316431437839341356266231741756200790e-01
6.8436554413488837056434022088069468736649e-01
7.3812292664676926179367910663131624460220e-01
8.7847656570179344370785656792577356100082e-01
7.2536213650242209460827780276304110884666e-01
0.0000000000000000000000000000000000000000e+00
7.6229007510794166702083884956664405763149e-01
9.0304396772184092334612159902462735772133e-01
6.8032645429813953796838177368044853210449e-01
6.3680237251858406999360795452957972884178e-01
5.9883665748183700916484895060420967638493e-01
8.8504086023190142729077933836379088461399e-01
6.4930033486675542420130113896448165178299e-01
6.4748524804789298059404245577752590179443e-01
9.4919994193841872309747031977167353034019e-01
5.4596588818636082596214009754476137459278e-01
6.9986303990204989933232582188793458044529e-01
6.9986303990204989933232582188793458044529e-01
7.7322485234477889015636264957720413804054e-01
6.8999842427499213926012089359574019908905e-01
7.7768529221487736613482866232516244053841e-01
5.4596588818636082596214009754476137459278e-01
5.7248304315143394571663293390884064137936e-01
1.0000000000000000000000000000000000000000e+00
7.2055163355310991590840785647742450237274e-01
6.5755176960436978461643775517586618661880e-01
9.3216251597070742818118560535367578268051e-01
9.9135741283536704671064399008173495531082e-01
6.7440760960589352102090288099134340882301e-01
6.3253017455986426664793498275685124099255e-01
5.4804589706095785395234543102560564875603e-01
5.0704470114779942591098915727343410253525e-01
6.2923056819408607065469141161884181201458e-01
5.5671823618533244903971990424906834959984e-01
4.3778103567785286998059746110811829566956e-01
6.0069668509653484367305509294965304434299e-01
6.7456333791844780289892469227197580039501e-01
7.0563177216017303194917076325509697198868e-01
3.2058297549096481660058088891673833131790e-01
5.5215764807645817402459442746476270258427e-01
1.0000000000000000000000000000000000000000e+00
7.5821836142847431894153942266711965203285e-01
4.9461972828734546148155004630098119378090e-01
1.0000000000000000000000000000000000000000e+00
8.5602241343286367136755643514334224164486e-01
6.9473709476809442087130719301057979464531e-01
1.0000000000000000000000000000000000000000e+00
4.9461972828735856211324062314815819263458e-01
6.7922170458327602027281955088255926966667e-01
5.4798894491907601533853267028462141752243e-01
1.0000000000000000000000000000000000000000e+00
1.0000000000000000000000000000000000000000e+00
4.7742166629428828272807550092693418264389e-01
1.0000000000000000000000000000000000000000e+00
7.9969923239989770813451741560129448771477e-01
1.0000000000000000000000000000000000000000e+00
0.0000000000000000000000000000000000000000e+00
3.4691368478901579708306712745979893952608e-01
7.6055799548440494728396288337535224854946e-01
7.9047946073201535988062005344545468688011e-01
6.3916151703392698468775279252440668642521e-01
6.5697869492079830067154944117646664381027e-01
8.3979383381617522807971454312792047858238e-01
6.7194965546034413073073210398433730006218e-01
9.1852342734153247238992889833752997219563e-01
6.7407356398973505839933295646915212273598e-01
5.8218545655078346445776560358353890478611e-01
6.4558960977236423683933708161930553615093e-01
6.5291805001274161313062904810067266225815e-01
5.2441637534219187610773360574967227876186e-01
3.4691368478901579708306712745979893952608e-01
7.2497574248604834679099440108984708786011e-01
7.2546929506288582167883305373834446072578e-01
6.4885740510468492558970865502487868070602e-01
5.6231541662802086989358940627425909042358e-01
3.4691368478901579708306712745979893952608e-01
5.5865002463805801813379048326169140636921e-01
7.3287967650028340571566332073416560888290e-01
7.8497234265235193984011630163877271115780e-01
6.8319003244561515852950606131344102323055e-01
5.4584567300545017154433935502311214804649e-01
6.7474311921676810577253036171896383166313e-01
9.2852619396697932963036237197229638695717e-01
6.5387346513450972373959757533157244324684e-01
7.3336945862780422711324490592232905328274e-01
4.5195910208705858401856403361307457089424e-01
4.9341082740662389749530802873778156936169e-01
7.4636412386055006606966344406828284263611e-01
5.2464099775020600624486633023479953408241e-01
5.1876722525692597898228086705785244703293e-01
1.0000000000000000000000000000000000000000e+00
6.1162498606087079000559469932341016829014e-01
6.2270892534630906123283011766034178435802e-01
5.7973470463119269879825878888368606567383e-01
7.4044282564390651035779455924057401716709e-01
3.3257067369020565372750297683523967862129e-01
1.4702716751157307584207956097088754177094e-01
2.5371614351177429469430535391438752412796e-01
4.2725854125501627756023026449838653206825e-01
3.3673972830082737894841216075292322784662e-01
0.0000000000000000000000000000000000000000e+00
5.8601075906596089559741358243627473711967e-01
3.8367923943077453241556895591202192008495e-01
1.3886698323233317986513668529369169846177e-01
6.2118688883389339139284857083112001419067e-02
2.8150275311816436163425692029704805463552e-01
3.1207853559647780183894383299048058688641e-01
5.5671823618533244903971990424906834959984e-01
2.1414161873866821572676144569413736462593e-01
0.0000000000000000000000000000000000000000e+00
0.0000000000000000000000000000000000000000e+00
5.4596588818636082596214009754476137459278e-01
3.2058297549096481660058088891673833131790e-01
0.0000000000000000000000000000000000000000e+00
3.4691368478901579708306712745979893952608e-01
3.3257067369020565372750297683523967862129e-01
0.0000000000000000000000000000000000000000e+00
1.4702716751157307584207956097088754177094e-01
2.5371614351177429469430535391438752412796e-01
4.2725854125501627756023026449838653206825e-01
3.3673972830082737894841216075292322784662e-01
0.0000000000000000000000000000000000000000e+00
5.8601075906596089559741358243627473711967e-01
3.8367923943077453241556895591202192008495e-01
1.3886698323233317986513668529369169846177e-01
6.2118688883389339139284857083112001419067e-02
2.8150275311816436163425692029704805463552e-01
3.1207853559647780183894383299048058688641e-01
5.5671823618533244903971990424906834959984e-01
2.1414161873866821572676144569413736462593e-01
0.0000000000000000000000000000000000000000e+00
0.0000000000000000000000000000000000000000e+00
5.4596588818636082596214009754476137459278e-01
3.2058297549096481660058088891673833131790e-01
0.0000000000000000000000000000000000000000e+00
3.4691368478901579708306712745979893952608e-01
3.3257067369020565372750297683523967862129e-01
0.0000000000000000000000000000000000000000e+00
0.0000000000000000000000000000000000000000e+00
1.4702716751157307584207956097088754177094e-01
2.5371614351177429469430535391438752412796e-01
4.2725854125501627756023026449838653206825e-01
3.3673972830082737894841216075292322784662e-01
0.0000000000000000000000000000000000000000e+00
5.8601075906596089559741358243627473711967e-01
3.8367923943077453241556895591202192008495e-01
1.3886698323233317986513668529369169846177e-01
6.2118688883389339139284857083112001419067e-02
2.8150275311816436163425692029704805463552e-01
3.1207853559647780183894383299048058688641e-01
5.5671823618533244903971990424906834959984e-01
2.1414161873866821572676144569413736462593e-01
0.0000000000000000000000000000000000000000e+00
0.0000000000000000000000000000000000000000e+00
5.4596588818636082596214009754476137459278e-01
3.2058297549096481660058088891673833131790e-01
0.0000000000000000000000000000000000000000e+00
3.4691368478901579708306712745979893952608e-01
3.3257067369020565372750297683523967862129e-01
0.0000000000000000000000000000000000000000e+00
0.0000000000000000000000000000000000000000e+00
0.0000000000000000000000000000000000000000e+00
7.4042849429136623484737356193363666534424e+01
6.3739077164868096492256199780968017876148e-01
