1
0
23
5.4773190085428091755659352202201262116432e-01
3.8262980242406141595523649812093935906887e-01
1.0914816894431032812118331776218838058412e-01
8.3827293480459275087923742830753326416016e-01
2.2252671416110636481988649393315427005291e-01
6.4413781524595981053948889893945306539536e-01
6.4090148802905688718567489559063687920570e-01
4.1092529823606149808057352856849320232868e-01
7.2245590998429942697356409553322009742260e-01
8.8273105105022942051817835817928425967693e-01
5.0570816559842757254017442392068915069103e-01
4.1092081605305558200669224788725841790438e-01
6.9568348643832844668821735467645339667797e-01
7.9369615633731771531245158257661387324333e-01
1.0000000000000000000000000000000000000000e+00
8.4476204054868431203573209131718613207340e-01
0.0000000000000000000000000000000000000000e+00
9.7710989839341100271496998175280168652534e-01
7.3293979016278099081205255060922354459763e-01
6.7587904047178848365717840351862832903862e-01
6.5333862078734894485165796140790916979313e-01
7.4505408821838903232759321326739154756069e-01
5.9081136693269775683745592687046155333519e-01
5.3325376177978234260024237300967797636986e-01
6.1973471302637805901980527778505347669125e-01
6.8693837209536989796276884590042755007744e-01
6.8537434497910731945324869229807518422604e-01
6.1889076688190125530297791556222364306450e-01
6.8693837209536989796276884590042755007744e-01
3.2416446070955012848102683165052440017462e-01
6.9666092569924498167921456115436740219593e-01
7.3847844348708613360088293120497837662697e-01
5.5977357120641935139815359434578567743301e-01
7.7576710815436655810373167696525342762470e-01
1.0000000000000000000000000000000000000000e+00
9.3584989026262199729444546392187476158142e-01
6.9500096269385902569837298869970254600048e-01
1.6413761524918152323593290020653512328863e-01
5.9397106461836635116213756191427819430828e-01
7.2985568212060802917307000825530849397182e-01
6.4090148802905688718567489559063687920570e-01
7.7318185944661677044820180526585318148136e-01
7.8694536811047122171203227480873465538025e-01
1.0000000000000000000000000000000000000000e+00
6.1000040813124367655717605885001830756664e-01
4.8003869640154211984039989147277083247900e-01
9.1338736254105157286176108755171298980713e-02
5.2893134005342601344779041028232313692570e-01
5.4985042227576153006651793475612066686153e-01
5.6837827778987304316871131959487684071064e-01
7.6700882968867700739679094112943857908249e-01
6.2216005763692394658903594972798600792885e-01
7.2507237967284132729162138275569304823875e-01
6.0196937427429197953188122482970356941223e-01
7.0751680539241834644315076729981228709221e-01
7.3825634822654417899201462205382995307446e-01
2.8914203152447015554571407847106456756592e-01
5.3325376177978289771175468558794818818569e-01
8.3724260148574447537583864686894230544567e-01
5.9071113280994280714253363839816302061081e-01
7.0897916197466515075831239300896413624287e-01
5.6161537649396020555059294565580785274506e-01
8.6222588463827143367979033428127877414227e-01
7.3682226486213575622485905114444904029369e-01
9.3564968663287961803121106640901416540146e-01
7.7065242974404934983567727613262832164764e-01
5.1936211348031002810188283547176979482174e-01
2.9001454322435155086523650425078812986612e-01
6.4595081453966773921138155856169760227203e-01
6.4090148802905688718567489559063687920570e-01
6.6643604298883807324216377310222014784813e-01
6.8976845448401413740668886021012440323830e-01
7.5915142200926644111547147986129857599735e-01
7.6830757472370236893510764275561086833477e-01
6.0834398028846659034485355732613243162632e-01
7.3847844348708613360088293120497837662697e-01
6.4090148802905688718567489559063687920570e-01
7.2855351873754414793182831999729387462139e-01
7.5915142200926633009316901734564453363419e-01
5.2273295127710495133754875496379099786282e-01
4.5068112706361262986831661692121997475624e-01
9.9977724110872012719397616820060648024082e-01
8.9288162070875631837196806372958235442638e-01
8.1671330866235380963047418845235370099545e-01
1.0000000000000000000000000000000000000000e+00
7.2273810358610013349078826649929396808147e-01
1.0000000000000000000000000000000000000000e+00
7.7051450530639653546671752337715588510036e-01
9.9949116888573652506266853379202075302601e-01
4.2083902100811609869879248435609042644501e-01
3.2796671453367676196677393818390555679798e-01
7.8484555553109569547842738757026381790638e-01
1.0215917091532389360253318955074064433575e-01
6.1024230671360890632115570042515173554420e-01
1.0000000000000000000000000000000000000000e+00
5.8984268462971944924078115946031175553799e-01
7.0172192747379336097424129548016935586929e-01
3.8636704120531562001161773878266103565693e-01
5.9081136693269775683745592687046155333519e-01
5.2868339316781376435727679563569836318493e-01
6.3837770434522744800176496937638148665428e-01
5.1936211348030969503497544792480766773224e-01
3.7133327637547625110769899947626981884241e-01
5.1936211348031002810188283547176979482174e-01
6.5839506886683574204965907483710907399654e-01
3.5885240320707295635926925569947343319654e-01
4.2110783775438531684187637438299134373665e-02
7.9384801005557203978924007969908416271210e-01
9.0219457538730452039743568093399517238140e-01
6.6643604298883807324216377310222014784813e-01
7.5963477797589429307834052451653406023979e-01
7.0841680693748332320325289401807822287083e-01
9.0439082250417934805142294862889684736729e-01
6.6003509192398257532374827860621735453606e-01
7.7291311696109099571572187414858490228653e-01
7.0253733315409561122066861571511253714561e-01
8.6810523377079418239077313046436756849289e-01
6.9596461101943662974633753037778660655022e-01
7.4058923842734325493353253477835096418858e-01
7.9293802317264083789893902576295658946037e-01
7.2959862445417922316437397967092692852020e-01
0.0000000000000000000000000000000000000000e+00
6.6029302937892175862089061411097645759583e-01
9.0747428317325617985744656834867782890797e-01
6.6643604298883807324216377310222014784813e-01
6.5333862078734894485165796140790916979313e-01
7.2615621795863105614188270919839851558208e-01
8.6569745718322876903982887597521767020226e-01
6.5393197927556545590022096803295426070690e-01
6.6953006413685456355011638152063824236393e-01
9.4083760183510622976399417893844656646252e-01
5.5763411640507709599035024439217522740364e-01
7.2172462505631818086015982771641574800014e-01
7.2172462505631818086015982771641574800014e-01
7.7530869157652904100075375026790425181389e-01
7.4149622560256234216069515241542831063271e-01
7.5963477797589429307834052451653406023979e-01
5.5763411640507709599035024439217522740364e-01
5.4749291099387176195989468396874144673347e-01
1.0000000000000000000000000000000000000000e+00
7.4652170403741524573604237957624718546867e-01
7.1077226062907061798767927029985003173351e-01
9.8691133613013326542073855307535268366337e-01
9.6665323997128949073953663173597306013107e-01
6.6831999361638583234679344968753866851330e-01
6.6831999361637772771871368604479357600212e-01
5.9260457937278665507818686819518916308880e-01
5.5422676139023907548875058637349866330624e-01
6.6206244294174343423264872399158775806427e-01
6.1229247903992245483095757663249969482422e-01
4.8648097552573932311759108415571972727776e-01
6.4274929925644108674731569408322684466839e-01
6.6662738930631670886128858910524286329746e-01
7.2259326474888097013860033257515169680119e-01
3.7145023790694636778297876844590064138174e-01
5.0395692426714122635900139357545413076878e-01
9.0148449443151756899084148244583047926426e-01
8.3052022597022645555853159748949110507965e-01
5.9774646773216189021837863037944771349430e-01
1.0000000000000000000000000000000000000000e+00
1.0000000000000000000000000000000000000000e+00
7.0428030233065952447901736377389170229435e-01
9.5718967815430300305479249800555408000946e-01
4.7010983629540303851968019444029778242111e-01
6.9356705871858170819876932000624947249889e-01
5.6491749431462412456284027939545921981335e-01
1.0000000000000000000000000000000000000000e+00
5.9159565929773894055188065976835787296295e-01
4.6893428993255148462537817977136000990868e-01
8.9556444217701458576641471154289320111275e-01
6.2131022205129937674428219906985759735107e-01
8.5880892992747137615339170224615372717381e-01
0.0000000000000000000000000000000000000000e+00
3.6016990560038852908775197647628374397755e-01
7.8144739310726907266513308059074915945530e-01
7.8981787741619380316393517205142416059971e-01
6.4757836352487763154073263649479486048222e-01
6.1695226480722353823438197650830261409283e-01
8.6870255591398848338258176227100193500519e-01
6.6985728101341823759184990194626152515411e-01
9.1753099730827292201951195238507352769375e-01
6.5873428844827452977028769964817911386490e-01
5.9265079300889089708448409510310739278793e-01
6.6121665421881459234754174758563749492168e-01
6.4492574029634586185721900619682855904102e-01
5.3704692098662043520107545191422104835510e-01
3.8508512506203240732816084346268326044083e-01
7.2551491579236615514503228041576221585274e-01
7.2172462505631818086015982771641574800014e-01
6.6388832555214449815395028053899295628071e-01
6.9198043708467005252771286905044689774513e-01
3.6016990560038852908775197647628374397755e-01
5.3918251452113086230610861093737185001373e-01
7.6909831972832098934134137380169704556465e-01
7.5334479848362501108738342736614868044853e-01
7.2121396282560568113950694169034250080585e-01
5.3883085963087118397396579894120804965496e-01
7.0031287209043069363900713142356835305691e-01
9.4034008883190067784596521960338577628136e-01
6.7421664243590817555684679973637685179710e-01
7.4896043501236453376890267463750205934048e-01
4.5003280608256696071478586418379563838243e-01
4.9516370765739331494259545252134557813406e-01
7.3084058054035738738463123809196986258030e-01
5.4424594691536321011682275639032013714314e-01
5.4183133099911151564498368315980769693851e-01
1.0000000000000000000000000000000000000000e+00
6.1329104417283064609733855832018889486790e-01
6.1329104417282953587431393316364847123623e-01
6.2710054379311375161165642566629685461521e-01
7.0411216651626395979235439881449565291405e-01
3.4417781533482588729455642351240385323763e-01
1.0914816894431032812118331776218838058412e-01
2.2252671416110636481988649393315427005291e-01
4.1092529823606149808057352856849320232868e-01
4.1092081605305558200669224788725841790438e-01
0.0000000000000000000000000000000000000000e+00
5.9081136693269775683745592687046155333519e-01
3.2416446070955012848102683165052440017462e-01
1.6413761524918152323593290020653512328863e-01
9.1338736254105157286176108755171298980713e-02
2.8914203152447015554571407847106456756592e-01
2.9001454322435155086523650425078812986612e-01
5.2273295127710495133754875496379099786282e-01
1.0215917091532389360253318955074064433575e-01
4.2110783775438531684187637438299134373665e-02
0.0000000000000000000000000000000000000000e+00
5.5763411640507709599035024439217522740364e-01
3.7145023790694636778297876844590064138174e-01
0.0000000000000000000000000000000000000000e+00
3.6016990560038852908775197647628374397755e-01
3.4417781533482588729455642351240385323763e-01
0.0000000000000000000000000000000000000000e+00
1.0914816894431032812118331776218838058412e-01
2.2252671416110636481988649393315427005291e-01
4.1092529823606149808057352856849320232868e-01
4.1092081605305558200669224788725841790438e-01
0.0000000000000000000000000000000000000000e+00
5.9081136693269775683745592687046155333519e-01
3.2416446070955012848102683165052440017462e-01
1.6413761524918152323593290020653512328863e-01
9.1338736254105157286176108755171298980713e-02
2.8914203152447015554571407847106456756592e-01
2.9001454322435155086523650425078812986612e-01
5.2273295127710495133754875496379099786282e-01
1.0215917091532389360253318955074064433575e-01
4.2110783775438531684187637438299134373665e-02
0.0000000000000000000000000000000000000000e+00
5.5763411640507709599035024439217522740364e-01
3.7145023790694636778297876844590064138174e-01
0.0000000000000000000000000000000000000000e+00
3.6016990560038852908775197647628374397755e-01
3.4417781533482588729455642351240385323763e-01
0.0000000000000000000000000000000000000000e+00
0.0000000000000000000000000000000000000000e+00
1.0914816894431032812118331776218838058412e-01
2.2252671416110636481988649393315427005291e-01
4.1092529823606149808057352856849320232868e-01
4.1092081605305558200669224788725841790438e-01
0.0000000000000000000000000000000000000000e+00
5.9081136693269775683745592687046155333519e-01
3.2416446070955012848102683165052440017462e-01
1.6413761524918152323593290020653512328863e-01
9.1338736254105157286176108755171298980713e-02
2.8914203152447015554571407847106456756592e-01
2.9001454322435155086523650425078812986612e-01
5.2273295127710495133754875496379099786282e-01
1.0215917091532389360253318955074064433575e-01
4.2110783775438531684187637438299134373665e-02
0.0000000000000000000000000000000000000000e+00
5.5763411640507709599035024439217522740364e-01
3.7145023790694636778297876844590064138174e-01
0.0000000000000000000000000000000000000000e+00
3.6016990560038852908775197647628374397755e-01
3.4417781533482588729455642351240385323763e-01
0.0000000000000000000000000000000000000000e+00
0.0000000000000000000000000000000000000000e+00
0.0000000000000000000000000000000000000000e+00
7.5591027769586375484323070850223302841187e+01
6.6448486161087949586345757779781706631184e-01
