1
0
23
5.5778321196670788140181684866547584533691e-01
3.8277814115542241335532480661640875041485e-01
1.2488030782867783063938560417227563448250e-01
9.1359049064752184676763135939836502075195e-01
2.2839847419510217463312073959968984127045e-01
6.4031908552342908791388254030607640743256e-01
6.6227814599888856772480494328192435204983e-01
4.4347072292386496839000642466999124735594e-01
7.2655811470901943138755996187683194875717e-01
8.6625176194279784880336592323146760463715e-01
5.0570513197564470608824649389134719967842e-01
3.8816264001504341418780086314654909074306e-01
6.5314005084791748600991923012770712375641e-01
8.0267321600803920311761885386658832430840e-01
1.0000000000000000000000000000000000000000e+00
8.0334964032469691197491101775085553526878e-01
0.0000000000000000000000000000000000000000e+00
1.0000000000000000000000000000000000000000e+00
7.4007367568657900225304047125973738729954e-01
7.0643283658825828386085277088568545877934e-01
6.4370344197764328697530800127424299716949e-01
7.3779560184438874870238578296266496181488e-01
5.8542414075341120405227002265746705234051e-01
5.2109502347949598899390366568695753812790e-01
6.3156645195399474523867411335231736302376e-01
7.0931142728496843208318978213355876505375e-01
7.0404357380887339079578168821171857416630e-01
6.1922384429189436527707357527106069028378e-01
7.0931142728496843208318978213355876505375e-01
3.3421944379560170057530399390088859945536e-01
6.8266351979538575367456587628112174570560e-01
7.3869283821156850322608988790307193994522e-01
5.7707951905687659976962322616600431501865e-01
8.2641493570691038073050549428444355726242e-01
1.0000000000000000000000000000000000000000e+00
9.4969045927535589157741924282163381576538e-01
7.1205325324553236931990340963238850235939e-01
1.7335332770712919003841534504317678511143e-01
5.8150750419892571763114119676174595952034e-01
7.6123459270754034733386106381658464670181e-01
6.2543136071848859369737283486756496131420e-01
7.5196854745224683824744715820997953414917e-01
7.8475430844816373987526958444504998624325e-01
1.0000000000000000000000000000000000000000e+00
6.1643085727961144382192060220404528081417e-01
4.7259862427658344552483526967989746481180e-01
4.9446236106548080435629799467278644442558e-02
5.3911220132442072561218537884997203946114e-01
5.5924630237346406591569802912999875843525e-01
5.8877683193297769559393373128841631114483e-01
7.9430370332996469429076569213066250085831e-01
6.2467054067627736380075020861113443970680e-01
7.3616013975100980104571135598234832286835e-01
6.1749431378901309397377872301149182021618e-01
6.8985130734341093550199275341583415865898e-01
7.4039942668268321490643302240641787648201e-01
3.0332415117821520667007462179753929376602e-01
5.6121459541797158454556893047993071377277e-01
8.2669332644314952318609357462264597415924e-01
5.9801117753476007443680373398819938302040e-01
7.1215562538176702123138284150627441704273e-01
5.4008662636326620898330475029069930315018e-01
8.3978937103394024621394464702461846172810e-01
7.4367390888833773132660098781343549489975e-01
9.5582386590776358126220202393596991896629e-01
7.3543519206850604952308003703365102410316e-01
5.3049411574780958034125433187000453472137e-01
3.0693134909733987836233382040518335998058e-01
6.4031908552343175244914164068177342414856e-01
6.4263036769084702637400141611578874289989e-01
6.8831668204544760314433915482368320226669e-01
6.6893817872024707860134640213800594210625e-01
7.3431580765746418126838079842855222523212e-01
7.5369687463132373217433723766589537262917e-01
6.1112418688806335875796094114775769412518e-01
7.3547321807258325687683964133611880242825e-01
6.2543136071848848267507037235191091895103e-01
7.3616013975101257660327291887369938194752e-01
7.6182677998184766821054836327675729990005e-01
5.3336278043096696510616538944304920732975e-01
4.5228295503037518887623491536942310631275e-01
1.0000000000000000000000000000000000000000e+00
8.7857506396960471928281322107068262994289e-01
8.1596261382521284577507003632490523159504e-01
1.0000000000000000000000000000000000000000e+00
7.5377794489100335972864286304684355854988e-01
9.5884328946866770326806772573036141693592e-01
7.8013504622730922566375966198393143713474e-01
9.2181896589857581503224537300411611795425e-01
4.3175688466944694976490382032352499663830e-01
3.4567062911542589809243963827611878514290e-01
7.7471399986881250843140378492535091936588e-01
1.0207105647294290040605346803204156458378e-01
5.7378156684124714814743128954432904720306e-01
1.0000000000000000000000000000000000000000e+00
6.1568499812679899907408298531663604080677e-01
6.6482057233677205321242809077375568449497e-01
4.0050923543185412700751157899503596127033e-01
5.8542414075341120405227002265746705234051e-01
5.1250431738871071729590767063200473785400e-01
6.4708878843274841852206691328319720923901e-01
5.0573115844088034620540383912157267332077e-01
3.7540644223562513737135759583907201886177e-01
5.2600487952382724010647052637068554759026e-01
6.4223375024537077138120366726070642471313e-01
3.2957419049187308690562758783926256000996e-01
1.2779299637054293906079927012342523084953e-02
7.8900561952791792297290385249652899801731e-01
9.9861591008893990650818750509642995893955e-01
6.9403061544202582222595765415462665259838e-01
7.8463504274752515765811722303624264895916e-01
7.2544774254638533239614162084762938320637e-01
9.3132502811446704615860880949185229837894e-01
6.5868689699237248369456665386678650975227e-01
7.6264386746928380933496782745351083576679e-01
6.6563426611375575703277718275785446166992e-01
8.7982441136969957717894885718123987317085e-01
6.6887338010619912243015505737275816500187e-01
7.4165227335900818506075893310480751097202e-01
7.7816262840786443177876208210363984107971e-01
7.0838074007900908579671295228763483464718e-01
0.0000000000000000000000000000000000000000e+00
6.8103661797532311084069078788161277770996e-01
8.9145346109395506850603396742371842265129e-01
6.9403061544202582222595765415462665259838e-01
6.4459521438414923988347027261625044047832e-01
7.2496047449488354441626825064304284751415e-01
8.8764545470612599142867793489131145179272e-01
6.5934341623037839852372599125374108552933e-01
6.6128365384551213157493521066498942673206e-01
9.4163590021570742205625492715626023709774e-01
5.5924630237346406591569802912999875843525e-01
7.1783320009211160073192559138988144695759e-01
7.1783320009210715983982709076371975243092e-01
7.5580953362937741690785742321168072521687e-01
7.3665196879896333026493948636925779283047e-01
7.7160152580489782536687926040031015872955e-01
5.5924630237346406591569802912999875843525e-01
5.7483652959135256299560978732188232243061e-01
1.0000000000000000000000000000000000000000e+00
7.4250900970872235618003287527244538068771e-01
7.1272321004806071798043376475106924772263e-01
9.9230530942273120764696159312734380364418e-01
9.6905607277425942491788646293571218848228e-01
6.6725921667565679662459388055140152573586e-01
6.3798184819533576561667587156989611685276e-01
5.5675743359375706731384525483008474111557e-01
5.4359931495836355530570926930522546172142e-01
6.5485119916035849918500844069058075547218e-01
5.8073141798453498108045778280938975512981e-01
4.8113433359300750158382697918568737804890e-01
6.1167285051523800909478723042411729693413e-01
6.7027788627777151742037631265702657401562e-01
7.1830331568564531607989920303225517272949e-01
3.5440987210912772154003391733567696064711e-01
4.7046753234384608433060748211573809385300e-01
9.5420176603584894170495545040466822683811e-01
7.8341502719695388368137400902924127876759e-01
5.3155378738981917674522037486894987523556e-01
1.0000000000000000000000000000000000000000e+00
1.0000000000000000000000000000000000000000e+00
6.7480892522922419907160929142264649271965e-01
9.7391251031869752186054256526404060423374e-01
4.4859318108159895732711675009340979158878e-01
7.0547113927980209524548627086915075778961e-01
5.4341887128243870908050894286134280264378e-01
1.0000000000000000000000000000000000000000e+00
8.4832156032346672791533137569786049425602e-01
4.6072088513902470507943576194520574063063e-01
1.0000000000000000000000000000000000000000e+00
6.4472208490487048493378097191452980041504e-01
1.0000000000000000000000000000000000000000e+00
0.0000000000000000000000000000000000000000e+00
3.5032450916195567724997772529604844748974e-01
7.6494582520654297308482227890635840594769e-01
7.9525173694477846453310121432878077030182e-01
6.4459521438415123828491459789802320301533e-01
5.7729571768043996815578111636568792164326e-01
8.6646252766657050337073542323196306824684e-01
6.6825724645373840715478763740975409746170e-01
9.1966242630270456093199982205987907946110e-01
6.6144040232751055707893783619510941207409e-01
5.8877683193297769559393373128841631114483e-01
6.4361917691592085422058744370588101446629e-01
6.4676181973199731167767367878695949912071e-01
5.6202178134460190062071660577203147113323e-01
3.6244600523973918848597008945944253355265e-01
7.1681045736045945204750751145184040069580e-01
7.2295301486640117794024718023138120770454e-01
6.5987744048334850965886744234012439846992e-01
6.7706156504927483830158507771557196974754e-01
3.5032450916195567724997772529604844748974e-01
5.4752069526148483546990064496640115976334e-01
7.4007367568657900225304047125973738729954e-01
7.7108346191195453744882115643122233450413e-01
6.9413771688578240759426307704416103661060e-01
5.3476735585199486333607410415424965322018e-01
7.0420809462816136292673263596952892839909e-01
9.2782965762107660889768112610909156501293e-01
6.8003793237039489305573169986018911004066e-01
7.2631029351427411899777553117019124329090e-01
4.5513190806857600767543203801324125379324e-01
5.0062007589930224149554760515457019209862e-01
7.4165227335901184879674019612139090895653e-01
5.1187231924142539973843213374493643641472e-01
5.3766512445717884460805180424358695745468e-01
9.9130781243945442771092757539008744060993e-01
6.1418892138075720232848198065767064690590e-01
6.2102514976298295312773234400083310902119e-01
6.0848755709251478585031236434588208794594e-01
6.9245667522044673791725699629751034080982e-01
3.3960123926558910545381309020740445703268e-01
1.2488030782867783063938560417227563448250e-01
2.2839847419510217463312073959968984127045e-01
4.4347072292386496839000642466999124735594e-01
3.8816264001504341418780086314654909074306e-01
0.0000000000000000000000000000000000000000e+00
5.8542414075341120405227002265746705234051e-01
3.3421944379560170057530399390088859945536e-01
1.7335332770712919003841534504317678511143e-01
4.9446236106548080435629799467278644442558e-02
3.0332415117821520667007462179753929376602e-01
3.0693134909733987836233382040518335998058e-01
5.3336278043096696510616538944304920732975e-01
1.0207105647294290040605346803204156458378e-01
1.2779299637054293906079927012342523084953e-02
0.0000000000000000000000000000000000000000e+00
5.5924630237346406591569802912999875843525e-01
3.5440987210912772154003391733567696064711e-01
0.0000000000000000000000000000000000000000e+00
3.5032450916195567724997772529604844748974e-01
3.3960123926558910545381309020740445703268e-01
0.0000000000000000000000000000000000000000e+00
1.2488030782867783063938560417227563448250e-01
2.2839847419510217463312073959968984127045e-01
4.4347072292386496839000642466999124735594e-01
3.8816264001504341418780086314654909074306e-01
0.0000000000000000000000000000000000000000e+00
5.8542414075341120405227002265746705234051e-01
3.3421944379560170057530399390088859945536e-01
1.7335332770712919003841534504317678511143e-01
4.9446236106548080435629799467278644442558e-02
3.0332415117821520667007462179753929376602e-01
3.0693134909733987836233382040518335998058e-01
5.3336278043096696510616538944304920732975e-01
1.0207105647294290040605346803204156458378e-01
1.2779299637054293906079927012342523084953e-02
0.0000000000000000000000000000000000000000e+00
5.5924630237346406591569802912999875843525e-01
3.5440987210912772154003391733567696064711e-01
0.0000000000000000000000000000000000000000e+00
3.5032450916195567724997772529604844748974e-01
3.3960123926558910545381309020740445703268e-01
0.0000000000000000000000000000000000000000e+00
0.0000000000000000000000000000000000000000e+00
1.2488030782867783063938560417227563448250e-01
2.2839847419510217463312073959968984127045e-01
4.4347072292386496839000642466999124735594e-01
3.8816264001504341418780086314654909074306e-01
0.0000000000000000000000000000000000000000e+00
5.8542414075341120405227002265746705234051e-01
3.3421944379560170057530399390088859945536e-01
1.7335332770712919003841534504317678511143e-01
4.9446236106548080435629799467278644442558e-02
3.0332415117821520667007462179753929376602e-01
3.0693134909733987836233382040518335998058e-01
5.3336278043096696510616538944304920732975e-01
1.0207105647294290040605346803204156458378e-01
1.2779299637054293906079927012342523084953e-02
0.0000000000000000000000000000000000000000e+00
5.5924630237346406591569802912999875843525e-01
3.5440987210912772154003391733567696064711e-01
0.0000000000000000000000000000000000000000e+00
3.5032450916195567724997772529604844748974e-01
3.3960123926558910545381309020740445703268e-01
0.0000000000000000000000000000000000000000e+00
0.0000000000000000000000000000000000000000e+00
0.0000000000000000000000000000000000000000e+00
7.5198310906796933750229072757065296173096e+01
6.5289217294062629193263092020060867071152e-01
