1
0
23
5.3830046509378592922701045608846470713615e-01
4.2874846001383526417072289405041374266148e-01
3.4011077142159990005509939692274201661348e-01
8.1508927849447876390343026287155225872993e-01
2.8930716572102588290960056838230229914188e-01
7.7573725100530299680912094117957167327404e-01
7.6325370451605212274159839580534026026726e-01
4.7863087185520930555426843966415617614985e-01
8.4789333216501006074139468182693235576153e-01
8.7651462713848293795138033601688221096992e-01
6.2572533035686195290736577589996159076691e-01
4.5323456802167200185849083027278538793325e-01
8.9530348106517321227215688850264996290207e-01
9.2305804501424648655927285290090367197990e-01
1.0000000000000000000000000000000000000000e+00
8.2566232750907664339479197224136441946030e-01
0.0000000000000000000000000000000000000000e+00
9.5088746967841852875125141508760862052441e-01
8.1438368641560821004077297402545809745789e-01
7.6614272166025709775993846051278524100780e-01
7.1904729679289192123547991286613978445530e-01
8.3961035452112131594049060367979109287262e-01
6.0796605813874726731427244885708205401897e-01
7.2368523086591518556076607637805864214897e-01
7.4490048619669935181519804245908744633198e-01
7.5955610370526294161663827253505587577820e-01
7.0868834883396103485608819028129801154137e-01
7.9660698366046278628971322177676483988762e-01
6.9766501896398469551030530055868439376354e-01
4.3799204276452557982324265140050556510687e-01
7.4572503295117908983513643761398270726204e-01
8.5112037446050048394852183264447376132011e-01
7.4266940483144616713673258345806971192360e-01
8.1540221045763905394210269150789827108383e-01
1.0000000000000000000000000000000000000000e+00
9.2761523959614211598534438962815329432487e-01
7.9316888691686082690779358017607592046261e-01
3.1624645166640058535634238978673238307238e-01
7.4241359600905010296401087543927133083344e-01
7.4483287504968131997884484007954597473145e-01
7.6325370451605212274159839580534026026726e-01
9.4530973102924842343952605006052181124687e-01
1.0000000000000000000000000000000000000000e+00
9.1166993055006106949633704061852768063545e-01
7.5149359890242739545840322534786537289619e-01
7.4157342853230279189347129431553184986115e-01
3.1130995756322049627939918536867480725050e-01
7.0317241413771802704957281093811616301537e-01
7.2517002989425771719567137552076019346714e-01
7.5600408854652612067326344913453795015812e-01
8.9315412523213821849310534162214025855064e-01
8.3117080097700724028442209601053036749363e-01
8.3810095352238067611949645652202889323235e-01
7.9421170832125043137494913025875575840473e-01
8.9831771866508858259692260617157444357872e-01
9.0104635579077108076262447866611182689667e-01
4.1992822395582407590808315944741480052471e-01
7.2368523086591518556076607637805864214897e-01
8.8650473901703064072421511809807270765305e-01
8.3992733396142549295859680569265037775040e-01
8.9515088210687088210448791869566775858402e-01
7.7074058416849366981438151924521662294865e-01
9.0768718578306695210500265602604486048222e-01
8.8974526313406909761027918648323975503445e-01
9.6637858625651174016013555956305935978889e-01
9.8094381596721036409292082680622115731239e-01
6.6584150888641857601868423444102518260479e-01
4.1471060203789017473141598202346358448267e-01
7.5547235874100904240435738756787031888962e-01
6.6984473514820852546591822829213924705982e-01
7.5372357946507451131878951855469495058060e-01
7.6552439081134227016889326478121802210808e-01
8.8427357536510831081955075205769389867783e-01
7.8108070819121977468313389181275852024555e-01
7.1498372536972887303363677347078919410706e-01
8.1637926655312931245589425088837742805481e-01
7.6506019860302265644946828615502454340458e-01
8.6799150584870288227534729230683296918869e-01
8.5862434271908438798703855354688130319118e-01
5.7382763939176428813482289115199819207191e-01
7.2368523086590963444564295059535652399063e-01
9.8305728073890619178598626604070886969566e-01
1.0000000000000000000000000000000000000000e+00
1.0000000000000000000000000000000000000000e+00
1.0000000000000000000000000000000000000000e+00
8.0012854540075672993282296374673023819923e-01
9.9941323993258623925584060998517088592052e-01
9.2448727999384416875727765727788209915161e-01
9.6962274894559308258124019630486145615578e-01
5.7266678153256589389741293416591361165047e-01
5.3824570749841227357279649368138052523136e-01
8.8907651317887792519201184404664672911167e-01
4.0966940287244435481284199340734630823135e-01
8.0799554308607257624430530995596200227737e-01
1.0000000000000000000000000000000000000000e+00
8.2241807648067921654444489831803366541862e-01
8.5957991963340141250426995611633174121380e-01
5.8532950064444455584578008711105212569237e-01
8.3320933248862394382427964956150390207767e-01
7.3384359837163759543443575239507481455803e-01
8.3996553066129386877491924678906798362732e-01
7.2341012698159590232904747608699835836887e-01
5.9844832783065249337539626139914616942406e-01
6.8481838186906118792762754310388118028641e-01
8.5028940565650745764258999770390801131725e-01
6.1382586852005016631039779895218089222908e-01
2.6779789409903465013940149219706654548645e-01
8.0799554308607335340042254756554029881954e-01
9.0395311334790640067637923493748530745506e-01
8.2241807648067921654444489831803366541862e-01
8.3657461302144398018754145596176385879517e-01
8.3921669389974340447224676609039306640625e-01
8.6784923904544886141820825287140905857086e-01
7.5022375243402894540167835657484829425812e-01
8.3921669389974340447224676609039306640625e-01
8.6384708455875747201702097299857996404171e-01
8.6799150584870155000771774211898446083069e-01
8.3992733396142549295859680569265037775040e-01
7.9540820099501796658358898639562539756298e-01
8.3921669389974340447224676609039306640625e-01
7.5997756280949957385928428266197443008423e-01
4.5604077716993263180711437598802149295807e-02
7.2368523086591607373918577650329098105431e-01
8.6506743813739306325771849515149369835854e-01
7.5372357946507451131878951855469495058060e-01
7.5759162150947667591083245497429743409157e-01
8.0069725024758930942425649845972657203674e-01
8.6506743813739095383397170735406689345837e-01
7.7226234356786471746403321958496235311031e-01
7.7226234356786760404389724499196745455265e-01
9.5408826226056220320970169268548488616943e-01
7.6163140713735311138066208513919264078140e-01
8.7046293014090525552717281243531033396721e-01
7.7226234356786760404389724499196745455265e-01
9.6459501046779028143873802036978304386139e-01
8.5445132813223723111661911389091983437538e-01
8.0015650788091297052062600414501503109932e-01
6.4736348075372618371403632409055717289448e-01
7.0443544791005141547657331102527678012848e-01
1.0000000000000000000000000000000000000000e+00
8.3959348976349434945376515315729193389416e-01
8.3406289852448234345416722135269083082676e-01
9.9425021158594584225198786953114904463291e-01
8.8359891916200761219357673326157964766026e-01
7.9316888691686082690779358017607592046261e-01
8.0073148839925212261192655205377377569675e-01
7.7562610018072275508416169031988829374313e-01
7.5759162150948178293674573069438338279724e-01
7.8709771106691694964041516868746839463711e-01
7.5759162150948067271372110553784295916557e-01
7.5660186596330869512883054994745180010796e-01
7.6022074382746551712841664993902668356895e-01
8.2454597184135247633918197607272304594517e-01
7.5759162150947667591083245497429743409157e-01
4.7136369017746732046347801770025398582220e-01
7.8745176946364447978510270331753417849541e-01
8.2113713465562709892253678845008835196495e-01
8.8762500334279659242042725963983684778214e-01
8.1209626471399032343612134354771114885807e-01
1.0000000000000000000000000000000000000000e+00
1.0000000000000000000000000000000000000000e+00
8.0647117737570783724265766068128868937492e-01
1.0000000000000000000000000000000000000000e+00
7.5142936673542792824775915505597367882729e-01
9.3418293108005934222148880508029833436012e-01
6.3810431185381144558732557925395667552948e-01
8.8330576210588118701849680292070843279362e-01
6.6350061157350315177438915270613506436348e-01
7.1541163363500293037589017330901697278023e-01
9.0869520674839321383586820957134477794170e-01
7.8120129240162583528217510320246219635010e-01
9.3459190874421860240062187585863284766674e-01
0.0000000000000000000000000000000000000000e+00
5.6172307803402732329089985796599648892879e-01
8.4325326292137003925120097846956923604012e-01
8.9842873439989301420638412309926934540272e-01
8.0816264071172372318585530592827126383781e-01
7.8502829136753493610711984729277901351452e-01
8.9842873439989301420638412309926934540272e-01
8.4378350892716746933785998407984152436256e-01
1.0000000000000000000000000000000000000000e+00
8.2516104290433223145129204567638225853443e-01
6.9931872749894763430233979306649416685104e-01
7.6515471704582049827791934148990549147129e-01
7.8502829136753493610711984729277901351452e-01
7.2197627077622561486691665777470916509628e-01
5.4112566206165324533827742925495840609074e-01
8.1995924119690233311530391802079975605011e-01
8.2943412429298346566497457388322800397873e-01
8.0109472804412629187709171674214303493500e-01
6.9029750539335976711186049215029925107956e-01
4.5941233216881854906077364830707665532827e-01
7.1778580795144175663580199397983960807323e-01
8.6138822697647010606658568576676771044731e-01
8.7121399114755115888897307740990072488785e-01
9.2131185348563915393782508544973097741604e-01
7.0708355894451790923938006017124280333519e-01
7.8468148576305019048504618695005774497986e-01
1.0000000000000000000000000000000000000000e+00
7.9958841717970563500728076178347691893578e-01
8.7988725226449782113036235386971384286880e-01
5.6921120328538765686943179389345459640026e-01
6.5119746656014565466819021821720525622368e-01
8.1739429692395015880634900895529426634312e-01
8.3921669389974340447224676609039306640625e-01
6.9623111602343545900595245257136411964893e-01
9.5684706434579536171725067106308415532112e-01
7.1723275344403580877639114987687207758427e-01
7.1723275344403580877639114987687207758427e-01
7.2892877299386249489998590433970093727112e-01
7.8502829136753493610711984729277901351452e-01
4.0010064087005020594389748112007509917021e-01
3.4011077142159990005509939692274201661348e-01
2.8930716572102588290960056838230229914188e-01
4.7863087185520930555426843966415617614985e-01
4.5323456802167200185849083027278538793325e-01
0.0000000000000000000000000000000000000000e+00
6.0796605813874726731427244885708205401897e-01
4.3799204276452557982324265140050556510687e-01
3.1624645166640058535634238978673238307238e-01
3.1130995756322049627939918536867480725050e-01
4.1992822395582407590808315944741480052471e-01
4.1471060203789017473141598202346358448267e-01
5.7382763939176428813482289115199819207191e-01
4.0966940287244435481284199340734630823135e-01
2.6779789409903465013940149219706654548645e-01
4.5604077716993263180711437598802149295807e-02
6.4736348075372618371403632409055717289448e-01
4.7136369017746732046347801770025398582220e-01
0.0000000000000000000000000000000000000000e+00
4.5941233216881854906077364830707665532827e-01
4.0010064087005020594389748112007509917021e-01
0.0000000000000000000000000000000000000000e+00
3.4011077142159990005509939692274201661348e-01
2.8930716572102588290960056838230229914188e-01
4.7863087185520930555426843966415617614985e-01
4.5323456802167200185849083027278538793325e-01
0.0000000000000000000000000000000000000000e+00
6.0796605813874726731427244885708205401897e-01
4.3799204276452557982324265140050556510687e-01
3.1624645166640058535634238978673238307238e-01
3.1130995756322049627939918536867480725050e-01
4.1992822395582407590808315944741480052471e-01
4.1471060203789017473141598202346358448267e-01
5.7382763939176428813482289115199819207191e-01
4.0966940287244435481284199340734630823135e-01
2.6779789409903465013940149219706654548645e-01
4.5604077716993263180711437598802149295807e-02
6.4736348075372618371403632409055717289448e-01
4.7136369017746732046347801770025398582220e-01
0.0000000000000000000000000000000000000000e+00
4.5941233216881854906077364830707665532827e-01
4.0010064087005020594389748112007509917021e-01
0.0000000000000000000000000000000000000000e+00
0.0000000000000000000000000000000000000000e+00
3.4011077142159990005509939692274201661348e-01
2.8930716572102588290960056838230229914188e-01
4.7863087185520930555426843966415617614985e-01
4.5323456802167200185849083027278538793325e-01
0.0000000000000000000000000000000000000000e+00
6.0796605813874726731427244885708205401897e-01
4.3799204276452557982324265140050556510687e-01
3.1624645166640058535634238978673238307238e-01
3.1130995756322049627939918536867480725050e-01
4.1992822395582407590808315944741480052471e-01
4.1471060203789017473141598202346358448267e-01
5.7382763939176428813482289115199819207191e-01
4.0966940287244435481284199340734630823135e-01
2.6779789409903465013940149219706654548645e-01
4.5604077716993263180711437598802149295807e-02
6.4736348075372618371403632409055717289448e-01
4.7136369017746732046347801770025398582220e-01
0.0000000000000000000000000000000000000000e+00
4.5941233216881854906077364830707665532827e-01
4.0010064087005020594389748112007509917021e-01
0.0000000000000000000000000000000000000000e+00
0.0000000000000000000000000000000000000000e+00
0.0000000000000000000000000000000000000000e+00
7.1702639342783314191365207079797983169556e+01
1.0403989067870951235050824834615923464298e+00
