1
0
23
5.7250590340222706764450322225457057356834e-01
3.7962132273516924207967804250074550509453e-01
1.4672958866766272478798782685771584510803e-01
9.5959719998109882510561874369159340858459e-01
2.6503173844591920715885180470650084316730e-01
6.4805611468668966601569536578608676791191e-01
6.8470597901649443706162401213077828288078e-01
4.3610356575033570880606248465483076870441e-01
6.7099979116616514929205550288315862417221e-01
8.8467520864361903765171746272244490683079e-01
4.9715180414152498888924469611083623021841e-01
3.5453804446061509825227631154120899736881e-01
7.0004469117515433218557063810294494032860e-01
7.8776815047629966670683643314987421035767e-01
1.0000000000000000000000000000000000000000e+00
8.2070906626171524766988341070828028023243e-01
0.0000000000000000000000000000000000000000e+00
1.0000000000000000000000000000000000000000e+00
7.5492002963796767112114594056038185954094e-01
7.3224437861676361372076371480943635106087e-01
6.3668135264525238525834538449998944997787e-01
7.4204323403405458847714726289268583059311e-01
5.7828334823320648450106773452716879546642e-01
5.5344704784672871245021497088600881397724e-01
6.5826131731845149985815623949747532606125e-01
7.1520529653854436613613643203279934823513e-01
7.1002764374583082762626418116269633173943e-01
6.4576893038146632175511285822722129523754e-01
7.1520529653854436613613643203279934823513e-01
3.7991554695221924076165009864780586212873e-01
6.4762619248254837955869334109593182802200e-01
7.7071441029301102076942697749473154544830e-01
5.9002176037961584498248157615307718515396e-01
8.2428127831285202820055246775154955685139e-01
1.0000000000000000000000000000000000000000e+00
9.3357311439813295272927007317775860428810e-01
7.3411887200964265343117176598752848803997e-01
1.5861409562166164932683898314280668273568e-01
5.5618151147902050723814681987278163433075e-01
7.3782160013516451257942208030726760625839e-01
6.2480635290924446678673120914027094841003e-01
7.4207296246072440570884509725146926939487e-01
8.2145385599071230053880299237789586186409e-01
1.0000000000000000000000000000000000000000e+00
6.2480635290924335656370658398373052477837e-01
4.6635823085049249447919805788842495530844e-01
4.3040715989824882004022299497592030093074e-02
5.5995847563342160402299896304612047970295e-01
5.6738616317583590031858875590842217206955e-01
5.9601585039455939885044699622085317969322e-01
7.7674278121453743661817270549363456666470e-01
6.2929209678722619614177347102668136358261e-01
7.5534877434860026035323699034051969647408e-01
6.2165495581898466692649662945768795907497e-01
6.8655904093200570414978756161872297525406e-01
7.0250034442162934134046281542396172881126e-01
2.9410676438349814265649229128030128777027e-01
5.7113814291026510083781886351061984896660e-01
8.2600933309267532411723777840961702167988e-01
6.0174366609741547495815439106081612408161e-01
6.9657892441305913067139954364392906427383e-01
5.5050785380857092388140472394297830760479e-01
8.2733818914349233075711254059569910168648e-01
7.5314511239294334998817248560953885316849e-01
9.5376159756788925214721075462875887751579e-01
7.4314548938667768229748844532878138124943e-01
5.3655519055520473070686193750589154660702e-01
3.0596900148157657461922553920885547995567e-01
6.4805611468668966601569536578608676791191e-01
6.3725885700837259228990205883746966719627e-01
6.7771917648552160162722657332778908312321e-01
6.4805611468669277464016431622439995408058e-01
7.0599021606245404569790480309166014194489e-01
7.6430242739587395117695223234477452933788e-01
6.1135403526914378069534450332866981625557e-01
7.2756536348760569854476898399298079311848e-01
6.2480635290924335656370658398373052477837e-01
7.1929761612730414022109926008852198719978e-01
7.5314511239294334998817248560953885316849e-01
5.5951264824036517353533781715668737888336e-01
4.7805106832046595499718932842370122671127e-01
1.0000000000000000000000000000000000000000e+00
9.0959080734671293733129004976944997906685e-01
7.8984684278875527674301793013000860810280e-01
1.0000000000000000000000000000000000000000e+00
7.2306712619698609856300208775792270898819e-01
9.9518902048071211652313650120049715042114e-01
8.1321415615154413192300353330210782587528e-01
9.7278447058514916356841695233015343546867e-01
4.3500325442619991456183470290852710604668e-01
3.3887960371736242093376745287969242781401e-01
7.8758407218141068817374161881161853671074e-01
1.8386245451171623344066574645694345235825e-01
5.5105792355257676717883441597223281860352e-01
1.0000000000000000000000000000000000000000e+00
5.5729305609403911869748071694630198180676e-01
6.4648819041883276437232552780187688767910e-01
3.7721065114425789133179023338016122579575e-01
5.9568523300853748470018445004825480282307e-01
5.0193690076257269083725987002253532409668e-01
6.2227516118118675336745582171715795993805e-01
5.1169418983171144343913283591973595321178e-01
3.5702268591612218440189963075681589543819e-01
5.1169418983171144343913283591973595321178e-01
5.9488462241354811421700787832378409802914e-01
3.5117351031628540880547006963752210140228e-01
0.0000000000000000000000000000000000000000e+00
8.0145213275501747673956742801237851381302e-01
1.0000000000000000000000000000000000000000e+00
6.8678171114246466810726587937097065150738e-01
8.0359588396667713805499033696833066642284e-01
7.2419883921173866525577977881766855716705e-01
9.3459379575221124270001382683403789997101e-01
6.6753365674430287235452396998880431056023e-01
7.8270748003944401460785229573957622051239e-01
6.6753365674430287235452396998880431056023e-01
8.8133171017014322323746000620303675532341e-01
6.6332290369424007359100414760177955031395e-01
7.5285574176485026143268441956024616956711e-01
8.1437650169388020593430610460927709937096e-01
7.1270272457566108403881344202090986073017e-01
0.0000000000000000000000000000000000000000e+00
7.1862324474812089292186101374682039022446e-01
9.0874916441288156043754042912041768431664e-01
6.8952394020074092573224788793595507740974e-01
6.4527221876140883338734965946059674024582e-01
6.5060528447037158095156428316840901970863e-01
8.8519765417387730188636396633228287100792e-01
6.6346002544500282116501921336748637259007e-01
6.6346002544500282116501921336748637259007e-01
9.5479123815397692887074754253262653946877e-01
5.6548123806689343240350353880785405635834e-01
7.0962607011937317569305605502449907362461e-01
7.0022050299676685813921039880369789898396e-01
7.8330737270771022551230089447926729917526e-01
7.0929989349605593318415230896789580583572e-01
7.7861253583844747261366592283593490719795e-01
5.6548123806689343240350353880785405635834e-01
5.7806219665496128001791475981008261442184e-01
1.0000000000000000000000000000000000000000e+00
7.4019814906301117929388055927120149135590e-01
6.5442215063959818799332879279972985386848e-01
9.4235370212413460677680632215924561023712e-01
9.8698237344370265411441778269363567233086e-01
6.6606024135296570953812533844029530882835e-01
6.3848017570961024258480165372020564973354e-01
5.7716029580792937991873259306885302066803e-01
5.1686289097883020282608868001261726021767e-01
6.4668176459798343280738208704860880970955e-01
5.6274159190414951847714064570027403533459e-01
4.6241469643534616196234310336876660585403e-01
6.0392728407480378294280853879172354936600e-01
6.6608136618137514517457020701840519905090e-01
7.2260207822388022869120050017954781651497e-01
3.2539128226347724393008320475928485393524e-01
5.5344704784672871245021497088600881397724e-01
9.7189891738839284673900920097366906702518e-01
7.7522135694283433871021316008409485220909e-01
4.9715180414152471133348853982170112431049e-01
1.0000000000000000000000000000000000000000e+00
9.6771847012981282443178088215063326060772e-01
7.0693905931144229715101801048149354755878e-01
1.0000000000000000000000000000000000000000e+00
4.7748912477863003633871130659827031195164e-01
7.3169770813662859954007444684975780546665e-01
5.5561855090324019368352992387372069060802e-01
1.0000000000000000000000000000000000000000e+00
1.0000000000000000000000000000000000000000e+00
4.6908643202635896818364358296093996614218e-01
1.0000000000000000000000000000000000000000e+00
8.0854158921242769153536755766253918409348e-01
1.0000000000000000000000000000000000000000e+00
0.0000000000000000000000000000000000000000e+00
3.5494009267919662820034432115789968520403e-01
7.8868254583320418493741499332827515900135e-01
7.9158048600417318940714039854356087744236e-01
6.4948404530309289395262339894543401896954e-01
6.2814076749958225320824567461386322975159e-01
8.5655208545797789643216901822597719728947e-01
6.7641101708287443283751372291590087115765e-01
9.1999092705662777191832901735324412584305e-01
6.7445598030636544351068550895433872938156e-01
5.9601585039456106418498393395566381514072e-01
6.4930632780203312304223572937189601361752e-01
6.5044111787722236339703840712900273501873e-01
5.0999529555863509777680064871674403548241e-01
3.5496596348956094280069351043493952602148e-01
7.2009216645638263187834127165842801332474e-01
7.2693924149304445236907668004278093576431e-01
6.5044111787722236339703840712900273501873e-01
5.9121671399032449389920884641469456255436e-01
3.5494009267919662820034432115789968520403e-01
5.5344704784672871245021497088600881397724e-01
7.3345086880466991985372260387521237134933e-01
7.7926870715827556423960231768433004617691e-01
6.8897491197784155314565168737317435443401e-01
5.3909553546484312303022079504444263875484e-01
6.9911657220296108405932500318158417940140e-01
9.4382551865507657851139811100438237190247e-01
6.7553069035014390308901965909171849489212e-01
7.4036208153785931784796048304997384548187e-01
4.5959594532949193945725596677220892161131e-01
4.9920134157305801059223426818789448589087e-01
7.5285574176484726383051793163758702576160e-01
5.1613411116399765532491983321961015462875e-01
5.2628004138177275628152074204990640282631e-01
1.0000000000000000000000000000000000000000e+00
6.1671678548647868023380169688607566058636e-01
6.2530069334858562335455189895583316683769e-01
6.3150585513255552694289463033783249557018e-01
7.2812998749967539069416488928254693746567e-01
3.3358969006445093885560027047176845371723e-01
1.4672958866766272478798782685771584510803e-01
2.6503173844591920715885180470650084316730e-01
4.3610356575033570880606248465483076870441e-01
3.5453804446061509825227631154120899736881e-01
0.0000000000000000000000000000000000000000e+00
5.7828334823320648450106773452716879546642e-01
3.7991554695221924076165009864780586212873e-01
1.5861409562166164932683898314280668273568e-01
4.3040715989824882004022299497592030093074e-02
2.9410676438349814265649229128030128777027e-01
3.0596900148157657461922553920885547995567e-01
5.5951264824036517353533781715668737888336e-01
1.8386245451171623344066574645694345235825e-01
0.0000000000000000000000000000000000000000e+00
0.0000000000000000000000000000000000000000e+00
5.6548123806689343240350353880785405635834e-01
3.2539128226347724393008320475928485393524e-01
0.0000000000000000000000000000000000000000e+00
3.5494009267919662820034432115789968520403e-01
3.3358969006445093885560027047176845371723e-01
0.0000000000000000000000000000000000000000e+00
1.4672958866766272478798782685771584510803e-01
2.6503173844591920715885180470650084316730e-01
4.3610356575033570880606248465483076870441e-01
3.5453804446061509825227631154120899736881e-01
0.0000000000000000000000000000000000000000e+00
5.7828334823320648450106773452716879546642e-01
3.7991554695221924076165009864780586212873e-01
1.5861409562166164932683898314280668273568e-01
4.3040715989824882004022299497592030093074e-02
2.9410676438349814265649229128030128777027e-01
3.0596900148157657461922553920885547995567e-01
5.5951264824036517353533781715668737888336e-01
1.8386245451171623344066574645694345235825e-01
0.0000000000000000000000000000000000000000e+00
0.0000000000000000000000000000000000000000e+00
5.6548123806689343240350353880785405635834e-01
3.2539128226347724393008320475928485393524e-01
0.0000000000000000000000000000000000000000e+00
3.5494009267919662820034432115789968520403e-01
3.3358969006445093885560027047176845371723e-01
0.0000000000000000000000000000000000000000e+00
0.0000000000000000000000000000000000000000e+00
1.4672958866766272478798782685771584510803e-01
2.6503173844591920715885180470650084316730e-01
4.3610356575033570880606248465483076870441e-01
3.5453804446061509825227631154120899736881e-01
0.0000000000000000000000000000000000000000e+00
5.7828334823320648450106773452716879546642e-01
3.7991554695221924076165009864780586212873e-01
1.5861409562166164932683898314280668273568e-01
4.3040715989824882004022299497592030093074e-02
2.9410676438349814265649229128030128777027e-01
3.0596900148157657461922553920885547995567e-01
5.5951264824036517353533781715668737888336e-01
1.8386245451171623344066574645694345235825e-01
0.0000000000000000000000000000000000000000e+00
0.0000000000000000000000000000000000000000e+00
5.6548123806689343240350353880785405635834e-01
3.2539128226347724393008320475928485393524e-01
0.0000000000000000000000000000000000000000e+00
3.5494009267919662820034432115789968520403e-01
3.3358969006445093885560027047176845371723e-01
0.0000000000000000000000000000000000000000e+00
0.0000000000000000000000000000000000000000e+00
0.0000000000000000000000000000000000000000e+00
7.3554999885544589233177248388528823852539e+01
6.4247643324495962158238171468838118016720e-01
