1
0
23
5.7727267209804511427506668042042292654514e-01
3.7507414278818723696318215843348298221827e-01
1.4759637188182450628914921253453940153122e-01
9.8124897633793173312710678146686404943466e-01
2.5077061468181605086158469930524006485939e-01
6.2965553591647815956378053670050576329231e-01
6.8704754862116090841084314888576045632362e-01
4.2636204597374810498777719658392015844584e-01
6.5320241919567356703169025422539561986923e-01
8.8300350910514147084739988713408820331097e-01
4.9165351789025102391406107926741242408752e-01
3.3455469022554440439165546194999478757381e-01
6.7982583007066343938618047104682773351669e-01
7.8214974650074597928295361271011643111706e-01
1.0000000000000000000000000000000000000000e+00
8.2290486265882878402777578230598010122776e-01
0.0000000000000000000000000000000000000000e+00
1.0000000000000000000000000000000000000000e+00
7.3357669321214336033420977400965057313442e-01
7.3831518356410119618971066302037797868252e-01
6.3023338536958128930365319320117123425007e-01
7.3294375756253149489793941029347479343414e-01
5.8422404125000004793122343471623025834560e-01
5.7747298236334021481752643012441694736481e-01
6.7951738034850273084686023139511235058308e-01
7.2825775820253679793125911601237021386623e-01
7.2348054192206612267312948461039923131466e-01
6.6175768608185769892315875040367245674133e-01
7.2825775820253679793125911601237021386623e-01
3.7960990575575070948843858786858618259430e-01
6.3071630312043513999498145494726486504078e-01
7.6181863766173529839420552889350801706314e-01
5.7742089517793848685300872602965682744980e-01
8.0277619909812991672026782907778397202492e-01
1.0000000000000000000000000000000000000000e+00
9.3379773030403101508056806778768077492714e-01
7.0743216531549590886385203702957369387150e-01
1.2906743701318143524581216752267209812999e-01
4.6780399538053502039858244643255602568388e-01
7.1319611568543328505853651222423650324345e-01
6.0625507700521019671668909722939133644104e-01
7.2833417001994915640494809849769808351994e-01
8.1149076136809339399036389295361004769802e-01
1.0000000000000000000000000000000000000000e+00
6.0625507700521252818504081005812622606754e-01
4.5161418257701513301327622684766538441181e-01
4.9044971368486067753167390037560835480690e-02
5.4290927317059844980917659995611757040024e-01
5.4290927317059844980917659995611757040024e-01
5.7662060128335279607370011945022270083427e-01
7.3587822937876590234651530408882535994053e-01
6.2395483661332362679274865513434633612633e-01
7.3997266210039580602852993251872248947620e-01
6.2395483661332062919058216721168719232082e-01
7.0466759086461305816584399508428759872913e-01
7.0048611044175213002915825200034305453300e-01
2.8405111123961268582149841677164658904076e-01
5.6784116128377848387032145183184184134007e-01
8.4623933579868093612930124436388723552227e-01
6.0872789644863789515483176728594116866589e-01
6.9333289279405796445843179753865115344524e-01
5.6080532048956510671189334971131756901741e-01
8.2985139016707742953826709708664566278458e-01
7.6469082509365504662923740397673100233078e-01
9.6769250558670083517398552430677227675915e-01
7.2833417001994915640494809849769808351994e-01
5.3159308099464097630004744132747873663902e-01
3.0862512150158394330645705849747173488140e-01
6.3027603530851250557276443942100740969181e-01
6.1131252746766617800489029832533560693264e-01
6.6564658414822963639068120755837298929691e-01
6.3023338536958128930365319320117123425007e-01
7.1195383162577530189452090780832804739475e-01
7.3750069925961547756543268405948765575886e-01
5.9874694889217894289146215669461525976658e-01
6.9350832668908635181281852055690251290798e-01
6.0625507700521252818504081005812622606754e-01
6.7842111026577223142908223962876945734024e-01
7.6362799195439479138514116129954345524311e-01
5.5759393347303376486934212152846157550812e-01
4.5160021183483611828535231325076892971992e-01
1.0000000000000000000000000000000000000000e+00
8.9054315169397579854404511934262700378895e-01
8.0277619909813002774257029159343801438808e-01
1.0000000000000000000000000000000000000000e+00
7.4256903289054998484886027654283680021763e-01
1.0000000000000000000000000000000000000000e+00
7.4749950803730280668446539493743330240250e-01
8.5346359502915702943681708347867242991924e-01
4.3864151880518353898708028282271698117256e-01
3.4834489603029872295536506499047391116619e-01
7.6562496524138634601541752999764867126942e-01
2.1339243255028583767796135362004861235619e-01
5.3079063452614128060247367102419957518578e-01
1.0000000000000000000000000000000000000000e+00
5.5522674637733282487772612512344494462013e-01
6.3969158740916820526933861401630565524101e-01
3.4737471905497763202674832427874207496643e-01
5.8422404125000004793122343471623025834560e-01
4.7732247332594623934198807546636089682579e-01
6.2917367709117300034193931423942558467388e-01
4.8956610040293246921550007755286060273647e-01
3.3269798644467535320146112098882440477610e-01
4.8956610040293313534931485264678485691547e-01
5.8065734824840964378722674155142158269882e-01
3.8677473485632651861720887609408237040043e-01
0.0000000000000000000000000000000000000000e+00
8.0749472646731434988254250129102729260921e-01
1.0000000000000000000000000000000000000000e+00
6.7123617349267261644740756310056895017624e-01
8.0368883159617343636682562646456062793732e-01
7.1672761485144731441465637544752098619938e-01
9.2913742816322764106473641732009127736092e-01
6.6756284324318171385925779759418219327927e-01
7.5199560611806104404308825905900448560715e-01
6.6882373391327065714762056813924573361874e-01
8.8718645914606220070908193520153872668743e-01
6.9088474893900631013110569256241433322430e-01
7.3218200817345602260388659487944096326828e-01
8.8339610383057520781591165359714068472385e-01
7.2650379688294841606932550348574295639992e-01
0.0000000000000000000000000000000000000000e+00
7.6099431332871525501815312964026816189289e-01
8.9793318067925587122601882583694532513618e-01
6.8309785265235056783694744808599352836609e-01
6.3375331290241299075916003857855685055256e-01
5.8264114336979444530584260064642876386642e-01
8.9108961913043183145077819062862545251846e-01
6.4986944654379497077201222055009566247463e-01
6.3275269631020325533654613536782562732697e-01
9.3820698256017909244519614730961620807648e-01
5.4290927317059844980917659995611757040024e-01
6.9705103633885168168404788957559503614902e-01
6.9350832668908635181281852055690251290798e-01
7.7878411338578135136856417375383898615837e-01
6.8786026944161737795013777940766885876656e-01
7.7445643587356305381774745910661295056343e-01
5.4290927317059844980917659995611757040024e-01
5.7266939298778551936663916421821340918541e-01
9.9941956360713013474139643221860751509666e-01
7.1634148269929731611682655056938529014587e-01
6.4938447223828044130300440883729606866837e-01
9.2247318007885814594715156999882310628891e-01
9.9906524305533406238311044944566674530506e-01
6.7881830611740889835914458672050386667252e-01
6.3275269631020392147036091046174988150597e-01
5.3521113581130819181197466605226509273052e-01
5.1398592684316801726396306548849679529667e-01
6.2977462770753678267254827005672268569469e-01
5.5759393347303376486934212152846157550812e-01
4.3554028124116517250996594157186336815357e-01
6.0634971985701824337411380838602781295776e-01
6.8095166492415726278153442763141356408596e-01
7.0496326937072539831063977544545195996761e-01
3.3305353333778475732884771787212230265141e-01
5.6570548296796419052157034457195550203323e-01
1.0000000000000000000000000000000000000000e+00
7.6019831699078721509721390248159877955914e-01
4.9165351789024991369103645411087200045586e-01
1.0000000000000000000000000000000000000000e+00
8.3913297153104926540123642553226090967655e-01
6.7951738034850905911810059478739276528358e-01
1.0000000000000000000000000000000000000000e+00
4.9165351789024991369103645411087200045586e-01
6.6793277204642997890715605535660870373249e-01
5.5395369522549153806778576836222782731056e-01
1.0000000000000000000000000000000000000000e+00
1.0000000000000000000000000000000000000000e+00
4.8357512105749245190366991664632223546505e-01
1.0000000000000000000000000000000000000000e+00
8.1234895045706601024448900716379284858704e-01
1.0000000000000000000000000000000000000000e+00
0.0000000000000000000000000000000000000000e+00
3.4368195843113724663453467655926942825317e-01
7.5088309925797369626110366880311630666256e-01
7.8570188632621085211837907991139218211174e-01
6.4058200194384884440523819648660719394684e-01
6.6453046179035168972148994726012460887432e-01
8.3642162157224309027014896855689585208893e-01
6.6200828328873273509458385888137854635715e-01
9.2392477650580495662779867416247725486755e-01
6.7020057087532780570882096071727573871613e-01
5.7662060128335390629672474460676312446594e-01
6.4058200194384884440523819648660719394684e-01
6.5543347412949604091636501834727823734283e-01
5.1876456179466712281822537988773547112942e-01
3.4368195843113724663453467655926942825317e-01
7.3269507780943154973130049256724305450916e-01
7.1664959822172769055015351113979704678059e-01
6.4633648646864039211124008943443186581135e-01
5.4186357841621068942572492233011871576309e-01
3.4368195843113724663453467655926942825317e-01
5.5607366188840523513192692917073145508766e-01
7.2121564894568945813801974509260617196560e-01
7.9199121860154597651870744812185876071453e-01
6.8031186194495329999654131825082004070282e-01
5.5399394264505441576318389707012102007866e-01
6.7265736976615653208710909893852658569813e-01
9.2485495008839957442603463277919217944145e-01
6.4053933466410639674393223685910925269127e-01
7.3447926376970595896409577107988297939301e-01
4.4517895876466118121328463530517183244228e-01
4.9064124563387045974138800374930724501610e-01
7.3693747962764188930151476597529835999012e-01
5.2389108652861660075927829893771559000015e-01
5.1579056722256044764662874513305723667145e-01
1.0000000000000000000000000000000000000000e+00
6.0723295496478812971474781079450622200966e-01
6.2057605343842348055716229282552376389503e-01
5.6796483292376764850928339001256972551346e-01
7.4151361865840537124228148968541063368320e-01
3.2238446670472509225646717823110520839691e-01
1.4759637188182450628914921253453940153122e-01
2.5077061468181605086158469930524006485939e-01
4.2636204597374810498777719658392015844584e-01
3.3455469022554440439165546194999478757381e-01
0.0000000000000000000000000000000000000000e+00
5.8422404125000004793122343471623025834560e-01
3.7960990575575070948843858786858618259430e-01
1.2906743701318143524581216752267209812999e-01
4.9044971368486067753167390037560835480690e-02
2.8405111123961268582149841677164658904076e-01
3.0862512150158394330645705849747173488140e-01
5.5759393347303376486934212152846157550812e-01
2.1339243255028583767796135362004861235619e-01
0.0000000000000000000000000000000000000000e+00
0.0000000000000000000000000000000000000000e+00
5.4290927317059844980917659995611757040024e-01
3.3305353333778475732884771787212230265141e-01
0.0000000000000000000000000000000000000000e+00
3.4368195843113724663453467655926942825317e-01
3.2238446670472509225646717823110520839691e-01
0.0000000000000000000000000000000000000000e+00
1.4759637188182450628914921253453940153122e-01
2.5077061468181605086158469930524006485939e-01
4.2636204597374810498777719658392015844584e-01
3.3455469022554440439165546194999478757381e-01
0.0000000000000000000000000000000000000000e+00
5.8422404125000004793122343471623025834560e-01
3.7960990575575070948843858786858618259430e-01
1.2906743701318143524581216752267209812999e-01
4.9044971368486067753167390037560835480690e-02
2.8405111123961268582149841677164658904076e-01
3.0862512150158394330645705849747173488140e-01
5.5759393347303376486934212152846157550812e-01
2.1339243255028583767796135362004861235619e-01
0.0000000000000000000000000000000000000000e+00
0.0000000000000000000000000000000000000000e+00
5.4290927317059844980917659995611757040024e-01
3.3305353333778475732884771787212230265141e-01
0.0000000000000000000000000000000000000000e+00
3.4368195843113724663453467655926942825317e-01
3.2238446670472509225646717823110520839691e-01
0.0000000000000000000000000000000000000000e+00
0.0000000000000000000000000000000000000000e+00
1.4759637188182450628914921253453940153122e-01
2.5077061468181605086158469930524006485939e-01
4.2636204597374810498777719658392015844584e-01
3.3455469022554440439165546194999478757381e-01
0.0000000000000000000000000000000000000000e+00
5.8422404125000004793122343471623025834560e-01
3.7960990575575070948843858786858618259430e-01
1.2906743701318143524581216752267209812999e-01
4.9044971368486067753167390037560835480690e-02
2.8405111123961268582149841677164658904076e-01
3.0862512150158394330645705849747173488140e-01
5.5759393347303376486934212152846157550812e-01
2.1339243255028583767796135362004861235619e-01
0.0000000000000000000000000000000000000000e+00
0.0000000000000000000000000000000000000000e+00
5.4290927317059844980917659995611757040024e-01
3.3305353333778475732884771787212230265141e-01
0.0000000000000000000000000000000000000000e+00
3.4368195843113724663453467655926942825317e-01
3.2238446670472509225646717823110520839691e-01
0.0000000000000000000000000000000000000000e+00
0.0000000000000000000000000000000000000000e+00
0.0000000000000000000000000000000000000000e+00
7.4615867296306333855682169087231159210205e+01
6.3587844323457554107648093122406862676144e-01
