1
0
23
5.7383118958504564233180644805543124675751e-01
3.8066532812905079508070116389717441052198e-01
1.6666426930169386810831611001049168407917e-01
9.8450291880001139510625307593727484345436e-01
2.6028122195787151138546278161811642348766e-01
6.3380168131736647207929991054697893559933e-01
6.9031781616194520800888767553260549902916e-01
4.3954491957866748119698740993044339120388e-01
6.7212327071999544703118090183124877512455e-01
8.9471055909307695142018701517372392117977e-01
5.1218825799493006289964114330359734594822e-01
3.4764903793331708437008842338400427252054e-01
7.0846616875813350766577514150412753224373e-01
8.0145414011518434360681339967413805425167e-01
1.0000000000000000000000000000000000000000e+00
8.1051140287486400648475637353840284049511e-01
0.0000000000000000000000000000000000000000e+00
1.0000000000000000000000000000000000000000e+00
7.4247090538766924439073591202031821012497e-01
7.5626814687800669734230041285627521574497e-01
6.4847600314773035101723053230671212077141e-01
7.2567985456576999947486683595343492925167e-01
6.0462497975974938135834690910996869206429e-01
5.9003840865381174118908802483929321169853e-01
6.9814757063870580555686728985165245831013e-01
7.4723591329402716532115391601109877228737e-01
7.4139444319344494083168228826252743601799e-01
6.7806971838574359168205774039961397647858e-01
7.4723591329402716532115391601109877228737e-01
4.1001597672901030078307371695700567215681e-01
6.5721386585109109468305632617557421326637e-01
7.7421457600683318833745261144940741360188e-01
5.9199867628348257220238792797317728400230e-01
8.1541057331907618177524454949889332056046e-01
1.0000000000000000000000000000000000000000e+00
9.5546220038430573762155972872278653085232e-01
7.3476168452458068269805835370789282023907e-01
1.4041747621931333078748593834461644291878e-01
4.8322040020938383797499682259513065218925e-01
7.2980445614428912648463665391318500041962e-01
6.1511530939280811836056273023132234811783e-01
7.3390738966572288681788904796121641993523e-01
8.1604254493068129061583704242366366088390e-01
1.0000000000000000000000000000000000000000e+00
6.2134202956775164139457956480327993631363e-01
4.7574591525899673216670748843171168118715e-01
6.1364566749040568016670960105329868383706e-02
5.4834098255234509089461880648741498589516e-01
5.5773259382096951330964884618879295885563e-01
5.9127019238303868409190044985734857618809e-01
7.4147566679654763888152047002222388982773e-01
6.2528485355623164565486149513162672519684e-01
7.6096824897320758385177441596169956028461e-01
6.4775169920988051597277035398292355239391e-01
7.1299290765196232655398489441722631454468e-01
7.2656334823789547883166051178704947233200e-01
2.9665566729530323808461389489821158349514e-01
5.8366326531315049219728052776190452277660e-01
8.4737517283367114195868907700059935450554e-01
6.2729412579834786800603296796907670795918e-01
7.0938228732862962377936355551355518400669e-01
5.6097017356602230098161498972331173717976e-01
8.2851346411319881646306839684257283806801e-01
7.8204433048359389690773468828410841524601e-01
9.7279407205453838347608552794554270803928e-01
7.3390738966572288681788904796121641993523e-01
5.4598814540183593368993797412258572876453e-01
3.2889760128229761360074689946486614644527e-01
6.4097608709897213596917708855471573770046e-01
6.2636987219513873270670956117101013660431e-01
6.8168493502540361550501302190241403877735e-01
6.3216403556090394744160221307538449764252e-01
7.3299071889075961827586525032529607415199e-01
7.5123048313292917210759469526237808167934e-01
6.1188283458760084343452945176977664232254e-01
6.8940330481123612837990322077530436217785e-01
6.1511530939280811836056273023132234811783e-01
6.8418149288950769193462519979220815002918e-01
7.7157408834703611333338812983129173517227e-01
5.6862081214896831315996905686915852129459e-01
4.6870768631017734051624756830278784036636e-01
1.0000000000000000000000000000000000000000e+00
8.9527163894237526964303697241120971739292e-01
8.1764090724024895973087723177741281688213e-01
1.0000000000000000000000000000000000000000e+00
7.4850381052680603488624910824000835418701e-01
1.0000000000000000000000000000000000000000e+00
7.6064455599132119179017763599404133856297e-01
8.6726857031249426910335387219674885272980e-01
4.5068344207765242970253893872722983360291e-01
3.5692126792389805567395910657069180160761e-01
7.8063640847833248859188870483194477856159e-01
2.4363866878596107667931391915772110223770e-01
5.2958225425129257235568047690321691334248e-01
1.0000000000000000000000000000000000000000e+00
5.6722275365291996429562004777835682034492e-01
6.6815779280883169644056351899052970111370e-01
3.6083142083449837311803776174201630055904e-01
6.0618360452812780625464483819087035953999e-01
5.0343860090675329743703514395747333765030e-01
6.3738796458380919673913922451902180910110e-01
5.0762502054119496008866008196491748094559e-01
3.4761832591492863864246487537457142025232e-01
5.0762502054119496008866008196491748094559e-01
5.8886276289020433871712612017290666699409e-01
3.8715196509004223823779966551228426396847e-01
0.0000000000000000000000000000000000000000e+00
8.0121215025353764715987381350714713335037e-01
1.0000000000000000000000000000000000000000e+00
6.8386448139185884720347985421540215611458e-01
8.0384025895782995618787936109583824872971e-01
7.3394344456551507960284652654081583023071e-01
9.4665652303883296436737282419926486909389e-01
6.8583604037003931264138145706965588033199e-01
7.6506317116580835335781785033759661018848e-01
6.8583604037003931264138145706965588033199e-01
8.9803632550147094448789175658021122217178e-01
7.0612973087379071746028103007120080292225e-01
7.3089906664185311235826247866498306393623e-01
9.0645885353545896379046098445542156696320e-01
7.1544417266275672773190308362245559692383e-01
0.0000000000000000000000000000000000000000e+00
7.8851847097404303976730943759321235120296e-01
9.1583338596340879700363757365266792476177e-01
7.0402694765112572294896153834997676312923e-01
6.4513754223702590717692828548024408519268e-01
6.0402447409042492321162853841087780892849e-01
8.9717033867029394311742862555547617375851e-01
6.6847138004335060479377261799527332186699e-01
6.4503844599617465860319498460739850997925e-01
9.4649752506377105021329043665900826454163e-01
5.5773259382096418423913064543739892542362e-01
7.1011587672902831691601477359654381871223e-01
7.0728072862504121065541085044969804584980e-01
7.9787889688023727607912860548822209239006e-01
7.0152821896179240468427451560273766517639e-01
7.9166980870570957673493239781237207353115e-01
5.5773259382096418423913064543739892542362e-01
5.8460415266155341118547994483378715813160e-01
9.9547418916121288567921965295681729912758e-01
7.3246505376216475280415352244745008647442e-01
6.6075993909889640942623145747347734868526e-01
9.4137427512365634552082838126807473599911e-01
1.0000000000000000000000000000000000000000e+00
6.9814757063870580555686728985165245831013e-01
6.3873295208972735714780810667434707283974e-01
5.4521199945961640320746255383710376918316e-01
5.3089494917869572976343306436319835484028e-01
6.4434182104592274686893915713881142437458e-01
5.6862081214896831315996905686915852129459e-01
4.5259515187763676991039574204478412866592e-01
6.1410792056947183237269882738473825156689e-01
6.9515986123261663820471767394337803125381e-01
7.2044682533021697778963243763428181409836e-01
3.3812414886014130477320804857299663126469e-01
5.7596633251512174833663948447792790830135e-01
1.0000000000000000000000000000000000000000e+00
7.7119015872357743468512580875540152192116e-01
4.5183724887593679220287867792649194598198e-01
1.0000000000000000000000000000000000000000e+00
9.8800395312313471496423744611092843115330e-01
6.9814757063870569453456482733599841594696e-01
9.6785642520674108890688103201682679355145e-01
4.6260295508577786716131186040001921355724e-01
6.7176399490429994365570109948748722672462e-01
5.4939290223579773098094847227912396192551e-01
1.0000000000000000000000000000000000000000e+00
1.0000000000000000000000000000000000000000e+00
5.0604069756708058847038955718744546175003e-01
1.0000000000000000000000000000000000000000e+00
7.9308821778731630747216740928706713020802e-01
1.0000000000000000000000000000000000000000e+00
0.0000000000000000000000000000000000000000e+00
3.5438361079859992397445012102252803742886e-01
7.6287728592269954397409037483157590031624e-01
8.1050672740436646712680612836265936493874e-01
6.4513754223702513002081104787066578865051e-01
6.7700736711819520241562031515059061348438e-01
8.4327758846393141567432394367642700672150e-01
6.7806971838574303657054542782134376466274e-01
9.3111610104829678480342636248678900301456e-01
6.7541980872550511083574065196444280445576e-01
5.9127598518704249652699900252628140151501e-01
6.4638314641137428750994331494439393281937e-01
6.6312130095040167088171756404335610568523e-01
5.4713722041976853294187321807839907705784e-01
3.5438361079859992397445012102252803742886e-01
7.2327901125554638905867932408000342547894e-01
7.3778928018470346650303781643742695450783e-01
6.5664699528040226805813972532632760703564e-01
5.5885412558400793248125637546763755381107e-01
3.5438361079859992397445012102252803742886e-01
5.6959118917446049934483198740053921937943e-01
7.3646351180781122192087195799103938043118e-01
8.0360800890648798056048462967737577855587e-01
6.9376077388826784542175118986051529645920e-01
5.7519113691776468932914667675504460930824e-01
6.8796161016133605681233120776596479117870e-01
9.2661421886551820215061070484807714819908e-01
6.4838998490756227788267551659373566508293e-01
7.5101973902986696174366443301551043987274e-01
4.5986708236840045938009780002175830304623e-01
5.0843250212381774222336616730899550020695e-01
7.5492345166895136188145443156827241182327e-01
5.2947793599411963061385222317767329514027e-01
5.2658003038336553824905195142491720616817e-01
1.0000000000000000000000000000000000000000e+00
6.2456598625722492545975228495080955326557e-01
6.2537304412788430330039091131766326725483e-01
5.5950147055028898179784846433904021978378e-01
7.4665717282148025280008596382685936987400e-01
3.3521474615678803488094672502484172582626e-01
1.6666426930169386810831611001049168407917e-01
2.6028122195787151138546278161811642348766e-01
4.3954491957866748119698740993044339120388e-01
3.4764903793331708437008842338400427252054e-01
0.0000000000000000000000000000000000000000e+00
6.0462497975974938135834690910996869206429e-01
4.1001597672901030078307371695700567215681e-01
1.4041747621931333078748593834461644291878e-01
6.1364566749040568016670960105329868383706e-02
2.9665566729530323808461389489821158349514e-01
3.2889760128229761360074689946486614644527e-01
5.6862081214896831315996905686915852129459e-01
2.4363866878596107667931391915772110223770e-01
0.0000000000000000000000000000000000000000e+00
0.0000000000000000000000000000000000000000e+00
5.5773259382096418423913064543739892542362e-01
3.3812414886014130477320804857299663126469e-01
0.0000000000000000000000000000000000000000e+00
3.5438361079859992397445012102252803742886e-01
3.3521474615678803488094672502484172582626e-01
0.0000000000000000000000000000000000000000e+00
1.6666426930169386810831611001049168407917e-01
2.6028122195787151138546278161811642348766e-01
4.3954491957866748119698740993044339120388e-01
3.4764903793331708437008842338400427252054e-01
0.0000000000000000000000000000000000000000e+00
6.0462497975974938135834690910996869206429e-01
4.1001597672901030078307371695700567215681e-01
1.4041747621931333078748593834461644291878e-01
6.1364566749040568016670960105329868383706e-02
2.9665566729530323808461389489821158349514e-01
3.2889760128229761360074689946486614644527e-01
5.6862081214896831315996905686915852129459e-01
2.4363866878596107667931391915772110223770e-01
0.0000000000000000000000000000000000000000e+00
0.0000000000000000000000000000000000000000e+00
5.5773259382096418423913064543739892542362e-01
3.3812414886014130477320804857299663126469e-01
0.0000000000000000000000000000000000000000e+00
3.5438361079859992397445012102252803742886e-01
3.3521474615678803488094672502484172582626e-01
0.0000000000000000000000000000000000000000e+00
0.0000000000000000000000000000000000000000e+00
1.6666426930169386810831611001049168407917e-01
2.6028122195787151138546278161811642348766e-01
4.3954491957866748119698740993044339120388e-01
3.4764903793331708437008842338400427252054e-01
0.0000000000000000000000000000000000000000e+00
6.0462497975974938135834690910996869206429e-01
4.1001597672901030078307371695700567215681e-01
1.4041747621931333078748593834461644291878e-01
6.1364566749040568016670960105329868383706e-02
2.9665566729530323808461389489821158349514e-01
3.2889760128229761360074689946486614644527e-01
5.6862081214896831315996905686915852129459e-01
2.4363866878596107667931391915772110223770e-01
0.0000000000000000000000000000000000000000e+00
0.0000000000000000000000000000000000000000e+00
5.5773259382096418423913064543739892542362e-01
3.3812414886014130477320804857299663126469e-01
0.0000000000000000000000000000000000000000e+00
3.5438361079859992397445012102252803742886e-01
3.3521474615678803488094672502484172582626e-01
0.0000000000000000000000000000000000000000e+00
0.0000000000000000000000000000000000000000e+00
0.0000000000000000000000000000000000000000e+00
7.4318013807367449885532550979405641555786e+01
6.3450063351332197658649647564743645489216e-01
