1
0
23
8.7201781675926592907188705794396810233593e-01
3.5308987422801907385405684181023389101028e-01
1.2012912025501724933018721230837400071323e-01
5.6106564420492566203080286868498660624027e-01
0.0000000000000000000000000000000000000000e+00
5.5810976426467595601366156188305467367172e-01
5.9787878018903839461017923895269632339478e-01
2.6794677372010194948970251971331890672445e-01
7.0914216576872268760212136839982122182846e-01
5.2673632292301475477103167577297426760197e-01
5.2078549220543934872296176763484254479408e-01
1.0344619623319799284200115607745829038322e-01
8.2215277476751280616440453741233795881271e-01
2.0943957939078261532017677382100373506546e-01
1.0000000000000000000000000000000000000000e+00
3.9188700028950418374762421080959029495716e-01
0.0000000000000000000000000000000000000000e+00
1.0000000000000000000000000000000000000000e+00
8.9143273521368471268289113140781410038471e-01
6.2033648057304846545889631670434027910233e-01
6.6331685437056919774079233320662751793861e-01
9.3023782561431100912585634432616643607616e-01
5.8576771181998055215700560438563115894794e-01
4.6891290904795873695221075649897102266550e-01
3.5364958782933347825050418578030075877905e-01
6.5748348403055045796605782015831209719181e-01
5.9211011459303730664061049537849612534046e-01
8.5305480764526731007890703040175139904022e-01
6.3632995959976290656356923136627301573753e-01
2.1947867750121149987840851736109470948577e-01
4.8080644159214841470983969884400721639395e-01
8.3926344570042232806628135222126729786396e-01
6.6751088955452275719437693624058738350868e-01
4.4303432186232055700614296256389934569597e-01
8.2952377389974518706594608374871313571930e-01
6.4498398942544299394796780688920989632607e-01
6.6751088955452275719437693624058738350868e-01
2.2687488989412671336332039118133252486587e-01
6.7921488064080504098996016182354651391506e-01
4.4997040860922377092379065288696438074112e-01
1.0000000000000000000000000000000000000000e+00
5.5938569691026618357909683254547417163849e-01
2.2687488989412671336332039118133252486587e-01
5.8576771181998055215700560438563115894794e-01
5.5233701554694958346658495429437607526779e-01
2.2687488989412671336332039118133252486587e-01
2.2687488989412671336332039118133252486587e-01
6.7921488064080504098996016182354651391506e-01
4.7801187573733561197997232738998718559742e-01
6.7921488064080448587844784924527630209923e-01
6.1766093908779251542284782772185280919075e-01
6.0165465700764197976013747393153607845306e-01
5.8576771181998055215700560438563115894794e-01
3.5364958782933347825050418578030075877905e-01
3.4499555800365216962077852258516941219568e-01
7.3817301140034163875469630511361174285412e-01
3.4499555800365216962077852258516941219568e-01
5.2130091468230321805066296292352490127087e-01
5.0987287588090235423976537276757881045341e-01
6.6068792867749237540664353218744508922100e-01
7.0920323618794933739906127811991609632969e-01
3.3622397097755568617927224295272026211023e-01
9.6706562759213277047365409089252352714539e-01
8.3148052868124100456270753056742250919342e-01
1.0000000000000000000000000000000000000000e+00
8.3343298802323484419929400246473960578442e-01
4.7553017316313056506160705794172827154398e-01
3.3209214569667805383446079758869018405676e-01
5.3726578390119938966051904571941122412682e-01
2.8169894828745983828000021276238840073347e-01
3.0132121211460288767725046454870607703924e-01
5.3457112346836899163804446288850158452988e-01
1.0000000000000000000000000000000000000000e+00
5.8576771181998055215700560438563115894794e-01
3.0646312963305905041622168027970474213362e-01
2.2812993080122354050409683168254559859633e-01
5.5945435432056422886404334349208511412144e-01
6.2384493491018333521935801400104537606239e-01
8.3623752600713729954406971955904737114906e-01
0.0000000000000000000000000000000000000000e+00
3.5888364790578541896337583239073865115643e-01
1.0000000000000000000000000000000000000000e+00
4.5360354369078398351078362793487031012774e-01
1.0000000000000000000000000000000000000000e+00
1.0000000000000000000000000000000000000000e+00
1.0000000000000000000000000000000000000000e+00
1.0000000000000000000000000000000000000000e+00
9.2394555631928731997959403088316321372986e-01
1.0000000000000000000000000000000000000000e+00
6.2716037103293287291450042175711132586002e-01
5.0417302469899571981670760578708723187447e-01
6.2792429450833309179103025599033571779728e-01
1.8396656217081297501891867796075530350208e-01
8.0625293430314248777079910723841749131680e-01
5.7743710927194358273339958032011054456234e-01
9.1322635887312419988859346631215885281563e-01
9.1322635887312419988859346631215885281563e-01
7.2924655821602990535268418170744553208351e-01
9.7259335014349779235942605737363919615746e-01
8.8267734814001186371967833110829815268517e-01
6.6751088955452386741740156139712780714035e-01
3.6158368936267160087538741208845749497414e-01
6.7921488064080381974463307415135204792023e-01
4.8839561423857213995347592572215944528580e-01
5.5482324433482832493069736301549710333347e-01
7.2586320875142507080823861542739905416965e-01
0.0000000000000000000000000000000000000000e+00
5.2130091468230321805066296292352490127087e-01
9.7580920269836624036940975202014669775963e-01
6.7810308355979576067085190516081638634205e-01
5.2130091468230177476073095022002235054970e-01
7.4512354781281175952756257174769416451454e-01
7.1307580643652213048255816829623654484749e-01
5.5233701554695202595723912963876500725746e-01
6.9822133871281799599728401517495512962341e-01
8.3216300806198562067805823971866630017757e-01
4.7553017316313056506160705794172827154398e-01
6.3934069541351123966421710065333172678947e-01
8.6378355226223590968004373280564323067665e-01
6.9822133871281610861814215240883640944958e-01
8.5165477405587186598978632900980301201344e-01
0.0000000000000000000000000000000000000000e+00
3.4736621063444916845952548101195134222507e-01
3.1261381454894604514649358861788641661406e-01
3.9609009003612194455001827009255066514015e-01
7.1509299648629587320414202622487209737301e-01
5.8801417222609975166136564439511857926846e-01
7.4554114071525334761503245317726396024227e-01
5.9211011459303630743988833273760974407196e-01
6.7205138199509850682744627192732878029346e-01
8.2825747911230407360960725782206282019615e-01
9.2737190382948242461935706160147674381733e-01
4.8839561423857213995347592572215944528580e-01
6.4193893196792939370709518698276951909065e-01
5.7949967962799275866814241453539580106735e-01
1.0000000000000000000000000000000000000000e+00
4.1820094763695697670513595767260994762182e-01
1.8357643125492315028246537167433416470885e-01
4.1548901018952844044207495244336314499378e-01
6.2613431350136539155215587015845812857151e-01
6.5568774896360237924852754076709970831871e-01
5.9211011459303830584133265801938250660896e-01
7.8278808001527000470787243102677166461945e-01
1.0000000000000000000000000000000000000000e+00
9.4171806733809204636997947091003879904747e-01
6.6311050174586461114500934854731895029545e-01
5.5671045475347957776079965697135776281357e-01
3.4499555800365216962077852258516941219568e-01
4.2383575015697827481631065893452614545822e-01
6.6311050174586760874717583646997809410095e-01
4.2383575015697827481631065893452614545822e-01
8.1075339247596545089180608556489460170269e-01
5.4368298572127060630521100392797961831093e-01
5.9211011459303630743988833273760974407196e-01
2.7882519650545101175254103509359993040562e-01
5.3849235319703991908824036727310158312321e-01
1.0000000000000000000000000000000000000000e+00
6.3678885469988233403171307145385071635246e-01
6.1810222094739619702608024454093538224697e-01
1.0000000000000000000000000000000000000000e+00
1.0000000000000000000000000000000000000000e+00
5.0907214396977296111401756206760182976723e-01
8.7063316885807451317447203109622932970524e-01
7.3362757347041052113922887656372040510178e-01
8.9331376786721927718559754794114269316196e-01
8.3610550009556439121638504730071872472763e-01
9.2660226855365079856596821628045290708542e-01
2.6532535882255758874492812537937425076962e-01
2.4655565976129167893304838798940181732178e-01
9.5502095003348019819355840809294022619724e-01
6.4081268454108664123225480580003932118416e-01
3.7552021576150584891706785128917545080185e-01
0.0000000000000000000000000000000000000000e+00
6.5608594717784718408637445463682524859905e-01
5.9787878018903750643175953882746398448944e-01
4.5984872089514577941926631865499075502157e-01
9.6080846580489620567533393113990314304829e-01
1.0000000000000000000000000000000000000000e+00
6.6331685437056919774079233320662751793861e-01
5.4923727889517315325917934387689456343651e-01
9.4417654962985209099457506454200483858585e-01
4.7839055067507807450510881608352065086365e-01
7.1326570034924097196693537625833414494991e-01
7.2050987897820106820034880001912824809551e-01
7.8967993784444800997590618862886913120747e-01
4.6560079440551643825685346200771164149046e-01
6.5608594717784651795255967954290099442005e-01
8.1470583310703226231908047338947653770447e-01
4.5984872089514217119443628689623437821865e-01
6.4748018928938433358410975415608845651150e-01
4.5984872089514577941926631865499075502157e-01
4.5984872089514577941926631865499075502157e-01
5.7822801941770252120988971000770106911659e-01
7.0946565931190896936442413789336569607258e-01
1.0000000000000000000000000000000000000000e+00
5.2826979946586227754323772387579083442688e-01
6.5340829221360507972349296323955059051514e-01
6.3123530322284171489854998071677982807159e-01
6.3934069541351112864191463813767768442631e-01
9.7865276673601275803093813010491430759430e-01
4.6592525364232206808168257339275442063808e-01
3.5364958782933225700517709810810629278421e-01
6.3934069541351123966421710065333172678947e-01
7.3529147083724000211191196285653859376907e-01
6.3123530322284171489854998071677982807159e-01
3.9539509486935975335342163816676475107670e-01
4.7537105628679299229588650632649660110474e-01
5.4267159419343113935241262879571877419949e-01
2.8345399185198610902958193946687970310450e-01
5.3956113033536245993104785156901925802231e-01
4.5984872089514577941926631865499075502157e-01
2.8345399185198610902958193946687970310450e-01
1.2012912025501724933018721230837400071323e-01
0.0000000000000000000000000000000000000000e+00
2.6794677372010194948970251971331890672445e-01
1.0344619623319799284200115607745829038322e-01
0.0000000000000000000000000000000000000000e+00
5.8576771181998055215700560438563115894794e-01
2.1947867750121149987840851736109470948577e-01
2.2687488989412671336332039118133252486587e-01
2.2687488989412671336332039118133252486587e-01
3.4499555800365216962077852258516941219568e-01
3.3209214569667805383446079758869018405676e-01
0.0000000000000000000000000000000000000000e+00
1.8396656217081297501891867796075530350208e-01
0.0000000000000000000000000000000000000000e+00
0.0000000000000000000000000000000000000000e+00
1.8357643125492315028246537167433416470885e-01
2.7882519650545101175254103509359993040562e-01
0.0000000000000000000000000000000000000000e+00
4.5984872089514577941926631865499075502157e-01
2.8345399185198610902958193946687970310450e-01
0.0000000000000000000000000000000000000000e+00
1.2012912025501724933018721230837400071323e-01
0.0000000000000000000000000000000000000000e+00
2.6794677372010194948970251971331890672445e-01
1.0344619623319799284200115607745829038322e-01
0.0000000000000000000000000000000000000000e+00
5.8576771181998055215700560438563115894794e-01
2.1947867750121149987840851736109470948577e-01
2.2687488989412671336332039118133252486587e-01
2.2687488989412671336332039118133252486587e-01
3.4499555800365216962077852258516941219568e-01
3.3209214569667805383446079758869018405676e-01
0.0000000000000000000000000000000000000000e+00
1.8396656217081297501891867796075530350208e-01
0.0000000000000000000000000000000000000000e+00
0.0000000000000000000000000000000000000000e+00
1.8357643125492315028246537167433416470885e-01
2.7882519650545101175254103509359993040562e-01
0.0000000000000000000000000000000000000000e+00
4.5984872089514577941926631865499075502157e-01
2.8345399185198610902958193946687970310450e-01
0.0000000000000000000000000000000000000000e+00
0.0000000000000000000000000000000000000000e+00
1.2012912025501724933018721230837400071323e-01
0.0000000000000000000000000000000000000000e+00
2.6794677372010194948970251971331890672445e-01
1.0344619623319799284200115607745829038322e-01
0.0000000000000000000000000000000000000000e+00
5.8576771181998055215700560438563115894794e-01
2.1947867750121149987840851736109470948577e-01
2.2687488989412671336332039118133252486587e-01
2.2687488989412671336332039118133252486587e-01
3.4499555800365216962077852258516941219568e-01
3.3209214569667805383446079758869018405676e-01
0.0000000000000000000000000000000000000000e+00
1.8396656217081297501891867796075530350208e-01
0.0000000000000000000000000000000000000000e+00
0.0000000000000000000000000000000000000000e+00
1.8357643125492315028246537167433416470885e-01
2.7882519650545101175254103509359993040562e-01
0.0000000000000000000000000000000000000000e+00
4.5984872089514577941926631865499075502157e-01
2.8345399185198610902958193946687970310450e-01
0.0000000000000000000000000000000000000000e+00
0.0000000000000000000000000000000000000000e+00
0.0000000000000000000000000000000000000000e+00
8.5578405432343075176504498813301324844360e+01
1.4500521083971276703472597091604257002473e-01
