1
0
23
9.1041327814362127401892621492152102291584e-01
3.4190653865936593280849820075673051178455e-01
1.1982443484571339564759284712636144831777e-01
5.8244179966684717086877753899898380041122e-01
0.0000000000000000000000000000000000000000e+00
5.3345664768758260798620085552101954817772e-01
7.1155542139631688947076781914802268147469e-01
1.5281530118254693650925446490873582661152e-01
6.1677773220666809450563050631899386644363e-01
5.3057487694905969277670010342262685298920e-01
4.5099765643154265948311376632773317396641e-01
0.0000000000000000000000000000000000000000e+00
6.4321816545896237649060367402853444218636e-01
2.0336397134943848263866073011740809306502e-01
1.0000000000000000000000000000000000000000e+00
3.2334356457794954931017628041445277631283e-01
0.0000000000000000000000000000000000000000e+00
1.0000000000000000000000000000000000000000e+00
9.1455520266128387252280163011164404451847e-01
6.1493137708371381489058649094658903777599e-01
6.6386026250320029351570383369107730686665e-01
9.5527352523195363520613909713574685156345e-01
5.4734695978252678738584791062748990952969e-01
4.2784303332349754578345368827285710722208e-01
2.4623450576769909114993595267151249572635e-01
6.4266139927896615002822500173351727426052e-01
5.6905759183817383739523165786522440612316e-01
1.0000000000000000000000000000000000000000e+00
6.0749863339726850597344309790059924125671e-01
1.6895297325722974379758056784339714795351e-01
3.9686943114011929978346415737178176641464e-01
7.9301645478701199287741019361419603228569e-01
6.8938752032068251196506025735288858413696e-01
4.2974200054854966301931540328951086848974e-01
9.3561877296973183781858551810728386044502e-01
6.2764664484089971452362988202366977930069e-01
6.8938752032068373321038734502508305013180e-01
2.1507241875798363550664760168729117140174e-01
6.3252880748161710577903704688651487231255e-01
3.8167666347826700867784666115767322480679e-01
1.0000000000000000000000000000000000000000e+00
4.6336153123792456209883994233678095042706e-01
4.7390511856798600565099377490696497261524e-01
5.6553695128113401491276590604684315621853e-01
4.2784303332349471471474089412367902696133e-01
2.1507241875798363550664760168729117140174e-01
1.2927075186289216368606957985321059823036e-01
6.3252880748161710577903704688651487231255e-01
5.6951800388382411988175135775236412882805e-01
6.9785324234321921554879963878192938864231e-01
5.8873184197943806417185896862065419554710e-01
6.7818123164141752567957155406475067138672e-01
5.4734695978252678738584791062748990952969e-01
3.2131822200436638281573209496855270117521e-01
3.1392605370833409628161803084367420524359e-01
8.1055584339864483744975132140098139643669e-01
3.1392605370833409628161803084367420524359e-01
4.8726913154185741428037204059364739805460e-01
4.9047751851456256044770043445168994367123e-01
5.8676219551624708703485566729796119034290e-01
7.1382536026536858031477095209993422031403e-01
2.8086893926988748537709739139245357364416e-01
1.0000000000000000000000000000000000000000e+00
7.9037849814722016539292326342547312378883e-01
1.0000000000000000000000000000000000000000e+00
7.2217744966497887659784282732289284467697e-01
4.2563217288008442507063477933115791529417e-01
2.7692619998461442953896494145737960934639e-01
5.1234014573219910371193464015959762036800e-01
2.2071016028263226727013091021945001557469e-01
2.3895437814659409303530424040218349546194e-01
5.3864243402421363438037360538146458566189e-01
1.0000000000000000000000000000000000000000e+00
5.4734695978252678738584791062748990952969e-01
2.6773543709209590701902925502508878707886e-01
2.1507241875798363550664760168729117140174e-01
5.5604529675251257447854413840104825794697e-01
6.5859699854986508693599489561165682971478e-01
8.7145174783400891627138662443030625581741e-01
0.0000000000000000000000000000000000000000e+00
3.9152750557160115318922066762752365320921e-01
1.0000000000000000000000000000000000000000e+00
3.8849088447951929392587544498383067548275e-01
1.0000000000000000000000000000000000000000e+00
1.0000000000000000000000000000000000000000e+00
1.0000000000000000000000000000000000000000e+00
8.6040378316180876616670047951629385352135e-01
9.3736826507439818811917575658299028873444e-01
1.0000000000000000000000000000000000000000e+00
6.3279175712124291486304628051584586501122e-01
4.7210091163913275869035146570240613073111e-01
6.2177473318974585403395849425578489899635e-01
2.1561758821733301161316376237664371728897e-01
7.6766999938005109349603571899933740496635e-01
5.3677033144588082169690324008115567266941e-01
8.7487267410278013457514134643133729696274e-01
1.0000000000000000000000000000000000000000e+00
6.4500438498400902709306592441862449049950e-01
1.0000000000000000000000000000000000000000e+00
8.8131527372823392774137118976796045899391e-01
6.8938752032068395525499227005639113485813e-01
3.2458068954265850702967100005480460822582e-01
6.9785324234321921554879963878192938864231e-01
4.5928973213376028672527695562166627496481e-01
5.6920638590320327132587863161461427807808e-01
6.5313160153139204755490254683536477386951e-01
3.5466924952149009309110283538757357746363e-02
4.8726913154185741428037204059364739805460e-01
9.4386847843378063327435256724129430949688e-01
6.5473898134604324727803259520442225039005e-01
4.6509907690270763103157491968886461108923e-01
7.6596943212340673490245990251423791050911e-01
6.1963722626955752836863666743738576769829e-01
4.9334439449494182916566842322936281561852e-01
7.0152611319297242253867352701490744948387e-01
8.6332510039575405258460705226752907037735e-01
4.3449525775938951932531040256435517221689e-01
4.9334439449494182916566842322936281561852e-01
9.9056992688241185529562926603830419480801e-01
5.9304611087940206637370010867016389966011e-01
8.6170734863502085332243041193578392267227e-01
0.0000000000000000000000000000000000000000e+00
3.0383300366923210455993853429390583187342e-01
2.2360917322769702231255450897151604294777e-01
2.8419402784032088415955286109237931668758e-01
7.9181181159082780762759057324728928506374e-01
4.6360229072930303484412206671549938619137e-01
7.8084412512872791722884358023293316364288e-01
5.6905759183817183899378733258345164358616e-01
6.1355648460456491122272382199298590421677e-01
6.8090779871657258759398700931342318654060e-01
9.8281104412583686347204547928413376212120e-01
3.8761613905665448509552106770570389926434e-01
6.5972013037198840024188939423765987157822e-01
5.5901661269041502677623611816670745611191e-01
1.0000000000000000000000000000000000000000e+00
3.8044016272923442123499171430012211203575e-01
2.2360917322769702231255450897151604294777e-01
3.8908797432665320759070937128853984177113e-01
5.5584123185573364178679867109167389571667e-01
6.1164761710920134696323202661005780100822e-01
5.6905759183817405943983658289653249084949e-01
6.7167695278548611437230420051491819322109e-01
1.0000000000000000000000000000000000000000e+00
9.4952706204248660259992220744607038795948e-01
6.5399176834410854830537118687061592936516e-01
4.4030374372484260003801637139986269176006e-01
3.1392605370833409628161803084367420524359e-01
3.8908797432665320759070937128853984177113e-01
6.5399176834410222003413082347833551466465e-01
3.7722573209865911669780302872823085635900e-01
1.0000000000000000000000000000000000000000e+00
4.8595222619890943160925189658883027732372e-01
5.9954436986864634295812948039383627474308e-01
2.4819398988823143659132597349525894969702e-01
4.7405703962401773976509389285638462752104e-01
1.0000000000000000000000000000000000000000e+00
5.7178737914716970536233020538929849863052e-01
5.1808132216434910066737984379869885742664e-01
1.0000000000000000000000000000000000000000e+00
1.0000000000000000000000000000000000000000e+00
3.7207167274077868057702289661392569541931e-01
1.0000000000000000000000000000000000000000e+00
4.6519109444899675587237197760259732604027e-01
7.7554923638815709274751952762017026543617e-01
7.4672588344922752323640224858536384999752e-01
1.0000000000000000000000000000000000000000e+00
2.1561758821733301161316376237664371728897e-01
6.2670350345932768210133190223132260143757e-02
9.9133374101657123489417244854848831892014e-01
6.0096660267953627698744867302593775093555e-01
3.7279693333788932463335186184849590063095e-01
0.0000000000000000000000000000000000000000e+00
6.1836554171554469760963002045173197984695e-01
7.1155542139631522413623088141321204602718e-01
4.2991151608360139713127523464208934456110e-01
9.3265845176800488136592548471526242792606e-01
1.0000000000000000000000000000000000000000e+00
6.1359315564346328386591267189942300319672e-01
5.5199049152645296434371857685619033873081e-01
9.7502706762982160881847448763437569141388e-01
4.5603057007605779515913013710814993828535e-01
7.0357033499109855601005847347551025450230e-01
7.1067868666633204899341080817976035177708e-01
8.5334838781124144890810612196219153702259e-01
4.4585040593034708233943774757790379226208e-01
6.1836554171554469760963002045173197984695e-01
7.4248931037342558170166739728301763534546e-01
4.2991151608360056446400676577468402683735e-01
5.8718736412881100683591739652911201119423e-01
4.2991151608360139713127523464208934456110e-01
4.2991151608360139713127523464208934456110e-01
5.8024377953450956280079253701842390000820e-01
7.4950518478493388663252972037298604846001e-01
1.0000000000000000000000000000000000000000e+00
5.5648610430206524313234695000573992729187e-01
6.8634783340228766590485065535176545381546e-01
6.2764664484090137985816681975848041474819e-01
6.3446674248347789681901076619396917521954e-01
9.9999999999999955591079014993738383054733e-01
4.4361051249842786692312301966012455523014e-01
3.3152724754279694341363438070402480661869e-01
6.3446674248347789681901076619396917521954e-01
7.0774281202801148094039263014565221965313e-01
5.9304611087939640423627452037180773913860e-01
3.8040473010768505179868270715815015137196e-01
5.3347576465693580249904925949522294104099e-01
4.3221485052740488130851304049429018050432e-01
2.8566986984819481287800613245053682476282e-01
5.1207628808097271910781955739366821944714e-01
4.2991151608360139713127523464208934456110e-01
2.8566986984819481287800613245053682476282e-01
1.1982443484571339564759284712636144831777e-01
0.0000000000000000000000000000000000000000e+00
1.5281530118254693650925446490873582661152e-01
0.0000000000000000000000000000000000000000e+00
0.0000000000000000000000000000000000000000e+00
5.4734695978252678738584791062748990952969e-01
1.6895297325722974379758056784339714795351e-01
2.1507241875798363550664760168729117140174e-01
1.2927075186289216368606957985321059823036e-01
3.1392605370833409628161803084367420524359e-01
2.7692619998461442953896494145737960934639e-01
0.0000000000000000000000000000000000000000e+00
2.1561758821733301161316376237664371728897e-01
3.5466924952149009309110283538757357746363e-02
0.0000000000000000000000000000000000000000e+00
2.2360917322769702231255450897151604294777e-01
2.4819398988823143659132597349525894969702e-01
0.0000000000000000000000000000000000000000e+00
4.2991151608360139713127523464208934456110e-01
2.8566986984819481287800613245053682476282e-01
0.0000000000000000000000000000000000000000e+00
1.1982443484571339564759284712636144831777e-01
0.0000000000000000000000000000000000000000e+00
1.5281530118254693650925446490873582661152e-01
0.0000000000000000000000000000000000000000e+00
0.0000000000000000000000000000000000000000e+00
5.4734695978252678738584791062748990952969e-01
1.6895297325722974379758056784339714795351e-01
2.1507241875798363550664760168729117140174e-01
1.2927075186289216368606957985321059823036e-01
3.1392605370833409628161803084367420524359e-01
2.7692619998461442953896494145737960934639e-01
0.0000000000000000000000000000000000000000e+00
2.1561758821733301161316376237664371728897e-01
3.5466924952149009309110283538757357746363e-02
0.0000000000000000000000000000000000000000e+00
2.2360917322769702231255450897151604294777e-01
2.4819398988823143659132597349525894969702e-01
0.0000000000000000000000000000000000000000e+00
4.2991151608360139713127523464208934456110e-01
2.8566986984819481287800613245053682476282e-01
0.0000000000000000000000000000000000000000e+00
0.0000000000000000000000000000000000000000e+00
1.1982443484571339564759284712636144831777e-01
0.0000000000000000000000000000000000000000e+00
1.5281530118254693650925446490873582661152e-01
0.0000000000000000000000000000000000000000e+00
0.0000000000000000000000000000000000000000e+00
5.4734695978252678738584791062748990952969e-01
1.6895297325722974379758056784339714795351e-01
2.1507241875798363550664760168729117140174e-01
1.2927075186289216368606957985321059823036e-01
3.1392605370833409628161803084367420524359e-01
2.7692619998461442953896494145737960934639e-01
0.0000000000000000000000000000000000000000e+00
2.1561758821733301161316376237664371728897e-01
3.5466924952149009309110283538757357746363e-02
0.0000000000000000000000000000000000000000e+00
2.2360917322769702231255450897151604294777e-01
2.4819398988823143659132597349525894969702e-01
0.0000000000000000000000000000000000000000e+00
4.2991151608360139713127523464208934456110e-01
2.8566986984819481287800613245053682476282e-01
0.0000000000000000000000000000000000000000e+00
0.0000000000000000000000000000000000000000e+00
0.0000000000000000000000000000000000000000e+00
8.8060341839893112592108082026243209838867e+01
1.1626239764326089243251516336385975591838e-01
