1
0
23
8.4498788052386220037703878915635868906975e-01
3.5845042982443903190059586449933703988791e-01
1.9421748203209826533210957677511032670736e-01
6.1388001057838292862101070568314753472805e-01
0.0000000000000000000000000000000000000000e+00
5.7212894349118736947445995610905811190605e-01
5.8979438471470624349990430346224457025528e-01
2.2307177198579034027581258214922854676843e-01
7.5077189519420906016478056699270382523537e-01
5.3722626766327952196888873004354536533356e-01
4.7805678639283893938127789624559227377176e-01
9.1034744656665722573052335064858198165894e-02
8.4039957803286879922666230413597077131271e-01
2.6999080236859884784905716514913365244865e-01
1.0000000000000000000000000000000000000000e+00
4.8639759471635235499320515373256057500839e-01
0.0000000000000000000000000000000000000000e+00
1.0000000000000000000000000000000000000000e+00
6.9262469894118028346241544568329118192196e-01
6.3295351968591406777164820596226491034031e-01
6.7767092520927441068323560102726332843304e-01
9.9710758074517502613787200971273705363274e-01
5.2584059812130257149931367166573181748390e-01
5.2664768126754446520010333188110962510109e-01
3.5829140416269111835134708599071018397808e-01
6.4826997736053992849036831103148870170116e-01
5.7491928012386017687873618342564441263676e-01
7.8266857550367407991842583214747719466686e-01
6.0860490598089622693578348844312131404877e-01
1.9517627170647000589553954341681674122810e-01
5.4002779672042033887180423334939405322075e-01
8.4908179043975939848110101593192666769028e-01
6.6644975336677847455035816892632283270359e-01
4.2764398252346191853234813606832176446915e-01
7.7834552683819846485846483119530603289604e-01
7.0219606605411477584510748783941380679607e-01
6.5886802939894562047840054219705052673817e-01
1.9758187674919877596657613594288704916835e-01
7.9380412146051615440711657356587238609791e-01
4.7903269250534852297107590857194736599922e-01
1.0000000000000000000000000000000000000000e+00
6.1926822342741505433849624751019291579723e-01
4.2662062539506484526441454363521188497543e-01
5.2584059812130257149931367166573181748390e-01
5.3821551504482423311515049135778099298477e-01
2.9523264695873030483141974400496110320091e-01
2.5083188872628869869885193111258558928967e-01
7.1059319433829182255379919297411106526852e-01
6.1323946950601970762306791584705933928490e-01
7.9056300562363190920223132707178592681885e-01
7.8099738924687212016095827493700198829174e-01
7.3629181703611856768532106798375025391579e-01
5.2584059812130257149931367166573181748390e-01
4.0858783077068089317762655809929128736258e-01
4.0238282412536408028103096512495540082455e-01
7.1443947906554350346652881853515282273293e-01
4.0238282412536408028103096512495540082455e-01
5.4168700237305777989149646600708365440369e-01
5.7386762052212447748900103761116042733192e-01
6.5344144529593817249946141600958071649075e-01
7.8914683669408924870936061779502779245377e-01
4.1229128383065383189887143089435994625092e-01
1.0000000000000000000000000000000000000000e+00
8.1743660091307579484976031380938366055489e-01
1.0000000000000000000000000000000000000000e+00
8.3917900552624424825864934973651543259621e-01
5.4261835504743061164845130406320095062256e-01
3.8302633228287313871263108921993989497423e-01
5.9042392330635351527234888635575771331787e-01
3.0900597592213480124812008398293983191252e-01
3.2192988277103073979645841973251663148403e-01
5.3354130872736549306978304230142384767532e-01
8.5707333114849482136321512371068820357323e-01
5.2584059812130257149931367166573181748390e-01
2.9173349398135306476120831575826741755009e-01
2.4789438694466156554163660530321067199111e-01
6.0407396219199493980767101675155572593212e-01
7.1443947906553406657081950470455922186375e-01
8.0026172633623227081756112966104410588741e-01
5.6972721503718938562688123283805907703936e-02
3.7208132148013134399278101227537263184786e-01
1.0000000000000000000000000000000000000000e+00
5.0355230107146420337471681705210357904434e-01
1.0000000000000000000000000000000000000000e+00
1.0000000000000000000000000000000000000000e+00
9.4916187999025858346158202039077877998352e-01
9.6661284453170259745036219101166352629662e-01
1.0000000000000000000000000000000000000000e+00
1.0000000000000000000000000000000000000000e+00
6.4240951103933929822176196466898545622826e-01
4.9808248699687318605811015004292130470276e-01
4.9808248699687301952465645626944024115801e-01
2.9326261614645532382894543843576684594154e-01
8.7492644353739057461183392661041580140591e-01
6.3099932598440666708938806550577282905579e-01
8.5307190113425646060818507976364344358444e-01
8.1756803084562079675379209220409393310547e-01
6.8181837658641852861762799875577911734581e-01
1.0000000000000000000000000000000000000000e+00
8.9292579756647805222513625267310999333858e-01
6.5886802939894650865682024232228286564350e-01
4.5235781984386874698955693929747212678194e-01
7.9056300562363190920223132707178592681885e-01
4.9496124986115436206191020573896821588278e-01
6.5151525154979039733404988510301336646080e-01
7.0665241602116812824618818922317586839199e-01
0.0000000000000000000000000000000000000000e+00
5.3420956514670980830317148502217605710030e-01
9.1362640527606053808540309546515345573425e-01
6.5418065295847915852078813259140588343143e-01
5.3420956514671180670461581030394881963730e-01
8.0872138690799144633558626082958653569221e-01
7.3422536254802406308073159380001015961170e-01
5.3821551504482434413745295387343503534794e-01
6.5418065295847571682941179460613057017326e-01
7.5295002897594076607390434219269081950188e-01
5.4892324281176674283244665275560691952705e-01
6.9024502019592293144967243279097601771355e-01
8.2152353031727021193120208408799953758717e-01
6.5418065295847616091862164466874673962593e-01
8.6867160503663520820794019527966156601906e-01
0.0000000000000000000000000000000000000000e+00
3.7227282918730697502951443311758339405060e-01
3.6882060367585811633261982933618128299713e-01
3.4579814764205513144545989234757144004107e-01
6.3032672272925982515090481683728285133839e-01
4.6469259653257954933991413781768642365932e-01
7.7144864751452135731568660048651508986950e-01
5.7491928012386050994564357097260653972626e-01
6.5418065295847549478480686957482248544693e-01
9.2377489157319891965869373962050303816795e-01
9.5165025289489335591497365385293960571289e-01
4.9496124986115436206191020573896821588278e-01
6.1385946229967891518697342689847573637962e-01
5.4162277308731121561180543722002767026424e-01
1.0000000000000000000000000000000000000000e+00
4.5473462905221867513816391692671459168196e-01
2.3632229661223247418888604443054646253586e-01
5.0822336176238447347230930972727946937084e-01
6.3473035764311580564367432089056819677353e-01
6.4360344559174176293225855260971002280712e-01
5.8981373378216339631308073876425623893738e-01
7.7511935335966297699883398308884352445602e-01
1.0000000000000000000000000000000000000000e+00
8.8806322946127913553482358111068606376648e-01
6.5439421621835358600094423309201374650002e-01
6.6066345739048082386091209627920761704445e-01
4.0858783077067822864236745772359427064657e-01
4.8340493929117711591203487841994501650333e-01
6.5439421621835036635417282013804651796818e-01
4.9808248699687318605811015004292130470276e-01
8.5676898424321090708133397129131481051445e-01
5.3821551504482334493673079123254865407944e-01
5.7491928012386050994564357097260653972626e-01
2.6009043452840802101988515460107009857893e-01
5.0023213583975989493524139106739312410355e-01
1.0000000000000000000000000000000000000000e+00
7.5996183420917007289574485184857621788979e-01
1.0000000000000000000000000000000000000000e+00
1.0000000000000000000000000000000000000000e+00
7.0830863501056784414799949445296078920364e-01
4.3412121102924094984132352692540735006332e-01
6.8424990530480278572156294103479012846947e-01
7.3472242350192584758872271777363494038582e-01
9.2385939320486032411139376563369296491146e-01
9.2044539253212587226471441681496798992157e-01
8.2817950788631755631996611555223353207111e-01
4.9588982177301976772554326089448295533657e-01
1.9892898535963188244579669117229059338570e-01
9.0051831230550816176361195175559259951115e-01
4.8814277819089785248607427092792931944132e-01
4.3712895666587475718145583414298016577959e-01
0.0000000000000000000000000000000000000000e+00
6.5344144529593817249946141600958071649075e-01
5.8979438471470779781213877868140116333961e-01
4.3000982053535352633844013325870037078857e-01
8.1694887049673736711952187761198729276657e-01
1.0000000000000000000000000000000000000000e+00
6.9787895954359202566052999827661551535130e-01
5.2792434138582722269461555697489529848099e-01
9.5889044230949505021044387831352651119232e-01
5.2016369647828908373554668287397362291813e-01
7.9056300562363412964828057738486677408218e-01
6.5344144529593817249946141600958071649075e-01
6.9502888238422944056082997121848165988922e-01
4.7297575401831110086803278136358130723238e-01
6.5344144529593817249946141600958071649075e-01
7.1324057163174847673303702322300523519516e-01
4.2985782330337268808406747666595038026571e-01
7.0828600755094150986934664615546353161335e-01
4.2985782330337268808406747666595038026571e-01
4.2985782330337268808406747666595038026571e-01
5.7212894349118847969748458126559853553772e-01
6.9481736416503370179498233483172953128815e-01
1.0000000000000000000000000000000000000000e+00
5.2236486812658400324949070636648684740067e-01
7.1267555470665810979369325650623068213463e-01
6.3451894118152407653354885042062960565090e-01
6.3451894118152418755585131293628364801407e-01
9.2620064502146037810348389029968529939651e-01
5.2016369647828908373554668287397362291813e-01
4.0238282412536408028103096512495540082455e-01
6.4048849122744844208909853477962315082550e-01
7.1583144298627388035782814768026582896709e-01
6.3451894118152407653354885042062960565090e-01
4.8032758588007679056985921306477393954992e-01
4.8191991971331776811737768184684682637453e-01
5.6488921012923598574673178518423810601234e-01
3.0559985029908093290273995989991817623377e-01
6.8128161214489091346280247307731769979000e-01
4.2985782330337268808406747666595038026571e-01
3.0559985029908093290273995989991817623377e-01
1.9421748203209826533210957677511032670736e-01
0.0000000000000000000000000000000000000000e+00
2.2307177198579034027581258214922854676843e-01
9.1034744656665722573052335064858198165894e-02
0.0000000000000000000000000000000000000000e+00
5.2584059812130257149931367166573181748390e-01
1.9517627170647000589553954341681674122810e-01
1.9758187674919877596657613594288704916835e-01
2.5083188872628869869885193111258558928967e-01
4.0238282412536408028103096512495540082455e-01
3.8302633228287313871263108921993989497423e-01
5.6972721503718938562688123283805907703936e-02
2.9326261614645532382894543843576684594154e-01
0.0000000000000000000000000000000000000000e+00
0.0000000000000000000000000000000000000000e+00
2.3632229661223247418888604443054646253586e-01
2.6009043452840802101988515460107009857893e-01
0.0000000000000000000000000000000000000000e+00
4.2985782330337268808406747666595038026571e-01
3.0559985029908093290273995989991817623377e-01
0.0000000000000000000000000000000000000000e+00
1.9421748203209826533210957677511032670736e-01
0.0000000000000000000000000000000000000000e+00
2.2307177198579034027581258214922854676843e-01
9.1034744656665722573052335064858198165894e-02
0.0000000000000000000000000000000000000000e+00
5.2584059812130257149931367166573181748390e-01
1.9517627170647000589553954341681674122810e-01
1.9758187674919877596657613594288704916835e-01
2.5083188872628869869885193111258558928967e-01
4.0238282412536408028103096512495540082455e-01
3.8302633228287313871263108921993989497423e-01
5.6972721503718938562688123283805907703936e-02
2.9326261614645532382894543843576684594154e-01
0.0000000000000000000000000000000000000000e+00
0.0000000000000000000000000000000000000000e+00
2.3632229661223247418888604443054646253586e-01
2.6009043452840802101988515460107009857893e-01
0.0000000000000000000000000000000000000000e+00
4.2985782330337268808406747666595038026571e-01
3.0559985029908093290273995989991817623377e-01
0.0000000000000000000000000000000000000000e+00
0.0000000000000000000000000000000000000000e+00
1.9421748203209826533210957677511032670736e-01
0.0000000000000000000000000000000000000000e+00
2.2307177198579034027581258214922854676843e-01
9.1034744656665722573052335064858198165894e-02
0.0000000000000000000000000000000000000000e+00
5.2584059812130257149931367166573181748390e-01
1.9517627170647000589553954341681674122810e-01
1.9758187674919877596657613594288704916835e-01
2.5083188872628869869885193111258558928967e-01
4.0238282412536408028103096512495540082455e-01
3.8302633228287313871263108921993989497423e-01
5.6972721503718938562688123283805907703936e-02
2.9326261614645532382894543843576684594154e-01
0.0000000000000000000000000000000000000000e+00
0.0000000000000000000000000000000000000000e+00
2.3632229661223247418888604443054646253586e-01
2.6009043452840802101988515460107009857893e-01
0.0000000000000000000000000000000000000000e+00
4.2985782330337268808406747666595038026571e-01
3.0559985029908093290273995989991817623377e-01
0.0000000000000000000000000000000000000000e+00
0.0000000000000000000000000000000000000000e+00
0.0000000000000000000000000000000000000000e+00
8.6169251618732118913612794131040573120117e+01
1.7950029726805974417125355557800503447652e-01
