1
0
23
9.1096973200136843740182257533888332545757e-01
3.3900445472967372095851601443428080528975e-01
1.1193874180803749240897815298012574203312e-01
5.6480382024258779516401318687712773680687e-01
0.0000000000000000000000000000000000000000e+00
5.3526006061910369471235071614501066505909e-01
7.0460160860842502295042777404887601733208e-01
1.7057131304012540518044716009171679615974e-01
6.2558574932821808811667096961173228919506e-01
5.1798709648245688796919239393901079893112e-01
4.3668237291703732028125273245677817612886e-01
0.0000000000000000000000000000000000000000e+00
6.0537594422795248938484746759058907628059e-01
2.0807895740623977287597767826810013502836e-01
1.0000000000000000000000000000000000000000e+00
3.1074304686232384620225843718799296766520e-01
0.0000000000000000000000000000000000000000e+00
1.0000000000000000000000000000000000000000e+00
9.1699890671698680577605955477338284254074e-01
6.0895662831238983603299175229039974510670e-01
6.3941567553012423896774407694465480744839e-01
1.0000000000000000000000000000000000000000e+00
5.4358131316724700443643314429209567606449e-01
4.3501896350179630745813597059168387204409e-01
2.5993097724557007177637046879681292921305e-01
6.3018938260356782699034283723449334502220e-01
5.5783398191482791439455013460246846079826e-01
1.0000000000000000000000000000000000000000e+00
5.9920350782684272950007198232924565672874e-01
1.6783481361447105673079249754664488136768e-01
4.0240064864714608638962545228423550724983e-01
7.8195972851609640841274995182175189256668e-01
6.7763269840086326478711953313904814422131e-01
4.2976870001620470773673332587350159883499e-01
9.6752357617381934407063681646832264959812e-01
6.1765283828850137126664776587858796119690e-01
6.7763269840086437501014415829558856785297e-01
2.0318324848950128358460176514199702069163e-01
6.3496277376145593418499402105226181447506e-01
4.0241008117637855345805064644082449376583e-01
1.0000000000000000000000000000000000000000e+00
4.5291320501756932026538038371654693037271e-01
6.0182097716649374241626446746522560715675e-01
5.5870653049719454230626070057041943073273e-01
4.3501896350179630745813597059168387204409e-01
2.0318324848950128358460176514199702069163e-01
1.5622681473553612363502907101064920425415e-01
6.3496277376145593418499402105226181447506e-01
6.0074509698098743637473262424464337527752e-01
7.0186688150641562966569608761346898972988e-01
5.9265045045506603571539017139002680778503e-01
6.4366435736498128772353766180458478629589e-01
5.4358131316724700443643314429209567606449e-01
3.3110631517308353188866476557450369000435e-01
3.0464986719460895869815431069582700729370e-01
8.1421248225998799075142642323044128715992e-01
3.0464986719460895869815431069582700729370e-01
4.8405820822072104236966083590232301503420e-01
4.8764841319030000077461295404646079987288e-01
5.8722172705979680529253528220579028129578e-01
7.3878533854899308686015046987449750304222e-01
2.8196248520275990490091544415918178856373e-01
1.0000000000000000000000000000000000000000e+00
7.8530716601244654473390482962713576853275e-01
1.0000000000000000000000000000000000000000e+00
7.0472437348550576174943671503569930791855e-01
3.9798510926543384513820456049870699644089e-01
2.6367051087946308252085714229906443506479e-01
5.1669247273189145008842615425237454473972e-01
2.3344226169665699410771253496932331472635e-01
2.3692913674624554998260350657801609486341e-01
5.5631116829663462830524167657131329178810e-01
1.0000000000000000000000000000000000000000e+00
5.4358131316724700443643314429209567606449e-01
2.8846751050242824820912801442318595945835e-01
2.0318324848950305994144116539246169850230e-01
5.5790337982313742415385604545008391141891e-01
6.6360047038090219650996459677116945385933e-01
8.6348198934530828729805307375499978661537e-01
1.2821527588177117351619926921557635068893e-03
3.5299561662007461482204462299705483019352e-01
1.0000000000000000000000000000000000000000e+00
3.9330100092204656192507172818295657634735e-01
1.0000000000000000000000000000000000000000e+00
1.0000000000000000000000000000000000000000e+00
1.0000000000000000000000000000000000000000e+00
8.5058886117175391827771591124474070966244e-01
1.0000000000000000000000000000000000000000e+00
1.0000000000000000000000000000000000000000e+00
6.2658240645026019866037358951871283352375e-01
4.3822688876455406781218471223837696015835e-01
6.1041929353851764883387431837036274373531e-01
1.9791878459144762736343636788660660386086e-01
7.2575825129343385366809116021613590419292e-01
5.3718798611125140318733883759705349802971e-01
8.5114283595617523658916070417035371065140e-01
1.0000000000000000000000000000000000000000e+00
6.1242531960025958781557164911646395921707e-01
1.0000000000000000000000000000000000000000e+00
8.7324238232464823639134010591078549623489e-01
6.7763269840086548523316878345212899148464e-01
2.7460333654125346214414093992672860622406e-01
7.0186688150641585171030101264477707445621e-01
4.3401945989107809653617664480407256633043e-01
5.3394168840105804552109702854068018496037e-01
6.2549967045787424613223492997349239885807e-01
3.3953368338819900351666092319646850228310e-03
4.8405820822072104236966083590232301503420e-01
9.6711153967597629499408640185720287263393e-01
6.3946787429377316414047527359798550605774e-01
4.4276136075047756168743262605858035385609e-01
7.6875609909405695496786847797920927405357e-01
6.0931475226332754147051673498935997486115e-01
5.0918492997115960552179103615344502031803e-01
6.8774394283735207356045293636270798742771e-01
7.8632392472550405315701027575414627790451e-01
4.2257403439390456290070119393931236118078e-01
5.0918492997115960552179103615344502031803e-01
9.6711153967597629499408640185720287263393e-01
5.9498887336194750119489071948919445276260e-01
8.4752351951946514052593784072087146341801e-01
0.0000000000000000000000000000000000000000e+00
2.9921916346592614122101849716273136436939e-01
2.0914663197152358331543098302063299342990e-01
2.7926935697904242683620168463676236569881e-01
7.6296706077153153557901532622054219245911e-01
4.7142726749003838193630144814960658550262e-01
7.7075798003983886363954525222652591764927e-01
5.5706362954930044306678382781683467328548e-01
5.9734538017916527508077706443145871162415e-01
6.9274068413426614920780366446706466376781e-01
1.0000000000000000000000000000000000000000e+00
3.8878640518169005346749145246576517820358e-01
6.5304227333937481247971845732536166906357e-01
5.2106704741336562491937911545392125844955e-01
1.0000000000000000000000000000000000000000e+00
3.6665219317015457223263297237281221896410e-01
2.0914663197152358331543098302063299342990e-01
3.8097689091689990181777147881803102791309e-01
5.3850439809282368841536481340881437063217e-01
6.3018938260356782699034283723449334502220e-01
5.5783398191482902461757475975900888442993e-01
6.4928646166613257495470179492258466780186e-01
1.0000000000000000000000000000000000000000e+00
9.3231591480910969149675793232745490968227e-01
6.3018938260356449632126896176487207412720e-01
4.0275708385201525185692617014865390956402e-01
3.0464986719460895869815431069582700729370e-01
3.8787625599364039530314585135784000158310e-01
6.3018938260356449632126896176487207412720e-01
3.7152008590215751526741883026261348277330e-01
9.9095777156896536208563475156552158296108e-01
4.8272848199268680868811998152523301541805e-01
6.1237564523762022528075021909899078309536e-01
2.1857905933388788177751393959624692797661e-01
4.7418539470507314881331240030704066157341e-01
1.0000000000000000000000000000000000000000e+00
5.6224410237588728911362068174639716744423e-01
5.6406943614048998814070046137203462421894e-01
1.0000000000000000000000000000000000000000e+00
1.0000000000000000000000000000000000000000e+00
3.7808098565391023981874241144396364688873e-01
1.0000000000000000000000000000000000000000e+00
4.4544289235081724331877239819732494652271e-01
7.0537777464579165531688431656220927834511e-01
6.9927062021305330663523136536241509020329e-01
1.0000000000000000000000000000000000000000e+00
1.9791878459144762736343636788660660386086e-01
1.1754541308238997121549118674010969698429e-02
1.0000000000000000000000000000000000000000e+00
6.0809530994999172470727444306248798966408e-01
3.3707485223933553175612587438081391155720e-01
0.0000000000000000000000000000000000000000e+00
6.0830177832790199854429147308110259473324e-01
7.0460160860842535601733516159583814442158e-01
4.1596496584860781497994253186334390193224e-01
9.1643621113894213614514683285960927605629e-01
1.0000000000000000000000000000000000000000e+00
5.9262055788617107321414323450881056487560e-01
5.5783398191481925465495805838145315647125e-01
9.6028546761002009368723975057946518063545e-01
4.6791490743406560781636471801903098821640e-01
7.0186688150641607375490593767608515918255e-01
6.9569703777176705727924854727461934089661e-01
8.3305286064851613581083711324026808142662e-01
4.1596496584860781497994253186334390193224e-01
5.7765510448926649100798158542602322995663e-01
7.4568859948440557872118006343953311443329e-01
4.1596496584860781497994253186334390193224e-01
5.7144582083826256369007978719309903681278e-01
4.1596496584860781497994253186334390193224e-01
4.1596496584860781497994253186334390193224e-01
5.8353612916268871035896381727070547640324e-01
7.5888030221827074139895330517902038991451e-01
1.0000000000000000000000000000000000000000e+00
5.3190340528611912418455176521092653274536e-01
6.9779216375943131644987715844763442873955e-01
6.1765283828850126024434530336293391883373e-01
6.1765283828850126024434530336293391883373e-01
9.8545348017899048187473454163409769535065e-01
4.4353211966609012995021998904121574014425e-01
3.2309919765626754495357886298734229058027e-01
6.2947519716106148379708429274614900350571e-01
6.9404853475004502083578472593217156827450e-01
5.9498887336194694608337840691092424094677e-01
3.6753532069739175414113674378313589841127e-01
5.2180072954947931407332362141460180282593e-01
4.4190384530541804153358498297166079282761e-01
2.8541007515418231887949218616995494812727e-01
5.4422752874676050272029215193470008671284e-01
4.1596496584860781497994253186334390193224e-01
2.8541007515418231887949218616995494812727e-01
1.1193874180803749240897815298012574203312e-01
0.0000000000000000000000000000000000000000e+00
1.7057131304012540518044716009171679615974e-01
0.0000000000000000000000000000000000000000e+00
0.0000000000000000000000000000000000000000e+00
5.4358131316724700443643314429209567606449e-01
1.6783481361447105673079249754664488136768e-01
2.0318324848950128358460176514199702069163e-01
1.5622681473553612363502907101064920425415e-01
3.0464986719460895869815431069582700729370e-01
2.6367051087946308252085714229906443506479e-01
1.2821527588177117351619926921557635068893e-03
1.9791878459144762736343636788660660386086e-01
3.3953368338819900351666092319646850228310e-03
0.0000000000000000000000000000000000000000e+00
2.0914663197152358331543098302063299342990e-01
2.1857905933388788177751393959624692797661e-01
0.0000000000000000000000000000000000000000e+00
4.1596496584860781497994253186334390193224e-01
2.8541007515418231887949218616995494812727e-01
0.0000000000000000000000000000000000000000e+00
1.1193874180803749240897815298012574203312e-01
0.0000000000000000000000000000000000000000e+00
1.7057131304012540518044716009171679615974e-01
0.0000000000000000000000000000000000000000e+00
0.0000000000000000000000000000000000000000e+00
5.4358131316724700443643314429209567606449e-01
1.6783481361447105673079249754664488136768e-01
2.0318324848950128358460176514199702069163e-01
1.5622681473553612363502907101064920425415e-01
3.0464986719460895869815431069582700729370e-01
2.6367051087946308252085714229906443506479e-01
1.2821527588177117351619926921557635068893e-03
1.9791878459144762736343636788660660386086e-01
3.3953368338819900351666092319646850228310e-03
0.0000000000000000000000000000000000000000e+00
2.0914663197152358331543098302063299342990e-01
2.1857905933388788177751393959624692797661e-01
0.0000000000000000000000000000000000000000e+00
4.1596496584860781497994253186334390193224e-01
2.8541007515418231887949218616995494812727e-01
0.0000000000000000000000000000000000000000e+00
0.0000000000000000000000000000000000000000e+00
1.1193874180803749240897815298012574203312e-01
0.0000000000000000000000000000000000000000e+00
1.7057131304012540518044716009171679615974e-01
0.0000000000000000000000000000000000000000e+00
0.0000000000000000000000000000000000000000e+00
5.4358131316724700443643314429209567606449e-01
1.6783481361447105673079249754664488136768e-01
2.0318324848950128358460176514199702069163e-01
1.5622681473553612363502907101064920425415e-01
3.0464986719460895869815431069582700729370e-01
2.6367051087946308252085714229906443506479e-01
1.2821527588177117351619926921557635068893e-03
1.9791878459144762736343636788660660386086e-01
3.3953368338819900351666092319646850228310e-03
0.0000000000000000000000000000000000000000e+00
2.0914663197152358331543098302063299342990e-01
2.1857905933388788177751393959624692797661e-01
0.0000000000000000000000000000000000000000e+00
4.1596496584860781497994253186334390193224e-01
2.8541007515418231887949218616995494812727e-01
0.0000000000000000000000000000000000000000e+00
0.0000000000000000000000000000000000000000e+00
0.0000000000000000000000000000000000000000e+00
9.0863275993527466312116303015500307083130e+01
1.1737232161290184206947628808848094195127e-01
