1
0
23
8.2170969625440026806728610608843155205250e-01
3.4731388872280111179691175493644550442696e-01
2.4556564880124392979965364247618708759546e-01
6.4117134188754099088924931493238545954227e-01
0.0000000000000000000000000000000000000000e+00
5.8956576154620043972442999802296981215477e-01
4.6125784458928681397438253952714148908854e-01
2.6298517206114513378167885093716904520988e-01
8.3166594250951919597980577236739918589592e-01
4.6494118127039041343806502482038922607899e-01
4.6055176559580518480530031411035452038050e-01
1.0317521054202570540692107670110999606550e-01
6.6586368551674957050323655494139529764652e-01
2.1075377644375870023196739566628821194172e-01
1.0000000000000000000000000000000000000000e+00
5.3043947480927422510887936368817463517189e-01
0.0000000000000000000000000000000000000000e+00
1.0000000000000000000000000000000000000000e+00
5.4139603278705428213157802019850350916386e-01
5.7579732267599359474274933745618909597397e-01
5.7539987088264199499576534435618668794632e-01
8.7491154408737159542397421319037675857544e-01
5.3362409045238534677224606639356352388859e-01
5.4586939895949582179923709190916270017624e-01
3.7517324836858856329513400851283222436905e-01
6.4194582471006311763517260260414332151413e-01
5.9081964703379730163845806600875221192837e-01
6.9279516087379389155387343635084107518196e-01
5.6600946474533697649889063541195355355740e-01
1.5883554129881857774897468971175840124488e-01
6.2697642075057169464002981840167194604874e-01
7.6560529876664973336630737321684136986732e-01
7.2952682088365872203894468839280307292938e-01
4.5509780520014192495281690753472503274679e-01
5.6075945643325031397807833855040371417999e-01
6.9955710353732225570411173976026475429535e-01
6.2697642075057380406377660619909875094891e-01
1.7346103790508887732002563097921665757895e-01
7.7426189343895246430804490955779328942299e-01
5.5834402573333186126092186896130442619324e-01
8.8406137411735208342378200541133992373943e-01
6.5423656201947477661917673685820773243904e-01
1.0000000000000000000000000000000000000000e+00
5.3362409045238534677224606639356352388859e-01
5.1564192824861942998637687196605838835239e-01
3.2586636065762142333568363028462044894695e-01
1.8255787483819069239032728546590078622103e-01
7.3361070989610266401825811044545844197273e-01
6.7187110465265398318024381296709179878235e-01
7.3485678600739445798240012663882225751877e-01
8.1021130796077422964174274966353550553322e-01
6.2220785294542746424184542775037698447704e-01
6.0954729705286481156178979290416464209557e-01
4.7438933662068016872126463567838072776794e-01
5.2903172830939904081049007800174877047539e-01
6.5570770716112114495643936606938950717449e-01
3.6833052997304999154337679101445246487856e-01
5.3134828081217355677523528356687165796757e-01
5.5834402573333008490408246871083974838257e-01
6.1663024280046263569943221227731555700302e-01
7.9165950990567890421800711919786408543587e-01
3.8942464508073093565343469890649430453777e-01
1.0000000000000000000000000000000000000000e+00
7.8474127864312204216901136533124372363091e-01
1.0000000000000000000000000000000000000000e+00
7.7529716657373570765088288680999539792538e-01
5.5132981631883315465358919027494266629219e-01
3.7514237830645974502985495746543165296316e-01
5.4999086746418468507613397378008812665939e-01
2.9180719493778384254767388483742251992226e-01
4.1305321015335100254262101771018933504820e-01
5.1543606186474189012614033345016650855541e-01
1.0000000000000000000000000000000000000000e+00
5.3426541799678739508294711413327604532242e-01
2.8360161828757607382911487547971773892641e-01
3.4575093729423450605864331919292453676462e-01
6.0575940575492026596293726470321416854858e-01
7.1863967787976168466457238537259399890900e-01
7.8704369765288983984419246553443372249603e-01
6.7713895019733738589451377265504561364651e-02
3.2264095515262142255252797440334688872099e-01
6.4996338084040339300173627634649164974689e-01
4.9259959629252725310522009749547578394413e-01
1.0000000000000000000000000000000000000000e+00
1.0000000000000000000000000000000000000000e+00
7.6740819774130097918884985119802877306938e-01
1.0000000000000000000000000000000000000000e+00
1.0000000000000000000000000000000000000000e+00
1.0000000000000000000000000000000000000000e+00
6.0671751605201951207391175557859241962433e-01
4.5774948186011965578501303753000684082508e-01
5.6222902341409741744371331151342019438744e-01
3.2264095515262142255252797440334688872099e-01
9.0159450161801579781695181736722588539124e-01
6.7545633897116175159425210949848406016827e-01
8.1283349565465190522672855877317488193512e-01
7.8579805392353030413232772843912243843079e-01
6.9115469256188910573968087192042730748653e-01
1.0000000000000000000000000000000000000000e+00
9.0501159101851180732722923494293354451656e-01
6.2697642075057169464002981840167194604874e-01
4.4731709146923093189940345837385393679142e-01
7.3485678600739456900470258915447629988194e-01
5.1964669211993064212862236672663129866123e-01
6.5193025609742616399699954854440875351429e-01
6.9551370154370950604771906000678427517414e-01
0.0000000000000000000000000000000000000000e+00
5.3263383069955061444034072337672114372253e-01
7.9300211398982067834140252671204507350922e-01
7.1752247589645490322141085925977677106857e-01
5.3263383069955383408711213633068837225437e-01
6.7060042984425372036838552958215586841106e-01
6.5972819267535887099995761673199012875557e-01
5.3263383069955061444034072337672114372253e-01
6.0532553877214145821028523641871288418770e-01
6.6341263604827793720630779716884717345238e-01
5.4370861757871202790681763872271403670311e-01
7.0350912326343928437921704244217835366726e-01
7.3018820945852969117595421266742050647736e-01
6.5536689020371552416577287658583372831345e-01
7.2737384936372828647677124536130577325821e-01
0.0000000000000000000000000000000000000000e+00
3.6044102484995316215687921612698119133711e-01
3.7689301506506439620736159668012987822294e-01
4.1305321015335100254262101771018933504820e-01
6.6351135510637826442348341515753418207169e-01
3.3021203532899018329160867324389982968569e-01
6.6797299752800920469297807358088903129101e-01
5.9081964703379707959385314097744412720203e-01
6.3210683611465623421565851458581164479256e-01
9.7832777529095071855635978863574564456940e-01
9.8623369446643349700565295279375277459621e-01
5.1964669211993064212862236672663129866123e-01
6.6351135510638503678393362861243076622486e-01
5.2662787596496096753639903909061104059219e-01
1.0000000000000000000000000000000000000000e+00
5.6284347335821749425122106913477182388306e-01
2.7739288597489747401070303567394148558378e-01
4.9057180943607364698166861671779770404100e-01
6.5381482180289896000147109589306637644768e-01
5.9048199081095453788492477542604319751263e-01
5.9081964703380063230753194147837348282337e-01
7.4338087987079504159737552981823682785034e-01
1.0000000000000000000000000000000000000000e+00
7.8474127864312182012440644029993563890457e-01
6.2644123601919243782276680576615035533905e-01
7.4070096868613488627630658811540342867374e-01
4.4343770821967709583333316913922317326069e-01
5.0218421209648822500781761846155859529972e-01
6.2889557572448984146262773720081895589828e-01
4.5774948186011932271810564998304471373558e-01
9.0501159101850991994808737217681482434273e-01
5.3263383069955383408711213633068837225437e-01
5.9081964703379696857155067846179008483887e-01
2.5115631096893209495135579345514997839928e-01
3.9361143368094286820735305809648707509041e-01
9.7896113314629062962524130853125825524330e-01
1.0000000000000000000000000000000000000000e+00
9.7896113314628996349142653343733400106430e-01
1.0000000000000000000000000000000000000000e+00
8.0183601371490043074885534224449656903744e-01
4.0063519180382450857180742787022609263659e-01
5.5417848160011717872919234650908038020134e-01
1.0000000000000000000000000000000000000000e+00
1.0000000000000000000000000000000000000000e+00
9.4882095387210874104511049154098145663738e-01
8.6045055974912543206301052123308181762695e-01
5.9953234716783443403187447984237223863602e-01
3.3061983459757682268786993518006056547165e-01
1.0000000000000000000000000000000000000000e+00
5.3537208515100287442578519403468817472458e-01
4.8881929566409898502143960286048240959644e-01
0.0000000000000000000000000000000000000000e+00
7.0213573868675893674407006983528845012188e-01
5.6761090902947486380725194976548664271832e-01
4.7844659720066512464953234484710264950991e-01
7.4681802987737144761126728553790599107742e-01
1.0000000000000000000000000000000000000000e+00
6.1522207973484044352119326504180207848549e-01
5.5883894220915175665709284658078104257584e-01
9.7873388738986799584296250031911768019199e-01
4.6051860413978362718268044773139990866184e-01
7.3485678600739356980398042651358991861343e-01
6.1663024280046463410087653755908831954002e-01
6.9779829446857299934947604924673214554787e-01
4.1779608804428747248493891675025224685669e-01
7.0213573868675904776637253235094249248505e-01
7.7565352311151569697500463007600046694279e-01
4.1779608804428752799609014800807926803827e-01
6.7299932595346856345486230566166341304779e-01
4.1779608804428747248493891675025224685669e-01
4.1779608804428747248493891675025224685669e-01
5.8956576154620521368343588619609363377094e-01
7.4877142881618174996560810541268438100815e-01
1.0000000000000000000000000000000000000000e+00
5.9081964703379696857155067846179008483887e-01
7.4258599264728952782377291441662237048149e-01
6.5536689020371008407295221331878565251827e-01
7.1601739936008201858896882185945287346840e-01
9.5216362125740983124444483109982684254646e-01
6.4501118899735976341958121338393539190292e-01
4.7438933662068016872126463567838072776794e-01
6.4286543870788370735880334905232302844524e-01
7.0059408174234072408381734931026585400105e-01
6.5536689020371008407295221331878565251827e-01
5.2888661829232697098035487215383909642696e-01
5.1436550014500459493405060129589401185513e-01
6.3131194889115072044205589918419718742371e-01
3.5609321144501981937224854846135713160038e-01
7.5362447820044120572191559404018335044384e-01
4.1779608804428747248493891675025224685669e-01
3.5609321144501981937224854846135713160038e-01
2.4556564880124392979965364247618708759546e-01
0.0000000000000000000000000000000000000000e+00
2.6298517206114513378167885093716904520988e-01
1.0317521054202570540692107670110999606550e-01
0.0000000000000000000000000000000000000000e+00
5.3362409045238534677224606639356352388859e-01
1.5883554129881857774897468971175840124488e-01
1.7346103790508887732002563097921665757895e-01
1.8255787483819069239032728546590078622103e-01
3.6833052997304999154337679101445246487856e-01
3.7514237830645974502985495746543165296316e-01
6.7713895019733738589451377265504561364651e-02
3.2264095515262142255252797440334688872099e-01
0.0000000000000000000000000000000000000000e+00
0.0000000000000000000000000000000000000000e+00
2.7739288597489747401070303567394148558378e-01
2.5115631096893209495135579345514997839928e-01
0.0000000000000000000000000000000000000000e+00
4.1779608804428747248493891675025224685669e-01
3.5609321144501981937224854846135713160038e-01
0.0000000000000000000000000000000000000000e+00
2.4556564880124392979965364247618708759546e-01
0.0000000000000000000000000000000000000000e+00
2.6298517206114513378167885093716904520988e-01
1.0317521054202570540692107670110999606550e-01
0.0000000000000000000000000000000000000000e+00
5.3362409045238534677224606639356352388859e-01
1.5883554129881857774897468971175840124488e-01
1.7346103790508887732002563097921665757895e-01
1.8255787483819069239032728546590078622103e-01
3.6833052997304999154337679101445246487856e-01
3.7514237830645974502985495746543165296316e-01
6.7713895019733738589451377265504561364651e-02
3.2264095515262142255252797440334688872099e-01
0.0000000000000000000000000000000000000000e+00
0.0000000000000000000000000000000000000000e+00
2.7739288597489747401070303567394148558378e-01
2.5115631096893209495135579345514997839928e-01
0.0000000000000000000000000000000000000000e+00
4.1779608804428747248493891675025224685669e-01
3.5609321144501981937224854846135713160038e-01
0.0000000000000000000000000000000000000000e+00
0.0000000000000000000000000000000000000000e+00
2.4556564880124392979965364247618708759546e-01
0.0000000000000000000000000000000000000000e+00
2.6298517206114513378167885093716904520988e-01
1.0317521054202570540692107670110999606550e-01
0.0000000000000000000000000000000000000000e+00
5.3362409045238534677224606639356352388859e-01
1.5883554129881857774897468971175840124488e-01
1.7346103790508887732002563097921665757895e-01
1.8255787483819069239032728546590078622103e-01
3.6833052997304999154337679101445246487856e-01
3.7514237830645974502985495746543165296316e-01
6.7713895019733738589451377265504561364651e-02
3.2264095515262142255252797440334688872099e-01
0.0000000000000000000000000000000000000000e+00
0.0000000000000000000000000000000000000000e+00
2.7739288597489747401070303567394148558378e-01
2.5115631096893209495135579345514997839928e-01
0.0000000000000000000000000000000000000000e+00
4.1779608804428747248493891675025224685669e-01
3.5609321144501981937224854846135713160038e-01
0.0000000000000000000000000000000000000000e+00
0.0000000000000000000000000000000000000000e+00
0.0000000000000000000000000000000000000000e+00
8.8858533927047716360902995802462100982666e+01
2.5789026479659382662390498808235861361027e-01
