1
0
23
9.0823139457774415550517232986749149858952e-01
3.3695965691630519467381077447498682886362e-01
1.0861106351732870145543330409054760821164e-01
5.5519129234985797882728775221039541065693e-01
0.0000000000000000000000000000000000000000e+00
5.3291200516068126802338156267069280147552e-01
7.1044262093299404003943209318094886839390e-01
1.6660487057331022087147687216202029958367e-01
5.8227588337688618302934173698304221034050e-01
5.0977928478290612801515635510440915822983e-01
4.4789169771956927057487973797833546996117e-01
0.0000000000000000000000000000000000000000e+00
6.3825407440751757981445280165644362568855e-01
1.7877706432320106255673408668371848762035e-01
1.0000000000000000000000000000000000000000e+00
2.5684542684684374957981845000176690518856e-01
0.0000000000000000000000000000000000000000e+00
1.0000000000000000000000000000000000000000e+00
9.1755184372525600000614076634519733488560e-01
6.3630218850455211310190861695446074008942e-01
6.7174733144838039144985941675258800387383e-01
9.3713927134494179327361962350551038980484e-01
5.5911678352649762935300259414361789822578e-01
4.0473906888614219479194389350595884025097e-01
2.4628571679264316118818101131182629615068e-01
6.2051601685817769915587405193946324288845e-01
5.6211069694028337195845779206138104200363e-01
1.0000000000000000000000000000000000000000e+00
6.2243671604444883449502867733826860785484e-01
1.3757950408185262713978147530724527314305e-01
3.9382391458806415007742884881736245006323e-01
8.0730967066051351199718055795528925955296e-01
6.7695392470270454587932817958062514662743e-01
4.2113282526403150729521485118311829864979e-01
9.9089692432107490116521830714191310107708e-01
6.4025673607295496836400161555502563714981e-01
6.7695392470270410179011832951800897717476e-01
2.1899715300004238272002510257152607664466e-01
6.1857084367212789022261176796746440231800e-01
3.7550782293256740329567833214241545647383e-01
1.0000000000000000000000000000000000000000e+00
4.4701933673675081637455264171876478940248e-01
8.3260684483792224419573813065653666853905e-01
6.3895301215227273683439079832169227302074e-01
4.0473906888614219479194389350595884025097e-01
2.1899715300004238272002510257152607664466e-01
0.0000000000000000000000000000000000000000e+00
6.2267793004368998666109291661996394395828e-01
6.4341575873601120072464709664927795529366e-01
6.9793738091043622251419265012373216450214e-01
5.8227588337688718223006389962392859160900e-01
6.9399920912223889146730471111368387937546e-01
5.5911678352649762935300259414361789822578e-01
3.2529709759496078236296057184517849236727e-01
3.0747707756645525911665117746451869606972e-01
7.7198542303506334505414088198449462652206e-01
3.0747707756645525911665117746451869606972e-01
4.6646260661499067134982965399103704839945e-01
5.0483461905434501293399307542131282389164e-01
5.7109734208877760419653668577666394412518e-01
7.0909199843806969276727159012807533144951e-01
2.5695008894068782634434455758309923112392e-01
1.0000000000000000000000000000000000000000e+00
7.5028783174221647112034361271071247756481e-01
1.0000000000000000000000000000000000000000e+00
6.7352820657219680811067519243806600570679e-01
3.9680861139914469504219596274197101593018e-01
2.5695008894068782634434455758309923112392e-01
4.8072499785925093540583930007414892315865e-01
2.2075980936932018683371836687001632526517e-01
2.1005662510649350527280887490633176639676e-01
5.5325256637366393430710331813315860927105e-01
1.0000000000000000000000000000000000000000e+00
5.8189434146663665536891585361445322632790e-01
2.6441007185189557837645679683191701769829e-01
2.1899715300004238272002510257152607664466e-01
5.7573863757340038027621176297543570399284e-01
6.1486784973965757927771846880204975605011e-01
8.8933166838689059474631903867702931165695e-01
0.0000000000000000000000000000000000000000e+00
4.0397613547079225249092360172653570771217e-01
1.0000000000000000000000000000000000000000e+00
4.3964762579538718689775578241096809506416e-01
1.0000000000000000000000000000000000000000e+00
1.0000000000000000000000000000000000000000e+00
1.0000000000000000000000000000000000000000e+00
8.6091293242321187406673743680585175752640e-01
9.5748894460945521700523386243730783462524e-01
1.0000000000000000000000000000000000000000e+00
6.4156493980124162934686182779842056334019e-01
4.7520025557922690451206904072023462504148e-01
5.9534814111952460979892975956317968666553e-01
2.3274313674723168254843130853259935975075e-01
7.2800624440219618982439442333998158574104e-01
4.8318230190370692334056457184487953782082e-01
8.5229084986008785129740772390505298972130e-01
1.0000000000000000000000000000000000000000e+00
6.1763900795338899651909514432190917432308e-01
1.0000000000000000000000000000000000000000e+00
8.6848086374072042126215364987729117274284e-01
6.7695392470270432383472325454931706190109e-01
2.5422874504330450484701486857375130057335e-01
6.9793738091043622251419265012373216450214e-01
4.2570399645557066570233928359812125563622e-01
5.1052203757267078376713698162348009645939e-01
6.3175729011187364836388269395683892071247e-01
3.9755935207930893915406755922958836890757e-02
4.6646260661499067134982965399103704839945e-01
8.8429508195383232926900518577895127236843e-01
6.5103673697010966403553311465657316148281e-01
4.4789169771957082488711421319749206304550e-01
9.5548920329523656658210484238225035369396e-01
6.3647665826749633133374572935281321406364e-01
4.7708677268872295984536435753398109227419e-01
6.9060328683072613742410794657189399003983e-01
7.9618938035358655103124192464747466146946e-01
4.2751267309544371819640673493267968297005e-01
4.7708677268872295984536435753398109227419e-01
9.9810175555992841633923262634198181331158e-01
6.1102129759300460865034665403072722256184e-01
8.3069658999511164498841253589489497244358e-01
0.0000000000000000000000000000000000000000e+00
2.8768944483912312071183237094373907893896e-01
1.9030794932570715971564823121298104524612e-01
2.7317676384471373252083026272885035723448e-01
7.8568073627641210610050848117680288851261e-01
3.7806805550869398979685342965240124613047e-01
7.8164948772007802890726679834187962114811e-01
5.6211069694028414911457502967095933854580e-01
6.0082627111914910233991804489050991833210e-01
6.9426545908858650069106488444958813488483e-01
9.7763669418252618914522145132650621235371e-01
3.5250954147028185081680362600309308618307e-01
6.3680282177507396834670316820847801864147e-01
5.1831503967558945067395370642771013081074e-01
1.0000000000000000000000000000000000000000e+00
3.5812312459459788582805117584939580410719e-01
1.9030794932570715971564823121298104524612e-01
3.7314752749391305597370660507294815033674e-01
5.1719138406235520832865404372569173574448e-01
6.0218615199726643893995969847310334444046e-01
5.6211069694028359400306271709268912672997e-01
6.5672647453201682399281935431645251810551e-01
1.0000000000000000000000000000000000000000e+00
9.1932071901495859833630674984306097030640e-01
6.3300941551069989099431722934241406619549e-01
3.5526877286429436875181409050128422677517e-01
3.0747707756645525911665117746451869606972e-01
3.7314752749391078001650612350204028189182e-01
6.3300941551070022406122461688937619328499e-01
3.7462678278531841291609794097894337028265e-01
1.0000000000000000000000000000000000000000e+00
4.5926675266021743659905496315332129597664e-01
6.1088663850213120731780236383201554417610e-01
2.4231038150600930913824981871584895998240e-01
4.5526070622109193752891087569878436625004e-01
1.0000000000000000000000000000000000000000e+00
6.3408774079514085286746194469742476940155e-01
6.0718501230068966378894401714205741882324e-01
1.0000000000000000000000000000000000000000e+00
1.0000000000000000000000000000000000000000e+00
3.3405564730208281432055628101807087659836e-01
1.0000000000000000000000000000000000000000e+00
4.0991610103205355919442354206694290041924e-01
7.0239975901921636314284569380106404423714e-01
7.4052098536464394662459653773112222552299e-01
1.0000000000000000000000000000000000000000e+00
2.5215439192893029929365411589969880878925e-01
5.9052791893595718564213825629849452525377e-02
1.0000000000000000000000000000000000000000e+00
5.9898219124731144624718126578954979777336e-01
3.8571764793480234345679491525515913963318e-01
0.0000000000000000000000000000000000000000e+00
5.8780255124190217141944003742537461221218e-01
7.1044262093299404003943209318094886839390e-01
4.1109645763146523966824474882741924375296e-01
9.0612148301032002795096786940121091902256e-01
1.0000000000000000000000000000000000000000e+00
6.2084032125534616142203958588652312755585e-01
5.4288643942301229028402076437487266957760e-01
9.6671522940748688679235556264757178723812e-01
4.3468761833497632229850182739028241485357e-01
6.9793738091043622251419265012373216450214e-01
6.9758035309246346766798296812339685857296e-01
8.4137425516452279961043814182630740106106e-01
4.4199842690098761766037682718888390809298e-01
5.8780255124190217141944003742537461221218e-01
7.5753656998996776739119241028674878180027e-01
4.1109645763146523966824474882741924375296e-01
5.7452013907140930815131696363096125423908e-01
4.1109645763146523966824474882741924375296e-01
4.1109645763146523966824474882741924375296e-01
5.7247855502129763038965393207035958766937e-01
7.5921730328781067420607087115058675408363e-01
1.0000000000000000000000000000000000000000e+00
5.3847901279004839469877197188907302916050e-01
7.2343499667149790965936517750378698110580e-01
6.1548496895224524827483492117607966065407e-01
6.1548496895224524827483492117607966065407e-01
9.5736938242942237753396739208255894482136e-01
4.3468761833497632229850182739028241485357e-01
3.2529709759496133747447288442344870418310e-01
6.1548496895224524827483492117607966065407e-01
6.7918432766763692232103721835301257669926e-01
6.1102129759300394251653187893680296838284e-01
3.7877052043245451606878759776009246706963e-01
5.4215106191273287894460963798337616026402e-01
4.3056203360493361387284494412597268819809e-01
2.6909864034113212261090097854321356862783e-01
5.5020655647201377469457383995177224278450e-01
4.1109645763146523966824474882741924375296e-01
2.6909864034113212261090097854321356862783e-01
1.0861106351732870145543330409054760821164e-01
0.0000000000000000000000000000000000000000e+00
1.6660487057331022087147687216202029958367e-01
0.0000000000000000000000000000000000000000e+00
0.0000000000000000000000000000000000000000e+00
5.5911678352649762935300259414361789822578e-01
1.3757950408185262713978147530724527314305e-01
2.1899715300004238272002510257152607664466e-01
0.0000000000000000000000000000000000000000e+00
3.0747707756645525911665117746451869606972e-01
2.5695008894068782634434455758309923112392e-01
1.4742074633012032838667597518850437970541e-19
2.3274313674723168254843130853259935975075e-01
3.9755935207930893915406755922958836890757e-02
0.0000000000000000000000000000000000000000e+00
1.9030794932570715971564823121298104524612e-01
2.4231038150600930913824981871584895998240e-01
0.0000000000000000000000000000000000000000e+00
4.1109645763146523966824474882741924375296e-01
2.6909864034113212261090097854321356862783e-01
0.0000000000000000000000000000000000000000e+00
1.0861106351732870145543330409054760821164e-01
0.0000000000000000000000000000000000000000e+00
1.6660487057331022087147687216202029958367e-01
0.0000000000000000000000000000000000000000e+00
0.0000000000000000000000000000000000000000e+00
5.5911678352649762935300259414361789822578e-01
1.3757950408185262713978147530724527314305e-01
2.1899715300004238272002510257152607664466e-01
0.0000000000000000000000000000000000000000e+00
3.0747707756645525911665117746451869606972e-01
2.5695008894068782634434455758309923112392e-01
1.4742074633012032838667597518850437970541e-19
2.3274313674723168254843130853259935975075e-01
3.9755935207930893915406755922958836890757e-02
0.0000000000000000000000000000000000000000e+00
1.9030794932570715971564823121298104524612e-01
2.4231038150600930913824981871584895998240e-01
0.0000000000000000000000000000000000000000e+00
4.1109645763146523966824474882741924375296e-01
2.6909864034113212261090097854321356862783e-01
0.0000000000000000000000000000000000000000e+00
0.0000000000000000000000000000000000000000e+00
1.0861106351732870145543330409054760821164e-01
0.0000000000000000000000000000000000000000e+00
1.6660487057331022087147687216202029958367e-01
0.0000000000000000000000000000000000000000e+00
0.0000000000000000000000000000000000000000e+00
5.5911678352649762935300259414361789822578e-01
1.3757950408185262713978147530724527314305e-01
2.1899715300004238272002510257152607664466e-01
0.0000000000000000000000000000000000000000e+00
3.0747707756645525911665117746451869606972e-01
2.5695008894068782634434455758309923112392e-01
1.4742074633012032838667597518850437970541e-19
2.3274313674723168254843130853259935975075e-01
3.9755935207930893915406755922958836890757e-02
0.0000000000000000000000000000000000000000e+00
1.9030794932570715971564823121298104524612e-01
2.4231038150600930913824981871584895998240e-01
0.0000000000000000000000000000000000000000e+00
4.1109645763146523966824474882741924375296e-01
2.6909864034113212261090097854321356862783e-01
0.0000000000000000000000000000000000000000e+00
0.0000000000000000000000000000000000000000e+00
0.0000000000000000000000000000000000000000e+00
9.2223990936534221418696688488125801086426e+01
1.1213987013960093064302014909117133356631e-01
