1
0
23
7.8512825262652863322898610931588336825371e-01
3.4965704266458064175537856499431654810905e-01
2.5623950854668647858503049974387977272272e-01
7.1965982723151933342364827694837003946304e-01
0.0000000000000000000000000000000000000000e+00
6.1831991535958541472695060292608104646206e-01
4.3982410553089351656907979304378386586905e-01
2.6760109769302614646235838335996959358454e-01
7.8730116329123100982201322040054947137833e-01
4.2714972421392061185940747236600145697594e-01
4.7916113560538714510883551156439352780581e-01
1.0609143125093447451723349672647600527853e-02
6.9158544150528400429323028220096603035927e-01
1.7918758523727429388117116104695014655590e-01
1.0000000000000000000000000000000000000000e+00
4.3694205972009636518293973495019599795341e-01
0.0000000000000000000000000000000000000000e+00
1.0000000000000000000000000000000000000000e+00
5.2346859813118740145654328443924896419048e-01
5.5813259628086164809701585909351706504822e-01
5.8402843724944109027319427696056663990021e-01
7.7879655893875554539818040211685001850128e-01
5.2346859813118740145654328443924896419048e-01
5.7015025956044818045143074414227157831192e-01
3.8239821054643174935705474126734770834446e-01
6.3497037115024834719179125386290252208710e-01
5.5866277868570146658555586327565833926201e-01
7.0266274240272341700119795859791338443756e-01
5.5026872412315186444686787581304088234901e-01
1.9311755671151645263883267489291029050946e-01
6.8060838901393438948872471883078105747700e-01
7.8526831386364293052793073002249002456665e-01
7.4530659978532942666618055227445438504219e-01
5.0176068668088957824835460996837355196476e-01
6.4888959113065292072519696375820785760880e-01
7.7015895162857339606432560685789212584496e-01
6.6351402468005038493004121846752241253853e-01
2.2035548191205203694131853353610495105386e-01
7.1965982723151900035674088940140791237354e-01
5.6408956655728403895011524582514539361000e-01
9.4110336557886742347989184054313227534294e-01
6.2955668148010190954266818152973428368568e-01
5.6299804878576431566017390650813467800617e-01
5.2346859813118740145654328443924896419048e-01
4.9240094714875559667177640221780166029930e-01
3.6107434285567507892267258284846320748329e-01
1.6420014204198729590444827408646233379841e-01
7.1021708277696771194342773014795966446400e-01
7.7159514489924607705262360468623228371143e-01
6.9725117765029209770943907642504200339317e-01
8.5734287684535237517025052511598914861679e-01
5.7972034262794425174547541246283799409866e-01
6.1554082764785333914403508970281109213829e-01
5.5125219127261093632341726333834230899811e-01
6.0404955025440676408265971986111253499985e-01
7.1086298895725963387093315759557299315929e-01
4.4097805914553411810175020946189761161804e-01
5.7015025956044818045143074414227157831192e-01
5.6408956655728370588320785827818326652050e-01
6.7935115607879514865174996884888969361782e-01
7.7713663459130266630836558761075139045715e-01
3.9758877041054530021568780284724198281765e-01
9.1095242196625092478967644638032652437687e-01
7.8010002190498350937986060671391896903515e-01
1.0000000000000000000000000000000000000000e+00
7.6256675751078872860233559549669735133648e-01
5.7015025956044640409459134389180690050125e-01
3.6020754980858499250118143208965193480253e-01
5.9278497482480052571673923011985607445240e-01
3.1790948621749975933070686551218386739492e-01
4.8606064752288669073010396459721960127354e-01
5.0176068668088902313684229739010334014893e-01
7.1239128117868388834210691129555925726891e-01
5.2346859813118740145654328443924896419048e-01
3.0768761251954923618967541187885217368603e-01
4.1876160076951030042380352824693545699120e-01
6.1357194924937930036179523085593245923519e-01
7.8263227881846941791366134566487744450569e-01
8.2463466670735430241734320588875561952591e-01
1.0504489164194764916349100758452550508082e-01
3.7665811614030092480120970321877393871546e-01
5.8479063768833539072034000128041952848434e-01
5.3496504568782565769424763857387006282806e-01
1.0000000000000000000000000000000000000000e+00
1.0000000000000000000000000000000000000000e+00
6.9669068607337958365377517111483030021191e-01
9.6961448465317678913066856694058515131474e-01
1.0000000000000000000000000000000000000000e+00
1.0000000000000000000000000000000000000000e+00
5.3547012277854655337705480633303523063660e-01
4.5585062238576640192277977803314570337534e-01
6.5495938357287131204031993547687307000160e-01
3.7665811614030092480120970321877393871546e-01
8.5761987555426644203038222258328460156918e-01
6.4021555917942007951637606311123818159103e-01
8.0463037311704366238984675874235108494759e-01
8.0463037311704366238984675874235108494759e-01
7.0537320080163667945782890456030145287514e-01
9.6194398596486929697846335329813882708549e-01
9.1777376187787496064629522152245044708252e-01
6.8060838901393438948872471883078105747700e-01
4.3413909517353455047583565828972496092319e-01
6.9725117765029209770943907642504200339317e-01
5.4579059541049224080211388354655355215073e-01
6.8143644250020074526474900267203338444233e-01
6.5893371360664598768153155106119811534882e-01
2.0890671339496041936101278224668931216002e-02
5.0971006488697823133549036356271244585514e-01
7.4983296983138858493589395948220044374466e-01
7.1453193322012764632233938755234703421593e-01
5.4247804325878090647705676019540987908840e-01
7.0283375231284839212975157352047972381115e-01
6.8114828302526442271869200340006500482559e-01
5.5026872412315186444686787581304088234901e-01
6.3243873321479326943261867199908010661602e-01
6.0789644443383727967500362865393981337547e-01
5.5125219127261215756874435101053677499294e-01
7.2962030690631074492102925432845950126648e-01
6.6875113044275791285286913989693857729435e-01
6.4723444814940256364366177876945585012436e-01
6.8143644250019597130574311449890956282616e-01
0.0000000000000000000000000000000000000000e+00
4.2714972421392000123674392852990422397852e-01
4.2714972421392055634825624110817443579435e-01
5.1509933907598426383600553890573792159557e-01
6.7222406087629860138576987083069980144501e-01
3.5738688861522893702726832998450845479965e-01
6.7759068526427479461915481806499883532524e-01
5.5866277868572833398275179206393659114838e-01
6.3243873321479326943261867199908010661602e-01
9.6363955713595372820634565869113430380821e-01
1.0000000000000000000000000000000000000000e+00
5.5866277868572833398275179206393659114838e-01
6.3502044703777715817238913587061688303947e-01
5.1938717559992197969620519870659336447716e-01
9.9537511494753760921128105110256001353264e-01
5.5016184216512209470550942569389007985592e-01
3.3806348747027414880506057670572772622108e-01
5.3295071997279641617950574072892777621746e-01
6.6185490989072648382318675430724397301674e-01
6.3497037115024834719179125386290252208710e-01
5.5866277868569846898338937535299919545650e-01
7.6524732864461952885903883725404739379883e-01
1.0000000000000000000000000000000000000000e+00
7.0265454615376232716528193122940137982368e-01
7.4317647463829361598186551418621093034744e-01
7.7743767105418204454991837337729521095753e-01
5.3278152699753378307434559246757999062538e-01
5.7015025956044851351833813168923370540142e-01
6.7676690697415309294626695191254839301109e-01
4.9076335762460743250557015926460735499859e-01
9.1777376187787140793261642102152109146118e-01
5.4758012834213931618876358697889372706413e-01
5.5016184216512209470550942569389007985592e-01
2.6401856518793082040374997632170561701059e-01
5.1681679321201212662373336570453830063343e-01
9.8262657560098209952315073678619228303432e-01
8.8291360272138297293764708228991366922855e-01
9.8262657560098209952315073678619228303432e-01
1.0000000000000000000000000000000000000000e+00
6.7307594518091828916794838733039796352386e-01
4.9487014055376271626229822686582338064909e-01
5.1862493607141157969664391202968545258045e-01
1.0000000000000000000000000000000000000000e+00
1.0000000000000000000000000000000000000000e+00
8.5868426505009831650738760799868032336235e-01
7.6630213518105305681160643871407955884933e-01
5.7257407565262163906538717128569260239601e-01
4.0496342811465879663046507630497217178345e-01
9.5585632767322115110886215916252695024014e-01
6.5852981175977687300360230437945574522018e-01
5.7015025956045217725431939470581710338593e-01
0.0000000000000000000000000000000000000000e+00
6.9961411771721304653226525260834023356438e-01
5.6909904549038581311748430380248464643955e-01
5.4876696047368278552625042721047066152096e-01
7.3154783420801228199792376472032628953457e-01
1.0000000000000000000000000000000000000000e+00
5.8402843724944220049621890211710706353188e-01
5.8715268274758625199893913304549641907215e-01
9.8627351802117235735067879431881010532379e-01
4.3949139405739895414271245499548967927694e-01
6.6586831261747148058560696881613694131374e-01
5.8715268274758813937808099581161513924599e-01
6.7676690697415264885705710184993222355843e-01
4.3949139405739895414271245499548967927694e-01
6.6444873319118513688152916074614040553570e-01
7.8163675070796134747297401190735399723053e-01
4.3949139405739895414271245499548967927694e-01
7.4778377351635583192290823717485181987286e-01
5.0605835275505195447465212055249139666557e-01
4.3949139405739895414271245499548967927694e-01
6.1831991535958541472695060292608104646206e-01
7.4983296983138858493589395948220044374466e-01
9.6149018068350744492533976881531998515129e-01
6.5804592109443516001476837118389084935188e-01
7.6524732864461952885903883725404739379883e-01
6.9595017544743142945407043953309766948223e-01
7.5651001456568622849374605721095576882362e-01
9.6149018068350977639369148164405487477779e-01
5.9926174504978624302253820133046247065067e-01
5.3450575385844245612787517529795877635479e-01
6.3360412150231470995720428618369624018669e-01
7.3274221462640642954511349671520292758942e-01
6.4723444814940678249115535436430945992470e-01
5.8989692770588009196330858685541898012161e-01
6.0667961184629082271868583120522089302540e-01
6.3243873321479271432110635942080989480019e-01
4.1520615758270257300566186131618451327085e-01
7.2194826808080669877654145238921046257019e-01
4.3949139405739895414271245499548967927694e-01
3.9662178892030847121574765878904145210981e-01
2.5623950854668647858503049974387977272272e-01
0.0000000000000000000000000000000000000000e+00
2.6760109769302614646235838335996959358454e-01
1.0609143125093447451723349672647600527853e-02
0.0000000000000000000000000000000000000000e+00
5.2346859813118740145654328443924896419048e-01
1.9311755671151645263883267489291029050946e-01
2.2035548191205203694131853353610495105386e-01
1.6420014204198729590444827408646233379841e-01
4.4097805914553411810175020946189761161804e-01
3.6020754980858499250118143208965193480253e-01
1.0504489164194764916349100758452550508082e-01
3.7665811614030092480120970321877393871546e-01
2.0890671339496041936101278224668931216002e-02
0.0000000000000000000000000000000000000000e+00
3.3806348747027414880506057670572772622108e-01
2.6401856518793082040374997632170561701059e-01
0.0000000000000000000000000000000000000000e+00
4.3949139405739895414271245499548967927694e-01
3.9662178892030847121574765878904145210981e-01
0.0000000000000000000000000000000000000000e+00
2.5623950854668647858503049974387977272272e-01
0.0000000000000000000000000000000000000000e+00
2.6760109769302614646235838335996959358454e-01
1.0609143125093447451723349672647600527853e-02
0.0000000000000000000000000000000000000000e+00
5.2346859813118740145654328443924896419048e-01
1.9311755671151645263883267489291029050946e-01
2.2035548191205203694131853353610495105386e-01
1.6420014204198729590444827408646233379841e-01
4.4097805914553411810175020946189761161804e-01
3.6020754980858499250118143208965193480253e-01
1.0504489164194764916349100758452550508082e-01
3.7665811614030092480120970321877393871546e-01
2.0890671339496041936101278224668931216002e-02
0.0000000000000000000000000000000000000000e+00
3.3806348747027414880506057670572772622108e-01
2.6401856518793082040374997632170561701059e-01
0.0000000000000000000000000000000000000000e+00
4.3949139405739895414271245499548967927694e-01
3.9662178892030847121574765878904145210981e-01
0.0000000000000000000000000000000000000000e+00
0.0000000000000000000000000000000000000000e+00
2.5623950854668647858503049974387977272272e-01
0.0000000000000000000000000000000000000000e+00
2.6760109769302614646235838335996959358454e-01
1.0609143125093447451723349672647600527853e-02
0.0000000000000000000000000000000000000000e+00
5.2346859813118740145654328443924896419048e-01
1.9311755671151645263883267489291029050946e-01
2.2035548191205203694131853353610495105386e-01
1.6420014204198729590444827408646233379841e-01
4.4097805914553411810175020946189761161804e-01
3.6020754980858499250118143208965193480253e-01
1.0504489164194764916349100758452550508082e-01
3.7665811614030092480120970321877393871546e-01
2.0890671339496041936101278224668931216002e-02
0.0000000000000000000000000000000000000000e+00
3.3806348747027414880506057670572772622108e-01
2.6401856518793082040374997632170561701059e-01
0.0000000000000000000000000000000000000000e+00
4.3949139405739895414271245499548967927694e-01
3.9662178892030847121574765878904145210981e-01
0.0000000000000000000000000000000000000000e+00
0.0000000000000000000000000000000000000000e+00
0.0000000000000000000000000000000000000000e+00
8.9112368332365321066390606574714183807373e+01
3.8119352077539198075939452792226802557707e-01
