1
0
23
8.9657458231055120467800634287414140999317e-01
3.4553178632385350699252057893318124115467e-01
1.1947350514611428107247803609425318427384e-01
5.3041213718088531248184835931169800460339e-01
0.0000000000000000000000000000000000000000e+00
5.4999038798270993844141685258364304900169e-01
6.8457661600350816488713689977885223925114e-01
1.9002744387048275953588927222881466150284e-01
6.6307001120397368598702314557158388197422e-01
5.2952178823652229500140720119816251099110e-01
4.7336585208225517851232666544092353433371e-01
5.7623802330702689200592203633277676999569e-02
6.2805498748326571423206132749328389763832e-01
1.9655739248136350205697908677393570542336e-01
1.0000000000000000000000000000000000000000e+00
3.9005769919524718725156731125025544315577e-01
0.0000000000000000000000000000000000000000e+00
1.0000000000000000000000000000000000000000e+00
9.5564521656507261937463226786348968744278e-01
5.9334475320529156405768844706472009420395e-01
6.8562524069352204225680225135874934494495e-01
9.4837861928219491236546900836401619017124e-01
5.5570793326874223794220597483217716217041e-01
4.1997688622048767737027219482115469872952e-01
3.3113769008079535494104561621497850865126e-01
6.6627192208618979396561599060078151524067e-01
5.7321096667003701430331830124487169086933e-01
8.4453274236610487157861371088074520230293e-01
6.3731042157762096689310737929190509021282e-01
1.9913572013692240614268769149930449202657e-01
4.3998041208079702313327175033919047564268e-01
7.7174594540883090232341601222287863492966e-01
6.5938822392424489837736700792447663843632e-01
4.4684515797815588245001094946928787976503e-01
8.3274023169352628936934479497722350060940e-01
6.5672858621457752548167263739742338657379e-01
6.5938822392424356610973745773662813007832e-01
1.9818239451056396394079683886957354843616e-01
6.7448682626099309977973916829796507954597e-01
3.8853806245120897644440560725342947989702e-01
1.0000000000000000000000000000000000000000e+00
4.7617105530300390947573418998217675834894e-01
4.0870600900251646825367402016127016395330e-01
5.8432432633578912373195635154843330383301e-01
4.7193513682666710096214046643581241369247e-01
1.9818239451056396394079683886957354843616e-01
1.9818239451056396394079683886957354843616e-01
6.7448682626099309977973916829796507954597e-01
4.8931945045614111400311685429187491536140e-01
6.8457661600350894204325413738843053579330e-01
5.8631719705685836352415662986459210515022e-01
5.8267453960526516265616692180628888309002e-01
5.5570793326874223794220597483217716217041e-01
3.3113769008079535494104561621497850865126e-01
3.1211771959134271270386307151056826114655e-01
7.3946039618371406376695631479378789663315e-01
3.1211771959134287923731676528404932469130e-01
5.0017692616445541542447017491213046014309e-01
4.9338793446755208060849895446153823286295e-01
6.4493253790552218518428162497002631425858e-01
7.1813954693318360344989059740328229963779e-01
3.4549776899225009829663690652523655444384e-01
1.0000000000000000000000000000000000000000e+00
8.0726757367301160694950112883816473186016e-01
1.0000000000000000000000000000000000000000e+00
8.5624317971747254674141913710627704858780e-01
4.4311795608313681027468078355013858526945e-01
3.2914300030377807715353810635861009359360e-01
5.1334469500751500614654787568724714219570e-01
2.4523519914887378923218363979685818776488e-01
2.6859569148428635854131130145105998963118e-01
5.2476000427996849495571041188668459653854e-01
1.0000000000000000000000000000000000000000e+00
5.5570793326874223794220597483217716217041e-01
3.1177841657849308942829225088644307106733e-01
1.9818239451056354760716260443587088957429e-01
5.4834087803829467677729780916706658899784e-01
6.5382185629501721191303431623964570462704e-01
8.1659213419002485423447978973854333162308e-01
0.0000000000000000000000000000000000000000e+00
3.7242679346470425327808584370359312742949e-01
1.0000000000000000000000000000000000000000e+00
4.4796909085696201557880158361513167619705e-01
1.0000000000000000000000000000000000000000e+00
1.0000000000000000000000000000000000000000e+00
1.0000000000000000000000000000000000000000e+00
9.4838830105971949624432681957841850817204e-01
9.8994146431326912605186407745350152254105e-01
1.0000000000000000000000000000000000000000e+00
6.0006271670367050674599340709391981363297e-01
5.0854278971538713349787030892912298440933e-01
6.3320887877421183631554413295816630125046e-01
1.9208292968127871347405744018033146858215e-01
7.6953383880239045744531267700949683785439e-01
5.3571622227354698253520837170071899890900e-01
9.2057189088927293685316044502542354166508e-01
9.2057189088927293685316044502542354166508e-01
6.6357244937687487329469604446785524487495e-01
1.0000000000000000000000000000000000000000e+00
9.0603517637729102940369330099201761186123e-01
6.5938822392424156770829313245485536754131e-01
2.6225746152061030214142078875738661736250e-01
6.8457661600350805386483443726319819688797e-01
4.7644362015303343138583613836090080440044e-01
5.9832388935483971081907839106861501932144e-01
6.6095851202528899115407057252014055848122e-01
0.0000000000000000000000000000000000000000e+00
5.0017692616445541542447017491213046014309e-01
1.0000000000000000000000000000000000000000e+00
6.8096276441861014472323176960344426333904e-01
5.0017692616445275088921107453643344342709e-01
7.1679512837067882458086387487128376960754e-01
6.8102548362553960714649292640388011932373e-01
5.4765638664650595490712703394819982349873e-01
7.0310328597216342760845009252079762518406e-01
7.9847035006002564649918440409237518906593e-01
4.4311795608313681027468078355013858526945e-01
5.9435071616122159277040282177040353417397e-01
9.4386621541499549081777331593912094831467e-01
6.1370220958144150458224430622067302465439e-01
9.4578907425692060328970001137349754571915e-01
0.0000000000000000000000000000000000000000e+00
3.4738353285928863511955455578572582453489e-01
2.8256050322155146226066335657378658652306e-01
3.4438900241722381068143477023113518953323e-01
7.1922594735824119105416230013361200690269e-01
4.1315956020757327316061946476111188530922e-01
7.2776926061248614630017073068302124738693e-01
5.7311337688618557706377032445743680000305e-01
6.4765201512598269406595363761880435049534e-01
7.3782030708985768541197103331796824932098e-01
9.5406681251079616945531824967474676668644e-01
4.2603178528752017051317579898750409483910e-01
6.7310433403663005869077551324153319001198e-01
6.1294941332978947201581831905059516429901e-01
1.0000000000000000000000000000000000000000e+00
3.7954167637981978122851955959049519151449e-01
2.2238906442728476053893871267064241692424e-01
3.6221565004305872337297955709800589829683e-01
6.1783733583234956565632955971523188054562e-01
6.2136139987258687256144185084849596023560e-01
5.7321096667003634816950352615094743669033e-01
6.6140988531010336259896575938910245895386e-01
1.0000000000000000000000000000000000000000e+00
9.1985755085861564683824553867452777922153e-01
6.5370624224889672948535235263989306986332e-01
5.0808156957789729624153096665395423769951e-01
3.1211771959134287923731676528404932469130e-01
4.2219905115421285657362204801756888628006e-01
6.5703830626449266638644530758028849959373e-01
4.0960625214581264375013347489584702998400e-01
9.0603517637729147349290315105463378131390e-01
5.2863641615705359022570064553292468190193e-01
5.7311337688618591013067771200439892709255e-01
2.4371702287256166719053851466014748439193e-01
4.8885035450670283330154575196502264589071e-01
1.0000000000000000000000000000000000000000e+00
5.6507121292422701763769055105512961745262e-01
6.4098863336632938558778960214112885296345e-01
1.0000000000000000000000000000000000000000e+00
1.0000000000000000000000000000000000000000e+00
4.4435001172625954168893258611205965280533e-01
1.0000000000000000000000000000000000000000e+00
7.9807987978109951043848013796377927064896e-01
8.4298699993144121656030165468109771609306e-01
8.9828855902533688571054426574846729636192e-01
1.0000000000000000000000000000000000000000e+00
1.9208292968127871347405744018033146858215e-01
5.8284314955708182992566435132175683975220e-02
1.0000000000000000000000000000000000000000e+00
6.5258953692623089537505620683077722787857e-01
4.2447420903224297727973635119269602000713e-01
0.0000000000000000000000000000000000000000e+00
6.2603730628100928701229577200138010084629e-01
6.8457661600350683261950734959100373089314e-01
4.4796909085696251517916266493557486683130e-01
9.8018118554249977769643464853288605809212e-01
1.0000000000000000000000000000000000000000e+00
6.3590797321270997599640395492315292358398e-01
5.6460123154791719279899098182795569300652e-01
9.9201634485020873110983075093827210366726e-01
4.9805431834857349926437564135994762182236e-01
6.8590818999107938669368422779371030628681e-01
7.2494730845044585976211237721145153045654e-01
8.4199839649676211372764100815402343869209e-01
4.4796909085696251517916266493557486683130e-01
6.2603730628100928701229577200138010084629e-01
8.2468465503722565568267555136117152869701e-01
4.4796909085696251517916266493557486683130e-01
6.2030524245916196512951046315720304846764e-01
4.4796909085696251517916266493557486683130e-01
4.4796909085696251517916266493557486683130e-01
5.7213090953626211110361055034445598721504e-01
7.1818582144906417674690146668581292033195e-01
1.0000000000000000000000000000000000000000e+00
4.9620842409614424051156333916878793388605e-01
6.5573973512219518866572798287961632013321e-01
6.1370220958144339196138616898679174482822e-01
6.1370220958144339196138616898679174482822e-01
9.7827658215918156248136483554844744503498e-01
4.7370704519802692145091782549570780247450e-01
3.3113769008079535494104561621497850865126e-01
6.2211783129490827448648815334308892488480e-01
7.0473290831599810779550807637860998511314e-01
6.1370220958144339196138616898679174482822e-01
3.9891698382743540074457655464357230812311e-01
4.7423848154614023364672448224155232310295e-01
4.9620842409614757118063721463840920478106e-01
2.6060416450001389065960211155470460653305e-01
5.7568065810678037408365526061970740556717e-01
4.4796909085696251517916266493557486683130e-01
2.6060416450001389065960211155470460653305e-01
1.1947350514611428107247803609425318427384e-01
0.0000000000000000000000000000000000000000e+00
1.9002744387048275953588927222881466150284e-01
5.7623802330702689200592203633277676999569e-02
0.0000000000000000000000000000000000000000e+00
5.5570793326874223794220597483217716217041e-01
1.9913572013692240614268769149930449202657e-01
1.9818239451056396394079683886957354843616e-01
1.9818239451056396394079683886957354843616e-01
3.1211771959134287923731676528404932469130e-01
3.2914300030377807715353810635861009359360e-01
0.0000000000000000000000000000000000000000e+00
1.9208292968127871347405744018033146858215e-01
0.0000000000000000000000000000000000000000e+00
0.0000000000000000000000000000000000000000e+00
2.2238906442728476053893871267064241692424e-01
2.4371702287256166719053851466014748439193e-01
0.0000000000000000000000000000000000000000e+00
4.4796909085696251517916266493557486683130e-01
2.6060416450001389065960211155470460653305e-01
0.0000000000000000000000000000000000000000e+00
1.1947350514611428107247803609425318427384e-01
0.0000000000000000000000000000000000000000e+00
1.9002744387048275953588927222881466150284e-01
5.7623802330702689200592203633277676999569e-02
0.0000000000000000000000000000000000000000e+00
5.5570793326874223794220597483217716217041e-01
1.9913572013692240614268769149930449202657e-01
1.9818239451056396394079683886957354843616e-01
1.9818239451056396394079683886957354843616e-01
3.1211771959134287923731676528404932469130e-01
3.2914300030377807715353810635861009359360e-01
0.0000000000000000000000000000000000000000e+00
1.9208292968127871347405744018033146858215e-01
0.0000000000000000000000000000000000000000e+00
0.0000000000000000000000000000000000000000e+00
2.2238906442728476053893871267064241692424e-01
2.4371702287256166719053851466014748439193e-01
0.0000000000000000000000000000000000000000e+00
4.4796909085696251517916266493557486683130e-01
2.6060416450001389065960211155470460653305e-01
0.0000000000000000000000000000000000000000e+00
0.0000000000000000000000000000000000000000e+00
1.1947350514611428107247803609425318427384e-01
0.0000000000000000000000000000000000000000e+00
1.9002744387048275953588927222881466150284e-01
5.7623802330702689200592203633277676999569e-02
0.0000000000000000000000000000000000000000e+00
5.5570793326874223794220597483217716217041e-01
1.9913572013692240614268769149930449202657e-01
1.9818239451056396394079683886957354843616e-01
1.9818239451056396394079683886957354843616e-01
3.1211771959134287923731676528404932469130e-01
3.2914300030377807715353810635861009359360e-01
0.0000000000000000000000000000000000000000e+00
1.9208292968127871347405744018033146858215e-01
0.0000000000000000000000000000000000000000e+00
0.0000000000000000000000000000000000000000e+00
2.2238906442728476053893871267064241692424e-01
2.4371702287256166719053851466014748439193e-01
0.0000000000000000000000000000000000000000e+00
4.4796909085696251517916266493557486683130e-01
2.6060416450001389065960211155470460653305e-01
0.0000000000000000000000000000000000000000e+00
0.0000000000000000000000000000000000000000e+00
0.0000000000000000000000000000000000000000e+00
8.7555182691457346777497150469571352005005e+01
1.3069788308138044485851025910960743203759e-01
