1
0
23
8.2343669282630371775155708746751770377159e-01
3.4800208129902010512068954994902014732361e-01
1.9438457613651316524538970043067820370197e-01
6.5566725032155714902870613514096476137638e-01
0.0000000000000000000000000000000000000000e+00
5.8562710444287247035788368521025404334068e-01
5.0678385067543696429481769882841035723686e-01
3.2723313722835456474058446474373340606689e-01
7.8945042184137093066453871870180591940880e-01
4.8959111152387774223981864452071022242308e-01
4.7983068442219040106166971781931351870298e-01
8.7216112235203244185122173348645446822047e-02
6.6648846785718984797597386204870417714119e-01
1.8993079874231458270550376710161799564958e-01
1.0000000000000000000000000000000000000000e+00
5.3047719513214219855257169911055825650692e-01
0.0000000000000000000000000000000000000000e+00
1.0000000000000000000000000000000000000000e+00
6.0686084069403190000002723536454141139984e-01
6.5852667513625973150226400321116670966148e-01
6.6254222410264429488080395458382554352283e-01
8.8653067998112011771638663049088791012764e-01
5.4261248141048001869535255536902695894241e-01
4.9559714945116634110533482271421235054731e-01
3.8491908821132669871190046251285821199417e-01
6.4441667251607503974497603849158622324467e-01
5.8543568854670446910404280060902237892151e-01
7.0301858978697862045947886144858784973621e-01
6.2340112042885653664825440500862896442413e-01
1.4856881878925581874639760826539713889360e-01
5.5967142594537466759874178023892454802990e-01
7.8207264177874069588369820849038660526276e-01
7.1995071995606574333237404061947017908096e-01
4.7538777680643867773468969062378164380789e-01
5.1574177280773603193608778383349999785423e-01
7.2358292153828296378037521208170801401138e-01
6.2587821080700645204331067361636087298393e-01
2.1274118686218304596913242221489781513810e-01
7.4676226992729133336013092048233374953270e-01
5.4387738986440026245361423207214102149010e-01
9.9293867210159447722617187537252902984619e-01
6.6830169961150354129841844041948206722736e-01
5.1774259332207450690077621402451768517494e-01
5.4261248141048001869535255536902695894241e-01
5.2195284307367995069171229260973632335663e-01
3.6970269180889148152857615059474483132362e-01
1.9573087835510560861251860842457972466946e-01
6.9367709867897442421735831885598599910736e-01
6.4320626034139627424934815280721522867680e-01
8.0566763625134651949366570988786406815052e-01
7.9029167191505633738302094570826739072800e-01
6.5636787671567820012796801165677607059479e-01
6.2947326284985849476072417019167914986610e-01
4.7310131145067324531794383801752701401711e-01
5.0491141190311716879790537859662435948849e-01
7.4161524640547149545000138459727168083191e-01
4.2614651488410248969529448004323057830334e-01
5.0291132241852587458907919426565058529377e-01
5.5337961520260903203194402522058226168156e-01
6.2479272439586353016238717827945947647095e-01
7.9480978050251271938009267614688724279404e-01
3.6602108079354089831269902788335457444191e-01
1.0000000000000000000000000000000000000000e+00
7.5733141983544882691603561397641897201538e-01
1.0000000000000000000000000000000000000000e+00
8.3948177765292619767478754511103034019470e-01
5.7972146023380255464019228384131565690041e-01
3.4938469814804318236411972975474782288074e-01
5.7015568362776580801920545127359218895435e-01
3.1510767608649115079089142454904504120350e-01
4.0227112085329647106490824626234825700521e-01
5.4132692807056292938483466059551574289799e-01
1.0000000000000000000000000000000000000000e+00
5.4261248141048001869535255536902695894241e-01
2.8098002860667153912643811963789630681276e-01
3.3187337873230671192459340090863406658173e-01
5.5891787213564780856245306495111435651779e-01
7.3678026099930105097257637680741026997566e-01
7.9418196350790914994632885282044298946857e-01
7.9273174497080864386866494442074326798320e-02
3.5650473022536888212385974838980473577976e-01
6.5824541681054649089332997391466051340103e-01
5.0600007303980154560463233792688697576523e-01
1.0000000000000000000000000000000000000000e+00
1.0000000000000000000000000000000000000000e+00
8.3265201424013612907515380356926470994949e-01
1.0000000000000000000000000000000000000000e+00
1.0000000000000000000000000000000000000000e+00
1.0000000000000000000000000000000000000000e+00
6.7678215722678136678780447255121544003487e-01
4.5107445626577519215416600673052016645670e-01
4.6257686284659960129772571235662326216698e-01
2.6361110837031298537169732298934832215309e-01
8.3083122789177898948054235006566159427166e-01
6.4177496278528445294853099767351523041725e-01
9.0324282381418496967739883984904736280441e-01
8.0566763625134651949366570988786406815052e-01
7.0672410335980151430135265400167554616928e-01
1.0000000000000000000000000000000000000000e+00
8.6374712622861093969106605072738602757454e-01
6.2587821080700511977568112342851236462593e-01
4.3689946760145148552112459583440795540810e-01
8.0566763625134651949366570988786406815052e-01
5.1039410728881440260096269412315450608730e-01
6.3344119082742733617408248392166569828987e-01
7.2533369444137318904353151083341799676418e-01
0.0000000000000000000000000000000000000000e+00
5.2901807812990386814533394499449059367180e-01
8.0161664941013333063324353133793920278549e-01
6.5852667513626284012673295364947989583015e-01
5.2195284307368161602624923034454695880413e-01
6.9674743833390595515453469488420523703098e-01
7.2236301181346918021120018238434568047523e-01
5.2195284307367884046868766745319589972496e-01
6.4421384090097022490084555101930163800716e-01
6.8068263964857700365485015936428681015968e-01
5.7972146023380577428696369679528288543224e-01
6.4501677917561006658786482148570939898491e-01
7.6019048289474588919745201565092429518700e-01
6.5993952817568724000807378615718334913254e-01
7.9599265659286644325476345329661853611469e-01
0.0000000000000000000000000000000000000000e+00
3.4461587160178658306719512438576202839613e-01
3.4461587160178658306719512438576202839613e-01
4.1856421711726338186210227831907104700804e-01
6.1855326516288255955799968432984314858913e-01
2.7273569045457918269548258649592753499746e-01
6.8483071269572914907541871798457577824593e-01
5.8543568854670158252417877520201727747917e-01
6.4421384090097155716847510120715014636517e-01
9.6444225084894397159729351187706924974918e-01
9.2249703073786992746363466721959412097931e-01
4.9541922966922907756170957327412907034159e-01
6.1855326516288444693714154709596186876297e-01
4.7551834822711941397344048709783237427473e-01
1.0000000000000000000000000000000000000000e+00
5.2186995127397550753300947690149769186974e-01
1.9576483132032587719528748948505381122231e-01
4.6729535529173510388645240709593053907156e-01
6.1660160915943751369638903270242735743523e-01
6.4207075343187192117966333171352744102478e-01
6.2120148538729980103312300343532115221024e-01
6.7835561533056520922002619045088067650795e-01
1.0000000000000000000000000000000000000000e+00
8.0893877552802850861013439498492516577244e-01
6.4207075343187192117966333171352744102478e-01
7.5536279466116651448714947036933153867722e-01
4.2800477496553884781960164218617137521505e-01
4.9774371788813254191552459815284237265587e-01
6.7411343110179500204282021513790823519230e-01
4.5107445626577880037899603848927654325962e-01
8.6374712622861282707020791349350474774837e-01
5.2195284307368194909315661789150908589363e-01
5.8815773958386208253301674631075002253056e-01
2.7360748087280761797757122621987946331501e-01
3.8977789454565758830995036987587809562683e-01
1.0000000000000000000000000000000000000000e+00
1.0000000000000000000000000000000000000000e+00
9.8155247932993416881686243868898600339890e-01
1.0000000000000000000000000000000000000000e+00
7.3324061118317374052821833174675703048706e-01
4.0757821969324981026261411898303776979446e-01
6.8960879742061254038532069898792542517185e-01
9.9939408421285469419359515086398459970951e-01
1.0000000000000000000000000000000000000000e+00
1.0000000000000000000000000000000000000000e+00
9.5079264528808837830808897706447169184685e-01
5.5108436327027288115232295240275561809540e-01
3.1626676040416912272235094860661774873734e-01
1.0000000000000000000000000000000000000000e+00
5.0167467236728002788481717288959771394730e-01
4.5921482739774444059577263033133931457996e-01
0.0000000000000000000000000000000000000000e+00
6.8002479178330066389435160090215504169464e-01
5.1912802542125713323173386015696451067924e-01
4.4993965339854363749694243779231328517199e-01
7.3408575015812882469390387996099889278412e-01
1.0000000000000000000000000000000000000000e+00
6.6254222410264496101461872967774979770184e-01
5.2663643046677510728414972618338651955128e-01
9.3635813543415158388683039447641931474209e-01
5.4261248141047890847232793021248653531075e-01
8.0566763625135051629655436045140959322453e-01
6.4378149888800928479781759961042553186417e-01
6.7575572497214442257984501338796690106392e-01
4.1474804438127854666618077317252755165100e-01
6.8002479178330044184974667587084695696831e-01
7.3752353673516624077421965921530500054359e-01
4.1474804438127854666618077317252755165100e-01
6.8002479178330010878283928832388482987881e-01
4.1474804438127854666618077317252755165100e-01
4.1474804438127854666618077317252755165100e-01
5.8562710444286547595282854672404937446117e-01
7.1476870827042360279079957763315178453922e-01
1.0000000000000000000000000000000000000000e+00
5.7826644842865593254543910006759688258171e-01
6.2254412828842342619850569462869316339493e-01
6.5993952817569068169945012414245866239071e-01
6.9513113719296004688885659561492502689362e-01
9.4647997253023563590801359168835915625095e-01
6.1651898209374444981278884370112791657448e-01
4.7738694539557258167405962012708187103271e-01
6.2198716160297895516606558885541744530201e-01
7.2205960440992889015632272275979630649090e-01
6.5993952817569068169945012414245866239071e-01
4.8692529318000177251946070100530050694942e-01
4.9423946614736130600320507255673874169588e-01
5.8840235385882944108004721783800050616264e-01
3.3462601722298840334346436975465621799231e-01
6.9093395719775063668066650279797613620758e-01
4.1474804438127854666618077317252755165100e-01
3.3462601722298840334346436975465621799231e-01
1.9438457613651316524538970043067820370197e-01
0.0000000000000000000000000000000000000000e+00
3.2723313722835456474058446474373340606689e-01
8.7216112235203244185122173348645446822047e-02
0.0000000000000000000000000000000000000000e+00
5.4261248141048001869535255536902695894241e-01
1.4856881878925581874639760826539713889360e-01
2.1274118686218304596913242221489781513810e-01
1.9573087835510560861251860842457972466946e-01
4.2614651488410248969529448004323057830334e-01
3.4938469814804318236411972975474782288074e-01
7.9273174497080864386866494442074326798320e-02
2.6361110837031298537169732298934832215309e-01
0.0000000000000000000000000000000000000000e+00
0.0000000000000000000000000000000000000000e+00
1.9576483132032587719528748948505381122231e-01
2.7360748087280761797757122621987946331501e-01
0.0000000000000000000000000000000000000000e+00
4.1474804438127854666618077317252755165100e-01
3.3462601722298840334346436975465621799231e-01
0.0000000000000000000000000000000000000000e+00
1.9438457613651316524538970043067820370197e-01
0.0000000000000000000000000000000000000000e+00
3.2723313722835456474058446474373340606689e-01
8.7216112235203244185122173348645446822047e-02
0.0000000000000000000000000000000000000000e+00
5.4261248141048001869535255536902695894241e-01
1.4856881878925581874639760826539713889360e-01
2.1274118686218304596913242221489781513810e-01
1.9573087835510560861251860842457972466946e-01
4.2614651488410248969529448004323057830334e-01
3.4938469814804318236411972975474782288074e-01
7.9273174497080864386866494442074326798320e-02
2.6361110837031298537169732298934832215309e-01
0.0000000000000000000000000000000000000000e+00
0.0000000000000000000000000000000000000000e+00
1.9576483132032587719528748948505381122231e-01
2.7360748087280761797757122621987946331501e-01
0.0000000000000000000000000000000000000000e+00
4.1474804438127854666618077317252755165100e-01
3.3462601722298840334346436975465621799231e-01
0.0000000000000000000000000000000000000000e+00
0.0000000000000000000000000000000000000000e+00
1.9438457613651316524538970043067820370197e-01
0.0000000000000000000000000000000000000000e+00
3.2723313722835456474058446474373340606689e-01
8.7216112235203244185122173348645446822047e-02
0.0000000000000000000000000000000000000000e+00
5.4261248141048001869535255536902695894241e-01
1.4856881878925581874639760826539713889360e-01
2.1274118686218304596913242221489781513810e-01
1.9573087835510560861251860842457972466946e-01
4.2614651488410248969529448004323057830334e-01
3.4938469814804318236411972975474782288074e-01
7.9273174497080864386866494442074326798320e-02
2.6361110837031298537169732298934832215309e-01
0.0000000000000000000000000000000000000000e+00
0.0000000000000000000000000000000000000000e+00
1.9576483132032587719528748948505381122231e-01
2.7360748087280761797757122621987946331501e-01
0.0000000000000000000000000000000000000000e+00
4.1474804438127854666618077317252755165100e-01
3.3462601722298840334346436975465621799231e-01
0.0000000000000000000000000000000000000000e+00
0.0000000000000000000000000000000000000000e+00
0.0000000000000000000000000000000000000000e+00
8.9351025256762341086869128048419952392578e+01
2.2148855098419120701613849178102100268006e-01
