1
0
23
8.4644358996284085883132775052217766642570e-01
3.6154716045926438283686366048641502857208e-01
1.5736721735243244801871753679733956232667e-01
5.7021424129011288872703744345926679670811e-01
0.0000000000000000000000000000000000000000e+00
5.7021424129011288872703744345926679670811e-01
5.8607323009655665213557540482725016772747e-01
2.6972307871654471744804482113977428525686e-01
7.4572266926047237056707217561779543757439e-01
4.9435131073201088458546337278676219284534e-01
4.6434422407276515487595247577701229602098e-01
6.2302925952536544751403368991304887458682e-02
8.0160496078350473858620262035401538014412e-01
2.5388101322584410990401693197782151401043e-01
1.0000000000000000000000000000000000000000e+00
4.3111064088346984224386915229842998087406e-01
0.0000000000000000000000000000000000000000e+00
1.0000000000000000000000000000000000000000e+00
6.9432736111629678177337154920678585767746e-01
6.2010451210917705289205059671076014637947e-01
6.8701989368412896830307090567657724022865e-01
9.5290025243297638013473260798491537570953e-01
5.6954984345212211760411946670501492917538e-01
4.9478626567442285377751431951764971017838e-01
3.1863529504237730893834168455214239656925e-01
6.9102809381123975196459241487900726497173e-01
5.8436048186435629592239138219156302511692e-01
7.7678081341511839852387311111669987440109e-01
6.2634697642995473820803908893140032887459e-01
1.8525742758561986045506841946917120367289e-01
4.9769103314338591914633980195503681898117e-01
7.7088906061716122586346955358749255537987e-01
6.5757915010544620848520480649312958121300e-01
4.0549127767233056340856478527712170034647e-01
7.3942043154314429642681716359220445156097e-01
6.9432736111629633768416169914416968822479e-01
6.5757915010544809586434666925924830138683e-01
2.1578664182614748501265466984477825462818e-01
7.4974819619493271449783833304536528885365e-01
4.9310880265889328599726582069706637412310e-01
1.0000000000000000000000000000000000000000e+00
6.0344571052728201987491729596513323485851e-01
2.8547404800642395272802787076216191053391e-01
5.6954984345212211760411946670501492917538e-01
5.4251152318628736992423000629059970378876e-01
2.9777876730039015695794546445540618151426e-01
2.7187621003412087983264200374833308160305e-01
6.5906201548929455036329727590782567858696e-01
5.5810702205783502272140594868687912821770e-01
7.6534138065159351693722555864951573312283e-01
7.0850441494800131536635490192566066980362e-01
6.9996767678372351362270364916184917092323e-01
5.6954984345212211760411946670501492917538e-01
3.7374818851932140040261742797156330198050e-01
3.6545892523938644513847862071997951716185e-01
7.3191588217285707962389551539672538638115e-01
3.6545892523938644513847862071997951716185e-01
5.2669189049959941328893364698160439729691e-01
5.7021424129011633041841378144454210996628e-01
6.6975928128870720890120082913199439644814e-01
7.2065345659435253722335801285225898027420e-01
3.6003825552141921484405884257284924387932e-01
1.0000000000000000000000000000000000000000e+00
8.2158678637837501135265938501106575131416e-01
1.0000000000000000000000000000000000000000e+00
8.3869568977315434032959728938294574618340e-01
5.0887015706431004691268071837839670479298e-01
3.4434253866788427922429605132492724806070e-01
5.3851439888241514619693361964891664683819e-01
2.9068238101426441266639244531688746064901e-01
2.9068238101426763231316385827085468918085e-01
5.1985689964118431127815256331814453005791e-01
1.0000000000000000000000000000000000000000e+00
5.6954984345212211760411946670501492917538e-01
2.9068238101426674413474415814562235027552e-01
2.1578664182614720745689851355564314872026e-01
6.0875832637933879887270904873730614781380e-01
6.8055150091989080607390860677696764469147e-01
8.0247324731421820764865060482406988739967e-01
0.0000000000000000000000000000000000000000e+00
3.4503632159705194260013172424805816262960e-01
1.0000000000000000000000000000000000000000e+00
4.6410107282008300488840291109227109700441e-01
1.0000000000000000000000000000000000000000e+00
1.0000000000000000000000000000000000000000e+00
9.4308436837641984595848043682053685188293e-01
9.7605940762350307249306524681742303073406e-01
9.9684476742411354255324340556398965418339e-01
1.0000000000000000000000000000000000000000e+00
6.2786656450337585688714625575812533497810e-01
5.2363274285336747215779951147851534187794e-01
5.2080747659583137565419974635005928575993e-01
2.6112349891734021323230763300671242177486e-01
7.7864371250676889246733480831608176231384e-01
5.9709381158986851723113886691862717270851e-01
8.6104879109334708786605006025638431310654e-01
8.6104879109334708786605006025638431310654e-01
6.7848253609330833047152964354609139263630e-01
1.0000000000000000000000000000000000000000e+00
8.7773282191749379954615051246946677565575e-01
6.5757915010544720768592696913401596248150e-01
4.0583101232186119533551504900970030575991e-01
7.6534138065159340591492309613386169075966e-01
4.7013267203637254532111455773701891303062e-01
5.8182555408582636857772740768268704414368e-01
6.9636256726738032796220068121328949928284e-01
0.0000000000000000000000000000000000000000e+00
5.0300037714764067597883467897190712392330e-01
9.3454109307473187673309666934073902666569e-01
6.7463835689579310095354003351530991494656e-01
5.0104094571212010045258011814439669251442e-01
7.9181310751250744139895232365233823657036e-01
7.5867673459980156103199533390579745173454e-01
5.4251152318628736992423000629059970378876e-01
6.9179569249309547096515871089650318026543e-01
7.3598634134812090934474326786585152149200e-01
5.0887015706431004691268071837839670479298e-01
6.3456485239424009758835154570988379418850e-01
8.5781285041270571856131255117361433804035e-01
6.9179569249309547096515871089650318026543e-01
8.7087903801052646279856617184123024344444e-01
0.0000000000000000000000000000000000000000e+00
3.6181791068396251809247132769087329506874e-01
3.3401878157890951825947922770865261554718e-01
3.5105246602635792330104891334485728293657e-01
6.7258995573957225388994629611261188983917e-01
5.1614185049465355348274897551164031028748e-01
7.6240090824445594375191603830899111926556e-01
5.8436048186435762819002093237941153347492e-01
6.6005613875302471260653192075551487505436e-01
9.6952358703517560467588509709457866847515e-01
1.0000000000000000000000000000000000000000e+00
4.7013267203637243429881209522136487066746e-01
6.3166403680327287695206450734985992312431e-01
5.3147922913301326452994999272050336003304e-01
1.0000000000000000000000000000000000000000e+00
4.1960740428548987113188672992691863328218e-01
1.9913865385516504868945730777340941131115e-01
4.3447297958725067390517438070673961192369e-01
6.0639302515510506985663141676923260092735e-01
6.3822586936319647410442712498479522764683e-01
5.8436048186435851636844063250464387238026e-01
8.0087782504325566446112816265667788684368e-01
1.0000000000000000000000000000000000000000e+00
8.9787960985641190880812700925162062048912e-01
6.3822586936319647410442712498479522764683e-01
6.0091564792637008896036832084064371883869e-01
3.7374818851932384289327160331595223397017e-01
4.3447297958724173660982614819658920168877e-01
6.3822586936319747330514928762568160891533e-01
5.2080747659583292996643422156921587884426e-01
8.7773282191749379954615051246946677565575e-01
5.4251152318628825810264970641583204269409e-01
5.8436048186435685103390369476983323693275e-01
2.2522913928668736316396348229318391531706e-01
5.3220937284495672958684053810429759323597e-01
1.0000000000000000000000000000000000000000e+00
6.9237347311752106548965457477606832981110e-01
7.3634589119052573646939663376542739570141e-01
1.0000000000000000000000000000000000000000e+00
6.6142749164515346471659995586378499865532e-01
4.6890083087079836854371706067468039691448e-01
1.0000000000000000000000000000000000000000e+00
5.3411970290988297627166048187064006924629e-01
7.9579745607165330856247464907937683165073e-01
7.7924237258427975216790173362824134528637e-01
8.3423205791032639666582326753996312618256e-01
4.6288178066814422706443110655527561903000e-01
2.0334795015298540166170937482092995196581e-01
8.5798342912583924757541353756096214056015e-01
5.0250564103336015087108989973785355687141e-01
4.3100579705883390602139115799218416213989e-01
0.0000000000000000000000000000000000000000e+00
6.3967874878441877140033966497867368161678e-01
5.8607323009655831747011234256206080317497e-01
4.5117453467258766819369952827400993555784e-01
8.6818601488547009203955440170830115675926e-01
1.0000000000000000000000000000000000000000e+00
7.1034904718601832307456334092421457171440e-01
5.6872888784051978117162207126966677606106e-01
9.8785411543086454333462143040378578007221e-01
5.4546029859620281943222153131500817835331e-01
7.9958153995893488374946400654152967035770e-01
6.9497059675506589471183360728900879621506e-01
7.0683978721570606129631642033928073942661e-01
4.4495192439958708430225442498340271413326e-01
6.3967874878441877140033966497867368161678e-01
7.1102133033309911080976917219231836497784e-01
4.4102318521841787912762811174616217613220e-01
6.3998170209560423238315252092434093356133e-01
4.4102318521841787912762811174616217613220e-01
4.4102318521841787912762811174616217613220e-01
5.8737157688741359340411918310564942657948e-01
6.9568633823982506392269442585529759526253e-01
9.9618517764427982896791036182548850774765e-01
5.6337959791032454770487447603954933583736e-01
7.4829349442516379653511648939456790685654e-01
6.2671158137189286740920124429976567625999e-01
6.3293419164488906591969907822203822433949e-01
9.6480557110553233357563840399961918592453e-01
5.3311342199787636886298969329800456762314e-01
3.8618637259759475144349494257767219096422e-01
6.3456485239424009758835154570988379418850e-01
7.0149049728551204907489591278135776519775e-01
6.2671158137189286740920124429976567625999e-01
4.1024082572698078452688719153229612857103e-01
4.7055721612131345965579498624720145016909e-01
5.1824535388903103516611281520454213023186e-01
3.0767584334756892250339888050802983343601e-01
5.3220937284494962415948293710243888199329e-01
4.4102318521841787912762811174616217613220e-01
3.0767584334756892250339888050802983343601e-01
1.5736721735243244801871753679733956232667e-01
0.0000000000000000000000000000000000000000e+00
2.6972307871654471744804482113977428525686e-01
6.2302925952536544751403368991304887458682e-02
0.0000000000000000000000000000000000000000e+00
5.6954984345212211760411946670501492917538e-01
1.8525742758561986045506841946917120367289e-01
2.1578664182614748501265466984477825462818e-01
2.7187621003412087983264200374833308160305e-01
3.6545892523938644513847862071997951716185e-01
3.4434253866788427922429605132492724806070e-01
0.0000000000000000000000000000000000000000e+00
2.6112349891734021323230763300671242177486e-01
0.0000000000000000000000000000000000000000e+00
0.0000000000000000000000000000000000000000e+00
1.9913865385516504868945730777340941131115e-01
2.2522913928668736316396348229318391531706e-01
0.0000000000000000000000000000000000000000e+00
4.4102318521841787912762811174616217613220e-01
3.0767584334756892250339888050802983343601e-01
0.0000000000000000000000000000000000000000e+00
1.5736721735243244801871753679733956232667e-01
0.0000000000000000000000000000000000000000e+00
2.6972307871654471744804482113977428525686e-01
6.2302925952536544751403368991304887458682e-02
0.0000000000000000000000000000000000000000e+00
5.6954984345212211760411946670501492917538e-01
1.8525742758561986045506841946917120367289e-01
2.1578664182614748501265466984477825462818e-01
2.7187621003412087983264200374833308160305e-01
3.6545892523938644513847862071997951716185e-01
3.4434253866788427922429605132492724806070e-01
0.0000000000000000000000000000000000000000e+00
2.6112349891734021323230763300671242177486e-01
0.0000000000000000000000000000000000000000e+00
0.0000000000000000000000000000000000000000e+00
1.9913865385516504868945730777340941131115e-01
2.2522913928668736316396348229318391531706e-01
0.0000000000000000000000000000000000000000e+00
4.4102318521841787912762811174616217613220e-01
3.0767584334756892250339888050802983343601e-01
0.0000000000000000000000000000000000000000e+00
0.0000000000000000000000000000000000000000e+00
1.5736721735243244801871753679733956232667e-01
0.0000000000000000000000000000000000000000e+00
2.6972307871654471744804482113977428525686e-01
6.2302925952536544751403368991304887458682e-02
0.0000000000000000000000000000000000000000e+00
5.6954984345212211760411946670501492917538e-01
1.8525742758561986045506841946917120367289e-01
2.1578664182614748501265466984477825462818e-01
2.7187621003412087983264200374833308160305e-01
3.6545892523938644513847862071997951716185e-01
3.4434253866788427922429605132492724806070e-01
0.0000000000000000000000000000000000000000e+00
2.6112349891734021323230763300671242177486e-01
0.0000000000000000000000000000000000000000e+00
0.0000000000000000000000000000000000000000e+00
1.9913865385516504868945730777340941131115e-01
2.2522913928668736316396348229318391531706e-01
0.0000000000000000000000000000000000000000e+00
4.4102318521841787912762811174616217613220e-01
3.0767584334756892250339888050802983343601e-01
0.0000000000000000000000000000000000000000e+00
0.0000000000000000000000000000000000000000e+00
0.0000000000000000000000000000000000000000e+00
8.8027596723576252202292380388826131820679e+01
1.6333022126225751891048787456384161487222e-01
