1
0
23
8.4459261185269629557126336294459179043770e-01
3.5722069354468011237457858442212454974651e-01
1.6045149680478951181861191344069084152579e-01
5.7514881490376756900673171912785619497299e-01
0.0000000000000000000000000000000000000000e+00
5.7514881490377023354199081950355321168900e-01
5.9457922985973588048125293425982818007469e-01
2.2714209950238484214679601791431196033955e-01
6.9315280453663308257716835214523598551750e-01
5.2007929288673770962247999705141410231590e-01
4.4489687110701270356116765469778329133987e-01
6.9696190056754245278902715199365047737956e-02
7.5816327098059033140486917545786127448082e-01
2.3128385320882827169697293356875889003277e-01
1.0000000000000000000000000000000000000000e+00
4.2066299607681800765135449182707816362381e-01
0.0000000000000000000000000000000000000000e+00
9.9386914410745130776803080152603797614574e-01
7.2902979023256353485749059473164379596710e-01
5.7172350040170483165269388337037526071072e-01
6.8571142287200170795102849297109059989452e-01
9.2377309584464672997938805565354414284229e-01
5.6876381341199711005884864789550192654133e-01
4.9076705363387362890392751069157384335995e-01
3.2929021639557976008916284627048298716545e-01
6.5346993784580398312300530960783362388611e-01
5.7086825647469940925304854317801073193550e-01
7.7127345761407939406240075186360627412796e-01
6.3482329586116104103155066695762798190117e-01
1.8604013889711387697012412445474183186889e-01
4.7000663533912295788397273099690210074186e-01
8.4364667839614693178873494616709649562836e-01
6.4007736335564302532219471686403267085552e-01
4.1656253367489587402516804104379843920469e-01
7.6158270739367706081424103103927336633205e-01
6.8571142287200115283951618039282038807869e-01
6.4007736335564191509917009170749224722385e-01
2.2555994063113291026034801234345650300384e-01
6.8099856991385765425661702465731650590897e-01
4.5358100401961948255902257187699433416128e-01
1.0000000000000000000000000000000000000000e+00
5.8210369351578250540768522114376537501812e-01
2.5177179884853462255023259785957634449005e-01
5.6876381341199711005884864789550192654133e-01
5.2395982643165550651787043534568510949612e-01
2.3703291501799916840553805741365067660809e-01
1.8641611005930369682204172931960783898830e-01
6.8099856991385765425661702465731650590897e-01
5.9313073904511248723991911901975981891155e-01
7.2513619443810095610558619227958843111992e-01
6.7024783105919916170734040861134417355061e-01
6.4566426117650810301284991510328836739063e-01
5.6876381341199711005884864789550192654133e-01
3.5390585465012341925827854538511019200087e-01
3.5390585465012341925827854538511019200087e-01
7.0415674945971595821703203910146839916706e-01
3.5390585465012341925827854538511019200087e-01
5.3185096681846222299583359927055425941944e-01
5.7514881490376756900673171912785619497299e-01
6.6083147930459384955526047633611597120762e-01
7.0511488299113567190801177275716327130795e-01
3.6878221000863525835811174147238489240408e-01
1.0000000000000000000000000000000000000000e+00
8.1402963108527293112359757287777028977871e-01
1.0000000000000000000000000000000000000000e+00
8.1062502011794324019433588546235114336014e-01
5.0136233636198246355064611634588800370693e-01
3.4327361960825514275441605605010408908129e-01
5.7288204682331678174733724517864175140858e-01
2.7991637953020015450178448190854396671057e-01
2.6083433309207570971466338960453867912292e-01
5.0997425044284738770983267386327497661114e-01
1.0000000000000000000000000000000000000000e+00
5.6876381341199711005884864789550192654133e-01
2.6844200422173308817619385990838054567575e-01
2.2957499183098808992475881041173124685884e-01
6.0722934438634301734794007643358781933784e-01
6.7183412110883444778863804458524100482464e-01
8.1000858953863019706886916537769138813019e-01
0.0000000000000000000000000000000000000000e+00
3.8511946856842182995706025394611060619354e-01
1.0000000000000000000000000000000000000000e+00
4.3386832301366162756295352664892561733723e-01
1.0000000000000000000000000000000000000000e+00
1.0000000000000000000000000000000000000000e+00
9.8644794915951750091664962383219972252846e-01
1.0000000000000000000000000000000000000000e+00
1.0000000000000000000000000000000000000000e+00
1.0000000000000000000000000000000000000000e+00
6.1744015764664317291732231751666404306889e-01
5.3702115961150931333634162001544609665871e-01
5.7178079099415912711634746301569975912571e-01
2.3556440293607883162962934875395148992538e-01
7.9701016267370605739017719315597787499428e-01
5.9457922985972788687547563313273712992668e-01
8.6497730611722578597522215204662643373013e-01
8.6497730611722578597522215204662643373013e-01
7.1460488813032352339860153733752667903900e-01
1.0000000000000000000000000000000000000000e+00
9.0999557511255291242235898607759736478329e-01
6.4007736335563925056391099133179523050785e-01
3.8534064626082897841996555143850855529308e-01
7.2513619443810195530630835492047481238842e-01
4.8044340897571552462252952864218968898058e-01
5.1476068016235587698758990882197394967079e-01
7.3752970827292962940902043555979616940022e-01
0.0000000000000000000000000000000000000000e+00
5.1408310550159375118539628601865842938423e-01
9.4327139219810030024149227756424807012081e-01
6.4920660097290727730268145023728720843792e-01
5.1408310550159364016309382350300438702106e-01
7.3588759813596904546528776336344890296459e-01
8.1367905913248006477545004599960520863533e-01
5.2395982643165539549556797283003106713295e-01
6.7331022993761469042084399916348047554493e-01
7.8647909457546938405414493900025263428688e-01
5.0136233636198246355064611634588800370693e-01
6.3682199578063014566708943675621412694454e-01
8.4055364374608387834086897782981395721436e-01
6.7331022993761768802301048708613961935043e-01
8.3808217893736414172423110358067788183689e-01
0.0000000000000000000000000000000000000000e+00
3.5295132421609548556418189946271013468504e-01
3.1290653771043963615738903172314167022705e-01
3.4703366393121698463275492940738331526518e-01
6.7024783105921159620521621036459691822529e-01
5.1250494214469155540570000084699131548405e-01
7.7594087274899181672083159355679526925087e-01
5.7086825647470096356528301839716732501984e-01
6.4369046050556177895884957251837477087975e-01
8.9762976863406995775562791095580905675888e-01
9.2762962404309590169759758282452821731567e-01
4.8044340897571652382325169128307607024908e-01
6.1394004792274126103279741073492914438248e-01
5.3748151280962308540267713397042825818062e-01
1.0000000000000000000000000000000000000000e+00
3.9400547785158612779099485123879276216030e-01
1.5599038472386939080394085976877249777317e-01
4.2258462139670782686806660422007553279400e-01
6.1853873721329155621617701399372890591621e-01
6.4944086749368168387519517636974342167377e-01
6.1865570703241867800414865996572189033031e-01
7.7920248013386805840951865320676006376743e-01
1.0000000000000000000000000000000000000000e+00
8.8143110813528868785482472958392463624477e-01
6.4083426300027013233773232059320434927940e-01
6.8349955249350191621715566725470125675201e-01
3.5390585465012341925827854538511019200087e-01
4.2258462139670721624540306038397829979658e-01
6.4083426300026746780247322021750733256340e-01
4.2660566294334678616451128618791699409485e-01
8.4848956283993637317308866840903647243977e-01
5.2395982643165539549556797283003106713295e-01
5.7086825647470096356528301839716732501984e-01
2.3993162881893576043879079406906384974718e-01
4.7111050922410557806330189123400487005711e-01
1.0000000000000000000000000000000000000000e+00
6.5643042527111905570791350328363478183746e-01
6.5643042527111084005753127712523564696312e-01
1.0000000000000000000000000000000000000000e+00
1.0000000000000000000000000000000000000000e+00
4.8538539105663336403750918179866857826710e-01
6.6599847520167387848744056100258603692055e-01
5.8179537796739277943913748458726331591606e-01
7.9808720105206731876279491189052350819111e-01
8.1360069150056790743263945842045359313488e-01
8.4573157664550657752755569163127802312374e-01
4.2540220316378929421574639491154812276363e-01
1.9794274706793568707752228874596767127514e-01
9.0297779277414547127733612796873785555363e-01
4.4569120610482371169780435593565925955772e-01
4.7124913553692604484268713349592871963978e-01
0.0000000000000000000000000000000000000000e+00
6.4276274013787770833516788115957751870155e-01
5.9457922985973499230283323413459584116936e-01
4.5606898895340597377412450441624969244003e-01
8.9514777382079435685824364554719068109989e-01
1.0000000000000000000000000000000000000000e+00
6.8571142287200170795102849297109059989452e-01
5.4649383645238980289349228769424371421337e-01
9.7279104752173628511968672682996839284897e-01
5.0693405574490280063315594816231168806553e-01
7.8037349353502960536133059576968662440777e-01
6.8678714725690015452386205652146600186825e-01
7.3138185136978561828868805605452507734299e-01
4.5606898895340597377412450441624969244003e-01
6.4276274013787870753589004380046389997005e-01
7.5174454772647680833586036897031590342522e-01
4.5606898895340597377412450441624969244003e-01
6.4276274013787748629056295612826943397522e-01
4.5606898895340597377412450441624969244003e-01
4.5606898895340597377412450441624969244003e-01
5.9925244386847686950403613082016818225384e-01
6.6972926058907467083969322629855014383793e-01
1.0000000000000000000000000000000000000000e+00
5.6503945196209059975700483846594579517841e-01
7.1648204411389571077961591072380542755127e-01
6.2880822180922724129459311370737850666046e-01
6.5100888774896237265465970267541706562042e-01
9.2952690039798602228415802528616040945053e-01
5.0313988742503146234241739875869825482368e-01
3.6904547854594826894469861144898459315300e-01
6.3324102643209390084422238942352123558521e-01
7.4992746687948785844213261952972970902920e-01
6.2880822180922724129459311370737850666046e-01
3.8930282097933288643076821244903840124607e-01
4.7461910784598537738077084213728085160255e-01
5.2903266123577852297898971301037818193436e-01
2.8897758921590976921578430847148410975933e-01
5.7796406233641839378378790570423007011414e-01
4.5606898895340597377412450441624969244003e-01
2.8897758921590976921578430847148410975933e-01
1.6045149680478951181861191344069084152579e-01
0.0000000000000000000000000000000000000000e+00
2.2714209950238484214679601791431196033955e-01
6.9696190056754245278902715199365047737956e-02
0.0000000000000000000000000000000000000000e+00
5.6876381341199711005884864789550192654133e-01
1.8604013889711387697012412445474183186889e-01
2.2555994063113291026034801234345650300384e-01
1.8641611005930369682204172931960783898830e-01
3.5390585465012341925827854538511019200087e-01
3.4327361960825514275441605605010408908129e-01
0.0000000000000000000000000000000000000000e+00
2.3556440293607883162962934875395148992538e-01
0.0000000000000000000000000000000000000000e+00
0.0000000000000000000000000000000000000000e+00
1.5599038472386939080394085976877249777317e-01
2.3993162881893576043879079406906384974718e-01
0.0000000000000000000000000000000000000000e+00
4.5606898895340597377412450441624969244003e-01
2.8897758921590976921578430847148410975933e-01
0.0000000000000000000000000000000000000000e+00
1.6045149680478951181861191344069084152579e-01
0.0000000000000000000000000000000000000000e+00
2.2714209950238484214679601791431196033955e-01
6.9696190056754245278902715199365047737956e-02
0.0000000000000000000000000000000000000000e+00
5.6876381341199711005884864789550192654133e-01
1.8604013889711387697012412445474183186889e-01
2.2555994063113291026034801234345650300384e-01
1.8641611005930369682204172931960783898830e-01
3.5390585465012341925827854538511019200087e-01
3.4327361960825514275441605605010408908129e-01
0.0000000000000000000000000000000000000000e+00
2.3556440293607883162962934875395148992538e-01
0.0000000000000000000000000000000000000000e+00
0.0000000000000000000000000000000000000000e+00
1.5599038472386939080394085976877249777317e-01
2.3993162881893576043879079406906384974718e-01
0.0000000000000000000000000000000000000000e+00
4.5606898895340597377412450441624969244003e-01
2.8897758921590976921578430847148410975933e-01
0.0000000000000000000000000000000000000000e+00
0.0000000000000000000000000000000000000000e+00
1.6045149680478951181861191344069084152579e-01
0.0000000000000000000000000000000000000000e+00
2.2714209950238484214679601791431196033955e-01
6.9696190056754245278902715199365047737956e-02
0.0000000000000000000000000000000000000000e+00
5.6876381341199711005884864789550192654133e-01
1.8604013889711387697012412445474183186889e-01
2.2555994063113291026034801234345650300384e-01
1.8641611005930369682204172931960783898830e-01
3.5390585465012341925827854538511019200087e-01
3.4327361960825514275441605605010408908129e-01
0.0000000000000000000000000000000000000000e+00
2.3556440293607883162962934875395148992538e-01
0.0000000000000000000000000000000000000000e+00
0.0000000000000000000000000000000000000000e+00
1.5599038472386939080394085976877249777317e-01
2.3993162881893576043879079406906384974718e-01
0.0000000000000000000000000000000000000000e+00
4.5606898895340597377412450441624969244003e-01
2.8897758921590976921578430847148410975933e-01
0.0000000000000000000000000000000000000000e+00
0.0000000000000000000000000000000000000000e+00
0.0000000000000000000000000000000000000000e+00
8.8012658258103201092126255389302968978882e+01
1.5580390965904497568850217703584348782897e-01
