1
0
23
8.8306250590126367239207638704101555049419e-01
3.5488802500029831277217340357310604304075e-01
1.2476911854981347083093368155459756962955e-01
5.6084732256445146703072168747894465923309e-01
0.0000000000000000000000000000000000000000e+00
5.7194106599667260404373791971011087298393e-01
6.4135899762492842857142250068136490881443e-01
1.8665753972957069284355213767412351444364e-01
6.6114051237712634367937880597310140728951e-01
5.3475846865332032908924020375707186758518e-01
4.6909729097839492073518385950592346489429e-01
7.6628751202181571988703012721089180558920e-02
7.5446947249502827048672770615667104721069e-01
2.3530371768904470575201060000836150720716e-01
1.0000000000000000000000000000000000000000e+00
4.4141642953251558623151140636764466762543e-01
0.0000000000000000000000000000000000000000e+00
1.0000000000000000000000000000000000000000e+00
8.8341955677727290741074739344185218214989e-01
5.8467940165462572998933410417521372437477e-01
6.9127068620499043660743154759984463453293e-01
9.5863726809370231052298549911938607692719e-01
5.8467940165462439772170455398736521601677e-01
4.4176784385092049411980497097829356789589e-01
3.4708586150542625192727541616477537900209e-01
6.6515826117741250200765534827951341867447e-01
5.7500964935552212331515420373762026429176e-01
8.3709790720487808890482028800761327147484e-01
6.4502286114685691842396408901549875736237e-01
1.9467706692876618479459693844546563923359e-01
4.6110445444272063486579327218350954353809e-01
8.0361444199102338714624238491524010896683e-01
6.5289084237732897264550047111697494983673e-01
4.6737446692440720585892677263473160564899e-01
8.1218163609283788861858965901774354279041e-01
6.5045680824848928214265697533846832811832e-01
6.5289084237732930571240785866393707692623e-01
2.2790168163888829822028014859824907034636e-01
7.0092092136520345313499547046376392245293e-01
4.1224524998966677324929719361534807831049e-01
1.0000000000000000000000000000000000000000e+00
5.2636945144495594917088965303264558315277e-01
2.6168553955114137732351764498162083327770e-01
5.8467940165462439772170455398736521601677e-01
5.0791613841866500855815047543728724122047e-01
2.2790168163888829822028014859824907034636e-01
2.1703799743033580504913970798952504992485e-01
7.0092092136520345313499547046376392245293e-01
5.0627388541570728097696019176510162651539e-01
7.0092092136520656175946442090207710862160e-01
6.2547138815782044041213794116629287600517e-01
6.1708967911672896189401171795907430350780e-01
5.8467940165462439772170455398736521601677e-01
3.4708586150542625192727541616477537900209e-01
3.4165191440379211185174312959134113043547e-01
7.5471754370351473717448698153020814061165e-01
3.4165191440379211185174312959134113043547e-01
5.0473875479054719495053404898499138653278e-01
4.9217988516455490888290569273522123694420e-01
6.4135899762492842857142250068136490881443e-01
7.2408009750629842571356675762217491865158e-01
3.4782131334389559951247861135925631970167e-01
9.9242658100608083238114431878784671425819e-01
8.2464632356911760080464546263101510703564e-01
1.0000000000000000000000000000000000000000e+00
8.2518437737647132301788133190711960196495e-01
4.6121006296071387353663340036291629076004e-01
3.2731980744072441957825958525063470005989e-01
5.3559939997813665879533573388471268117428e-01
2.4047987113612029341780385038873646408319e-01
2.7886615991605040454359709656273480504751e-01
5.1613288655149869299521014909259974956512e-01
1.0000000000000000000000000000000000000000e+00
5.8467940165462439772170455398736521601677e-01
3.0417502292177273082174338014738168567419e-01
2.2790168163888829822028014859824907034636e-01
5.3767810212233291267125423473771661520004e-01
6.5535632593100801024377233261475339531898e-01
7.9897691839619067177835631810012273490429e-01
0.0000000000000000000000000000000000000000e+00
3.9188430824314357536763964162673801183701e-01
1.0000000000000000000000000000000000000000e+00
4.4780510516190485947873867189628072082996e-01
1.0000000000000000000000000000000000000000e+00
1.0000000000000000000000000000000000000000e+00
1.0000000000000000000000000000000000000000e+00
9.9373934460734036910878330672858282923698e-01
9.5120622455132197714533504040446132421494e-01
1.0000000000000000000000000000000000000000e+00
6.2477988194611377981146915772114880383015e-01
5.0662933016335554015086017898283898830414e-01
6.2732268664851198458620729070389643311501e-01
2.0962353350847451327609860527445562183857e-01
8.0847204161170815872594630491221323609352e-01
5.6763672240145268688138457946479320526123e-01
9.0959647295922008147783799358876422047615e-01
9.0959647295922008147783799358876422047615e-01
6.6418351567739630780806692200712859630585e-01
1.0000000000000000000000000000000000000000e+00
9.6210119757079337610150560067268088459969e-01
6.5289084237732952775701278369524516165257e-01
2.8715343350187838566967002407182008028030e-01
7.0092092136520500744722994568292051553726e-01
4.8588281673868527477111456391867250204086e-01
6.3673634745373564047810077681788243353367e-01
6.6265317850257854370710219882312230765820e-01
0.0000000000000000000000000000000000000000e+00
5.0473875479054586268290449879714287817478e-01
1.0000000000000000000000000000000000000000e+00
6.8068058501606742982659170593251474201679e-01
5.0473875479054763903974389904760755598545e-01
7.5587338588142816142578794824657961726189e-01
7.2131127063578714952996051579248160123825e-01
5.4268641421973018434954383337753824889660e-01
6.9181331187853034592194489960093051195145e-01
8.1908377600051995859331555038806982338428e-01
4.6121006296071387353663340036291629076004e-01
6.1851584718356789061033396137645468115807e-01
9.2115647196180783229380040211253799498081e-01
6.4162337787198819860634557699086144566536e-01
9.2219247287126160372849881241563707590103e-01
0.0000000000000000000000000000000000000000e+00
3.8554794438235651110602475455380044877529e-01
2.9974111926420299312212591757997870445251e-01
3.4906408658165649638860372760973405092955e-01
7.2680169005205175203343515022424980998039e-01
5.3024078527212581413152747700223699212074e-01
7.5509203888822251649060035560978576540947e-01
5.7500964935552145718133942864369601011276e-01
6.6381142252561908811969715316081419587135e-01
8.0505186280854967861841942067258059978485e-01
9.3710046663273882661115976588916964828968e-01
4.5635792088211285522092452993092592805624e-01
6.6566400074414477927575717330910265445709e-01
6.0600987629118452382215309626189991831779e-01
1.0000000000000000000000000000000000000000e+00
4.1503070094498761832824129669461399316788e-01
2.5133994080495730694124745241424534469843e-01
3.8059677116481421821347908007737714797258e-01
6.4038048256482460462990502492175437510014e-01
6.2781305772143136678664632199797779321671e-01
5.7500964935552190127054927870631217956543e-01
7.2080931605331177713935630890773609280586e-01
1.0000000000000000000000000000000000000000e+00
9.4811566226302868010122892883373424410820e-01
6.6471770320107048668489824194693937897682e-01
5.6738358512153530543997703716740943491459e-01
3.4165191440379211185174312959134113043547e-01
4.4419054705958793682896157406503334641457e-01
6.6471770320106515761438004119554534554482e-01
4.2124601632432978615128149613155983388424e-01
9.6210119757079493041374007589183747768402e-01
5.3725246711809604427401154680410400032997e-01
5.7500964935551046597339563959394581615925e-01
2.6234048744799776109459799044998362660408e-01
4.7431493451831174823496439785230904817581e-01
1.0000000000000000000000000000000000000000e+00
5.7209634111890705909786447591613978147507e-01
5.3184832740811027740335248381597921252251e-01
1.0000000000000000000000000000000000000000e+00
1.0000000000000000000000000000000000000000e+00
4.1586984420737183043570439622271806001663e-01
1.0000000000000000000000000000000000000000e+00
7.7012558548227838528532629425171762704849e-01
1.0000000000000000000000000000000000000000e+00
9.5812649843006969518910409533418715000153e-01
1.0000000000000000000000000000000000000000e+00
2.1877415699975011342814923409605398774147e-01
5.9685836154668270303602639614837244153023e-02
1.0000000000000000000000000000000000000000e+00
7.2714384039186708008628556854091584682465e-01
4.2050991304156914996070781853632070124149e-01
0.0000000000000000000000000000000000000000e+00
6.2992112353875573393935383137431927025318e-01
6.4135899762492809550451511313440278172493e-01
4.5061160081612500194481185644690413028002e-01
9.7561287011730790652563882758840918540955e-01
1.0000000000000000000000000000000000000000e+00
6.5045680824848495227286093722796067595482e-01
5.3610464397028745331397203699452802538872e-01
9.7612702622218772141593490232480689883232e-01
4.9832331994847944844906351136160083115101e-01
7.0092092136520656175946442090207710862160e-01
7.1617603616692493417872356076259166002274e-01
7.8630115988232018864323435991536825895309e-01
4.5061160081612500194481185644690413028002e-01
6.2992112353875417962711935615516267716885e-01
8.1279373471333915546210846514441072940826e-01
4.5061160081612500194481185644690413028002e-01
6.2250170903038193337408756633521988987923e-01
4.5061160081612500194481185644690413028002e-01
4.5061160081612500194481185644690413028002e-01
5.8307379285912641631028918709489516913891e-01
7.2494687863377471614967362256720662117004e-01
1.0000000000000000000000000000000000000000e+00
5.1684848379550918373581680498318746685982e-01
6.4062827792026766360322653781622648239136e-01
6.4162337787199019700778990227263420820236e-01
6.4442987352622393970591474499087780714035e-01
9.9999999999999855671006798729649744927883e-01
4.9832331994847944844906351136160083115101e-01
3.4708586150542469761504094094561878591776e-01
6.4442987352622282948289011983433738350868e-01
7.2239976631859803557489385639200918376446e-01
6.4162337787199019700778990227263420820236e-01
4.0970348139480794458222590037621557712555e-01
4.7267439233443453439065251586725935339928e-01
5.2160894772881560843558190754265524446964e-01
2.8686336260918365859140521934023126959801e-01
5.6958255878396557569942615373292937874794e-01
4.5061160081612500194481185644690413028002e-01
2.8686336260918365859140521934023126959801e-01
1.2476911854981347083093368155459756962955e-01
0.0000000000000000000000000000000000000000e+00
1.8665753972957069284355213767412351444364e-01
7.6628751202181571988703012721089180558920e-02
0.0000000000000000000000000000000000000000e+00
5.8467940165462439772170455398736521601677e-01
1.9467706692876618479459693844546563923359e-01
2.2790168163888829822028014859824907034636e-01
2.1703799743033580504913970798952504992485e-01
3.4165191440379211185174312959134113043547e-01
3.2731980744072441957825958525063470005989e-01
0.0000000000000000000000000000000000000000e+00
2.0962353350847451327609860527445562183857e-01
0.0000000000000000000000000000000000000000e+00
0.0000000000000000000000000000000000000000e+00
2.5133994080495730694124745241424534469843e-01
2.6234048744799776109459799044998362660408e-01
0.0000000000000000000000000000000000000000e+00
4.5061160081612500194481185644690413028002e-01
2.8686336260918365859140521934023126959801e-01
0.0000000000000000000000000000000000000000e+00
1.2476911854981347083093368155459756962955e-01
0.0000000000000000000000000000000000000000e+00
1.8665753972957069284355213767412351444364e-01
7.6628751202181571988703012721089180558920e-02
0.0000000000000000000000000000000000000000e+00
5.8467940165462439772170455398736521601677e-01
1.9467706692876618479459693844546563923359e-01
2.2790168163888829822028014859824907034636e-01
2.1703799743033580504913970798952504992485e-01
3.4165191440379211185174312959134113043547e-01
3.2731980744072441957825958525063470005989e-01
0.0000000000000000000000000000000000000000e+00
2.0962353350847451327609860527445562183857e-01
0.0000000000000000000000000000000000000000e+00
0.0000000000000000000000000000000000000000e+00
2.5133994080495730694124745241424534469843e-01
2.6234048744799776109459799044998362660408e-01
0.0000000000000000000000000000000000000000e+00
4.5061160081612500194481185644690413028002e-01
2.8686336260918365859140521934023126959801e-01
0.0000000000000000000000000000000000000000e+00
0.0000000000000000000000000000000000000000e+00
1.2476911854981347083093368155459756962955e-01
0.0000000000000000000000000000000000000000e+00
1.8665753972957069284355213767412351444364e-01
7.6628751202181571988703012721089180558920e-02
0.0000000000000000000000000000000000000000e+00
5.8467940165462439772170455398736521601677e-01
1.9467706692876618479459693844546563923359e-01
2.2790168163888829822028014859824907034636e-01
2.1703799743033580504913970798952504992485e-01
3.4165191440379211185174312959134113043547e-01
3.2731980744072441957825958525063470005989e-01
0.0000000000000000000000000000000000000000e+00
2.0962353350847451327609860527445562183857e-01
0.0000000000000000000000000000000000000000e+00
0.0000000000000000000000000000000000000000e+00
2.5133994080495730694124745241424534469843e-01
2.6234048744799776109459799044998362660408e-01
0.0000000000000000000000000000000000000000e+00
4.5061160081612500194481185644690413028002e-01
2.8686336260918365859140521934023126959801e-01
0.0000000000000000000000000000000000000000e+00
0.0000000000000000000000000000000000000000e+00
0.0000000000000000000000000000000000000000e+00
8.9719228553741416476441372651606798171997e+01
1.3565970453165268616579908211861038580537e-01
