1
0
23
9.0718219980718428629984373401384800672531e-01
3.3506806700418650946105003640695940703154e-01
9.6934726945533497555196333905769279226661e-02
5.3224150866886310584646935240016318857670e-01
0.0000000000000000000000000000000000000000e+00
5.1783371755751927967281744713545776903629e-01
7.2469847322491731667071235278854146599770e-01
1.7222741880176228868037924257805570960045e-01
5.9964956967669447163160612035426311194897e-01
5.2985133239738979593624890185310505330563e-01
4.3362782154148876712085325380030553787947e-01
1.5000761842989152050620305089978501200676e-02
5.7873104461957147748307761503383517265320e-01
2.1512391362063298938522848402499221265316e-01
1.0000000000000000000000000000000000000000e+00
3.1584806432204032278221461638167966157198e-01
0.0000000000000000000000000000000000000000e+00
1.0000000000000000000000000000000000000000e+00
9.1125760757069795836571302061202004551888e-01
6.0381376327078628563072015822399407625198e-01
6.3942640170433806545702282164711505174637e-01
9.8098395322121645367730025100172497332096e-01
5.1896493799059295604081398778362199664116e-01
4.0774222853162905844115471154509577900171e-01
2.6068947873280340354895656673761550337076e-01
6.2676812678060944694635736595955677330494e-01
5.4675229676605063833250142124597914516926e-01
1.0000000000000000000000000000000000000000e+00
5.9472107282685304774361156887607648968697e-01
1.6663550615320052439294329360564006492496e-01
4.0874449870583745569874167813395615667105e-01
7.8401625385418538538573329788050614297390e-01
6.5737649406913933880503009277163073420525e-01
4.2652878889167594733677901785995345562696e-01
9.6663065488404642522368703794199973344803e-01
6.1836456145968965447679011049331165850163e-01
6.5737649406914056005035718044382520020008e-01
1.8593829805590872394915891163691412657499e-01
6.3647793746146330562396542518399655818939e-01
4.1477149864050399941106661572121083736420e-01
1.0000000000000000000000000000000000000000e+00
4.4273357945675639868454709358047693967819e-01
5.8143994448309732625546075723832473158836e-01
5.9184218617082740010459929180797189474106e-01
4.0774222853162905844115471154509577900171e-01
1.8593829805590872394915891163691412657499e-01
1.3172896409293977093568628333741798996925e-01
6.3647793746146330562396542518399655818939e-01
5.4966676822586546524718187356484122574329e-01
7.1004512465709135327074363885913044214249e-01
5.9812881269589446286971679000998847186565e-01
6.6275172161724937858195971784880384802818e-01
5.1896493799059295604081398778362199664116e-01
3.2991396954522911322271738754352554678917e-01
3.0379446419610034446634472260484471917152e-01
8.0630426657480502861119475710438564419746e-01
3.0379446419610034446634472260484471917152e-01
4.7857016548584513371267235015693586319685e-01
5.0069194904454028538509646750753745436668e-01
6.0741012258360393971656776557210832834244e-01
7.1399488431081969963543087942525744438171e-01
2.7749022357262825844159692678658757358789e-01
1.0000000000000000000000000000000000000000e+00
7.7581754842041106279282303148647770285606e-01
1.0000000000000000000000000000000000000000e+00
7.4166429354950791363876305695157498121262e-01
3.9462842998925606874394134138128720223904e-01
2.7627454279581731277914968814002349972725e-01
5.2024141357535547136592413153266534209251e-01
2.3759954528420018649015332812268752604723e-01
2.5423340565013674563488166313618421554565e-01
5.0941072829078914985245774005306884646416e-01
1.0000000000000000000000000000000000000000e+00
5.1896493799059295604081398778362199664116e-01
2.6068947873280340354895656673761550337076e-01
1.8593829805590897374933945229713572189212e-01
5.6958190788388685099619124230230227112770e-01
6.8013070362726368855987857386935502290726e-01
8.5700641685448086803944534040056169033051e-01
2.3985974798490167290802854704878654956701e-04
3.5969368156418796145246119522198569029570e-01
1.0000000000000000000000000000000000000000e+00
4.1341117078902384074368114852404687553644e-01
1.0000000000000000000000000000000000000000e+00
1.0000000000000000000000000000000000000000e+00
1.0000000000000000000000000000000000000000e+00
8.7371193959625026437265660206321626901627e-01
9.9312968505700571775207663449691608548164e-01
9.4397789787489139179399444401497021317482e-01
6.0770733041989366540747141698375344276428e-01
4.3185483575372674014403173714526928961277e-01
5.9015130370462043352119962946744635701180e-01
1.7506007887208718809546326156123541295528e-01
7.0571064439293640369044169347034767270088e-01
5.1772930471972933297308827604865655303001e-01
8.6088195889328189558398207736900076270103e-01
1.0000000000000000000000000000000000000000e+00
6.3831953792962048410686293209437280893326e-01
1.0000000000000000000000000000000000000000e+00
8.7504676182926655059191034524701535701752e-01
6.5737649406913944982733255528728477656841e-01
1.8881906504873297025781653246667701750994e-01
7.1004512465709135327074363885913044214249e-01
4.5477947526257478383371335439733229577541e-01
5.6882021706601959554205905078561045229435e-01
6.3505135302098525418301733225234784185886e-01
8.9785855118966542698366595232073450461030e-03
4.7857016548584513371267235015693586319685e-01
9.5973849821857903918953525135293602943420e-01
6.4489019702996142058282202924601733684540e-01
4.5678471426620104178795145344338379800320e-01
7.6912939649435008160338611560291610658169e-01
6.1836456145968976549909257300896570086479e-01
5.0381794466325968695485926218680106103420e-01
6.8101998270197738882814064709236845374107e-01
8.1818670475194110736083530355244874954224e-01
4.2627347918996039144445830970653332769871e-01
5.0381794466325968695485926218680106103420e-01
9.3404629025867824676510053905076347291470e-01
6.0438072527070207939914325834251940250397e-01
8.7192064183978446045841792511055245995522e-01
0.0000000000000000000000000000000000000000e+00
2.9698711838600266865739740751450881361961e-01
2.1144559983770308542183613553788745775819e-01
2.7280936295034746708054740338411647826433e-01
7.3470219413383164308584127866197377443314e-01
4.9536454247227146296950195392128080129623e-01
7.4436536117138052404129666683729737997055e-01
5.3719711085907650982562699937261641025543e-01
6.0818505987207371887848239566665142774582e-01
7.0157492871954696411762597563210874795914e-01
9.8103800896927406682834771345369517803192e-01
3.8204186146273511059945349188637919723988e-01
6.5387551802389798361048178776400163769722e-01
5.4490732917859296957630022006924264132977e-01
9.6839840161067591850496683036908507347107e-01
3.4928430653531433724978683130757417529821e-01
2.0964030979622441663856591276271501556039e-01
3.6125864034580168482335693624918349087238e-01
5.7229653760828935737947631423594430088997e-01
6.2676812678060944694635736595955677330494e-01
5.4675229676604830686414970841724425554276e-01
6.6230030222261726535748493915889412164688e-01
1.0000000000000000000000000000000000000000e+00
9.1322214123922507145181270971079356968403e-01
6.3272758598755085568399181283893994987011e-01
4.1981912688295175417607651979778893291950e-01
3.0379446419610034446634472260484471917152e-01
3.9312203771696024867665641977509949356318e-01
6.3272758598754741399261547485366463661194e-01
3.5972107881456499844929908249469008296728e-01
1.0000000000000000000000000000000000000000e+00
4.7769843931413302762223338504554703831673e-01
5.7229653760828935737947631423594430088997e-01
2.0295277623280935652694267901097191497684e-01
4.3211631058729604859536266303621232509613e-01
1.0000000000000000000000000000000000000000e+00
5.4219172518344027622561043244786560535431e-01
5.7370580021532369130454753758385777473450e-01
1.0000000000000000000000000000000000000000e+00
1.0000000000000000000000000000000000000000e+00
3.8740017255161540710162171308184042572975e-01
1.0000000000000000000000000000000000000000e+00
4.3525214191393102325378094974439591169357e-01
7.9971395635574182847449264954775571823120e-01
7.5309638409068124786927000968717038631439e-01
1.0000000000000000000000000000000000000000e+00
1.7506007887208718809546326156123541295528e-01
1.8892191450958273346572013906552456319332e-02
9.3456415779959334244608726294245570898056e-01
5.9730860071058078375472177867777645587921e-01
3.5679913109594707520955125801265239715576e-01
0.0000000000000000000000000000000000000000e+00
6.0485750171735730429389832352171652019024e-01
7.2469847322491498520236063995980657637119e-01
4.1837224013095059005351572523068170994520e-01
9.2838510563344622816828177747083827853203e-01
1.0000000000000000000000000000000000000000e+00
5.8979287494480914233463408891111612319946e-01
5.4675229676604897299796448351116850972176e-01
9.5530730259978380303209632984362542629242e-01
4.6768689882239838917499241688346955925226e-01
7.1004512465709113122613871382782235741615e-01
6.9964470096908859542139680343098007142544e-01
8.4715993308016201979171455604955554008484e-01
4.1837224013095059005351572523068170994520e-01
6.0485750171735730429389832352171652019024e-01
7.4766581546349031306419874454149976372719e-01
4.1837224013095059005351572523068170994520e-01
5.8079278006475210105463702348060905933380e-01
4.1837224013095059005351572523068170994520e-01
4.1837224013095059005351572523068170994520e-01
5.5396350322952880862459323907387442886829e-01
7.2880690913566059663253327016718685626984e-01
1.0000000000000000000000000000000000000000e+00
5.1841447430727660705684911590651609003544e-01
6.4141836525830608906062479945831000804901e-01
6.0934179461262916177588522259611636400223e-01
6.0934179461262916177588522259611636400223e-01
9.6496032295787725896474285036674700677395e-01
4.2845850247833167090405481758352834731340e-01
3.2743795282893695119952326422207988798618e-01
6.2148629950313916125992363959085196256638e-01
7.0007047666595711987724826030898839235306e-01
6.0438072527070207939914325834251940250397e-01
3.8209534339924611234806661741458810865879e-01
5.0403422910367057241387556132394820451736e-01
4.3913099207757133601859322880045510828495e-01
2.5709333084818181136554926524695474654436e-01
5.4250648754082120284181200986495241522789e-01
4.1837224013095059005351572523068170994520e-01
2.5709333084818181136554926524695474654436e-01
9.6934726945533497555196333905769279226661e-02
0.0000000000000000000000000000000000000000e+00
1.7222741880176228868037924257805570960045e-01
1.5000761842989152050620305089978501200676e-02
0.0000000000000000000000000000000000000000e+00
5.1896493799059295604081398778362199664116e-01
1.6663550615320052439294329360564006492496e-01
1.8593829805590872394915891163691412657499e-01
1.3172896409293977093568628333741798996925e-01
3.0379446419610034446634472260484471917152e-01
2.7627454279581731277914968814002349972725e-01
2.3985974798490167290802854704878654956701e-04
1.7506007887208718809546326156123541295528e-01
8.9785855118966542698366595232073450461030e-03
0.0000000000000000000000000000000000000000e+00
2.0964030979622441663856591276271501556039e-01
2.0295277623280935652694267901097191497684e-01
0.0000000000000000000000000000000000000000e+00
4.1837224013095059005351572523068170994520e-01
2.5709333084818181136554926524695474654436e-01
0.0000000000000000000000000000000000000000e+00
9.6934726945533497555196333905769279226661e-02
0.0000000000000000000000000000000000000000e+00
1.7222741880176228868037924257805570960045e-01
1.5000761842989152050620305089978501200676e-02
0.0000000000000000000000000000000000000000e+00
5.1896493799059295604081398778362199664116e-01
1.6663550615320052439294329360564006492496e-01
1.8593829805590872394915891163691412657499e-01
1.3172896409293977093568628333741798996925e-01
3.0379446419610034446634472260484471917152e-01
2.7627454279581731277914968814002349972725e-01
2.3985974798490167290802854704878654956701e-04
1.7506007887208718809546326156123541295528e-01
8.9785855118966542698366595232073450461030e-03
0.0000000000000000000000000000000000000000e+00
2.0964030979622441663856591276271501556039e-01
2.0295277623280935652694267901097191497684e-01
0.0000000000000000000000000000000000000000e+00
4.1837224013095059005351572523068170994520e-01
2.5709333084818181136554926524695474654436e-01
0.0000000000000000000000000000000000000000e+00
0.0000000000000000000000000000000000000000e+00
9.6934726945533497555196333905769279226661e-02
0.0000000000000000000000000000000000000000e+00
1.7222741880176228868037924257805570960045e-01
1.5000761842989152050620305089978501200676e-02
0.0000000000000000000000000000000000000000e+00
5.1896493799059295604081398778362199664116e-01
1.6663550615320052439294329360564006492496e-01
1.8593829805590872394915891163691412657499e-01
1.3172896409293977093568628333741798996925e-01
3.0379446419610034446634472260484471917152e-01
2.7627454279581731277914968814002349972725e-01
2.3985974798490167290802854704878654956701e-04
1.7506007887208718809546326156123541295528e-01
8.9785855118966542698366595232073450461030e-03
0.0000000000000000000000000000000000000000e+00
2.0964030979622441663856591276271501556039e-01
2.0295277623280935652694267901097191497684e-01
0.0000000000000000000000000000000000000000e+00
4.1837224013095059005351572523068170994520e-01
2.5709333084818181136554926524695474654436e-01
0.0000000000000000000000000000000000000000e+00
0.0000000000000000000000000000000000000000e+00
0.0000000000000000000000000000000000000000e+00
8.7180286961946364954201271757483482360840e+01
1.1870318771868468288310793923301389440894e-01
