1
0
23
7.3885988853349859883934414028772152960300e-01
3.5422734113912451858752206135250162333250e-01
3.4630055903657869231793142716924194246531e-01
5.5613597319632568360958657649462111294270e-01
9.6796619501643199612317403079941868782043e-02
6.6044390819645981682839419590891338884830e-01
6.2713505926627133302275751702836714684963e-01
3.6473700757750426859615799912717193365097e-01
6.8991148492064979791393852792680263519287e-01
5.1541890802392187342917395653785206377506e-01
6.1338476636923078277874310515471734106541e-01
2.2946026417658757501349953145108884200454e-01
5.8281762737218811842865306971361860632896e-01
1.0000000000000000000000000000000000000000e+00
6.3403623687117094398502104013459756970406e-01
6.6345987899751479588417168997693806886673e-01
0.0000000000000000000000000000000000000000e+00
5.7897888055263668771743823526776395738125e-01
5.3355476769391219082905308823683299124241e-01
5.9343410782483763110661811879253946244717e-01
6.3622649998858971098769643504056148231030e-01
8.1756812218119356838741396131808869540691e-01
3.8248884735882349161784077296033501625061e-01
7.3281247926608839016182628256501629948616e-01
4.3984082276936076194573388420394621789455e-01
7.2807881733754642450406890930025838315487e-01
6.4255029030511856547036586562171578407288e-01
7.2807881733754631348176644678460434079170e-01
6.8499901738577839704902316952939145267010e-01
2.9260605845265347246808573800080921500921e-01
6.2833153876045577668207897659158334136009e-01
6.9271793854146246349756665949826128780842e-01
7.2807881733754697961558122187852859497070e-01
8.2984267218952423306177479389589279890060e-01
9.4517557631122384176336481687030754983425e-01
6.4612646469202250631980177786317653954029e-01
9.4295306914351961768971932542626745998859e-01
4.5932704448616762382684441945457365363836e-01
6.1230872491661103573790114751318469643593e-01
6.9814637188448591675893339925096370279789e-01
7.7243616964304162575416512481751851737499e-01
9.1098025684944072821735971956513822078705e-01
7.1747810813963475151666671081329695880413e-01
6.1437132156580553932201382849598303437233e-01
8.1004919709890488288550614015548489987850e-01
8.2525978217490947308476734178839251399040e-01
0.0000000000000000000000000000000000000000e+00
6.5145274996285118529470992143615148961544e-01
7.1000165449036878317912169222836382687092e-01
9.0978247161486325289558863005368039011955e-01
5.3530260930265427532503963448107242584229e-01
9.9424462825096038276484478046768344938755e-01
7.7155249509882883884870352630969136953354e-01
7.9928507694043093856350878922967240214348e-01
6.5145274996285118529470992143615148961544e-01
8.1661944535068919925890895683551207184792e-01
1.4845249196944801384212553330144146457314e-01
7.3281247926608850118412874508067034184933e-01
5.2165841548480806899590334069216623902321e-01
6.7942814361447345650191209642798639833927e-01
6.7705699380589701164012694789562374353409e-01
8.5953184161681628339124472404364496469498e-01
6.0440918420797917764986095789936371147633e-01
7.3250905708142566297169651079457253217697e-01
9.5317761460991579092194569966522976756096e-01
4.3680284593843510254629336486686952412128e-01
3.3728260852155245164141206259955652058125e-01
3.1114572863252082379759144714626017957926e-01
6.7487369765830462764455432989052496850491e-01
4.5003615418121245550509001986938528716564e-01
7.8894733219934820578345124886254779994488e-01
6.3619814147950448646184895551414228975773e-01
7.8894733219934765067193893628427758812904e-01
5.6760078505577749030663881057989783585072e-01
7.3289619965898544773352796255494467914104e-01
7.6501329928583605699543568334775045514107e-01
8.2610484771486325517031445997417904436588e-01
5.6652909045917532182556897168979048728943e-01
6.2671266025097782659258882631547749042511e-01
2.0880500365550672126069287060090573504567e-01
6.6044390819645992785069665842456743121147e-01
8.4694546438089746143162983571528457105160e-01
1.0000000000000000000000000000000000000000e+00
1.0000000000000000000000000000000000000000e+00
9.4226117977267032088661835587117820978165e-01
8.2448149539645243510932459685136564075947e-01
9.8848413180811589562324570579221472144127e-01
6.7409573701618763497123154593282379209995e-01
7.8845805292815185350008277964661829173565e-01
5.9449715942774195021058858401374891400337e-01
4.6038834237498649226694169556139968335629e-01
5.2517871654357317634520541105302982032299e-01
2.0719232833844780650167649582726880908012e-01
7.4765239338078659514508217398542910814285e-01
6.9271793854146246349756665949826128780842e-01
8.2534023182513860383835435641231015324593e-01
6.8991148492064979791393852792680263519287e-01
9.2830285566145731568354904084117151796818e-01
7.9027587045780622876378629371174611151218e-01
8.6196455558368356708598412296851165592670e-01
7.9027587045780622876378629371174611151218e-01
6.1437132156580565034431629101163707673550e-01
5.3568395908121468895757288919412530958652e-01
5.3765705905093574834552327956771478056908e-01
8.1948823723413510844437723790179006755352e-01
5.1795150017793023522472140030004084110260e-01
2.2440113419260304672420147653610911220312e-01
5.8281762737218811842865306971361860632896e-01
8.2072729238570862886348322717822156846523e-01
7.7589658077312562145522178980172611773014e-01
7.0307982525570411613813348594703711569309e-01
6.3179287697077624041952503830543719232082e-01
6.1475268611771938243037993743200786411762e-01
8.2848878515472412775721977595821954309940e-01
6.7895761977584434543331326494808308780193e-01
6.1437132156580565034431629101163707673550e-01
6.1438359725333036021055477249319665133953e-01
9.8950421563081492060121036047348752617836e-01
8.2832579282471807680110487126512452960014e-01
7.7342352475666920064156784064834937453270e-01
9.2239916007179423296236109308665618300438e-01
3.2975046516912276395316894195275381207466e-01
6.4992268293120880606750233710044994950294e-01
5.5578936848098958733999097603373229503632e-01
6.6044390819646225931904837125330232083797e-01
6.5145274996285118529470992143615148961544e-01
8.0883076773120365920988206198671832680702e-01
6.8499901738577850807132563204504549503326e-01
7.1165793290532353143618138346937485039234e-01
6.5145274996285118529470992143615148961544e-01
9.1098025684945038715767395842703990638256e-01
6.2394788014985802515610657792421989142895e-01
7.0232747465917844120752988601452670991421e-01
8.0281756064348774870609304343815892934799e-01
8.9686793266832953719358556554652750492096e-01
8.4538176369114048647190884366864338517189e-01
8.2072729238570862886348322717822156846523e-01
4.4374104303280637040529654768761247396469e-01
6.7121369376621353719514218028052709996700e-01
6.4927844370430654041825846434221602976322e-01
6.7942814361447345650191209642798639833927e-01
6.5830151210889931157055343646788969635963e-01
7.6052328977691963096674498956417664885521e-01
6.4302994612715247413348151894751936197281e-01
7.6187989217673968145305707366787828505039e-01
6.8334719199818949597613482183078303933144e-01
1.0000000000000000000000000000000000000000e+00
6.3153156679798905237532835599267855286598e-01
6.5388140248189696723812858181190676987171e-01
7.7288502833668093483510119767743162810802e-01
1.0000000000000000000000000000000000000000e+00
7.0456300224636769780062195422942750155926e-01
8.2072729238570862886348322717822156846523e-01
6.4302994612715247413348151894751936197281e-01
3.1347326821672805152729779365472495555878e-01
7.6150774924483466410407572766416706144810e-01
1.0000000000000000000000000000000000000000e+00
1.0000000000000000000000000000000000000000e+00
1.0000000000000000000000000000000000000000e+00
1.0000000000000000000000000000000000000000e+00
9.7744792662355284296182844627765007317066e-01
4.7226526430710641379917547055811155587435e-01
1.0000000000000000000000000000000000000000e+00
6.2141922332608123813457723372266627848148e-01
6.2021571624432181302211120055289939045906e-01
3.4828371255946399820402348268544301390648e-01
6.9091123434979284656520803764578886330128e-01
8.1989064806216305214547901414334774017334e-01
2.2440113419260304672420147653610911220312e-01
5.5625245970967296393894230277510359883308e-01
7.4400490982648259663534417995833791792393e-01
8.9309943563243143760388420560047961771488e-01
0.0000000000000000000000000000000000000000e+00
1.0000000000000000000000000000000000000000e+00
9.7384289946280500060993290389887988567352e-01
8.0729118109574649064796858510817401111126e-01
9.6832015271008620160841928736772388219833e-01
8.3574144360881619242320539342472329735756e-01
1.0000000000000000000000000000000000000000e+00
7.3289619965898544773352796255494467914104e-01
1.0000000000000000000000000000000000000000e+00
7.0474692532580129888941655735834501683712e-01
8.1947505960284461323794857889879494905472e-01
9.5647376956903928935105341224698349833488e-01
1.0000000000000000000000000000000000000000e+00
7.4523977711760480691083330384572036564350e-01
3.6081948737380570291222170453693252056837e-01
1.0000000000000000000000000000000000000000e+00
7.9227192998830564540924115135567262768745e-01
1.0000000000000000000000000000000000000000e+00
1.0000000000000000000000000000000000000000e+00
0.0000000000000000000000000000000000000000e+00
5.8060223287104806288994041096884757280350e-01
6.5188953230410984218679004698060452938080e-01
8.1627710009057086182338025537319481372833e-01
6.5286165587849909197615261291502974927425e-01
1.0000000000000000000000000000000000000000e+00
7.1806881665168642570051815710030496120453e-01
1.0000000000000000000000000000000000000000e+00
7.8828400028001921473475022139609791338444e-01
6.6465056240049613656140081729972735047340e-01
5.9263945869267309340955307561671361327171e-01
5.0461351768164375286573886114638298749924e-01
8.2610484771486325517031445997417904436588e-01
6.0550021669718834260720541351474821567535e-01
4.5473286547655933365064129247912205755711e-01
7.4254199736901360662244542254484258592129e-01
6.9246688474072959351701683772262185811996e-01
6.5188953230410984218679004698060452938080e-01
5.4947335985733525287599832154228352010250e-01
8.0490579279206098117782630652072839438915e-01
3.1227928068778898484936235036002472043037e-01
3.4630055903657869231793142716924194246531e-01
9.6796619501643199612317403079941868782043e-02
3.6473700757750426859615799912717193365097e-01
2.2946026417658757501349953145108884200454e-01
0.0000000000000000000000000000000000000000e+00
3.8248884735882349161784077296033501625061e-01
2.9260605845265347246808573800080921500921e-01
4.5932704448616762382684441945457365363836e-01
0.0000000000000000000000000000000000000000e+00
1.4845249196944801384212553330144146457314e-01
3.1114572863252082379759144714626017957926e-01
2.0880500365550672126069287060090573504567e-01
2.0719232833844780650167649582726880908012e-01
2.2440113419260304672420147653610911220312e-01
3.2975046516912276395316894195275381207466e-01
4.4374104303280637040529654768761247396469e-01
3.1347326821672805152729779365472495555878e-01
0.0000000000000000000000000000000000000000e+00
0.0000000000000000000000000000000000000000e+00
3.1227928068778898484936235036002472043037e-01
0.0000000000000000000000000000000000000000e+00
3.4630055903657869231793142716924194246531e-01
9.6796619501643199612317403079941868782043e-02
3.6473700757750426859615799912717193365097e-01
2.2946026417658757501349953145108884200454e-01
0.0000000000000000000000000000000000000000e+00
3.8248884735882349161784077296033501625061e-01
2.9260605845265347246808573800080921500921e-01
4.5932704448616762382684441945457365363836e-01
0.0000000000000000000000000000000000000000e+00
1.4845249196944801384212553330144146457314e-01
3.1114572863252082379759144714626017957926e-01
2.0880500365550672126069287060090573504567e-01
2.0719232833844780650167649582726880908012e-01
2.2440113419260304672420147653610911220312e-01
3.2975046516912276395316894195275381207466e-01
4.4374104303280637040529654768761247396469e-01
3.1347326821672805152729779365472495555878e-01
0.0000000000000000000000000000000000000000e+00
0.0000000000000000000000000000000000000000e+00
3.1227928068778898484936235036002472043037e-01
0.0000000000000000000000000000000000000000e+00
0.0000000000000000000000000000000000000000e+00
3.4630055903657869231793142716924194246531e-01
9.6796619501643199612317403079941868782043e-02
3.6473700757750426859615799912717193365097e-01
2.2946026417658757501349953145108884200454e-01
0.0000000000000000000000000000000000000000e+00
3.8248884735882349161784077296033501625061e-01
2.9260605845265347246808573800080921500921e-01
4.5932704448616762382684441945457365363836e-01
0.0000000000000000000000000000000000000000e+00
1.4845249196944801384212553330144146457314e-01
3.1114572863252082379759144714626017957926e-01
2.0880500365550672126069287060090573504567e-01
2.0719232833844780650167649582726880908012e-01
2.2440113419260304672420147653610911220312e-01
3.2975046516912276395316894195275381207466e-01
4.4374104303280637040529654768761247396469e-01
3.1347326821672805152729779365472495555878e-01
0.0000000000000000000000000000000000000000e+00
0.0000000000000000000000000000000000000000e+00
3.1227928068778898484936235036002472043037e-01
0.0000000000000000000000000000000000000000e+00
0.0000000000000000000000000000000000000000e+00
0.0000000000000000000000000000000000000000e+00
8.7124196558158800485216488596051931381226e+01
1.1855854319997081169901775865582749247551e+00
