1
0
23
7.8036281325643752637688521645031869411469e-01
3.3167213811542484158678689709631726145744e-01
2.8204083174093169672502767753030639141798e-01
4.8364464399963924545744475835817866027355e-01
0.0000000000000000000000000000000000000000e+00
6.0171084558188026036873452540021389722824e-01
5.1572518667021649552140161176794208586216e-01
3.6852496661021255652812556036224123090506e-01
6.4495701190817689152368075156118720769882e-01
4.5617521013123735196259644908423069864511e-01
5.8255055444540038145362359500722959637642e-01
1.6698440620931673250559867938136449083686e-01
4.9992748698184086286744332028320059180260e-01
1.0000000000000000000000000000000000000000e+00
6.9783249052978246762535263769677840173244e-01
6.1417858034206840311952646516147069633007e-01
0.0000000000000000000000000000000000000000e+00
4.9295174372664801731858119637763593345881e-01
4.5969733165271814412378148517746012657881e-01
5.2747854328556520453474831811035983264446e-01
5.3088762950848378263657423303811810910702e-01
7.8742831011108882499627270590281113982201e-01
3.2177971296544460866329018244869075715542e-01
6.6217371054641072092294962203595787286758e-01
4.0101195299087311063601646310416981577873e-01
7.1925046886724863792750284119392745196819e-01
5.8586245022141714144936486263759434223175e-01
7.1925046886725096939585455402266234159470e-01
6.4681967735438961053517914479016326367855e-01
2.3807099348881588518622720584971830248833e-01
5.8329691653849502497308776582940481603146e-01
6.1913982196957650927515715011395514011383e-01
7.1925046886724863792750284119392745196819e-01
8.4165933309080653845768438259256072342396e-01
9.6914939192707938442339354878640733659267e-01
6.0286461468411811637224673177115619182587e-01
9.5679941967476300757056151269352994859219e-01
4.9111793172055095979544603324029594659805e-01
6.2722506136460343117988713856902904808521e-01
6.8326354125555055496477052656700834631920e-01
7.3805812838854956137168983332230709493160e-01
8.7031916500133699177155222059809602797031e-01
1.0000000000000000000000000000000000000000e+00
5.6216103396702632455372850017738528549671e-01
7.7394660985971630573487800575094297528267e-01
7.7394660985971530653415584311005659401417e-01
0.0000000000000000000000000000000000000000e+00
6.0171084558188414614932071344810537993908e-01
6.2709535708177255308726216753711923956871e-01
9.1256826041385863401700362373958341777325e-01
4.6023045598369805020411149598658084869385e-01
9.0600559632812738275475794580415822565556e-01
6.8733327310144465283059389548725448548794e-01
7.5100142291793059445836888698977418243885e-01
5.6134450811702585326656844699755311012268e-01
6.6632489002394834631815001557697542011738e-01
0.0000000000000000000000000000000000000000e+00
6.6119473436581499559139274424524046480656e-01
4.5617521013123896178598215556121431291103e-01
6.4335752653492261909917715456685982644558e-01
6.4516880383828578704452638703514821827412e-01
8.3790361664705148569964876514859497547150e-01
5.2924247135239843586873575986828655004501e-01
6.9913039732333071007985836331499740481377e-01
9.1336062565569353655092754706856794655323e-01
3.9389164539131693576479165130876936018467e-01
2.4512533146544204787353748997702496126294e-01
2.3348516769311294938304968127340544015169e-01
6.0171084558188414614932071344810537993908e-01
4.0076032078757511944999691877455916255713e-01
8.5322607874940326055934747273568063974380e-01
5.9680399540736439600863150189979933202267e-01
7.1241466617847581943578916252590715885162e-01
5.5818864594313388760582483882899396121502e-01
7.1702153140644808715364888485055416822433e-01
7.5734394013569994452694800202152691781521e-01
9.0763985686821946341495959131862036883831e-01
5.0524527554055709277491814646054990589619e-01
5.8255152513270958003488431131700053811073e-01
1.5732492367972239488693730891100130975246e-01
5.9525604213349148086109607902471907436848e-01
7.1681288554654809530575221288017928600311e-01
1.0000000000000000000000000000000000000000e+00
1.0000000000000000000000000000000000000000e+00
9.3200851934772110940485845276270993053913e-01
1.0000000000000000000000000000000000000000e+00
9.3962509803182059364701217418769374489784e-01
7.1330461521285914994194854443776421248913e-01
7.5553268081632718455864505813224241137505e-01
5.6035121932238973752049560062005184590816e-01
3.9432989784402011634867335487797390669584e-01
5.6658330130843737038048857357352972030640e-01
1.4372943314037456286058613841305486857891e-01
6.6638629903125268238994749481207691133022e-01
6.1386028086376576151650397150660865008831e-01
8.0298677304227084050580742768943309783936e-01
6.5750300662848459865017503034323453903198e-01
9.2793938114742480216534659120952710509300e-01
7.8843154295510831097715254145441576838493e-01
8.2782939961431922792911564101814292371273e-01
7.8843154295510653462031314120395109057426e-01
6.6949439740452909575196827063336968421936e-01
4.6762740635414190570884329645195975899696e-01
4.7806657037972760670996308363100979477167e-01
8.0647189998525070642187984049087390303612e-01
4.3877522324293816158302661278867162764072e-01
1.5665210625034900471241883224138291552663e-01
4.9992748698183991917787238890014123171568e-01
7.0691442469124998737584064656402915716171e-01
7.4063768678516195276273492709151469171047e-01
6.6337094095156612372221616169554181396961e-01
5.5747729588086714080930050840834155678749e-01
5.4019199786504701332745526087819598615170e-01
8.2785650785044340160823139740386977791786e-01
6.1473543987330592219819891397492028772831e-01
5.4091480339155351142466088276705704629421e-01
5.3845985907390203628608560393331572413445e-01
9.7222098713114091239617664541583508253098e-01
8.4886250781208427707014152474584989249706e-01
7.6533179555569363916589509244658984243870e-01
9.4751303004889675385413738695206120610237e-01
2.9670546435532918483346520588384009897709e-01
6.0171084558188414614932071344810537993908e-01
4.7914458568917411840359932284627575427294e-01
6.5586257033611905509218331644660793244839e-01
6.1124184764554789772716958395903930068016e-01
7.5186670579519321311323665213421918451786e-01
6.5687410272225132956691595609299838542938e-01
6.5871284849630284963240001161466352641582e-01
6.0780003657775516501260426593944430351257e-01
9.1264954710431800410930236466811038553715e-01
5.6134450811702363282051919668447226285934e-01
6.5586257033611405908857250324217602610588e-01
7.5964008165223639856833415251458063721657e-01
8.1352692450238428545361557553405873477459e-01
8.0298677304226928619357295247027650475502e-01
8.0085492956228254701755986388889141380787e-01
4.1515237053279702150732077825523447245359e-01
6.3828447196056781187678552669240161776543e-01
6.1425705906512240161987392639275640249252e-01
6.5586257033611905509218331644660793244839e-01
6.1425705906513794474221867858432233333588e-01
7.1241466617847815090414087535464204847813e-01
5.5678223556204275990211272073793224990368e-01
6.9840663039348227503211319344700314104557e-01
6.7146172852101182471074025670532137155533e-01
1.0000000000000000000000000000000000000000e+00
6.2556994410744359846887618914479389786720e-01
5.9951898395022074073068552024778909981251e-01
7.8734932225603937450131297737243585288525e-01
1.0000000000000000000000000000000000000000e+00
6.7146172852101182471074025670532137155533e-01
8.0085492956228399030749187659239396452904e-01
6.1569259349893423749477960882359184324741e-01
3.0691101483028521146323441826098132878542e-01
6.9907983779244364797023081337101757526398e-01
1.0000000000000000000000000000000000000000e+00
1.0000000000000000000000000000000000000000e+00
1.0000000000000000000000000000000000000000e+00
7.5017722695742783400874031940475106239319e-01
8.2109190664255971014995338919106870889664e-01
3.7679957124073126806251821108162403106689e-01
1.0000000000000000000000000000000000000000e+00
3.3864023000765008930557087296620011329651e-01
5.3845985907390203628608560393331572413445e-01
3.3333706250605799059627543101669289171696e-01
5.7619827870137718672793880614335648715496e-01
8.6912877594415605120303780495305545628071e-01
1.6795533713728671987297502710134722292423e-01
5.6618579343968167272294067515758797526360e-01
6.7163623562254337606702847551787272095680e-01
8.3788479920486613750085780338849872350693e-01
0.0000000000000000000000000000000000000000e+00
1.0000000000000000000000000000000000000000e+00
8.9228837757796630736351062296307645738125e-01
9.1389033231084004782474039529915899038315e-01
1.0000000000000000000000000000000000000000e+00
8.3421505683172758605081753557897172868252e-01
1.0000000000000000000000000000000000000000e+00
7.9772553623235664677082468188018538057804e-01
1.0000000000000000000000000000000000000000e+00
6.8326354125555321950002962694270536303520e-01
7.5488691964045617766032592044211924076080e-01
8.0134615567307165839849858457455411553383e-01
1.0000000000000000000000000000000000000000e+00
6.3552419104773749669590188204892911016941e-01
3.5044967100153101569048885721713304519653e-01
1.0000000000000000000000000000000000000000e+00
7.5497401847312395339884005807107314467430e-01
1.0000000000000000000000000000000000000000e+00
1.0000000000000000000000000000000000000000e+00
0.0000000000000000000000000000000000000000e+00
5.2527730852630483138199224413256160914898e-01
5.4290287705251427663455388028523884713650e-01
8.1058625219163971120650558077613823115826e-01
5.7880039493758672630718820073525421321392e-01
1.0000000000000000000000000000000000000000e+00
6.8046595738747861492612400979851372539997e-01
1.0000000000000000000000000000000000000000e+00
7.6265797127821999268348918121773749589920e-01
4.3418469680696608614667297842970583587885e-01
5.0184347951979368929187330650165677070618e-01
4.4455243593453236394807959186437074095011e-01
7.7166401532064099466623474654625169932842e-01
6.5942399303325083259608163643861189484596e-01
4.1457967146733487595611222786828875541687e-01
6.8046595738747861492612400979851372539997e-01
6.6069228996136852849474507820559665560722e-01
6.1425705906513794474221867858432233333588e-01
4.1457967146733487595611222786828875541687e-01
8.1322188652186744306504806445445865392685e-01
2.5300065535517440862278704116761218756437e-01
2.8204083174093169672502767753030639141798e-01
0.0000000000000000000000000000000000000000e+00
3.6852496661021255652812556036224123090506e-01
1.6698440620931673250559867938136449083686e-01
0.0000000000000000000000000000000000000000e+00
3.2177971296544460866329018244869075715542e-01
2.3807099348881588518622720584971830248833e-01
4.9111793172055095979544603324029594659805e-01
0.0000000000000000000000000000000000000000e+00
0.0000000000000000000000000000000000000000e+00
2.3348516769311294938304968127340544015169e-01
1.5732492367972239488693730891100130975246e-01
1.4372943314037456286058613841305486857891e-01
1.5665210625034900471241883224138291552663e-01
2.9670546435532918483346520588384009897709e-01
4.1515237053279702150732077825523447245359e-01
3.0691101483028521146323441826098132878542e-01
0.0000000000000000000000000000000000000000e+00
0.0000000000000000000000000000000000000000e+00
2.5300065535517440862278704116761218756437e-01
0.0000000000000000000000000000000000000000e+00
2.8204083174093169672502767753030639141798e-01
0.0000000000000000000000000000000000000000e+00
3.6852496661021255652812556036224123090506e-01
1.6698440620931673250559867938136449083686e-01
0.0000000000000000000000000000000000000000e+00
3.2177971296544460866329018244869075715542e-01
2.3807099348881588518622720584971830248833e-01
4.9111793172055095979544603324029594659805e-01
0.0000000000000000000000000000000000000000e+00
0.0000000000000000000000000000000000000000e+00
2.3348516769311294938304968127340544015169e-01
1.5732492367972239488693730891100130975246e-01
1.4372943314037456286058613841305486857891e-01
1.5665210625034900471241883224138291552663e-01
2.9670546435532918483346520588384009897709e-01
4.1515237053279702150732077825523447245359e-01
3.0691101483028521146323441826098132878542e-01
0.0000000000000000000000000000000000000000e+00
0.0000000000000000000000000000000000000000e+00
2.5300065535517440862278704116761218756437e-01
0.0000000000000000000000000000000000000000e+00
0.0000000000000000000000000000000000000000e+00
2.8204083174093169672502767753030639141798e-01
0.0000000000000000000000000000000000000000e+00
3.6852496661021255652812556036224123090506e-01
1.6698440620931673250559867938136449083686e-01
0.0000000000000000000000000000000000000000e+00
3.2177971296544460866329018244869075715542e-01
2.3807099348881588518622720584971830248833e-01
4.9111793172055095979544603324029594659805e-01
0.0000000000000000000000000000000000000000e+00
0.0000000000000000000000000000000000000000e+00
2.3348516769311294938304968127340544015169e-01
1.5732492367972239488693730891100130975246e-01
1.4372943314037456286058613841305486857891e-01
1.5665210625034900471241883224138291552663e-01
2.9670546435532918483346520588384009897709e-01
4.1515237053279702150732077825523447245359e-01
3.0691101483028521146323441826098132878542e-01
0.0000000000000000000000000000000000000000e+00
0.0000000000000000000000000000000000000000e+00
2.5300065535517440862278704116761218756437e-01
0.0000000000000000000000000000000000000000e+00
0.0000000000000000000000000000000000000000e+00
0.0000000000000000000000000000000000000000e+00
8.8153984380399464271249598823487758636475e+01
1.0301020836959215998263061919715255498886e+00
