1
0
23
6.8434611545012613564864523141295649111271e-01
3.7691505609344694294193800487846601754427e-01
4.0310668247042258371948264539241790771484e-01
6.5441191723522629253295690432423725724220e-01
2.0655370541599238354280032581300474703312e-01
7.3598014069538264525505155688733793795109e-01
6.9117720154465644988306394225219264626503e-01
3.9835123837737995700081228278577327728271e-01
7.5949653538131212116013557533733546733856e-01
6.4212394528950456074056774014024995267391e-01
6.6046237320519873836843771641724742949009e-01
2.5817002199645522342308368024532683193684e-01
6.6760653940795400274055282352492213249207e-01
9.9908240944940551742092793574556708335876e-01
7.0750872952386711922656559181632474064827e-01
8.0703232542469593990830389884649775922298e-01
1.4210060538612123703927636597654782235622e-01
6.9161173271962328445994216963299550116062e-01
5.9413089114963624215448589893640018999577e-01
5.8841522271564028478962882218183949589729e-01
6.9161173271962461672757171982084400951862e-01
8.4364311342172315644205582430004142224789e-01
3.6077687537184649491095456141920294612646e-01
7.5971860323983220197874288714956492185593e-01
5.7492898549687898590576651258743368089199e-01
7.1044155492872984591912199903163127601147e-01
6.6247534985550471375859160616528242826462e-01
7.5136700563777791828101726423483341932297e-01
6.6257194233161520457997539779171347618103e-01
3.0156939703590995849324940536462236195803e-01
6.5441191723522740275598152948077768087387e-01
7.1901337520123165258922881548642180860043e-01
7.4633982763947059879683365579694509506226e-01
7.5949653538131334240546266300952993333340e-01
9.0106890736659062124402908011688850820065e-01
7.0533758883650998772196771824383176863194e-01
8.5514751343812722694792682887054979801178e-01
4.1167858846185295673691939555283170193434e-01
6.2976421691882278341978462776751257479191e-01
7.1901337520123054236620419032988138496876e-01
7.1901337520123054236620419032988138496876e-01
8.5058007501425725305210789883858524262905e-01
8.4337101760362909175228196545504033565521e-01
5.8736149732517661803399278142023831605911e-01
6.7855246113246314720868213044013828039169e-01
8.3260791758413921215264963393565267324448e-01
0.0000000000000000000000000000000000000000e+00
7.2476963763849366895186676629236899316311e-01
7.4862343177460533016898125424631871283054e-01
9.7200038440365721381652974741882644593716e-01
6.3206880452429459182894788682460784912109e-01
1.0000000000000000000000000000000000000000e+00
7.5032536032724816976724468986503779888153e-01
7.9020044439619963050347450916888192296028e-01
7.6870146292363961126881122254417277872562e-01
9.1123995440209670793052509907283820211887e-01
2.2027599707967288056309485000383574515581e-01
7.6173909736472067422141662973444908857346e-01
6.3050091580140599223369690662366338074207e-01
7.6173909736472067422141662973444908857346e-01
7.5360686757904771226890261459629982709885e-01
8.9099707008126272089754138505668379366398e-01
6.8387581657482365837807947173132561147213e-01
7.7238827597462478280476716463454067707062e-01
9.7716201633600507925336842163233086466789e-01
5.5429222304715364266769483947427943348885e-01
4.0918102759108443411406597078894264996052e-01
3.6691408766906985494671289416146464645863e-01
7.3480633265902917106160430193995125591755e-01
5.4198845640158344050263394819921813905239e-01
7.5461958686793384476487744905170984566212e-01
7.3155217853686260731649326771730557084084e-01
8.5499801974505396096049025800311937928200e-01
6.3017219519254363824245501746190711855888e-01
7.2681544252963015129154200621997006237507e-01
7.6474963362908632280579013240640051662922e-01
8.1880784879167123335719224996864795684814e-01
6.9722929559430268930952934169908985495567e-01
6.8086218922825203492266155080869793891907e-01
3.1516234231200079829449123280937783420086e-01
7.1018700637117815332999271049629896879196e-01
8.8070626734251344913673165137879550457001e-01
1.0000000000000000000000000000000000000000e+00
1.0000000000000000000000000000000000000000e+00
9.6134492086283440670513300574384629726410e-01
8.5600766427606922448489967791829258203506e-01
9.6429390442523543747199710196582600474358e-01
7.4015722083624913008037538020289503037930e-01
7.5870427219687652797830423878622241318226e-01
5.9707484881096151152490847380249761044979e-01
5.4263022555601581053963400336215272545815e-01
6.6243799072245534986791426490526646375656e-01
2.7203753845796135868440046579053159803152e-01
7.9575703263647634688737753094756044447422e-01
7.5016273471565642072533819373347796499729e-01
7.9274434882308408845119629404507577419281e-01
7.5922240324558676327626471902476623654366e-01
1.0000000000000000000000000000000000000000e+00
8.4019158590711962020236569514963775873184e-01
8.9008005866042316789332744519924744963646e-01
8.0499776982086168608532261714572086930275e-01
6.4644092975022682256991402027779258787632e-01
5.7000828696209560053631548726116307079792e-01
6.1262600910051356883911921613616868853569e-01
8.3732959227291148263105924343108199536800e-01
6.0683161785943862120973335549933835864067e-01
2.4624689468570304384797964303288608789444e-01
6.8516044671180464931126152805518358945847e-01
7.9466868551867353431816809461452066898346e-01
7.8769647192352187925479256591643206775188e-01
7.3978716231339658460086639024666510522366e-01
7.6721751739186638818779329085373319685459e-01
7.1648653784304727754062014355440624058247e-01
7.8052467738316433365497459817561320960522e-01
7.4803611464988828405608956018113531172276e-01
6.4299818313171452910381731271627359092236e-01
7.1028654680347635963499897115980274975300e-01
9.5938462658486600709295544220367446541786e-01
8.3258036353380948657587623529252596199512e-01
8.4743260438361400765927555767120793461800e-01
9.4329878467883476744759718712884932756424e-01
3.2679722752070861080397889963933266699314e-01
6.5441191723522740275598152948077768087387e-01
6.4446537672936221596842187864240258932114e-01
6.9161173271962461672757171982084400951862e-01
6.9161173271962461672757171982084400951862e-01
7.8769647192351899267492854050942696630955e-01
7.0039022957230856469834634481230750679970e-01
7.4456475718090231463719419480185024440289e-01
6.9161173271962461672757171982084400951862e-01
8.2667720988244020041690873767947778105736e-01
6.9722929559430268930952934169908985495567e-01
7.2079173615992819801334690055227838456631e-01
7.6209382157967453519376022086362354457378e-01
9.3954661432168284918020617624279111623764e-01
8.4729661453515758839927229928434826433659e-01
7.8769647192351899267492854050942696630955e-01
4.4701910029973107585377078976307529956102e-01
6.9798300176169603137310559759498573839664e-01
7.1901337520123054236620419032988138496876e-01
7.0910557761712356139582880132365971803665e-01
7.5922240324558676327626471902476623654366e-01
7.9472991901774214795750594930723309516907e-01
6.8857651238364558921034586091991513967514e-01
7.5208373293951058524697828033822588622570e-01
7.4633982763947059879683365579694509506226e-01
1.0000000000000000000000000000000000000000e+00
6.8357958707869537207102439424488693475723e-01
7.2250436723903277425051783211529254913330e-01
7.5461958686792718342672969811246730387211e-01
1.0000000000000000000000000000000000000000e+00
7.6628804396525795894490329374093562364578e-01
8.8324955124970216946422851833631284534931e-01
6.5441191723522740275598152948077768087387e-01
3.9583680371792628882587905536638572812080e-01
7.6581304079913969928838923806324601173401e-01
1.0000000000000000000000000000000000000000e+00
1.0000000000000000000000000000000000000000e+00
1.0000000000000000000000000000000000000000e+00
1.0000000000000000000000000000000000000000e+00
1.0000000000000000000000000000000000000000e+00
6.6741319654680952844216790253994986414909e-01
9.1377838581833414899335821246495470404625e-01
6.8704469883638563665329002105863764882088e-01
6.6171667941140610569306090837926603853703e-01
5.5469956955635268958104688863386400043964e-01
1.0000000000000000000000000000000000000000e+00
7.2951771540451271214067219261778518557549e-01
3.6496720697398965516100588502013124525547e-01
6.9017474774135545434461391778313554823399e-01
7.9092604741028416093229225225513800978661e-01
8.6244486788410246180802687376854009926319e-01
0.0000000000000000000000000000000000000000e+00
8.5861061441079733480563618286396376788616e-01
1.0000000000000000000000000000000000000000e+00
7.5407594736238525712224145536310970783234e-01
9.3733983238198037568622567050624638795853e-01
8.0243742974169141035645225201733410358429e-01
7.9787692540444865585413936059921979904175e-01
7.6599550929397541843002272798912599682808e-01
8.9794661295362965258703979998244903981686e-01
7.1901337520123986823961104164482094347477e-01
9.0825318069048999181092085564159788191319e-01
9.4262886011495916616098611484630964696407e-01
1.0000000000000000000000000000000000000000e+00
9.9910661045568527338645026247831992805004e-01
3.9363526373726825946519625176733825355768e-01
1.0000000000000000000000000000000000000000e+00
7.9984806197419311413199238813831470906734e-01
1.0000000000000000000000000000000000000000e+00
1.0000000000000000000000000000000000000000e+00
0.0000000000000000000000000000000000000000e+00
6.5441191723522518230993227916769683361053e-01
7.5500562172308471886594816169235855340958e-01
8.4961171391383238926664489554241299629211e-01
7.4499468636542431898561744674225337803364e-01
9.4072926464021788817149172245990484952927e-01
7.3109654550584401988544414052739739418030e-01
9.7097873957203539863058949777041561901569e-01
8.2622722705991091807220527698518708348274e-01
7.6252365867402072119318745535565540194511e-01
6.2114233308278243850253375057945959270000e-01
5.4263022555601581053963400336215272545815e-01
8.1880784879167123335719224996864795684814e-01
6.8656815532257597922694003500510007143021e-01
5.3289906610578574586156719306018203496933e-01
8.0843107956873871966507749675656668841839e-01
7.2644901908738956919364682107698172330856e-01
7.0818591870732938708954407047713175415993e-01
6.0622929440237827147797133875428698956966e-01
7.9787692540445609434840434914804063737392e-01
3.9117627004368110688048432166397105902433e-01
4.0310668247042258371948264539241790771484e-01
2.0655370541599238354280032581300474703312e-01
3.9835123837737995700081228278577327728271e-01
2.5817002199645522342308368024532683193684e-01
1.4210060538612123703927636597654782235622e-01
3.6077687537184649491095456141920294612646e-01
3.0156939703590995849324940536462236195803e-01
4.1167858846185295673691939555283170193434e-01
0.0000000000000000000000000000000000000000e+00
2.2027599707967288056309485000383574515581e-01
3.6691408766906985494671289416146464645863e-01
3.1516234231200079829449123280937783420086e-01
2.7203753845796135868440046579053159803152e-01
2.4624689468570304384797964303288608789444e-01
3.2679722752070861080397889963933266699314e-01
4.4701910029973107585377078976307529956102e-01
3.9583680371792628882587905536638572812080e-01
0.0000000000000000000000000000000000000000e+00
0.0000000000000000000000000000000000000000e+00
3.9117627004368110688048432166397105902433e-01
0.0000000000000000000000000000000000000000e+00
4.0310668247042258371948264539241790771484e-01
2.0655370541599238354280032581300474703312e-01
3.9835123837737995700081228278577327728271e-01
2.5817002199645522342308368024532683193684e-01
1.4210060538612123703927636597654782235622e-01
3.6077687537184649491095456141920294612646e-01
3.0156939703590995849324940536462236195803e-01
4.1167858846185295673691939555283170193434e-01
0.0000000000000000000000000000000000000000e+00
2.2027599707967288056309485000383574515581e-01
3.6691408766906985494671289416146464645863e-01
3.1516234231200079829449123280937783420086e-01
2.7203753845796135868440046579053159803152e-01
2.4624689468570304384797964303288608789444e-01
3.2679722752070861080397889963933266699314e-01
4.4701910029973107585377078976307529956102e-01
3.9583680371792628882587905536638572812080e-01
0.0000000000000000000000000000000000000000e+00
0.0000000000000000000000000000000000000000e+00
3.9117627004368110688048432166397105902433e-01
0.0000000000000000000000000000000000000000e+00
0.0000000000000000000000000000000000000000e+00
4.0310668247042258371948264539241790771484e-01
2.0655370541599238354280032581300474703312e-01
3.9835123837737995700081228278577327728271e-01
2.5817002199645522342308368024532683193684e-01
1.4210060538612123703927636597654782235622e-01
3.6077687537184649491095456141920294612646e-01
3.0156939703590995849324940536462236195803e-01
4.1167858846185295673691939555283170193434e-01
0.0000000000000000000000000000000000000000e+00
2.2027599707967288056309485000383574515581e-01
3.6691408766906985494671289416146464645863e-01
3.1516234231200079829449123280937783420086e-01
2.7203753845796135868440046579053159803152e-01
2.4624689468570304384797964303288608789444e-01
3.2679722752070861080397889963933266699314e-01
4.4701910029973107585377078976307529956102e-01
3.9583680371792628882587905536638572812080e-01
0.0000000000000000000000000000000000000000e+00
0.0000000000000000000000000000000000000000e+00
3.9117627004368110688048432166397105902433e-01
0.0000000000000000000000000000000000000000e+00
0.0000000000000000000000000000000000000000e+00
0.0000000000000000000000000000000000000000e+00
8.5140645518003992719968664459884166717529e+01
1.8275409092391721177506269668811000883579e+00
