1
0
23
8.9055446254539927242177554944646544754505e-01
3.5205053753426418516880858078366145491600e-01
4.4003040855942643361231603194028139114380e-01
9.4828789795003576301724024233408272266388e-01
0.0000000000000000000000000000000000000000e+00
7.1865438534142611626265306767891161143780e-01
6.6288382635884590676766947581199929118156e-01
5.6927583518430846520885779682430438697338e-01
8.5377639265350913078123085142578929662704e-01
5.9708071181426936036018560116644948720932e-01
5.6927583518430846520885779682430438697338e-01
2.4936113630114831174466871743788942694664e-01
7.0966127175634163837258938656304962933064e-01
7.0566279965004541363526868735789321362972e-01
5.6927583518430846520885779682430438697338e-01
7.1282636399492815826306468807160854339600e-01
0.0000000000000000000000000000000000000000e+00
9.6671978612470110814314239178202114999294e-01
6.3345484810956076415777715737931430339813e-01
8.1849562415857990416157008439768105745316e-01
7.9692509509109932253068109275773167610168e-01
1.0000000000000000000000000000000000000000e+00
6.3345484810956076415777715737931430339813e-01
8.6717290114650680266095150727778673171997e-01
6.7618931873734855475532867785659618675709e-01
7.9016689873272905053624981519533321261406e-01
8.5367859735067841420175227540312334895134e-01
7.8758378355500879841599726205458864569664e-01
1.0000000000000000000000000000000000000000e+00
4.1026302359241673123335658601718023419380e-01
6.1381024647102677693766281663556583225727e-01
5.1546383539024209774481732893036678433418e-01
6.5207755680343348902994193849735893309116e-01
7.6649121680403164980077690415782853960991e-01
1.0000000000000000000000000000000000000000e+00
6.7976992759160326240674976361333392560482e-01
6.4434334319141606250980203185463324189186e-01
3.6788827413291647072668411055929027497768e-01
6.1586148926628980770914267850457690656185e-01
9.1547159731091465317831534775905311107635e-01
5.8765108102416574453741304751019924879074e-01
6.5196233053910412902354210018529556691647e-01
1.0000000000000000000000000000000000000000e+00
9.7781320796424342489672199008055031299591e-01
6.6295100227978298601527740174788050353527e-01
5.0655360056261988788151029439177364110947e-01
0.0000000000000000000000000000000000000000e+00
7.1031779428003094523091931478120386600494e-01
8.3842947442343573882794771634507924318314e-01
8.0251454007540357071803782673669047653675e-01
8.7754004644617955577245993481483310461044e-01
6.1137957298075829015715498826466500759125e-01
6.6281502201011444075362533112638629972935e-01
6.0992753877202710022231713082874193787575e-01
6.8746260047473595200528961868258193135262e-01
1.0000000000000000000000000000000000000000e+00
2.2083075216716882560596957318921340629458e-01
7.1865438534142545012883829258498735725880e-01
8.7051025102429402391379653636249713599682e-01
6.1463389600031714810057792419684119522572e-01
8.0355749051320901621409120707539841532707e-01
5.3817607538005896028465713243349455296993e-01
9.6576793020805684619745079544372856616974e-01
9.2554941537263402118185240396996960043907e-01
9.4223919741376227499074502702569589018822e-01
8.9358269866754769239491906773764640092850e-01
4.3223035292097194970395435120735783129930e-01
4.2842094602144581427793923467106651514769e-01
7.1345926219218991359838355492684058845043e-01
5.9288803422163427470081842329818755388260e-01
6.4648338055094378695741852425271645188332e-01
6.1158160409119766143248853040859103202820e-01
1.0000000000000000000000000000000000000000e+00
1.0000000000000000000000000000000000000000e+00
5.5448195328993266084438573670922778546810e-01
7.2354493094150273968523379153339192271233e-01
1.0000000000000000000000000000000000000000e+00
8.2541309585621158717572143359575420618057e-01
9.2171739503383109948231322050560265779495e-01
2.5784321549066319123610924179956782609224e-01
4.8991306654769090078715976233070250600576e-01
7.1042739363448315081939199444605037570000e-01
6.3325344240106040683002674995805136859417e-01
8.8419539444257455595987948981928639113903e-01
1.0000000000000000000000000000000000000000e+00
9.7418834408698662397085854536271654069424e-01
1.0000000000000000000000000000000000000000e+00
6.4109358434754826205903555091936141252518e-01
1.0000000000000000000000000000000000000000e+00
4.3264171776193388607723022687423508614302e-01
6.1645867663201958652763323698309250175953e-01
7.7587397658271162192988867900567129254341e-01
1.6749143930144541614346564983861753717065e-01
4.5629933649059600808683967443357687443495e-01
5.7565205967781785112435954943066462874413e-01
6.8728478636956613634367840859340503811836e-01
1.0000000000000000000000000000000000000000e+00
2.6513407360946950053204318464850075542927e-01
8.7292529455776202151895404313108883798122e-01
6.7618931873734855475532867785659618675709e-01
5.1847033648675810990624768237466923892498e-01
5.8995004045321886021469026673003099858761e-01
4.3223035292097200521510558246518485248089e-01
5.8995004045321719488015332899522036314011e-01
7.6216106501822178387328676762990653514862e-01
6.3814011878573029257211146614281460642815e-01
1.1426531240560351687651774454934638924897e-01
7.1031779428003094523091931478120386600494e-01
5.7439699345861661150536292552715167403221e-01
5.6927583518430846520885779682430438697338e-01
5.9090546891223993952735327184200286865234e-01
6.0644389270837784078338472681934945285320e-01
6.3345484810956076415777715737931430339813e-01
6.6304413048294907895297001232393085956573e-01
5.3946102998100331493702697116532362997532e-01
5.3145491652943732674430066253989934921265e-01
6.3783745899684307634203150882967747747898e-01
1.0000000000000000000000000000000000000000e+00
6.3625402676743669783121504224254749715328e-01
6.9613949768469118861702327194507233798504e-01
8.0703424816208002567918811109848320484161e-01
0.0000000000000000000000000000000000000000e+00
5.8668473705607537826978159500868059694767e-01
9.3772497614101690821541978948516771197319e-01
6.6405333563623181181156951424782164394855e-01
6.6883415594527328984497671626741066575050e-01
8.2172823747637457891812573507195338606834e-01
1.0000000000000000000000000000000000000000e+00
7.9016689873272871746934242764837108552456e-01
5.4336380396864558672831435615080408751965e-01
6.2004923037668713270420539629412814974785e-01
8.5691538095595198853970941854640841484070e-01
7.9016689873272871746934242764837108552456e-01
5.9776324725762575162946177442790940403938e-01
4.8870484109472772660254236143373418599367e-01
1.0000000000000000000000000000000000000000e+00
4.8271997521275994413869625532242935150862e-01
4.8271997521275994413869625532242935150862e-01
6.4899964274705856936975578719284385442734e-01
9.1549714389031178196631799437454901635647e-01
6.8728478636957579528399264745530672371387e-01
1.0000000000000000000000000000000000000000e+00
6.8690070143328429974616256004082970321178e-01
1.0000000000000000000000000000000000000000e+00
1.0000000000000000000000000000000000000000e+00
8.6391915431420163162812286827829666435719e-01
9.7719093076619789606240829016314819455147e-01
6.6493299137589789715718779916642233729362e-01
7.0157235892218550166177237770170904695988e-01
6.9721156718379506678218149318126961588860e-01
6.7057556759349956632121347865904681384563e-01
7.9527119833111681312942664590082131326199e-01
7.0157235892218550166177237770170904695988e-01
9.9597229155655719878836862335447221994400e-01
6.3192412971680789190997984405839815735817e-01
9.7394693823951317135367844457505270838737e-01
1.0000000000000000000000000000000000000000e+00
1.0000000000000000000000000000000000000000e+00
1.0000000000000000000000000000000000000000e+00
1.0000000000000000000000000000000000000000e+00
1.0000000000000000000000000000000000000000e+00
4.5474772624806836240907159663038328289986e-01
6.2629497845394044297506752627668902277946e-01
1.9531297665595437340613216292695142328739e-01
6.2067517148046869035482586696161888539791e-01
4.5410722020165622536680416487797629088163e-01
1.0000000000000000000000000000000000000000e+00
1.0000000000000000000000000000000000000000e+00
5.2963757513619302841334501863457262516022e-01
1.0000000000000000000000000000000000000000e+00
8.8746042961392213044291565893217921257019e-01
1.0000000000000000000000000000000000000000e+00
0.0000000000000000000000000000000000000000e+00
7.3435776778167760614479675496113486588001e-01
8.6037805590435711966534881867119111120701e-01
6.9260030760401969374129294010344892740250e-01
1.0000000000000000000000000000000000000000e+00
9.2460785301677872460857088299235329031944e-01
7.7354117409799871829534367861924692988396e-01
9.7715751798406214057024499197723343968391e-01
6.9222967421500825047075977636268362402916e-01
8.9148617346619696277798539085779339075089e-01
3.7907896226297832509288809887948445975780e-01
7.3923084698986929463870865220087580382824e-01
1.0000000000000000000000000000000000000000e+00
4.8991306654769090078715976233070250600576e-01
6.0357529701356205098505824935273267328739e-01
9.2545488734104464079166518786223605275154e-01
8.9148617346619662971107800331083126366138e-01
6.9094973851005669907010542374337092041969e-01
6.8774472695542010480806993655278347432613e-01
3.3774033704297184987908053699356969445944e-01
6.0933160200620217761269259426626376807690e-01
7.4737292354030138152864992662216536700726e-01
8.8389688524913800904414529213681817054749e-01
7.3397901329579640083977665199199691414833e-01
6.0644389270837284477977391361491754651070e-01
6.5880743516487805244707942620152607560158e-01
7.6007434832310405425914723309688270092010e-01
9.1902617764585647908148757778690196573734e-01
4.7550042824947286179693151098035741597414e-01
5.3315366676181563665437579402350820600986e-01
5.3194377266449555108351887611206620931625e-01
7.9485393098566747838162882544565945863724e-01
6.9613949768468963430478879672591574490070e-01
3.8984541527438204555622291991312522441149e-01
9.2724584855397740312810128671117126941681e-01
6.3387536295109581097051432152511551976204e-01
7.4348095086430421307710503242560662329197e-01
9.1749874892759675226727722474606707692146e-01
7.3397901329579640083977665199199691414833e-01
3.5224864455799870244234739402600098401308e-01
4.4003040855942643361231603194028139114380e-01
0.0000000000000000000000000000000000000000e+00
5.6927583518430846520885779682430438697338e-01
2.4936113630114831174466871743788942694664e-01
0.0000000000000000000000000000000000000000e+00
6.3345484810956076415777715737931430339813e-01
4.1026302359241673123335658601718023419380e-01
3.6788827413291647072668411055929027497768e-01
0.0000000000000000000000000000000000000000e+00
2.2083075216716882560596957318921340629458e-01
4.2842094602144581427793923467106651514769e-01
2.5784321549066319123610924179956782609224e-01
1.6749143930144541614346564983861753717065e-01
1.1426531240560351687651774454934638924897e-01
0.0000000000000000000000000000000000000000e+00
4.8271997521275994413869625532242935150862e-01
6.3192412971680789190997984405839815735817e-01
0.0000000000000000000000000000000000000000e+00
3.3774033704297184987908053699356969445944e-01
3.5224864455799870244234739402600098401308e-01
0.0000000000000000000000000000000000000000e+00
4.4003040855942643361231603194028139114380e-01
0.0000000000000000000000000000000000000000e+00
5.6927583518430846520885779682430438697338e-01
2.4936113630114831174466871743788942694664e-01
0.0000000000000000000000000000000000000000e+00
6.3345484810956076415777715737931430339813e-01
4.1026302359241673123335658601718023419380e-01
3.6788827413291647072668411055929027497768e-01
0.0000000000000000000000000000000000000000e+00
2.2083075216716882560596957318921340629458e-01
4.2842094602144581427793923467106651514769e-01
2.5784321549066319123610924179956782609224e-01
1.6749143930144541614346564983861753717065e-01
1.1426531240560351687651774454934638924897e-01
0.0000000000000000000000000000000000000000e+00
4.8271997521275994413869625532242935150862e-01
6.3192412971680789190997984405839815735817e-01
0.0000000000000000000000000000000000000000e+00
3.3774033704297184987908053699356969445944e-01
3.5224864455799870244234739402600098401308e-01
0.0000000000000000000000000000000000000000e+00
0.0000000000000000000000000000000000000000e+00
4.4003040855942643361231603194028139114380e-01
0.0000000000000000000000000000000000000000e+00
5.6927583518430846520885779682430438697338e-01
2.4936113630114831174466871743788942694664e-01
0.0000000000000000000000000000000000000000e+00
6.3345484810956076415777715737931430339813e-01
4.1026302359241673123335658601718023419380e-01
3.6788827413291647072668411055929027497768e-01
0.0000000000000000000000000000000000000000e+00
2.2083075216716882560596957318921340629458e-01
4.2842094602144581427793923467106651514769e-01
2.5784321549066319123610924179956782609224e-01
1.6749143930144541614346564983861753717065e-01
1.1426531240560351687651774454934638924897e-01
0.0000000000000000000000000000000000000000e+00
4.8271997521275994413869625532242935150862e-01
6.3192412971680789190997984405839815735817e-01
0.0000000000000000000000000000000000000000e+00
3.3774033704297184987908053699356969445944e-01
3.5224864455799870244234739402600098401308e-01
0.0000000000000000000000000000000000000000e+00
0.0000000000000000000000000000000000000000e+00
0.0000000000000000000000000000000000000000e+00
7.7849844450152687613808666355907917022705e+01
5.6257589781822159302748787013115361332893e-01
