1
0
23
8.9055343963843258681123415954061783850193e-01
3.5155128061541213169149955319880973547697e-01
4.2292507787393368579031971421500202268362e-01
9.5035448910977748937511933036148548126221e-01
0.0000000000000000000000000000000000000000e+00
7.1873065531092072966146133694564923644066e-01
6.6165840059789948757185129579738713800907e-01
5.7395151136247157808156771352514624595642e-01
8.5850210496455037212371053101378493010998e-01
5.9526719201073652332212304827407933771610e-01
5.7726507923515602005437585830804891884327e-01
2.3115744394136608641510122197360033169389e-01
7.1064123538140777647242884995648637413979e-01
6.5562727213399951686767508363118395209312e-01
5.7395151136247157808156771352514624595642e-01
6.7306449981174487628976521591539494693279e-01
0.0000000000000000000000000000000000000000e+00
9.6501966929485116786224807583494111895561e-01
6.2982546462118649266415104648331180214882e-01
7.9314441846389038826004025395377539098263e-01
7.8606301164491154676028372705332003533840e-01
1.0000000000000000000000000000000000000000e+00
6.2982546462118649266415104648331180214882e-01
8.6174199417508834386580929276533424854279e-01
6.7328091529128764047840149942203424870968e-01
8.0412264998975180319007449725177139043808e-01
8.5850210496455037212371053101378493010998e-01
7.9377736076225247074944491032510995864868e-01
1.0000000000000000000000000000000000000000e+00
4.1865458061416077617522546461259480565786e-01
6.1223620147257440393673277867492288351059e-01
5.1462473898802163496668526931898668408394e-01
6.5021485305278758914937498047947883605957e-01
7.5472792214228212603899237365112639963627e-01
9.9293757202188204225024037441471591591835e-01
6.7397532000464999146771560845081694424152e-01
6.4686330812791403843675652751699090003967e-01
3.6750584870065838849484407546697184443474e-01
6.0114886307184134395242836035322397947311e-01
9.1766529482737868583797080646036192774773e-01
5.7395151136247157808156771352514624595642e-01
6.4734543049614579057760010982747189700603e-01
1.0000000000000000000000000000000000000000e+00
9.5751909225990250451587826319155283272266e-01
6.7877792803151726364063733853981830179691e-01
4.9337182770370835438455969779170118272305e-01
0.0000000000000000000000000000000000000000e+00
7.1873065531092072966146133694564923644066e-01
8.4766870145409545234116421852377243340015e-01
7.8735124664374922520693189653684385120869e-01
8.7613582831589575938835423585260286927223e-01
6.2176466566705923533220357057871297001839e-01
6.6503600288603059720315968661452643573284e-01
6.2737160025717508826659241094603203237057e-01
6.7726771648358108368626062656403519213200e-01
1.0000000000000000000000000000000000000000e+00
2.3284687225061417858995582719217054545879e-01
7.1601317688560195406921593530569225549698e-01
8.7771776549493951691260917868930846452713e-01
6.1531417985939529380345902609406039118767e-01
8.1142957994399567134280459868023172020912e-01
5.3985754128832541542948320056893862783909e-01
9.6751848053881261968456328759202733635902e-01
9.2942429376865809409480334579711779952049e-01
9.5321595709260142914587277118698693811893e-01
8.9909363197430869352189120036200620234013e-01
4.3863707261420298300080844455806072801352e-01
4.3398325780203722557004653026524465531111e-01
7.1482739595688848943666471313918009400368e-01
5.6131214875850188317230049506179057061672e-01
6.4168510494625419227077145478688180446625e-01
6.3011633713074910456697352856281213462353e-01
1.0000000000000000000000000000000000000000e+00
1.0000000000000000000000000000000000000000e+00
5.6131214875850388157374482034356333315372e-01
7.2064254057274457210269247298128902912140e-01
1.0000000000000000000000000000000000000000e+00
8.0833695953042228321550055625266395509243e-01
9.2452085567451136594030458581983111798763e-01
2.3502483387050562835263178840250475332141e-01
4.8506007181541560546733649061934556812048e-01
7.4021363881204083057241405185777693986893e-01
6.3275263002614856588934344472363591194153e-01
8.6743736927485626253542250196915119886398e-01
1.0000000000000000000000000000000000000000e+00
9.8247189528408607195331114780856296420097e-01
1.0000000000000000000000000000000000000000e+00
6.5154419462519619354878841477329842746258e-01
1.0000000000000000000000000000000000000000e+00
4.3576073702529288800278095550311263650656e-01
5.9999004511087206115149683682830072939396e-01
7.4066531500065546644862024550093337893486e-01
1.5546269284484581785221735117374919354916e-01
4.6300058063579113687424637646472547203302e-01
5.9651150377468320495921716428711079061031e-01
6.8895629540062597317984227629494853317738e-01
1.0000000000000000000000000000000000000000e+00
2.5833066470283749804792705617728643119335e-01
8.6652194254479364410315156419528648257256e-01
6.8129231538381240795843041269108653068542e-01
5.2562998504452473902404108230257406830788e-01
5.8603362473711373414886338650831021368504e-01
4.3653049430331197777732654685678426176310e-01
5.8603362473711373414886338650831021368504e-01
7.7530840473306872340231166162993758916855e-01
6.3388051492820007837281082174740731716156e-01
9.9298883910939272912088426892296411097050e-02
7.0445174100792895544032035104464739561081e-01
5.7340169729130230358293829340254887938499e-01
5.7395151136247157808156771352514624595642e-01
5.9605806987646492434151923589524812996387e-01
6.0028259458112442903399141869158484041691e-01
6.2982546462118649266415104648331180214882e-01
6.7594906964887990774570880603278055787086e-01
5.3162206002894740741737678035860881209373e-01
5.1034477677603728995592291539651341736317e-01
6.4709700708789175127577664170530624687672e-01
1.0000000000000000000000000000000000000000e+00
6.2206647545388027431556565716164186596870e-01
6.9526216948813002183271692047128453850746e-01
7.8749242900102633946346486482070758938789e-01
0.0000000000000000000000000000000000000000e+00
5.8416503031646505039731209762976504862309e-01
9.3503647888671537202753825113177299499512e-01
6.7215491595469945007579326556879095733166e-01
6.7070510110753434052099919426837004721165e-01
8.0450689374741912729405157733708620071411e-01
1.0000000000000000000000000000000000000000e+00
8.0412264998974924967711785939172841608524e-01
5.4183562248556160767520850640721619129181e-01
6.2259155997221005129915738507406786084175e-01
8.2190694661082219774073109874734655022621e-01
7.9521038283935741031172028669971041381359e-01
5.7670500195278928678987995226634666323662e-01
4.8259742455388454640541340268100611865520e-01
1.0000000000000000000000000000000000000000e+00
4.8259742455388454640541340268100611865520e-01
4.8259742455388454640541340268100611865520e-01
6.5145723693455892533421547341276891529560e-01
9.2363941517200398578779640956781804561615e-01
6.8418885487210723272966106378589756786823e-01
1.0000000000000000000000000000000000000000e+00
6.7318401268752248167714924420579336583614e-01
1.0000000000000000000000000000000000000000e+00
9.9561326419547024890732700441731140017509e-01
8.7226061851919989287296175461960956454277e-01
9.9290752048675590124560130789177492260933e-01
6.7318401268752026123109999389271251857281e-01
7.1046483388906200850954064662801101803780e-01
6.8990232139374563224976100173080340027809e-01
6.6564900124791892555009553689160384237766e-01
8.0301236859775093623881048188195563852787e-01
6.8901505831968223869665735037415288388729e-01
1.0000000000000000000000000000000000000000e+00
6.4911237735278926042070679613971151411533e-01
9.7776472259857238888969277468277141451836e-01
1.0000000000000000000000000000000000000000e+00
1.0000000000000000000000000000000000000000e+00
1.0000000000000000000000000000000000000000e+00
1.0000000000000000000000000000000000000000e+00
1.0000000000000000000000000000000000000000e+00
4.4965099398854335710495888633886352181435e-01
6.3863652708409102132236512261442840099335e-01
2.1550687311556493419573143910383805632591e-01
6.0473197459138561260516553375055082142353e-01
4.3916830251592636757962395677168387919664e-01
1.0000000000000000000000000000000000000000e+00
1.0000000000000000000000000000000000000000e+00
4.9679836418521561292038768442580476403236e-01
1.0000000000000000000000000000000000000000e+00
8.5567136168707558230295262546860612928867e-01
1.0000000000000000000000000000000000000000e+00
0.0000000000000000000000000000000000000000e+00
7.1601317688560173202461101027438417077065e-01
8.6672805186990686809878070562263019382954e-01
6.9661294060257628046883837669156491756439e-01
1.0000000000000000000000000000000000000000e+00
9.0659520083286271319167326510068960487843e-01
7.8631581496673308429024018550990149378777e-01
9.6408348628856765927253036352340131998062e-01
6.9255587210342939297191833247779868543148e-01
9.0062505594088237970140653487760573625565e-01
3.9190108723780830990435219973733182996511e-01
7.4751776569143946193918282006052322685719e-01
1.0000000000000000000000000000000000000000e+00
4.8861189547883426831376141308282967656851e-01
5.9651150377468242780309992667753249406815e-01
9.1292482581939538022197666577994823455811e-01
9.0062505594088237970140653487760573625565e-01
7.0597783875982744739019381086109206080437e-01
6.7046080669780816485570085205836221575737e-01
3.6593746573023278045866391039453446865082e-01
6.0028259458112465107859634372289292514324e-01
7.4668710313224528896114406961714848875999e-01
8.7449762036317690849784867168636992573738e-01
7.2043901100362239819929754958138801157475e-01
6.0028259458112465107859634372289292514324e-01
6.5578084564644323339877018952392973005772e-01
7.5566963013164967222223822318483144044876e-01
9.1002414361410088883275193438748829066753e-01
4.5541056917052796793043967227276880294085e-01
5.3343186734364733680990866560023277997971e-01
5.2872151240650144821131561911897733807564e-01
7.6736972121037960725686843943549320101738e-01
6.9526216948813557294784004625398665666580e-01
3.8859602841268942041708100987307261675596e-01
9.2336457504366542536899942206218838691711e-01
6.2497847956687113679663525545038282871246e-01
7.4779558945854152085530586191453039646149e-01
9.9979804031539976083564624786959029734135e-01
7.3285744312658385180014875004417262971401e-01
3.4636321528103292122224843296862673014402e-01
4.2292507787393368579031971421500202268362e-01
0.0000000000000000000000000000000000000000e+00
5.7395151136247157808156771352514624595642e-01
2.3115744394136608641510122197360033169389e-01
0.0000000000000000000000000000000000000000e+00
6.2982546462118649266415104648331180214882e-01
4.1865458061416077617522546461259480565786e-01
3.6750584870065838849484407546697184443474e-01
0.0000000000000000000000000000000000000000e+00
2.3284687225061417858995582719217054545879e-01
4.3398325780203722557004653026524465531111e-01
2.3502483387050562835263178840250475332141e-01
1.5546269284484581785221735117374919354916e-01
9.9298883910939272912088426892296411097050e-02
0.0000000000000000000000000000000000000000e+00
4.8259742455388454640541340268100611865520e-01
6.4911237735278926042070679613971151411533e-01
0.0000000000000000000000000000000000000000e+00
3.6593746573023278045866391039453446865082e-01
3.4636321528103292122224843296862673014402e-01
0.0000000000000000000000000000000000000000e+00
4.2292507787393368579031971421500202268362e-01
0.0000000000000000000000000000000000000000e+00
5.7395151136247157808156771352514624595642e-01
2.3115744394136608641510122197360033169389e-01
0.0000000000000000000000000000000000000000e+00
6.2982546462118649266415104648331180214882e-01
4.1865458061416077617522546461259480565786e-01
3.6750584870065838849484407546697184443474e-01
0.0000000000000000000000000000000000000000e+00
2.3284687225061417858995582719217054545879e-01
4.3398325780203722557004653026524465531111e-01
2.3502483387050562835263178840250475332141e-01
1.5546269284484581785221735117374919354916e-01
9.9298883910939272912088426892296411097050e-02
0.0000000000000000000000000000000000000000e+00
4.8259742455388454640541340268100611865520e-01
6.4911237735278926042070679613971151411533e-01
0.0000000000000000000000000000000000000000e+00
3.6593746573023278045866391039453446865082e-01
3.4636321528103292122224843296862673014402e-01
0.0000000000000000000000000000000000000000e+00
0.0000000000000000000000000000000000000000e+00
4.2292507787393368579031971421500202268362e-01
0.0000000000000000000000000000000000000000e+00
5.7395151136247157808156771352514624595642e-01
2.3115744394136608641510122197360033169389e-01
0.0000000000000000000000000000000000000000e+00
6.2982546462118649266415104648331180214882e-01
4.1865458061416077617522546461259480565786e-01
3.6750584870065838849484407546697184443474e-01
0.0000000000000000000000000000000000000000e+00
2.3284687225061417858995582719217054545879e-01
4.3398325780203722557004653026524465531111e-01
2.3502483387050562835263178840250475332141e-01
1.5546269284484581785221735117374919354916e-01
9.9298883910939272912088426892296411097050e-02
0.0000000000000000000000000000000000000000e+00
4.8259742455388454640541340268100611865520e-01
6.4911237735278926042070679613971151411533e-01
0.0000000000000000000000000000000000000000e+00
3.6593746573023278045866391039453446865082e-01
3.4636321528103292122224843296862673014402e-01
0.0000000000000000000000000000000000000000e+00
0.0000000000000000000000000000000000000000e+00
0.0000000000000000000000000000000000000000e+00
7.6085756961688119304199062753468751907349e+01
5.6739655974950453654059856489766389131546e-01
