1
0
23
8.8954464642064345891725452020182274281979e-01
3.5275343643057477382996012238436378538609e-01
4.4312640102452838242186317074811086058617e-01
9.5556347032552935161220375448465347290039e-01
0.0000000000000000000000000000000000000000e+00
7.2024072164420605002277397943544201552868e-01
6.6991876281265183568081056364462710916996e-01
5.7112714959450405771690384426619857549667e-01
8.8610078327883878834825281956000253558159e-01
5.9942187374802324839606626483146101236343e-01
5.7112714959450405771690384426619857549667e-01
2.5561323866826940465202255836629774421453e-01
7.0665492176770838828048226787359453737736e-01
6.9944878258646736579606795203289948403835e-01
5.7112714959450405771690384426619857549667e-01
7.0885920838441496272253061761148273944855e-01
0.0000000000000000000000000000000000000000e+00
9.5958914794467609077344150136923417448997e-01
6.3254369344119609763765765819698572158813e-01
8.1277460290088288097365420981077477335930e-01
7.9610244838438903869359819509554654359818e-01
1.0000000000000000000000000000000000000000e+00
6.3254369344119609763765765819698572158813e-01
8.6598192441315280376556984265334904193878e-01
6.7825840417302840634761196270119398832321e-01
7.9213323016959125144609288327046670019627e-01
8.4407927872297450200278490228811278939247e-01
7.8474655918148528144229203462600708007812e-01
1.0000000000000000000000000000000000000000e+00
4.0268230388737763503215205673768650740385e-01
6.1542576804061277506718852237099781632423e-01
5.1111940144516898598681109433528035879135e-01
6.5784418652319243125958792006713338196278e-01
7.7142120232954480840703581634443253278732e-01
9.9798144608688021950371194179751910269260e-01
6.8131901803954320051559534476837143301964e-01
6.4328768784720002926746929006185382604599e-01
3.6805736709678310569771042537468019872904e-01
6.1398646047221028254625707631930708885193e-01
9.1392808606168696172744603245519101619720e-01
5.8602562743637398590124121255939826369286e-01
6.6109883364497890045896610899944789707661e-01
1.0000000000000000000000000000000000000000e+00
9.7179767653449200537352226092480123043060e-01
6.6603494725447554003494587959721684455872e-01
4.9894021054787929259077827737201005220413e-01
0.0000000000000000000000000000000000000000e+00
7.0814174680097763392438992013921961188316e-01
8.3726774593166364279994695607456378638744e-01
7.9888877719788808917655842378735542297363e-01
8.8254486330424397610983078266144730150700e-01
5.9763743047828143950539470097282901406288e-01
6.6589678973423505059514582171686924993992e-01
6.0676915280608123559602518071187660098076e-01
6.8288878317881929191912604437675327062607e-01
1.0000000000000000000000000000000000000000e+00
2.2110709857770119435294020604487741366029e-01
7.1726695539034635018538210715632885694504e-01
8.6945527851669557328762039105640724301338e-01
6.1776380434583211265220370478346012532711e-01
8.0799231850073316429927672288613393902779e-01
5.4182703784726105045166377749410457909107e-01
9.6823895472855414645607652346370741724968e-01
9.2320953125122862115148336670245043933392e-01
9.3378240084491126449250941732316277921200e-01
8.9000659217805566658654470302280969917774e-01
4.2970993773059867892882834894408006221056e-01
4.2705399476142802406286591576645150780678e-01
7.0809060078413987859846656647277995944023e-01
6.0087336976050065295851254631998017430305e-01
6.4171230439570425829742816858924925327301e-01
6.0113663982355680648339557592407800257206e-01
1.0000000000000000000000000000000000000000e+00
1.0000000000000000000000000000000000000000e+00
5.5467446047310853263212493402534164488316e-01
7.2476967924958213274067020392976701259613e-01
1.0000000000000000000000000000000000000000e+00
8.3122106062964673522941438932321034371853e-01
9.1533802142166620363639140123268589377403e-01
2.5724912023741292044221040669071953743696e-01
4.9554640548067840910562154022045433521271e-01
7.2220425404292387661087104788748547434807e-01
6.3857990234788530869991518557071685791016e-01
8.7653218012036815398602129789651371538639e-01
1.0000000000000000000000000000000000000000e+00
9.8763598829101650888873109579435549676418e-01
1.0000000000000000000000000000000000000000e+00
6.4635505448133256933829215995501726865768e-01
1.0000000000000000000000000000000000000000e+00
4.2863796056564357206397630761784967035055e-01
6.1726777398447296718586585484445095062256e-01
7.7229484909305567974513451190432533621788e-01
1.7429710110961527114170621644007042050362e-01
4.6880118246995805542098878504475578665733e-01
5.8473045278433177784904728468973189592361e-01
6.9324838811523026294025839888490736484528e-01
1.0000000000000000000000000000000000000000e+00
2.7286725547716450535062904236838221549988e-01
8.5918961161883844468434290320146828889847e-01
6.7825840417302751816919226257596164941788e-01
5.2218173723154515109001749806338921189308e-01
5.9310220591620232966079129255376756191254e-01
4.2970993773059984466300420535844750702381e-01
5.9310220591620177454927897997549735009670e-01
7.6927579037737781053607477588229812681675e-01
6.3825896524115921515374338923720642924309e-01
1.1590670504776853788619916940660914406180e-01
7.0809060078413321726031881553353741765022e-01
5.7488441329585415751068921963451430201530e-01
5.7112714959450405771690384426619857549667e-01
5.9234666167329397268304091994650661945343e-01
6.0775951658822657819314372318331152200699e-01
6.3254369344119609763765765819698572158813e-01
6.6747088578077407028388279286446049809456e-01
5.3922292124297088733442251395899802446365e-01
5.3388643538722746484381787013262510299683e-01
6.4171230439569759695928041765000671148300e-01
1.0000000000000000000000000000000000000000e+00
6.4171230439570425829742816858924925327301e-01
7.0402609040368846482493836447247304022312e-01
7.9606665468524484552403919224161654710770e-01
0.0000000000000000000000000000000000000000e+00
5.8500587569882822602806982104084454476833e-01
9.4002184060164217793698071545804850757122e-01
6.6902787429606380698032808140851557254791e-01
6.7489812677793925566049892950104549527168e-01
8.2257189146765896659019290382275357842445e-01
1.0000000000000000000000000000000000000000e+00
7.9213323016959968914108003446017391979694e-01
5.4582661562399459320715777721488848328590e-01
6.2681679257320266351882764865877106785774e-01
8.4448582974973229742232661010348238050938e-01
7.9213323016959968914108003446017391979694e-01
5.9351257644201937946348834884702228009701e-01
4.9505453228248591512894449806481134146452e-01
1.0000000000000000000000000000000000000000e+00
4.8096412832341361998089723783778026700020e-01
4.8096412832341361998089723783778026700020e-01
6.5090572507361066367792545861448161303997e-01
9.2147824079095264071526116822496987879276e-01
6.9324838811522981885104854882229119539261e-01
1.0000000000000000000000000000000000000000e+00
7.0132416894480775759745938557898625731468e-01
1.0000000000000000000000000000000000000000e+00
1.0000000000000000000000000000000000000000e+00
8.6845496125511134621888231777120381593704e-01
9.9880267317951298977618534991052001714706e-01
6.6695542864687207273988178712897934019566e-01
7.0298662823916580055794156578485853970051e-01
6.9839232617883117981705254351254552602768e-01
6.8351775088477029207467694504885002970695e-01
7.9913471215955089732574379013385623693466e-01
7.0298662823916213682196030276827514171600e-01
1.0000000000000000000000000000000000000000e+00
6.4329688699607878721309361935709603130817e-01
9.8485892745193770458911330933915451169014e-01
1.0000000000000000000000000000000000000000e+00
1.0000000000000000000000000000000000000000e+00
1.0000000000000000000000000000000000000000e+00
1.0000000000000000000000000000000000000000e+00
1.0000000000000000000000000000000000000000e+00
4.5638468617917316016985296300845220685005e-01
6.1778379293920249182292536715976893901825e-01
2.2192577863040630070656789030181244015694e-01
5.5518614879452343746635278876055963337421e-01
4.4789679585984554233135668255272321403027e-01
1.0000000000000000000000000000000000000000e+00
1.0000000000000000000000000000000000000000e+00
5.3108828483874015446986049937549978494644e-01
1.0000000000000000000000000000000000000000e+00
8.6372297662551067443104102494544349610806e-01
1.0000000000000000000000000000000000000000e+00
0.0000000000000000000000000000000000000000e+00
7.2974991942910893971685482028988189995289e-01
8.7618434656556021256079702652641572058201e-01
6.9106606651894564308236112992744892835617e-01
1.0000000000000000000000000000000000000000e+00
9.2975845102257692609271089168032631278038e-01
7.7442013881701132760326800053007900714874e-01
9.7913560767864316058961549060768447816372e-01
6.9379139735484895989969800211838446557522e-01
8.8946491697995588854297466241405345499516e-01
3.8069117035726518505356352761737070977688e-01
7.4112381204596555761554554919712245464325e-01
1.0000000000000000000000000000000000000000e+00
4.9559755149752288128084387608396355062723e-01
6.0720979509759764880527654895558953285217e-01
9.2246534539632951688048478899872861802578e-01
8.8946491697995611058757958744536153972149e-01
6.9839232617883140186165746854385361075401e-01
7.0550687286113777929585921810939908027649e-01
3.4212014679227925606497251465043518692255e-01
6.0918188443040566237840494068223051726818e-01
7.5398863597245335821384060182026587426662e-01
8.8112473867598983812143842442310415208340e-01
7.3508607063975606177308463884401135146618e-01
6.0775951658822524592551417299546301364899e-01
6.6186343988533613558189472314552403986454e-01
7.6098409461440230661111172594246454536915e-01
9.1314283639361559785641020425828173756599e-01
4.7436292754623704537308981343812774866819e-01
5.2896449907615372687530452822102233767509e-01
5.2896449907615372687530452822102233767509e-01
7.9423910720847201716310337360482662916183e-01
7.0402609040368746562421620183158665895462e-01
3.9164627112574562639579767164832446724176e-01
9.2551986850107492710293399795773439109325e-01
6.3349093113616561367962276563048362731934e-01
7.4538758016437633990847189124906435608864e-01
9.3376036484472701992842758045298978686333e-01
7.2793320438078890077804317115806043148041e-01
3.4836329265697379975463832124660257250071e-01
4.4312640102452838242186317074811086058617e-01
0.0000000000000000000000000000000000000000e+00
5.7112714959450405771690384426619857549667e-01
2.5561323866826940465202255836629774421453e-01
0.0000000000000000000000000000000000000000e+00
6.3254369344119609763765765819698572158813e-01
4.0268230388737763503215205673768650740385e-01
3.6805736709678310569771042537468019872904e-01
0.0000000000000000000000000000000000000000e+00
2.2110709857770119435294020604487741366029e-01
4.2705399476142802406286591576645150780678e-01
2.5724912023741292044221040669071953743696e-01
1.7429710110961527114170621644007042050362e-01
1.1590670504776853788619916940660914406180e-01
0.0000000000000000000000000000000000000000e+00
4.8096412832341361998089723783778026700020e-01
6.4329688699607878721309361935709603130817e-01
0.0000000000000000000000000000000000000000e+00
3.4212014679227925606497251465043518692255e-01
3.4836329265697379975463832124660257250071e-01
0.0000000000000000000000000000000000000000e+00
4.4312640102452838242186317074811086058617e-01
0.0000000000000000000000000000000000000000e+00
5.7112714959450405771690384426619857549667e-01
2.5561323866826940465202255836629774421453e-01
0.0000000000000000000000000000000000000000e+00
6.3254369344119609763765765819698572158813e-01
4.0268230388737763503215205673768650740385e-01
3.6805736709678310569771042537468019872904e-01
0.0000000000000000000000000000000000000000e+00
2.2110709857770119435294020604487741366029e-01
4.2705399476142802406286591576645150780678e-01
2.5724912023741292044221040669071953743696e-01
1.7429710110961527114170621644007042050362e-01
1.1590670504776853788619916940660914406180e-01
0.0000000000000000000000000000000000000000e+00
4.8096412832341361998089723783778026700020e-01
6.4329688699607878721309361935709603130817e-01
0.0000000000000000000000000000000000000000e+00
3.4212014679227925606497251465043518692255e-01
3.4836329265697379975463832124660257250071e-01
0.0000000000000000000000000000000000000000e+00
0.0000000000000000000000000000000000000000e+00
4.4312640102452838242186317074811086058617e-01
0.0000000000000000000000000000000000000000e+00
5.7112714959450405771690384426619857549667e-01
2.5561323866826940465202255836629774421453e-01
0.0000000000000000000000000000000000000000e+00
6.3254369344119609763765765819698572158813e-01
4.0268230388737763503215205673768650740385e-01
3.6805736709678310569771042537468019872904e-01
0.0000000000000000000000000000000000000000e+00
2.2110709857770119435294020604487741366029e-01
4.2705399476142802406286591576645150780678e-01
2.5724912023741292044221040669071953743696e-01
1.7429710110961527114170621644007042050362e-01
1.1590670504776853788619916940660914406180e-01
0.0000000000000000000000000000000000000000e+00
4.8096412832341361998089723783778026700020e-01
6.4329688699607878721309361935709603130817e-01
0.0000000000000000000000000000000000000000e+00
3.4212014679227925606497251465043518692255e-01
3.4836329265697379975463832124660257250071e-01
0.0000000000000000000000000000000000000000e+00
0.0000000000000000000000000000000000000000e+00
0.0000000000000000000000000000000000000000e+00
7.8210177812027296795349684543907642364502e+01
5.6192198664980086419973304145969450473785e-01
