1
0
23
7.7049712814620141543286990781780332326889e-01
3.7547351660934857875417947070673108100891e-01
4.9774212836243802993152485214523039758205e-01
8.1883946528712370227509609321714378893375e-01
2.3808582152611204585390680676937336102128e-01
7.8027639493352762833922042773338034749031e-01
7.4788440640920605950725530419731512665749e-01
4.9076658763544306340875778005283791571856e-01
8.5028697849400136643538417047238908708096e-01
6.4081661147094060027029627235606312751770e-01
6.8318395560568678792634500496205873787403e-01
2.9512183701055838547233634017175063490868e-01
7.8585265527698477949769539918634109199047e-01
5.7309644820823590904979027982335537672043e-01
6.3160708226209549831509093564818613231182e-01
7.4217495770785568698357792527531273663044e-01
0.0000000000000000000000000000000000000000e+00
9.3582462216784978448202991785365156829357e-01
6.5967055129711249517043825107975862920284e-01
8.3130479468215234817307646153494715690613e-01
7.3286581255675709023478248127503320574760e-01
1.0000000000000000000000000000000000000000e+00
5.9334613381277823140891314324107952415943e-01
7.9094541847474386653260580715141259133816e-01
7.2790036877125097181107094002072699368000e-01
7.5096451362343519253528256740537472069263e-01
7.6507084026271887644554681173758581280708e-01
1.0000000000000000000000000000000000000000e+00
7.2790036877125041669955862744245678186417e-01
4.0822191244708461166368351769051514565945e-01
7.0945629569631152300246412778506055474281e-01
6.8991726910309325582204564852872863411903e-01
7.5779464216348513261323205369990319013596e-01
6.8991726910309481013428012374788522720337e-01
8.9676993102996249707103970649768598377705e-01
8.2723568697013960537844923237571492791176e-01
7.6680095109299073463660079141845926642418e-01
3.8608447679702367905107962542388122528791e-01
7.8372125933042502410330598650034517049789e-01
9.4571126786405546038594138735788874328136e-01
6.1836596060908399774547206106944940984249e-01
8.0099886276309439914200538623845204710960e-01
9.4603486911729783859215103802853263914585e-01
6.5820231641270621203432256152154877781868e-01
7.2157158932083687030711871557286940515041e-01
6.1441818013825855171461398640531115233898e-01
0.0000000000000000000000000000000000000000e+00
7.9746282878703778074225283489795401692390e-01
9.1861711031410475669645165908150374889374e-01
7.6507084026271621191028771136188879609108e-01
9.0905202349697344921253261418314650654793e-01
8.9190477654668098850265778310131281614304e-01
6.9512263504047067108615465258480980992317e-01
7.6507084026271621191028771136188879609108e-01
7.4432869539520996049475343170342966914177e-01
1.0000000000000000000000000000000000000000e+00
4.0286846193015024564232362536131404340267e-01
7.9094541847474386653260580715141259133816e-01
8.9914634374773827474314202845562249422073e-01
7.9094541847474986173693878299673087894917e-01
1.0000000000000000000000000000000000000000e+00
6.0822024706841903984866348764626309275627e-01
9.8480190371673526072981985635124146938324e-01
9.9997512109741781838323504416621290147305e-01
8.9779129210315211651050049113109707832336e-01
8.0099886276309439914200538623845204710960e-01
5.5980081024436534331556458710110746324062e-01
4.5088406996251262359720612948876805603504e-01
7.5024637661299720114982392260571941733360e-01
5.3575486225067991963300073621212504804134e-01
6.6745653704216800772286433129920624196529e-01
7.0835182293663567776320633129216730594635e-01
1.0000000000000000000000000000000000000000e+00
7.1029130949358232349766240076860412955284e-01
5.9358228424183956395410177719895727932453e-01
6.9023472075518776946978505293373018503189e-01
8.3099122917523216003132802143227308988571e-01
8.6955429952883023236864801219780929386616e-01
1.0000000000000000000000000000000000000000e+00
2.9128181711174866430624774693569634109735e-01
5.6191750619458824544949493429157882928848e-01
9.3346828660563252455517613270785659551620e-01
9.5250721936522475541408994104131124913692e-01
1.0000000000000000000000000000000000000000e+00
1.0000000000000000000000000000000000000000e+00
9.6027031125100337227706859266618266701698e-01
1.0000000000000000000000000000000000000000e+00
8.3273708818185465663219702037167735397816e-01
1.0000000000000000000000000000000000000000e+00
4.0286846193015524164593443856574594974518e-01
7.5198992489832883201472668588394299149513e-01
7.8889732847706017793143473681993782520294e-01
4.0286846193015524164593443856574594974518e-01
7.0345301188693287741671156254597008228302e-01
6.0034995215354325370782362369936890900135e-01
7.8027639493352762833922042773338034749031e-01
7.8027639493352762833922042773338034749031e-01
3.5360533909553182319029929203679785132408e-01
1.0000000000000000000000000000000000000000e+00
7.6025199267796472746283598098671063780785e-01
6.8276020195171627236163658380974084138870e-01
5.7780191149092674507414812978822737932205e-01
5.7503312897860847652253823980572633445263e-01
5.7780191149092685609645059230388142168522e-01
8.7914901350612262298511723201954737305641e-01
7.6825601542838772850529949209885671734810e-01
1.7884117878476990526337431219872087240219e-02
6.7169986625836286542323705361923202872276e-01
8.7223515822809061237563810209394432604313e-01
6.3820969697990270752541164256399497389793e-01
7.0320235374112471937735335814068093895912e-01
7.1126290299133099193085172373685054481030e-01
7.2790036877125674497079899083473719656467e-01
6.7169986625836286542323705361923202872276e-01
6.2495991366536107758378193466342054307461e-01
7.2325336524035732654880348491133190691471e-01
7.4432869539521340218612976968870498239994e-01
8.5064546308558441900515845190966501832008e-01
7.9253340680977990562183777001337148249149e-01
8.9226816386961704807845308096148073673248e-01
8.6814164386100700632198368111858144402504e-01
5.1817505151547336994521941733182757161558e-02
6.3770428772118115112732539273565635085106e-01
9.6519442521909082355335840475163422524929e-01
6.5899207353122901675845923818997107446194e-01
6.7682689822566644011203607078641653060913e-01
8.1174723146534000228768945817137137055397e-01
7.8371935259840064258440861522103659808636e-01
7.5096451362342975244246190413832664489746e-01
6.2495991366536107758378193466342054307461e-01
9.0174023775810563385846307937754318118095e-01
7.9746282878703300678324694672483019530773e-01
7.8727227851398773328384095293586142361164e-01
6.6848537889290171598588585766265168786049e-01
6.7526283820178989447668982393224723637104e-01
9.6908633691380163810435988125391304492950e-01
5.1444090007619847071396179671864956617355e-01
4.7160107380026244916493283199088182300329e-01
7.4521145195188320808910020787152461707592e-01
9.3146160333757488380967970442725345492363e-01
7.5594745750763725489207445207284763455391e-01
1.0000000000000000000000000000000000000000e+00
8.3336744054676059612063454551389440894127e-01
1.0000000000000000000000000000000000000000e+00
8.6379707836650532204458841079031117260456e-01
7.6528531585668180259318660318967886269093e-01
9.0003896751392098440902600486879236996174e-01
7.3315717805614899482691271259682253003120e-01
8.0609162596084793506179266842082142829895e-01
7.7479542064645512411402705765794962644577e-01
6.5954763029668417306794481191900558769703e-01
7.6825601542839039304055859247455373406410e-01
6.8311376695538472691993092666962184011936e-01
7.9484778338537231956451023506815545260906e-01
4.9682509133156466107905657736409921199083e-01
1.0000000000000000000000000000000000000000e+00
1.0000000000000000000000000000000000000000e+00
8.1730526675634451727603391191223636269569e-01
1.0000000000000000000000000000000000000000e+00
1.0000000000000000000000000000000000000000e+00
6.8410623693477756734893091561389155685902e-01
6.0695625292904031855556468144641257822514e-01
6.6030318820125333267867517861304804682732e-01
4.8384007552853836031658829597290605306625e-01
7.0324463672326786856103808531770482659340e-01
6.0046007186795535837120496580610051751137e-01
8.0387881612965239597201616561505943536758e-01
9.3234027674734332169492745379102416336536e-01
3.7489077449143337616987992078065872192383e-01
1.0000000000000000000000000000000000000000e+00
7.8027903537784781828889890675782226026058e-01
1.0000000000000000000000000000000000000000e+00
0.0000000000000000000000000000000000000000e+00
8.7921189318184822525381605373695492744446e-01
8.5346772537770076993979273538570851087570e-01
9.4706769308306393284624391526449471712112e-01
9.5820704746696883091772178886458277702332e-01
8.0722138430532464070665810140781104564667e-01
8.2447960411104359579326228413265198469162e-01
8.6053529869875422519953644950874149799347e-01
8.9638367895523518580347399620222859084606e-01
8.8418054592483441567196678079199045896530e-01
5.4576336640148881418355131245334632694721e-01
8.3716081954784227203703039776883088052273e-01
9.2942245022946057275703424238599836826324e-01
6.5377664289086478976997796053183265030384e-01
5.9913455864114673055098592158174142241478e-01
8.3716081954784304919314763537840917706490e-01
8.8418054592483408260505939324502833187580e-01
7.8953844379529714014864794080494903028011e-01
8.3716081954784227203703039776883088052273e-01
4.2418883049425554210287714340665843337774e-01
6.4057724148626571381015537554048933088779e-01
8.8796083281920024088407217277563177049160e-01
9.9761391445355784846071856009075418114662e-01
8.1912485730629369662381122907390817999840e-01
7.6301397348586752489296713974908925592899e-01
7.1029130949359542412935297761578112840652e-01
9.4142477979186078851370211850735358893871e-01
1.0000000000000000000000000000000000000000e+00
5.4348268043696168483336350618628785014153e-01
5.7503312897860869856714316483703441917896e-01
5.9125401330316540438047923089470714330673e-01
8.6955429952882823396720368691603653132915e-01
6.5954763029668417306794481191900558769703e-01
5.5139336243330983045041193690849468111992e-01
8.2557641296549999498921579288435168564320e-01
8.1776250430005958946821920108050107955933e-01
8.0609162596084793506179266842082142829895e-01
7.5657462192870394979138382041128352284431e-01
7.6473513770232326436371295130811631679535e-01
4.4446054825767589147034186680684797465801e-01
4.9774212836243802993152485214523039758205e-01
2.3808582152611204585390680676937336102128e-01
4.9076658763544306340875778005283791571856e-01
2.9512183701055838547233634017175063490868e-01
0.0000000000000000000000000000000000000000e+00
5.9334613381277823140891314324107952415943e-01
4.0822191244708461166368351769051514565945e-01
3.8608447679702367905107962542388122528791e-01
0.0000000000000000000000000000000000000000e+00
4.0286846193015024564232362536131404340267e-01
4.5088406996251262359720612948876805603504e-01
2.9128181711174866430624774693569634109735e-01
4.0286846193015524164593443856574594974518e-01
1.7884117878476990526337431219872087240219e-02
5.1817505151547336994521941733182757161558e-02
4.7160107380026244916493283199088182300329e-01
4.9682509133156466107905657736409921199083e-01
0.0000000000000000000000000000000000000000e+00
4.2418883049425554210287714340665843337774e-01
4.4446054825767589147034186680684797465801e-01
0.0000000000000000000000000000000000000000e+00
4.9774212836243802993152485214523039758205e-01
2.3808582152611204585390680676937336102128e-01
4.9076658763544306340875778005283791571856e-01
2.9512183701055838547233634017175063490868e-01
0.0000000000000000000000000000000000000000e+00
5.9334613381277823140891314324107952415943e-01
4.0822191244708461166368351769051514565945e-01
3.8608447679702367905107962542388122528791e-01
0.0000000000000000000000000000000000000000e+00
4.0286846193015024564232362536131404340267e-01
4.5088406996251262359720612948876805603504e-01
2.9128181711174866430624774693569634109735e-01
4.0286846193015524164593443856574594974518e-01
1.7884117878476990526337431219872087240219e-02
5.1817505151547336994521941733182757161558e-02
4.7160107380026244916493283199088182300329e-01
4.9682509133156466107905657736409921199083e-01
0.0000000000000000000000000000000000000000e+00
4.2418883049425554210287714340665843337774e-01
4.4446054825767589147034186680684797465801e-01
0.0000000000000000000000000000000000000000e+00
0.0000000000000000000000000000000000000000e+00
4.9774212836243802993152485214523039758205e-01
2.3808582152611204585390680676937336102128e-01
4.9076658763544306340875778005283791571856e-01
2.9512183701055838547233634017175063490868e-01
0.0000000000000000000000000000000000000000e+00
5.9334613381277823140891314324107952415943e-01
4.0822191244708461166368351769051514565945e-01
3.8608447679702367905107962542388122528791e-01
0.0000000000000000000000000000000000000000e+00
4.0286846193015024564232362536131404340267e-01
4.5088406996251262359720612948876805603504e-01
2.9128181711174866430624774693569634109735e-01
4.0286846193015524164593443856574594974518e-01
1.7884117878476990526337431219872087240219e-02
5.1817505151547336994521941733182757161558e-02
4.7160107380026244916493283199088182300329e-01
4.9682509133156466107905657736409921199083e-01
0.0000000000000000000000000000000000000000e+00
4.2418883049425554210287714340665843337774e-01
4.4446054825767589147034186680684797465801e-01
0.0000000000000000000000000000000000000000e+00
0.0000000000000000000000000000000000000000e+00
0.0000000000000000000000000000000000000000e+00
7.8810257727545163675131334457546472549438e+01
1.0495069736160829165783070493489503860474e+00
