1
0
23
8.5734405940995617179112286976305767893791e-01
3.5610793094060072538908912065380718559027e-01
4.6346332870357775934877508916542865335941e-01
8.5766302129068461290728464518906548619270e-01
9.4003887193810156674977918100921669974923e-02
7.1275185157591747220351408032001927495003e-01
6.4097954786792754600099897288600914180279e-01
5.7135275020303011306310736472369171679020e-01
8.0838441583230236098245313769439235329628e-01
6.6394071333863180495171718575875274837017e-01
6.2320583825744857442430202354444190859795e-01
3.0787765828652607913440419906692113727331e-01
7.8561995777687609887607322889380156993866e-01
5.0616237517819850921796387410722672939301e-01
6.5031891979992861863024700141977518796921e-01
7.1633729987816607831518922466784715652466e-01
0.0000000000000000000000000000000000000000e+00
9.5195560725102223997851069725584238767624e-01
6.8399120853624029159334440919337794184685e-01
7.5096603627884439546846806479152292013168e-01
7.8187200972860937397967973083723336458206e-01
1.0000000000000000000000000000000000000000e+00
6.3766507519420034810764263966120779514313e-01
8.3015011849125974752183765303925611078739e-01
7.2899078018618368446368549484759569168091e-01
7.5194201226521428793603263329714536666870e-01
8.4266911223968421484897817208548076450825e-01
9.1850655950991755283041584334569051861763e-01
8.9167803747215557130800789309432730078697e-01
4.5240867169737480901758885920571628957987e-01
6.3706391706055665036245727606001310050488e-01
5.8436446900208249832786577826482243835926e-01
6.6281421060888723317816584312822669744492e-01
6.5619067175988288198595910216681659221649e-01
9.5409844411610289505176751845283433794975e-01
6.5441202054240166230414388337521813809872e-01
6.4574597309517067778017462842399254441261e-01
3.9354844349195400310392756182409357279539e-01
6.6230273369954861806263579637743532657623e-01
1.0000000000000000000000000000000000000000e+00
5.9764219459451783933445767615921795368195e-01
7.9570057719977249632847815519198775291443e-01
1.0000000000000000000000000000000000000000e+00
9.3839308800914034147666598073556087911129e-01
6.9614884584302372250164125944138504564762e-01
5.1331459697074244274972443236038088798523e-01
0.0000000000000000000000000000000000000000e+00
7.4925126529350749571278811345109716057777e-01
8.1234316003599105204813213276793248951435e-01
7.8376259847298501703960482700495049357414e-01
8.5678641849951253650630178526625968515873e-01
6.2130079641209934315781993063865229487419e-01
6.3766507519420034810764263966120779514313e-01
6.5050121775051183981020130886463448405266e-01
6.7016137114135798658054454790544696152210e-01
1.0000000000000000000000000000000000000000e+00
3.3136980422197570561593238380737602710724e-01
7.5192907991532476064122647585463710129261e-01
7.7330524768806885305139076081104576587677e-01
7.2119339977166208033310113023617304861546e-01
9.0530551724809660285586687678005546331406e-01
5.3786555299087634995913731472683139145374e-01
1.0000000000000000000000000000000000000000e+00
9.8847092775871014946886816687765531241894e-01
9.7660077961091640297297544748289510607719e-01
8.0563303267135277785371272329939529299736e-01
4.6335448445007587636723656032700091600418e-01
3.9646044715256312240825309345382265746593e-01
7.4687957977667507325492124437005259096622e-01
5.3802678352473720657656031107762828469276e-01
6.6370619367734717819473644340177997946739e-01
6.5619067175987821904925567650934681296349e-01
1.0000000000000000000000000000000000000000e+00
8.9167803747215579335261281812563538551331e-01
5.4422171506934624574114423012360930442810e-01
6.9241203112548355136368627427145838737488e-01
9.9322408819268548363368154241470620036125e-01
8.2703412906729589781917866275762207806110e-01
9.0530551724810459646164417790714651346207e-01
1.9770008880309566934307952124072471633554e-01
5.1969056000362434666328681487357243895531e-01
8.3020775149899939115982760995393618941307e-01
7.3780156976990685091521982030826620757580e-01
9.7350627008043533194836527400184422731400e-01
1.0000000000000000000000000000000000000000e+00
8.8761072562872189717353421656298451125622e-01
1.0000000000000000000000000000000000000000e+00
6.4222460184227081469998665852472186088562e-01
1.0000000000000000000000000000000000000000e+00
4.3105199358857448910242737838416360318661e-01
6.4634660072870964153679551600362174212933e-01
8.0083905977583469404379457046161405742168e-01
1.9341776122504306112404037776286713778973e-01
6.1105122095509667445867307833395898342133e-01
5.1503426752812597744224376583588309586048e-01
7.5923645008384244015076092182425782084465e-01
9.6360047067274146037618720583850517868996e-01
2.9151145769964253995354397375194821506739e-01
1.0000000000000000000000000000000000000000e+00
7.2899078018618856944499384553637355566025e-01
5.8505824739254430610913004784379154443741e-01
6.0879271521629507724071572738466784358025e-01
4.5137032071749649819736305289552547037601e-01
6.0956668425457150028989872225793078541756e-01
7.5780972918705713503584320278605446219444e-01
6.4748162947929810417946328016114421188831e-01
0.0000000000000000000000000000000000000000e+00
6.8012419699259540895042164265760220587254e-01
7.8708606601042496730968878182466141879559e-01
5.7135275020303011306310736472369171679020e-01
6.0899846853712991112672625604318454861641e-01
6.5398347980547821833852140116505324840546e-01
6.7183380685585936120673977711703628301620e-01
6.2704552039735583779389571645879186689854e-01
5.5025059389511055130128625023644417524338e-01
5.5881103840899626344906891972641460597515e-01
6.5050121775051450434546040924033150076866e-01
1.0000000000000000000000000000000000000000e+00
6.5050121775051250594401608395855873823166e-01
7.1270874971584063928276009391993284225464e-01
8.4613395462205254204945958917960524559021e-01
0.0000000000000000000000000000000000000000e+00
6.1656595307986905574182401323923841118813e-01
9.7972977930662552559226696757832542061806e-01
6.6400593407993413475054467198788188397884e-01
7.0089355070364633970569911980419419705868e-01
8.7588928808201627074225825708708725869656e-01
9.5195560725103345323105941133690066635609e-01
8.3680681894769892714691650326130911707878e-01
5.8234406925424486711762028789962641894817e-01
8.4722074861765239717215081327594816684723e-01
8.3362224355387926078009286356973461806774e-01
7.8716140865763906120378123887348920106888e-01
5.9397474392574711732351033788290806114674e-01
5.6019299580584613895695156315923668444157e-01
1.0000000000000000000000000000000000000000e+00
5.0336506472486530761045742110582068562508e-01
5.0336506472486530761045742110582068562508e-01
6.6270501131584214071779115329263731837273e-01
8.6904247782739374450500235980143770575523e-01
7.5923645008384677002055695993476547300816e-01
1.0000000000000000000000000000000000000000e+00
7.1091439587632643259951237268978729844093e-01
1.0000000000000000000000000000000000000000e+00
9.5068910747148782647286680003162473440170e-01
8.8336770433362077348249385977396741509438e-01
1.0000000000000000000000000000000000000000e+00
6.9732655673301258136831393130705691874027e-01
7.5923645008384432752990278459037654101849e-01
6.8099301057356043109791698952903971076012e-01
6.4634660072870719904614134065923281013966e-01
7.7293115478572649301725050463574007153511e-01
6.2704552039734462454134700237773358821869e-01
9.5052584041649601509504918794846162199974e-01
5.3517008473243976585109749066759832203388e-01
1.0000000000000000000000000000000000000000e+00
1.0000000000000000000000000000000000000000e+00
1.0000000000000000000000000000000000000000e+00
1.0000000000000000000000000000000000000000e+00
1.0000000000000000000000000000000000000000e+00
1.0000000000000000000000000000000000000000e+00
5.8005238086574917311111221351893618702888e-01
6.5091061157135610137913772632600739598274e-01
3.8397413777081124131029810087056830525398e-01
6.5654927429832998786451980777201242744923e-01
4.9917441179378063687011035653995350003242e-01
1.0000000000000000000000000000000000000000e+00
8.5668477747547577827447184972697868943214e-01
4.2551721651382368172278347628889605402946e-01
1.0000000000000000000000000000000000000000e+00
8.4820310172676127713486948778154328465462e-01
1.0000000000000000000000000000000000000000e+00
0.0000000000000000000000000000000000000000e+00
8.0838441583229991849179896235000342130661e-01
8.5959865464459550565834433655254542827606e-01
8.3362621636373257505425726776593364775181e-01
1.0000000000000000000000000000000000000000e+00
8.8546230626028277210792793994187377393246e-01
8.2142004407262458887117873018723912537098e-01
8.8722558934288198173589989892207086086273e-01
7.5678698772021157914480227191234007477760e-01
8.3361493730822311398753754474455490708351e-01
4.3105199358858359293122930466779507696629e-01
8.0838441583230602471843440071097575128078e-01
1.0000000000000000000000000000000000000000e+00
5.0959871371240939019742199889151379466057e-01
5.6489039913837213457981079045566730201244e-01
9.2708332623932143690126395085826516151428e-01
9.1342820890773612774182765861041843891144e-01
7.0943332694293137485885836213128641247749e-01
8.0895758427477992835719078357215039432049e-01
4.1842691875377951982173385658825282007456e-01
6.1769438112790353567760348596493713557720e-01
7.5466341231760492025415487660211510956287e-01
8.3548744339854152940461062826216220855713e-01
7.6238671092993692823824858351144939661026e-01
6.4274409932189291438930922595318406820297e-01
6.8065804041233390897502886218717321753502e-01
7.5719903990223991208097231719875708222389e-01
9.7920499068559518907051142377895303070545e-01
5.0913781571718974561235881992615759372711e-01
5.2116512017720673100029671331867575645447e-01
5.1859809076801188787442242755787447094917e-01
8.2703412906729589781917866275762207806110e-01
6.8440406883000748372580801515141502022743e-01
4.2803905513661527626467773188778664916754e-01
8.4225054657024189808112168975640088319778e-01
7.6238671092993692823824858351144939661026e-01
7.7782348302385340144127212624880485236645e-01
9.6751308832646754076733941474230960011482e-01
7.4232505910157964290618792801978997886181e-01
3.4493004311427016839175507811887655407190e-01
4.6346332870357775934877508916542865335941e-01
9.4003887193810156674977918100921669974923e-02
5.7135275020303011306310736472369171679020e-01
3.0787765828652607913440419906692113727331e-01
0.0000000000000000000000000000000000000000e+00
6.3766507519420034810764263966120779514313e-01
4.5240867169737480901758885920571628957987e-01
3.9354844349195400310392756182409357279539e-01
0.0000000000000000000000000000000000000000e+00
3.3136980422197570561593238380737602710724e-01
3.9646044715256312240825309345382265746593e-01
1.9770008880309566934307952124072471633554e-01
1.9341776122504306112404037776286713778973e-01
0.0000000000000000000000000000000000000000e+00
0.0000000000000000000000000000000000000000e+00
5.0336506472486530761045742110582068562508e-01
5.3517008473243976585109749066759832203388e-01
0.0000000000000000000000000000000000000000e+00
4.1842691875377951982173385658825282007456e-01
3.4493004311427016839175507811887655407190e-01
0.0000000000000000000000000000000000000000e+00
4.6346332870357775934877508916542865335941e-01
9.4003887193810156674977918100921669974923e-02
5.7135275020303011306310736472369171679020e-01
3.0787765828652607913440419906692113727331e-01
0.0000000000000000000000000000000000000000e+00
6.3766507519420034810764263966120779514313e-01
4.5240867169737480901758885920571628957987e-01
3.9354844349195400310392756182409357279539e-01
0.0000000000000000000000000000000000000000e+00
3.3136980422197570561593238380737602710724e-01
3.9646044715256312240825309345382265746593e-01
1.9770008880309566934307952124072471633554e-01
1.9341776122504306112404037776286713778973e-01
0.0000000000000000000000000000000000000000e+00
0.0000000000000000000000000000000000000000e+00
5.0336506472486530761045742110582068562508e-01
5.3517008473243976585109749066759832203388e-01
0.0000000000000000000000000000000000000000e+00
4.1842691875377951982173385658825282007456e-01
3.4493004311427016839175507811887655407190e-01
0.0000000000000000000000000000000000000000e+00
0.0000000000000000000000000000000000000000e+00
4.6346332870357775934877508916542865335941e-01
9.4003887193810156674977918100921669974923e-02
5.7135275020303011306310736472369171679020e-01
3.0787765828652607913440419906692113727331e-01
0.0000000000000000000000000000000000000000e+00
6.3766507519420034810764263966120779514313e-01
4.5240867169737480901758885920571628957987e-01
3.9354844349195400310392756182409357279539e-01
0.0000000000000000000000000000000000000000e+00
3.3136980422197570561593238380737602710724e-01
3.9646044715256312240825309345382265746593e-01
1.9770008880309566934307952124072471633554e-01
1.9341776122504306112404037776286713778973e-01
0.0000000000000000000000000000000000000000e+00
0.0000000000000000000000000000000000000000e+00
5.0336506472486530761045742110582068562508e-01
5.3517008473243976585109749066759832203388e-01
0.0000000000000000000000000000000000000000e+00
4.1842691875377951982173385658825282007456e-01
3.4493004311427016839175507811887655407190e-01
0.0000000000000000000000000000000000000000e+00
0.0000000000000000000000000000000000000000e+00
0.0000000000000000000000000000000000000000e+00
7.9851300054228389058152970392256975173950e+01
6.7288235895781267625892496653250418603420e-01
