1
0
23
7.8477676172437305091023063141619786620140e-01
3.6545939329036142284579113947984296828508e-01
4.5195921129005017791158138606988359242678e-01
8.5011428842198866195900563980103470385075e-01
1.3669224876186406025802000385738210752606e-01
7.5049189323067788670584832289023324847221e-01
7.2265653797799755952979694484383799135685e-01
5.4972057367926496773691269481787458062172e-01
8.0200382512375434362894566220347769558430e-01
6.5228860746880379384293746625189669430256e-01
6.6327221372108124963773434501490555703640e-01
2.9276488878851619768184377790021244436502e-01
7.5049189323067633239361384767107665538788e-01
5.7677257106104629080789436557097360491753e-01
7.0097100233067588526125746284378692507744e-01
7.1067844963513060463355941465124487876892e-01
0.0000000000000000000000000000000000000000e+00
9.6066173783632269334020747919566929340363e-01
6.3243613122257524850056142895482480525970e-01
7.8672725752189154313498420378891751170158e-01
7.4422698056244451780827375841909088194370e-01
1.0000000000000000000000000000000000000000e+00
5.6535365293417338961035056854598224163055e-01
7.7464472494459479801065526771708391606808e-01
7.4422698056244440678597129590343683958054e-01
7.2705578436790496699160257776384241878986e-01
7.7171864479162788352795132595929317176342e-01
9.8906045184554991500647247448796406388283e-01
7.4422698056244440678597129590343683958054e-01
4.1561384000990070353154237636772450059652e-01
6.7611905633395996684242845731205306947231e-01
6.8008655797602757253628169564763084053993e-01
7.3016876193390878313493885798379778862000e-01
6.8008655797601580417222066898830235004425e-01
9.3325671614855276736477662780089303851128e-01
7.9158025167195178450896264621405862271786e-01
7.3016876193390845006803147043683566153049e-01
4.2043885487102428122341279959073290228844e-01
7.3516201172831863175360922468826174736023e-01
9.4994644577415709996159876027377322316170e-01
6.3839142845686314142739092858391813933849e-01
7.8670361032775315557330486626597121357918e-01
1.0000000000000000000000000000000000000000e+00
7.5715317479137655976018095316248945891857e-01
7.5715317479137655976018095316248945891857e-01
5.6930580379825335146648512818501330912113e-01
0.0000000000000000000000000000000000000000e+00
8.0550553527938439923872238068724982440472e-01
8.8189838054648261866930170072009786963463e-01
7.4444932570226329815454846539068967103958e-01
8.4343732426386175404786627041175961494446e-01
6.7368713289833004331796928454423323273659e-01
6.4220191284873340276107001045602373778820e-01
7.4422698056244440678597129590343683958054e-01
7.1037173830814226427321500523248687386513e-01
1.0000000000000000000000000000000000000000e+00
3.4393199571887250742818764592811930924654e-01
7.5863313577087743144744536039070226252079e-01
8.4076074379541276826444118341896682977676e-01
7.6676231815434037208945028396556153893471e-01
9.6110481861635133071786185610108077526093e-01
5.7015745003574702653992289924644865095615e-01
9.7184716749210398045732972605037502944469e-01
9.7351707559678191117313872382510453462601e-01
9.3953724632645563286104106737184338271618e-01
7.8922022955386939013777691798168234527111e-01
5.1174265207267100041832463830360211431980e-01
4.2694753016909592346905810700263828039169e-01
7.4592568540610681981917196026188321411610e-01
5.2842076841344365334407484624534845352173e-01
6.4614157967877106081289184658089652657509e-01
7.0749371682396455796038026164751499891281e-01
1.0000000000000000000000000000000000000000e+00
7.3825725129158115134231366027961485087872e-01
5.5522962950611276511381220188923180103302e-01
6.8701635028090557444357955318992026150227e-01
9.1008024647267538043138301873113960027695e-01
8.8009241651446612486608955805422738194466e-01
1.0000000000000000000000000000000000000000e+00
2.8573305444898239313644694448157679289579e-01
4.9129747345372748457137390687421429902315e-01
8.2461120092098916245504369726404547691345e-01
9.1617232122322489473731366160791367292404e-01
1.0000000000000000000000000000000000000000e+00
1.0000000000000000000000000000000000000000e+00
9.3107513773414107838277686823857948184013e-01
9.7176242576399485262328425960731692612171e-01
7.9426271876042175978938075786572881042957e-01
1.0000000000000000000000000000000000000000e+00
3.6485115514954252757817698693543206900358e-01
7.3635335239495414150212582171661779284477e-01
7.7059637748793485823028959202929399907589e-01
3.2015063558660128428812186029972508549690e-01
6.8796994338176231664760962303262203931808e-01
5.7358646467699747617530192655976861715317e-01
7.8783756078223343699562519759638234972954e-01
7.8783756078223343699562519759638234972954e-01
3.7460757084841811437314618160598911345005e-01
1.0000000000000000000000000000000000000000e+00
7.2902718451942971622514733098796568810940e-01
6.4575824416340110722956069366773590445518e-01
5.6529938789036116020270128501579165458679e-01
5.5309879935883488055736734168021939694881e-01
5.6529938789036116020270128501579165458679e-01
7.9219551991782455324653255956945940852165e-01
7.4037547183067575762294154628762044012547e-01
0.0000000000000000000000000000000000000000e+00
6.4876784862701564193798731139395385980606e-01
8.4080317772568013978684575704392045736313e-01
5.8747811008963313206265866028843447566032e-01
6.6327221372108124963773434501490555703640e-01
7.0097100233068720953610863944049924612045e-01
7.0259043577945767822257039370015263557434e-01
6.4824357705683410824093471092055551707745e-01
5.8747811008963313206265866028843447566032e-01
6.7129751571858431447026305249892175197601e-01
6.8588722240194766044396601500920951366425e-01
1.0000000000000000000000000000000000000000e+00
7.5632002676813869790350963739911094307899e-01
7.7933755530025372593172505730763077735901e-01
8.5552433728601107176814366539474576711655e-01
1.4650428213030110974335329387940873857588e-02
6.4616440540256869784485616037272848188877e-01
9.6135964457897904456018522978411056101322e-01
6.6562676889160021787006371596362441778183e-01
6.6036681847542633150283108989242464303970e-01
8.0844972302763318250384827479138039052486e-01
7.8172556672802839816682762830168940126896e-01
7.5683654257407406706903429949306882917881e-01
5.9807810924947435449183785749482922255993e-01
8.3820528006372496676590344577562063932419e-01
8.0550553527939006137614796898560598492622e-01
7.6654037694678367476086577880778349936008e-01
6.1679637288884370249775201955344527959824e-01
6.8923880862057429474987202411284670233727e-01
1.0000000000000000000000000000000000000000e+00
4.8949235666419965706808170580188743770123e-01
4.8662639085140124706185815739445388317108e-01
6.8878958199930839789715264487313106656075e-01
8.9231908145996730041815681033767759799957e-01
7.8096480716824689949362436891533434391022e-01
1.0000000000000000000000000000000000000000e+00
7.7063599918629532847802465767017565667629e-01
1.0000000000000000000000000000000000000000e+00
8.5692108636528940834864442877005785703659e-01
7.7798229138906271895592681175912730395794e-01
8.9688507010213469605730551847955211997032e-01
7.0878887869259832310575575320399366319180e-01
7.6676231815434447991464139704476110637188e-01
7.1786592430294227096254644493455998599529e-01
6.4779185999190502798228408209979534149170e-01
7.4037547183068341816181145986774936318398e-01
6.4902877703021244482073370818397961556911e-01
8.3562214134730827819197429562336765229702e-01
5.3234032378159146237095455944654531776905e-01
1.0000000000000000000000000000000000000000e+00
1.0000000000000000000000000000000000000000e+00
1.0000000000000000000000000000000000000000e+00
1.0000000000000000000000000000000000000000e+00
1.0000000000000000000000000000000000000000e+00
6.3833576353674970071949701377889141440392e-01
5.8273135754438887268236157979117706418037e-01
6.9040472583894396674253357559791766107082e-01
4.6111379300790722446379277243977412581444e-01
6.8416845221741240390400662363390438258648e-01
5.5695384964470184829821164385066367685795e-01
9.4792014443318772798363625042838975787163e-01
9.5564345468030054142616336321225389838219e-01
3.8083975291394289719448806863510981202126e-01
1.0000000000000000000000000000000000000000e+00
8.2071380052166231777732718910556286573410e-01
1.0000000000000000000000000000000000000000e+00
0.0000000000000000000000000000000000000000e+00
8.1468666970472147781379135267343372106552e-01
8.1630591327379797839114417001837864518166e-01
9.3403178094117511598426517593907192349434e-01
1.0000000000000000000000000000000000000000e+00
9.7507494864752619623260443404433317482471e-01
8.0563847030048774122690247168065980076790e-01
8.1853319201365370982870217630988918244839e-01
8.7749550531676523412727419781731441617012e-01
9.5887292688401437601442012237384915351868e-01
4.7345464409454085519257660052971914410591e-01
7.9533553559216685346910935550113208591938e-01
9.8437569929463852869133688727742992341518e-01
6.3723405853175174584634987695608288049698e-01
6.0608499509601232446698304556775838136673e-01
8.5312613379091528642561570450197905302048e-01
8.8172089459037250591677548072766512632370e-01
7.6794347284392605601510695123579353094101e-01
7.9533553559216596529068965537589974701405e-01
4.0716162212413614662764871354738716036081e-01
6.0836052863750089692018718778854236006737e-01
8.2663236316702304318226879331632517278194e-01
9.3438336597323967680495115928351879119873e-01
8.0200382512375667509729737503221258521080e-01
7.1554283294349307897874723494169302284718e-01
7.2405259789313991536374714996782131493092e-01
9.0366950948820978783970758740906603634357e-01
1.0000000000000000000000000000000000000000e+00
5.2595932674369128001501394464867189526558e-01
5.9189360174362770639078235035412944853306e-01
5.6027288793364926622331267935805954039097e-01
8.5040212364895284569143996122875250875950e-01
7.1414371915777774546540968003682792186737e-01
4.7502779282563734053468351703486405313015e-01
8.4791138364723650511223240755498409271240e-01
8.0200382512375667509729737503221258521080e-01
8.1872234357861572995318510947981849312782e-01
9.8567086621509802935037214410840533673763e-01
7.7510747717530326106327720481203868985176e-01
3.9831775699390287170942315242427866905928e-01
4.5195921129005017791158138606988359242678e-01
1.3669224876186406025802000385738210752606e-01
5.4972057367926496773691269481787458062172e-01
2.9276488878851619768184377790021244436502e-01
0.0000000000000000000000000000000000000000e+00
5.6535365293417338961035056854598224163055e-01
4.1561384000990070353154237636772450059652e-01
4.2043885487102428122341279959073290228844e-01
0.0000000000000000000000000000000000000000e+00
3.4393199571887250742818764592811930924654e-01
4.2694753016909592346905810700263828039169e-01
2.8573305444898239313644694448157679289579e-01
3.2015063558660128428812186029972508549690e-01
0.0000000000000000000000000000000000000000e+00
1.4650428213030110974335329387940873857588e-02
4.8662639085140124706185815739445388317108e-01
5.3234032378159146237095455944654531776905e-01
0.0000000000000000000000000000000000000000e+00
4.0716162212413614662764871354738716036081e-01
3.9831775699390287170942315242427866905928e-01
0.0000000000000000000000000000000000000000e+00
4.5195921129005017791158138606988359242678e-01
1.3669224876186406025802000385738210752606e-01
5.4972057367926496773691269481787458062172e-01
2.9276488878851619768184377790021244436502e-01
0.0000000000000000000000000000000000000000e+00
5.6535365293417338961035056854598224163055e-01
4.1561384000990070353154237636772450059652e-01
4.2043885487102428122341279959073290228844e-01
0.0000000000000000000000000000000000000000e+00
3.4393199571887250742818764592811930924654e-01
4.2694753016909592346905810700263828039169e-01
2.8573305444898239313644694448157679289579e-01
3.2015063558660128428812186029972508549690e-01
0.0000000000000000000000000000000000000000e+00
1.4650428213030110974335329387940873857588e-02
4.8662639085140124706185815739445388317108e-01
5.3234032378159146237095455944654531776905e-01
0.0000000000000000000000000000000000000000e+00
4.0716162212413614662764871354738716036081e-01
3.9831775699390287170942315242427866905928e-01
0.0000000000000000000000000000000000000000e+00
0.0000000000000000000000000000000000000000e+00
4.5195921129005017791158138606988359242678e-01
1.3669224876186406025802000385738210752606e-01
5.4972057367926496773691269481787458062172e-01
2.9276488878851619768184377790021244436502e-01
0.0000000000000000000000000000000000000000e+00
5.6535365293417338961035056854598224163055e-01
4.1561384000990070353154237636772450059652e-01
4.2043885487102428122341279959073290228844e-01
0.0000000000000000000000000000000000000000e+00
3.4393199571887250742818764592811930924654e-01
4.2694753016909592346905810700263828039169e-01
2.8573305444898239313644694448157679289579e-01
3.2015063558660128428812186029972508549690e-01
0.0000000000000000000000000000000000000000e+00
1.4650428213030110974335329387940873857588e-02
4.8662639085140124706185815739445388317108e-01
5.3234032378159146237095455944654531776905e-01
0.0000000000000000000000000000000000000000e+00
4.0716162212413614662764871354738716036081e-01
3.9831775699390287170942315242427866905928e-01
0.0000000000000000000000000000000000000000e+00
0.0000000000000000000000000000000000000000e+00
0.0000000000000000000000000000000000000000e+00
7.6565012225171486193175951484590768814087e+01
8.4203685536757422180897947328048758208752e-01
