1
0
23
8.7962530983983544530246945214457809925079e-01
3.5380915137589891150682319675979670137167e-01
4.2420574686260359431599908930365927517414e-01
9.2484318429503487024589958309661597013474e-01
0.0000000000000000000000000000000000000000e+00
7.2124179631570617399205502806580625474453e-01
6.4189035788268622440000399365089833736420e-01
5.9869167394891609212947969353990629315376e-01
8.5141730005669802316958794108359143137932e-01
6.1114444531043377040191444393713027238846e-01
6.0360019993159241824542959875543601810932e-01
2.4888501341263791211133593606064096093178e-01
7.2124179631570473070212301536230370402336e-01
5.9166923227027878873229838063707575201988e-01
5.9869167394891609212947969353990629315376e-01
6.5722502728371945401875109382672235369682e-01
0.0000000000000000000000000000000000000000e+00
9.8811399055363013932407056927331723272800e-01
6.3539800940996660205684065658715553581715e-01
7.9151797679609003921541443560272455215454e-01
8.2471367411789187062964856522739864885807e-01
1.0000000000000000000000000000000000000000e+00
6.3539800940996660205684065658715553581715e-01
8.7171528064260539458985022065462544560432e-01
6.6296725382106203028342861216515302658081e-01
8.1100552605921039095449032174656167626381e-01
8.5141730005669802316958794108359143137932e-01
9.0918287900568683923552271153312176465988e-01
9.7525622133889433573727956172660924494267e-01
4.4354810309748937680041080966475419700146e-01
6.1243932738087492051448634811094962060452e-01
5.3418737702052310201139562195749022066593e-01
6.6779121497039994892475078813731670379639e-01
7.0542783945724374383701160695636644959450e-01
9.6737931586740888434405860607512295246124e-01
6.7711998245372462257307688560103997588158e-01
6.4008370799112235260963643668219447135925e-01
3.7229682426434740349918683932628482580185e-01
5.9164117898010626372951037410530261695385e-01
9.3578919978725405570685325074009597301483e-01
5.9869167394891609212947969353990629315376e-01
7.6065788043061588474813561333576217293739e-01
1.0000000000000000000000000000000000000000e+00
9.6351887320553220028784835449187085032463e-01
7.1997015245658391169314427315839566290379e-01
5.2213863670696669672111056570429354906082e-01
0.0000000000000000000000000000000000000000e+00
7.3495842519442922124994765908923000097275e-01
8.2814386258510375160568628416513092815876e-01
7.5854692479753460521152419460122473537922e-01
8.9275524276088402686468725732993334531784e-01
6.7723919543373545248954314956790767610073e-01
6.7571908117186607611870385881047695875168e-01
6.2900596383256845989251360151683911681175e-01
6.5683344562948864364670953364111483097076e-01
1.0000000000000000000000000000000000000000e+00
2.3670019614133433472069611980259651318192e-01
7.2871082758327709871792876583640463650227e-01
8.7220502618481121626103913513361476361752e-01
6.8654483150678569103320114663802087306976e-01
9.1257797142065277817835067253326997160912e-01
5.4409320623019774565420902945334091782570e-01
9.9665452821452804599289265752304345369339e-01
9.2350044245003881648869992204708978533745e-01
9.6082583669696208783506108375149779021740e-01
8.8230173172392156732968260257621295750141e-01
4.2535975619340549158664543938357383012772e-01
4.1538684020401661634025458624819293618202e-01
7.2124179631570617399205502806580625474453e-01
5.1213233028444538064150037826038897037506e-01
6.2211671659030287617753174345125444233418e-01
6.1114444531043377040191444393713027238846e-01
1.0000000000000000000000000000000000000000e+00
1.0000000000000000000000000000000000000000e+00
5.3336257584619040095219588692998513579369e-01
7.0746933761212082991676197707420215010643e-01
1.0000000000000000000000000000000000000000e+00
7.7942983454334202608748682905570603907108e-01
9.3225283879243481255372216764953918755054e-01
2.1820117451906784200588163002976216375828e-01
5.1525100651451194444518932868959382176399e-01
7.3877456078911452053148423146922141313553e-01
6.4667488897186664598137895154650323092937e-01
8.4347772626993422484531492955284193158150e-01
1.0000000000000000000000000000000000000000e+00
9.3743709298083599534834320365916937589645e-01
1.0000000000000000000000000000000000000000e+00
6.5683344562948686728987013339065015316010e-01
1.0000000000000000000000000000000000000000e+00
3.7914612463244284912278203591995406895876e-01
6.1831694245605117732367261851322837173939e-01
7.2515764514106273441740313501213677227497e-01
1.8018102233123933775260638867621310055256e-01
5.2762947626140765944313670843257568776608e-01
5.6286215320658194993796996641322039067745e-01
7.2124179631570617399205502806580625474453e-01
1.0000000000000000000000000000000000000000e+00
2.4369131829871015781918686116114258766174e-01
9.0632444616622331867716866327100433409214e-01
6.6296725382106203028342861216515302658081e-01
5.6286215320657850824659362842794507741928e-01
6.0449123842704755027455121307866647839546e-01
4.2689798360209979533053115119400899857283e-01
6.0449123842704899356448322578216902911663e-01
7.5610530818900212324251697282306849956512e-01
6.9783910985714281416392168466700240969658e-01
9.9499690631474610458262475276569603011012e-02
7.0269150188409124080379797305795364081860e-01
6.3539800940996660205684065658715553581715e-01
5.9869167394891609212947969353990629315376e-01
6.0386239146272302491524897050112485885620e-01
6.2868917819157033033405923561076633632183e-01
6.3539800940996660205684065658715553581715e-01
6.6213211596218313204076366673689335584641e-01
5.2572566472568527107256386443623341619968e-01
5.5164299102890956838507463544374331831932e-01
6.2855375686343861740823513173381797969341e-01
1.0000000000000000000000000000000000000000e+00
6.0386239146272202571452680786023847758770e-01
6.9967771346990348391159386665094643831253e-01
8.0718334556865400930547593816299922764301e-01
0.0000000000000000000000000000000000000000e+00
5.9684048971346070899812730203848332166672e-01
9.4098851052060117350350765264010988175869e-01
6.9083306406552280609645322329015471041203e-01
7.0028283839974891922253164011635817587376e-01
8.6372420270932170893729562521912157535553e-01
9.5007159240369665198500115366186946630478e-01
8.2668537948180698116118492180248722434044e-01
5.6286215320658061767034041622537188231945e-01
7.2834146640848751452779197279596701264381e-01
8.2556089361448536934062758518848568201065e-01
7.7064140024756000446615189503063447773457e-01
5.7709067276851211403254637843929231166840e-01
5.6372339349447975198614813052699901163578e-01
1.0000000000000000000000000000000000000000e+00
4.8931916144785492228663770220009610056877e-01
4.8931916144785492228663770220009610056877e-01
6.8691584496090984934824064112035557627678e-01
8.7434605797968178997336963220732286572456e-01
7.2124179631570883852731412844150327146053e-01
1.0000000000000000000000000000000000000000e+00
6.9511394551260508034573604163597337901592e-01
1.0000000000000000000000000000000000000000e+00
9.6540159998239838401445922499988228082657e-01
8.8304396723271860736304006422869861125946e-01
9.5857442804187564799889287314726971089840e-01
6.7677660070086820276458183798240497708321e-01
7.2023073307182050584174248797353357076645e-01
6.8198346460227832199763042808626778423786e-01
6.8198953121315952774494917321135289967060e-01
8.1276914299630964588772030765539966523647e-01
6.6213211596218402021918336686212569475174e-01
1.0000000000000000000000000000000000000000e+00
6.3955641504227078719679866480873897671700e-01
1.0000000000000000000000000000000000000000e+00
1.0000000000000000000000000000000000000000e+00
1.0000000000000000000000000000000000000000e+00
1.0000000000000000000000000000000000000000e+00
1.0000000000000000000000000000000000000000e+00
1.0000000000000000000000000000000000000000e+00
5.1011160339492822579643416247563436627388e-01
6.2271464285262057014591619008569978177547e-01
2.3817718427565481853491746733197942376137e-01
6.8879883097579608364213754612137563526630e-01
4.1538684020401661634025458624819293618202e-01
1.0000000000000000000000000000000000000000e+00
8.9438717304387549411615054850699380040169e-01
5.3810896152318010710047246902831830084324e-01
1.0000000000000000000000000000000000000000e+00
8.5055756260598980311726791114779189229012e-01
1.0000000000000000000000000000000000000000e+00
0.0000000000000000000000000000000000000000e+00
7.4516332732549905859542604957823641598225e-01
8.6117443521647163429122429079143330454826e-01
7.3552214907223600892649528759648092091084e-01
1.0000000000000000000000000000000000000000e+00
9.2837911563748520826777621550718322396278e-01
8.0703732624043489352061442332342267036438e-01
9.2706715166306263853357449988834559917450e-01
7.1506901771050712657284975648508407175541e-01
8.3405644606388096296001322116353549063206e-01
4.1032173463403193158782755745050963014364e-01
7.7064140024755833913161495729582384228706e-01
1.0000000000000000000000000000000000000000e+00
5.0611679573356538330841658535064198076725e-01
5.6344130348442522659979658783413469791412e-01
9.5183571771399788641332406768924556672573e-01
9.1231676760428115358081413432955741882324e-01
7.0840250404356286395568531588651239871979e-01
6.9148924774608588883495485788444057106972e-01
3.6730976521181063487730966699018608778715e-01
6.1016614410804870249904752199654467403889e-01
7.3282472225434003298971674666972830891609e-01
8.5276540653375587641704669294995255768299e-01
6.8780232125052986891233786082011647522449e-01
6.1668806108519680364565829222556203603745e-01
6.6542580240424065163296063474263064563274e-01
7.6829047923571547329402164905332028865814e-01
9.7569017740797403526187281386228278279305e-01
4.7850490132945228127780978866212535649538e-01
5.0540334123809527167026089955470524728298e-01
5.1854406163346244973411103273974731564522e-01
7.7914521518375756681251687041367404162884e-01
6.9967771346990348391159386665094643831253e-01
3.9875605960038540409584584267577156424522e-01
8.6174103718245975702672012630500830709934e-01
6.8780232125052986891233786082011647522449e-01
7.6829047923571547329402164905332028865814e-01
8.8891189966567507596550967718940228223801e-01
7.1121233052852095291029854706721380352974e-01
3.5702256054861059020311131462221965193748e-01
4.2420574686260359431599908930365927517414e-01
0.0000000000000000000000000000000000000000e+00
5.9869167394891609212947969353990629315376e-01
2.4888501341263791211133593606064096093178e-01
0.0000000000000000000000000000000000000000e+00
6.3539800940996660205684065658715553581715e-01
4.4354810309748937680041080966475419700146e-01
3.7229682426434740349918683932628482580185e-01
0.0000000000000000000000000000000000000000e+00
2.3670019614133433472069611980259651318192e-01
4.1538684020401661634025458624819293618202e-01
2.1820117451906784200588163002976216375828e-01
1.8018102233123933775260638867621310055256e-01
9.9499690631474610458262475276569603011012e-02
0.0000000000000000000000000000000000000000e+00
4.8931916144785492228663770220009610056877e-01
6.3955641504227078719679866480873897671700e-01
0.0000000000000000000000000000000000000000e+00
3.6730976521181063487730966699018608778715e-01
3.5702256054861059020311131462221965193748e-01
0.0000000000000000000000000000000000000000e+00
4.2420574686260359431599908930365927517414e-01
0.0000000000000000000000000000000000000000e+00
5.9869167394891609212947969353990629315376e-01
2.4888501341263791211133593606064096093178e-01
0.0000000000000000000000000000000000000000e+00
6.3539800940996660205684065658715553581715e-01
4.4354810309748937680041080966475419700146e-01
3.7229682426434740349918683932628482580185e-01
0.0000000000000000000000000000000000000000e+00
2.3670019614133433472069611980259651318192e-01
4.1538684020401661634025458624819293618202e-01
2.1820117451906784200588163002976216375828e-01
1.8018102233123933775260638867621310055256e-01
9.9499690631474610458262475276569603011012e-02
0.0000000000000000000000000000000000000000e+00
4.8931916144785492228663770220009610056877e-01
6.3955641504227078719679866480873897671700e-01
0.0000000000000000000000000000000000000000e+00
3.6730976521181063487730966699018608778715e-01
3.5702256054861059020311131462221965193748e-01
0.0000000000000000000000000000000000000000e+00
0.0000000000000000000000000000000000000000e+00
4.2420574686260359431599908930365927517414e-01
0.0000000000000000000000000000000000000000e+00
5.9869167394891609212947969353990629315376e-01
2.4888501341263791211133593606064096093178e-01
0.0000000000000000000000000000000000000000e+00
6.3539800940996660205684065658715553581715e-01
4.4354810309748937680041080966475419700146e-01
3.7229682426434740349918683932628482580185e-01
0.0000000000000000000000000000000000000000e+00
2.3670019614133433472069611980259651318192e-01
4.1538684020401661634025458624819293618202e-01
2.1820117451906784200588163002976216375828e-01
1.8018102233123933775260638867621310055256e-01
9.9499690631474610458262475276569603011012e-02
0.0000000000000000000000000000000000000000e+00
4.8931916144785492228663770220009610056877e-01
6.3955641504227078719679866480873897671700e-01
0.0000000000000000000000000000000000000000e+00
3.6730976521181063487730966699018608778715e-01
3.5702256054861059020311131462221965193748e-01
0.0000000000000000000000000000000000000000e+00
0.0000000000000000000000000000000000000000e+00
0.0000000000000000000000000000000000000000e+00
7.6892760986005299628232023678719997406006e+01
5.9978750029554606104653657894232310354710e-01
