1
0
23
8.0844123179066540441084498525015078485012e-01
3.6602747429684562296969829731096979230642e-01
4.6186863387885163101387320239155087620020e-01
8.1552301904228430284859996390878222882748e-01
1.1641591905076451030076611914410023018718e-01
7.6448178376446285220424670114880427718163e-01
7.0660307714975756354647273838054388761520e-01
5.8227999974317723452799100414267741143703e-01
7.7782539681409956777713432529708370566368e-01
6.8385156589363527146474552864674478769302e-01
6.5513351411132669799286531997495330870152e-01
2.9532326743730757945272102915623690932989e-01
7.6448178376446285220424670114880427718163e-01
5.4742026046261471616816152163664810359478e-01
6.7133214108659533536638264195062220096588e-01
6.8778684887389318625139367213705554604530e-01
0.0000000000000000000000000000000000000000e+00
9.6255342085674000518480397659004665911198e-01
6.5901016748137286604958262614673003554344e-01
7.7509998721487916029104781046044081449509e-01
7.5294828275361758151973390340572223067284e-01
1.0000000000000000000000000000000000000000e+00
6.5901016748137286604958262614673003554344e-01
7.9308539807879574468074679316487163305283e-01
7.6585831639968493522729886535671539604664e-01
7.3484760776361934819789212269824929535389e-01
8.2301978541340403694448468741029500961304e-01
1.0000000000000000000000000000000000000000e+00
7.6585831639968660056183580309152603149414e-01
4.3218128337152200701964943618804682046175e-01
6.8880312888119654690655124795739538967609e-01
6.3456254079454643690638704356388188898563e-01
7.1206790208642922745951864271773956716061e-01
6.5485434513671136880219592057983390986919e-01
1.0000000000000000000000000000000000000000e+00
7.5816920495258421919260172217036597430706e-01
6.8071750727850222073556096802349202334881e-01
3.9549246478425137407697320668376050889492e-01
7.1994369874596586544868159762700088322163e-01
9.9243449369682379401780281114042736589909e-01
6.1368064294889823617751289930311031639576e-01
8.1984085245257909413396646414184942841530e-01
9.3531089763876751330684555796324275434017e-01
7.9759663266118163704732069163583219051361e-01
7.3298784013606499421200624055927619338036e-01
5.4069148926776111618863751573371700942516e-01
0.0000000000000000000000000000000000000000e+00
8.3645331259644983834533604749594815075397e-01
8.6944823956766292827325059988652355968952e-01
7.5267679991757685531439392434549517929554e-01
8.4497203333179937700947448320221155881882e-01
6.7495969769049135589256138700875453650951e-01
6.6509096861176442150309640055638737976551e-01
7.5475065623967230177271403590566478669643e-01
7.3173571753414956564398607952171005308628e-01
1.0000000000000000000000000000000000000000e+00
3.8377314921243776968395877702278085052967e-01
7.7605643155549031142470539634814485907555e-01
8.4040214110627398103048335542553104460239e-01
7.6562046629986146850654904483235441148281e-01
9.6878257379997645415414808667264878749847e-01
5.4990934188789020176102440018439665436745e-01
9.6034368950262016806362908027949742972851e-01
9.9217601087311169116844666859833523631096e-01
9.3007694095099624487232858882634900510311e-01
8.1984085245257909413396646414184942841530e-01
5.3111261521920183348299815406790003180504e-01
4.3095115702619085640279195104085374623537e-01
7.6448178376446296322654916366445831954479e-01
5.3851094936014809455571139551466330885887e-01
6.6196962525891922535237199554103426635265e-01
6.7408243164552894555185957869980484247208e-01
1.0000000000000000000000000000000000000000e+00
7.6107812026656596060547599336132407188416e-01
5.4810083259558106671960331368609331548214e-01
6.8192556710650364948378410190343856811523e-01
9.7624480549372161242160927940858528017998e-01
8.4267022911996525280642345023807138204575e-01
1.0000000000000000000000000000000000000000e+00
2.3417148944835777801820597687765257433057e-01
4.9397610578989620266909810197830665856600e-01
7.7843969534146895128401411056984215974808e-01
8.8639541460643522796658544393721967935562e-01
1.0000000000000000000000000000000000000000e+00
1.0000000000000000000000000000000000000000e+00
8.2060414300559580969007811290794052183628e-01
9.4739235594302617649020703538553789258003e-01
7.5786890498148029582381468571838922798634e-01
1.0000000000000000000000000000000000000000e+00
4.4917518251327676059858617918507661670446e-01
6.8214490459565202407077322277473285794258e-01
8.5739458548099523049756953696487471461296e-01
3.0129553673687214931931066530523821711540e-01
6.9165583379179795819879927876172587275505e-01
5.7346082480176463480603388234158046543598e-01
7.8914876649961507304453789402032271027565e-01
7.8914876649961507304453789402032271027565e-01
2.8356639024363489154367812261625658720732e-01
1.0000000000000000000000000000000000000000e+00
7.5514162753617286583107670594472438097000e-01
6.3048979740401800420102063071681186556816e-01
5.8289106914473043374869121180381625890732e-01
5.1490014132463934881656086872681044042110e-01
5.8289106914473054477099367431947030127048e-01
7.3397444395451727494616989133646711707115e-01
7.2130024637720835389842477525235153734684e-01
0.0000000000000000000000000000000000000000e+00
6.6391196988451972593736627459293231368065e-01
8.3100182509819064957667933413176797330379e-01
5.8227999974317723452799100414267741143703e-01
6.5513351411132669799286531997495330870152e-01
6.8516182729849239851915854160324670374393e-01
6.6799251227614386827724501927150413393974e-01
6.4411596066411558325626174337230622768402e-01
5.8224912176837284594199672937975265085697e-01
6.0395226348704400542999337631044909358025e-01
6.8849229327041838732981204884708859026432e-01
1.0000000000000000000000000000000000000000e+00
7.0512556093622946740140378096839413046837e-01
7.2130024637720779878691246267408132553101e-01
8.6578664600105237347804632008774206042290e-01
8.2385764561417555024158687615454255137593e-03
6.1604656972839844097933337252470664680004e-01
9.7123991419283450809984969964716583490372e-01
6.7194258721866673145228787689120508730412e-01
6.8903572340953544994590629357844591140747e-01
8.3064066091731625363081548130139708518982e-01
8.4156429889087336349007273383904248476028e-01
7.7241574287699688028396849404089152812958e-01
5.9475905674629903074901449144817888736725e-01
8.3064066091731403318476623098831623792648e-01
8.3360875731366179675063676768331788480282e-01
7.7241574287699688028396849404089152812958e-01
5.7384661925641222701699462049873545765877e-01
6.0733857053422801719477774895494803786278e-01
1.0000000000000000000000000000000000000000e+00
4.8503999978750950150541143557347822934389e-01
4.8503999978750950150541143557347822934389e-01
6.8902949235672239503003311256179586052895e-01
8.7935417317647734947172466490883380174637e-01
7.8914876649961562815605020659859292209148e-01
1.0000000000000000000000000000000000000000e+00
7.6448178376446573878411072655580937862396e-01
1.0000000000000000000000000000000000000000e+00
8.8312258848149727263887598383007571101189e-01
8.0439358518717674062514788602129556238651e-01
9.3455689093396809852265505469404160976410e-01
7.3159447877353667166744344285689294338226e-01
7.8914876649961229748697633112897165119648e-01
7.1219231565812757267508459335658699274063e-01
6.4043253054819637704042634140932932496071e-01
7.8729452979170988502488626181730069220066e-01
6.4411596066411558325626174337230622768402e-01
8.7935417317647734947172466490883380174637e-01
5.2573238955874057598549597969395108520985e-01
1.0000000000000000000000000000000000000000e+00
1.0000000000000000000000000000000000000000e+00
1.0000000000000000000000000000000000000000e+00
1.0000000000000000000000000000000000000000e+00
1.0000000000000000000000000000000000000000e+00
8.4746535696783631408379733329638838768005e-01
6.9726272623366591929539026750717312097549e-01
6.4532196866710189731008995295269414782524e-01
4.7971515450239599065440643244073726236820e-01
7.6962996356504032036127682658843696117401e-01
5.6807739958456904272310339365503750741482e-01
1.0000000000000000000000000000000000000000e+00
6.8866145142489365582605387317016720771790e-01
3.6848952484325858680591636584722436964512e-01
1.0000000000000000000000000000000000000000e+00
8.4027726417731174457514953246572986245155e-01
1.0000000000000000000000000000000000000000e+00
0.0000000000000000000000000000000000000000e+00
7.7782539681409978982173925032839179039001e-01
7.7878076259970252515074662369443103671074e-01
9.7023875918222912684285574869136326014996e-01
1.0000000000000000000000000000000000000000e+00
9.9662655055312443508341857523191720247269e-01
8.1608037595836424582529389226692728698254e-01
8.3356335007093396161081955142435617744923e-01
8.3356335007093718125759096437832340598106e-01
9.3501780107752219262096105012460611760616e-01
4.6362065115239703416705197014380246400833e-01
7.9573450709538451341984455211786553263664e-01
1.0000000000000000000000000000000000000000e+00
6.0140546632626368239726843967218883335590e-01
5.8337375901358234919769074622308835387230e-01
8.6611309872301966983343390893423929810524e-01
8.8329765515545477505554572417167946696281e-01
7.8125809983579252993024510942632332444191e-01
8.4876834968798153813196449846145696938038e-01
4.3267344441173782865206476344610564410686e-01
6.0755974577797289271074987482279539108276e-01
7.6617196416543131842757929916842840611935e-01
9.0322919200957008101227074803318828344345e-01
7.7782539681411233534191751459729857742786e-01
6.9107860136952015128741777516552247107029e-01
7.2130024637721090741138141311239451169968e-01
8.7107240763907456404524509707698598504066e-01
1.0000000000000000000000000000000000000000e+00
5.3572006036787855887126852394430898129940e-01
6.1809862199674425742301764330477453768253e-01
5.5533043179762431318380322409211657941341e-01
8.4267022911996525280642345023807138204575e-01
7.2130024637720768776461000015842728316784e-01
4.6440666543608627447881076477642636746168e-01
8.4025843123891152952609218118595890700817e-01
8.0059158672747987584017437256989069283009e-01
7.9887714596146985890356972959125414490700e-01
1.0000000000000000000000000000000000000000e+00
7.6968345204476507070978641422698274254799e-01
4.1163192986080060498110810840444173663855e-01
4.6186863387885163101387320239155087620020e-01
1.1641591905076451030076611914410023018718e-01
5.8227999974317723452799100414267741143703e-01
2.9532326743730757945272102915623690932989e-01
0.0000000000000000000000000000000000000000e+00
6.5901016748137286604958262614673003554344e-01
4.3218128337152200701964943618804682046175e-01
3.9549246478425137407697320668376050889492e-01
0.0000000000000000000000000000000000000000e+00
3.8377314921243776968395877702278085052967e-01
4.3095115702619085640279195104085374623537e-01
2.3417148944835777801820597687765257433057e-01
3.0129553673687214931931066530523821711540e-01
0.0000000000000000000000000000000000000000e+00
8.2385764561417555024158687615454255137593e-03
4.8503999978750950150541143557347822934389e-01
5.2573238955874057598549597969395108520985e-01
0.0000000000000000000000000000000000000000e+00
4.3267344441173782865206476344610564410686e-01
4.1163192986080060498110810840444173663855e-01
0.0000000000000000000000000000000000000000e+00
4.6186863387885163101387320239155087620020e-01
1.1641591905076451030076611914410023018718e-01
5.8227999974317723452799100414267741143703e-01
2.9532326743730757945272102915623690932989e-01
0.0000000000000000000000000000000000000000e+00
6.5901016748137286604958262614673003554344e-01
4.3218128337152200701964943618804682046175e-01
3.9549246478425137407697320668376050889492e-01
0.0000000000000000000000000000000000000000e+00
3.8377314921243776968395877702278085052967e-01
4.3095115702619085640279195104085374623537e-01
2.3417148944835777801820597687765257433057e-01
3.0129553673687214931931066530523821711540e-01
0.0000000000000000000000000000000000000000e+00
8.2385764561417555024158687615454255137593e-03
4.8503999978750950150541143557347822934389e-01
5.2573238955874057598549597969395108520985e-01
0.0000000000000000000000000000000000000000e+00
4.3267344441173782865206476344610564410686e-01
4.1163192986080060498110810840444173663855e-01
0.0000000000000000000000000000000000000000e+00
0.0000000000000000000000000000000000000000e+00
4.6186863387885163101387320239155087620020e-01
1.1641591905076451030076611914410023018718e-01
5.8227999974317723452799100414267741143703e-01
2.9532326743730757945272102915623690932989e-01
0.0000000000000000000000000000000000000000e+00
6.5901016748137286604958262614673003554344e-01
4.3218128337152200701964943618804682046175e-01
3.9549246478425137407697320668376050889492e-01
0.0000000000000000000000000000000000000000e+00
3.8377314921243776968395877702278085052967e-01
4.3095115702619085640279195104085374623537e-01
2.3417148944835777801820597687765257433057e-01
3.0129553673687214931931066530523821711540e-01
0.0000000000000000000000000000000000000000e+00
8.2385764561417555024158687615454255137593e-03
4.8503999978750950150541143557347822934389e-01
5.2573238955874057598549597969395108520985e-01
0.0000000000000000000000000000000000000000e+00
4.3267344441173782865206476344610564410686e-01
4.1163192986080060498110810840444173663855e-01
0.0000000000000000000000000000000000000000e+00
0.0000000000000000000000000000000000000000e+00
0.0000000000000000000000000000000000000000e+00
7.5814377182216887263166427146643400192261e+01
7.7536693439318482568012314004590734839439e-01
