1
0
23
8.8863632134761139091949644353007897734642e-01
3.5291053526537574658306084529613144695759e-01
4.4278321009580273726058408101380337029696e-01
9.5288957336826207722424442181363701820374e-01
0.0000000000000000000000000000000000000000e+00
7.1883474814318826240366888669086620211601e-01
6.6793182335470024924006793298758566379547e-01
5.7191352603334510984467442540335468947887e-01
8.8528295298896220177908844561898149549961e-01
6.0193771493818948314924455189611762762070e-01
5.7191352603334510984467442540335468947887e-01
2.5397497986482386878037686983589082956314e-01
7.1181021075376638140852492142585106194019e-01
6.9793971589726833126832161724450998008251e-01
5.7191352603334510984467442540335468947887e-01
7.1054897423473684092698476888472214341164e-01
0.0000000000000000000000000000000000000000e+00
9.5617590331789814594998233587830327451229e-01
6.3213033033719057129928842186927795410156e-01
8.0870464805187314283330124453641474246979e-01
7.9281216736503246078626716553117148578167e-01
1.0000000000000000000000000000000000000000e+00
6.3213033033719057129928842186927795410156e-01
8.6893809631387108893818549404386430978775e-01
6.8250649177766442576853478385601192712784e-01
7.9158034254636500115509534225566312670708e-01
8.4676702243983448248343393061077222228050e-01
7.9150663932735665362372401432367041707039e-01
1.0000000000000000000000000000000000000000e+00
4.0884324325215698481272852404799778014421e-01
6.1443224829713904977523952766205184161663e-01
5.1288572493462969426047948218183591961861e-01
6.5774909264182068735493658095947466790676e-01
7.6660184530098751665150302869733422994614e-01
1.0000000000000000000000000000000000000000e+00
6.7996563332055870443326739405165426433086e-01
6.4465767055586886691287418216234073042870e-01
3.6875866177528127121121315212803892791271e-01
6.1664015627420720733198322704993188381195e-01
9.1609291493315780918749169359216466546059e-01
5.8377454375824022747565322788432240486145e-01
6.5669628380191369387830491177737712860107e-01
1.0000000000000000000000000000000000000000e+00
9.6642451035331966568975303744082339107990e-01
6.7221903880213496051965194055810570716858e-01
4.9992828053397231347076967722387053072453e-01
0.0000000000000000000000000000000000000000e+00
7.1227053577718091315063020374509505927563e-01
8.3199225172230972802367432450409978628159e-01
7.9468737762050678519187840720405802130699e-01
8.7600103015500496717038458882598206400871e-01
6.0011758715808238839883870241465047001839e-01
6.6747207385809936841525313866441138088703e-01
6.1116146553162065124809032568009570240974e-01
6.8073074371956499017954911323613487184048e-01
1.0000000000000000000000000000000000000000e+00
2.2469080270874045024420695426670135930181e-01
7.1652814654992236231834112913929857313633e-01
8.7250772532094245104161700510303489863873e-01
6.1789817033977556537394093538750894367695e-01
8.0928469189204454981023673099116422235966e-01
5.4819680697834516358568635041592642664909e-01
9.6028211585423706164732493562041781842709e-01
9.2674097387679443826868919131811708211899e-01
9.3672379484277457084573370593716390430927e-01
8.9829037211532747342346283403458073735237e-01
4.2969201843530718809560653426160570234060e-01
4.2535900186678204937251734918390866369009e-01
7.1060847741059718352119034534553065896034e-01
5.9976882951362231466418961645103991031647e-01
6.4241925794061338628182511456543579697609e-01
6.0528217139784967759652545282733626663685e-01
1.0000000000000000000000000000000000000000e+00
1.0000000000000000000000000000000000000000e+00
5.5485722355894628865513595883385278284550e-01
7.2410099121941240429833896996569819748402e-01
1.0000000000000000000000000000000000000000e+00
8.3385764035897291801546771239372901618481e-01
9.1727175150374740120184924307977780699730e-01
2.5836030538457221972237221052637323737144e-01
4.9529527733045669579681202776555437594652e-01
7.1886841507250109906124180270126089453697e-01
6.3557534936555559745841037511127069592476e-01
8.7981988003594580050048534758388996124268e-01
1.0000000000000000000000000000000000000000e+00
9.8763468902176532182579649088438600301743e-01
1.0000000000000000000000000000000000000000e+00
6.4730062003227106792735412454931065440178e-01
1.0000000000000000000000000000000000000000e+00
4.3009918838627619885883746064791921526194e-01
6.1533204765252846879519665890256874263287e-01
7.6661542465333742946143047447549179196358e-01
1.6946431816060864017359222088998649269342e-01
4.6536193556555544015296277393645141273737e-01
5.8094054424643215561729903129162266850471e-01
6.9241421154859938980052902479656040668488e-01
1.0000000000000000000000000000000000000000e+00
2.7764921359391819821738067730620969086885e-01
8.5994106334692843596201328182360157370567e-01
6.8250649177766342656781262121512554585934e-01
5.2232736464100704143476150420610792934895e-01
5.9547004429338934450299802847439423203468e-01
4.2969201843530718809560653426160570234060e-01
5.9547004429339067677062757866224274039268e-01
7.6514430343522987776339050469687208533287e-01
6.3646179579525474778733951097819954156876e-01
1.1632106374219348954301977983050164766610e-01
7.1011137115012157305926621120306663215160e-01
5.7864239061887878801115903115714900195599e-01
5.7191352603334510984467442540335468947887e-01
5.9814857039482161038534968611202202737331e-01
6.0540890887746656723322757898131385445595e-01
6.3213033033719057129928842186927795410156e-01
6.6808174092167293967037267066189087927341e-01
5.4123632311244429526908561456366442143917e-01
5.2859413103549046653029108711052685976028e-01
6.4305668313825925519466863988782279193401e-01
1.0000000000000000000000000000000000000000e+00
6.4305668313825870008315632730955258011818e-01
7.0125784543700997453186118946177884936333e-01
7.8777799207229004530006477580172941088676e-01
0.0000000000000000000000000000000000000000e+00
5.8783890286967355187641715019708499312401e-01
9.4819245067980273411478719935985282063484e-01
6.7205901696198722117259194419602863490582e-01
6.7418696203931594013170069956686347723007e-01
8.2165039161343278450999605411197990179062e-01
1.0000000000000000000000000000000000000000e+00
7.9747477770956409770519712765235453844070e-01
5.4395333211383911642400335040292702615261e-01
6.3230674203931958032853799522854387760162e-01
8.4119098262804048449226002048817463219166e-01
7.9747477770956409770519712765235453844070e-01
5.9492962161286777611479692495777271687984e-01
4.9452763324910525843947084467799868434668e-01
1.0000000000000000000000000000000000000000e+00
4.8214833103388188284554871643194928765297e-01
4.8214833103388188284554871643194928765297e-01
6.5033181171446219348553086092579178512096e-01
9.2065626690362234452180700827739201486111e-01
6.9241421154860705033939893837668932974339e-01
1.0000000000000000000000000000000000000000e+00
6.9413653995335777846520386447082273662090e-01
1.0000000000000000000000000000000000000000e+00
1.0000000000000000000000000000000000000000e+00
8.6784649530236723791176700615324079990387e-01
1.0000000000000000000000000000000000000000e+00
6.7696676181198767174862496176501736044884e-01
7.0232721387501173548884025876759551465511e-01
6.9833642511491667015377515781437978148460e-01
6.8098462836281581367359194700838997960091e-01
7.9917110112493316975701418414246290922165e-01
7.0232721387501173548884025876759551465511e-01
9.9660850203198347863065009732963517308235e-01
6.4402148201540276861720712986425496637821e-01
9.7419251942772178143314931730856187641621e-01
1.0000000000000000000000000000000000000000e+00
1.0000000000000000000000000000000000000000e+00
1.0000000000000000000000000000000000000000e+00
1.0000000000000000000000000000000000000000e+00
1.0000000000000000000000000000000000000000e+00
4.6013107892413052102398296483443118631840e-01
6.2109962573959087706043646903708577156067e-01
2.1339442298316124713153385528130456805229e-01
5.4338051628953398797250429197447374463081e-01
4.5084889838125208338937000007717870175838e-01
1.0000000000000000000000000000000000000000e+00
1.0000000000000000000000000000000000000000e+00
5.3438832370267852489575943764066323637962e-01
1.0000000000000000000000000000000000000000e+00
8.7237283776740626173307191493222489953041e-01
1.0000000000000000000000000000000000000000e+00
0.0000000000000000000000000000000000000000e+00
7.2852596773699007659530479941167868673801e-01
8.6869096470686990585363673744723200798035e-01
6.8905132982319572398921536660054698586464e-01
1.0000000000000000000000000000000000000000e+00
9.2371075018361703534708340157521888613701e-01
7.7080691493558162186161553108831867575645e-01
9.7715239194037672998405241742148064076900e-01
6.9431261121831744365096028559491969645023e-01
8.8378226965256767577727714524371549487114e-01
3.8144981984471471037068113218992948532104e-01
7.3981254684707431490409135221852920949459e-01
1.0000000000000000000000000000000000000000e+00
4.9745444195751603588817602030758280307055e-01
6.0865737368205596879988661385141313076019e-01
9.1671993166376619655011381837539374828339e-01
8.8378226965256678759885744511848315596581e-01
6.9552990594110553068674107635160908102989e-01
7.0582107053075660019203496631234884262085e-01
3.4267762617798813717939765410847030580044e-01
6.1165697745517388916880463511915877461433e-01
7.5426395214677677270032063461258076131344e-01
8.8054716880923644684031614815467037260532e-01
7.3177888236329113880174190853722393512726e-01
6.0944881152955543424099005278549157083035e-01
6.5915709229524466206129318379680626094341e-01
7.6393109901174305331750247205491177737713e-01
9.1533604459514017470667113229865208268166e-01
4.7278886905514999616784166391880717128515e-01
5.3253347219736868467521162529010325670242e-01
5.2981277289157979737410641973838210105896e-01
7.9544196449711046525976598786655813455582e-01
7.0125784543700997453186118946177884936333e-01
3.9255115758753883481446678160864394158125e-01
9.3270174531732430445174486521864309906960e-01
6.3453361239272887406315248881583102047443e-01
7.4759462427135681128476107915048487484455e-01
9.1597714283547737590396309315110556781292e-01
7.2859824445537590964505625379388220608234e-01
3.4950307203204233896798314162879250943661e-01
4.4278321009580273726058408101380337029696e-01
0.0000000000000000000000000000000000000000e+00
5.7191352603334510984467442540335468947887e-01
2.5397497986482386878037686983589082956314e-01
0.0000000000000000000000000000000000000000e+00
6.3213033033719057129928842186927795410156e-01
4.0884324325215698481272852404799778014421e-01
3.6875866177528127121121315212803892791271e-01
0.0000000000000000000000000000000000000000e+00
2.2469080270874045024420695426670135930181e-01
4.2535900186678204937251734918390866369009e-01
2.5836030538457221972237221052637323737144e-01
1.6946431816060864017359222088998649269342e-01
1.1632106374219348954301977983050164766610e-01
0.0000000000000000000000000000000000000000e+00
4.8214833103388188284554871643194928765297e-01
6.4402148201540276861720712986425496637821e-01
0.0000000000000000000000000000000000000000e+00
3.4267762617798813717939765410847030580044e-01
3.4950307203204233896798314162879250943661e-01
0.0000000000000000000000000000000000000000e+00
4.4278321009580273726058408101380337029696e-01
0.0000000000000000000000000000000000000000e+00
5.7191352603334510984467442540335468947887e-01
2.5397497986482386878037686983589082956314e-01
0.0000000000000000000000000000000000000000e+00
6.3213033033719057129928842186927795410156e-01
4.0884324325215698481272852404799778014421e-01
3.6875866177528127121121315212803892791271e-01
0.0000000000000000000000000000000000000000e+00
2.2469080270874045024420695426670135930181e-01
4.2535900186678204937251734918390866369009e-01
2.5836030538457221972237221052637323737144e-01
1.6946431816060864017359222088998649269342e-01
1.1632106374219348954301977983050164766610e-01
0.0000000000000000000000000000000000000000e+00
4.8214833103388188284554871643194928765297e-01
6.4402148201540276861720712986425496637821e-01
0.0000000000000000000000000000000000000000e+00
3.4267762617798813717939765410847030580044e-01
3.4950307203204233896798314162879250943661e-01
0.0000000000000000000000000000000000000000e+00
0.0000000000000000000000000000000000000000e+00
4.4278321009580273726058408101380337029696e-01
0.0000000000000000000000000000000000000000e+00
5.7191352603334510984467442540335468947887e-01
2.5397497986482386878037686983589082956314e-01
0.0000000000000000000000000000000000000000e+00
6.3213033033719057129928842186927795410156e-01
4.0884324325215698481272852404799778014421e-01
3.6875866177528127121121315212803892791271e-01
0.0000000000000000000000000000000000000000e+00
2.2469080270874045024420695426670135930181e-01
4.2535900186678204937251734918390866369009e-01
2.5836030538457221972237221052637323737144e-01
1.6946431816060864017359222088998649269342e-01
1.1632106374219348954301977983050164766610e-01
0.0000000000000000000000000000000000000000e+00
4.8214833103388188284554871643194928765297e-01
6.4402148201540276861720712986425496637821e-01
0.0000000000000000000000000000000000000000e+00
3.4267762617798813717939765410847030580044e-01
3.4950307203204233896798314162879250943661e-01
0.0000000000000000000000000000000000000000e+00
0.0000000000000000000000000000000000000000e+00
0.0000000000000000000000000000000000000000e+00
7.4106896518918077276794065255671739578247e+01
5.6172871267943336182071334405918605625629e-01
