1
0
23
7.2566463250821455766015333210816606879234e-01
3.9858739642638107980587847123388200998306e-01
5.0957730537677303761512348501128144562244e-01
8.5818613369343854646587033130344934761524e-01
3.0882071773671193604116069764131680130959e-01
8.0485303596240154178076409152708947658539e-01
8.2043742394862739786276506492868065834045e-01
4.5294876139559880900975485928938724100590e-01
9.0385546766895885628656515109469182789326e-01
7.0141197328660087606522210990078747272491e-01
7.3545380712959063096434420003788545727730e-01
3.3955618306811724549376663162547629326582e-01
8.3283542517817432671023425427847541868687e-01
7.8420790119195404876961674744961783289909e-01
6.7082111941513422603833305402076803147793e-01
8.9891523873600753802293183980509638786316e-01
0.0000000000000000000000000000000000000000e+00
9.8318110406489267472096571509609930217266e-01
7.2613344629803766583364676989731378853321e-01
7.8465214894980483961717254715040326118469e-01
7.8089533115041764865793538774596527218819e-01
1.0000000000000000000000000000000000000000e+00
6.2414892085328987914039089446305297315121e-01
8.0368351792639658448536010837415233254433e-01
7.2626666361580261010999493009876459836960e-01
7.5040338530759953528104233555495738983154e-01
7.5807306775314065028226195863680914044380e-01
1.0000000000000000000000000000000000000000e+00
7.3427960404288150630947029640083201229572e-01
4.0752014307246675617335540664498694241047e-01
7.5078952088979844514682326916954480111599e-01
7.8961191946702780075639793722075410187244e-01
7.8465214894980139792579620916512794792652e-01
7.7195290547833628203022726665949448943138e-01
9.1142810563407694601778530341107398271561e-01
8.4316385976902818999434430224937386810780e-01
7.8465214894980850335315381016698665916920e-01
3.6232240819798755548930557779385708272457e-01
7.9713838549278925871277579062734730541706e-01
8.9303336389466525524483131448505446314812e-01
7.2360440074915466368565830634906888008118e-01
8.6356257774202827004472737826290540397167e-01
1.0000000000000000000000000000000000000000e+00
6.2414892085328987914039089446305297315121e-01
7.2997879624488670735615869489265605807304e-01
7.5048869179998023426492181897629052400589e-01
0.0000000000000000000000000000000000000000e+00
8.0485303596240154178076409152708947658539e-01
9.6426628026222849232595990542904473841190e-01
8.3645959754929077867302567028673365712166e-01
9.2215520443414411566607213899260386824608e-01
8.9671307942566658155669756524730473756790e-01
7.7037330847898144448038237896980717778206e-01
8.1473618355597221540875807477277703583241e-01
7.8961191946702535826574376187636516988277e-01
1.0000000000000000000000000000000000000000e+00
4.1419855985681020005273467177175916731358e-01
8.2069136527866559660537859599571675062180e-01
9.4058353147370787894487875746563076972961e-01
8.7317368677938322907294832475599832832813e-01
8.7400550503897633802807831671088933944702e-01
6.8634913273269637645768170841620303690434e-01
1.0000000000000000000000000000000000000000e+00
1.0000000000000000000000000000000000000000e+00
9.3489202111181590737487567821517586708069e-01
8.7380101142359734023301598426769487559795e-01
6.4411873576492517656788550084456801414490e-01
5.1324309786672417388331268739420920610428e-01
8.0485303596240365120451087932451628148556e-01
5.5522771640045054386547462854650802910328e-01
7.4091292350398207933181993212201632559299e-01
7.6556321351700906685522340922034345567226e-01
1.0000000000000000000000000000000000000000e+00
7.3427960404288139528716783388517796993256e-01
6.3525969622510858325625804354785941541195e-01
7.7195290547833494976259771647164598107338e-01
8.5555884096086021184390801863628439605236e-01
9.0661454304192212738655598514014855027199e-01
9.2233911413305469384482648820267058908939e-01
3.1568077917208070548582554692984558641911e-01
6.8141044182231802484039917544578202068806e-01
8.6640919264046667436218740476761013269424e-01
1.0000000000000000000000000000000000000000e+00
1.0000000000000000000000000000000000000000e+00
7.7805507700038656349050825156155042350292e-01
9.4958420377407537493752442969707772135735e-01
1.0000000000000000000000000000000000000000e+00
8.4546003370897970796704612439498305320740e-01
1.0000000000000000000000000000000000000000e+00
4.9622425873861825129651492716220673173666e-01
7.3082508199427165251904625620227307081223e-01
7.7707952480020137109306688216747716069221e-01
4.9622425873861825129651492716220673173666e-01
7.7109468770705402729248589821509085595608e-01
7.5840622804324986372392913835938088595867e-01
8.2126627031200849504699590397649444639683e-01
8.5669099208234700260078398059704340994358e-01
4.6684156302142620909023662534309551119804e-01
1.0000000000000000000000000000000000000000e+00
8.8920338842114410304873217683052644133568e-01
7.2333522385534021470476773174596019089222e-01
6.8550284698331143129479414710658602416515e-01
6.6299922457186455382327494589844718575478e-01
6.8550284698331176436170153465354815125465e-01
9.8270552194093774289740395033732056617737e-01
7.8319026702029914677183342064381577074528e-01
1.7226801265905655746735192224150523543358e-01
7.5078952088979655776768140640342608094215e-01
8.8781474552705685887588060722919180989265e-01
6.9466701488903614958303478488232940435410e-01
7.4108237714098579296262414572993293404579e-01
7.0331572261919683697328764537815004587173e-01
7.0295269152788475430782000330509617924690e-01
7.3427960404288150630947029640083201229572e-01
6.9466701488903370709238060953794047236443e-01
8.5555884096086043388851294366759248077869e-01
7.8660727927010565263543639957788400352001e-01
9.0431650001379049186311931407544761896133e-01
7.8660727927010920534911520007881335914135e-01
9.0974823032585738769029148897971026599407e-01
9.2580291982415885421175971714546903967857e-01
1.5015833639216424888473966348101384937763e-01
6.8141044182231802484039917544578202068806e-01
8.1470217232111674654504440695745870471001e-01
7.3543627371473063725204610818764194846153e-01
7.1772019379546680983850137636181898415089e-01
8.1156024560766260034228025688207708299160e-01
8.5374538082136108840813903952948749065399e-01
7.5807306775313554325634868291672319173813e-01
6.9951992801439122349194121852633543312550e-01
8.9455483486532705317273439504788257181644e-01
8.1856944364119155199688293578219600021839e-01
8.7655946254603112066661196877248585224152e-01
7.0323520692772534257386496392427943646908e-01
7.3082508199427165251904625620227307081223e-01
9.5354251812124157794414713862352073192596e-01
6.4043592919853364886506597031257115304470e-01
5.4146753910109501894964978419011458754539e-01
7.5577885899358099308642522373702377080917e-01
9.0532545338348635599601266221725381910801e-01
7.3545380712959063096434420003788545727730e-01
9.3196842607253083112794911357923410832882e-01
8.2241334968065060717634651155094616115093e-01
9.0794807842499325456486758412211202085018e-01
8.6356489608307729355374249280430376529694e-01
7.8961191946702946609093487495556473731995e-01
9.3024389826038300643773482079268433153629e-01
7.8637146787222822474916483770357444882393e-01
8.7380101142360522281649082287913188338280e-01
7.8637146787223066723981901304796338081360e-01
7.3077042204378417356025465778657235205173e-01
7.8432344028912293065758376542362384498119e-01
7.5577885899358066001951783619006164371967e-01
7.5807306775313554325634868291672319173813e-01
5.2595851137679472397934432592592202126980e-01
1.0000000000000000000000000000000000000000e+00
8.7502735660361274927510066845570690929890e-01
8.7964769895782024544672594856820069253445e-01
8.2946627588969878974722860220936127007008e-01
1.0000000000000000000000000000000000000000e+00
7.1263049061426275709862920848536305129528e-01
7.0442037980938787544715751209878362715244e-01
6.4519913663361283528985268276301212608814e-01
6.3546120079778856126750952171278186142445e-01
7.7323815934313544495637415820965543389320e-01
6.9032129725720137169986401204369030892849e-01
7.7913348124253911652914439400774426758289e-01
8.8186056752128649804944870993494987487793e-01
5.7067612534994271999977399900672025978565e-01
7.8660727927011164783976937542320229113102e-01
8.0141770559413760821598771144635975360870e-01
1.0000000000000000000000000000000000000000e+00
0.0000000000000000000000000000000000000000e+00
9.6978509078666308429461651030578650534153e-01
8.3376557393156047748306036737631075084209e-01
9.3475243547833541946090463170548900961876e-01
9.7445814766626459579867969296174123883247e-01
8.3057528701742844301492141312337480485439e-01
8.5629567030530084892347986169625073671341e-01
8.6841780920843480995330310179269872605801e-01
9.2892234351580016404881234848289750516415e-01
7.7264673725802124337747045501600950956345e-01
6.6299922457186455382327494589844718575478e-01
8.6841780920842548407989625047775916755199e-01
8.2400695750300156916523519612383097410202e-01
7.1658059124397333050637826090678572654724e-01
6.5408834477474120383533318090485408902168e-01
8.8608464197904224235458059411030262708664e-01
8.8745227166599205403940686665009707212448e-01
8.2241334968064727650727263608132489025593e-01
8.6841780920842082114319282482028938829899e-01
4.7130274628611984466530770987446885555983e-01
7.3868314576788163261511499513289891183376e-01
9.2218527114645076903087783648516051471233e-01
1.0000000000000000000000000000000000000000e+00
9.7201938450868774488355938956374302506447e-01
8.2241334968065060717634651155094616115093e-01
8.4843263404744240219201856234576553106308e-01
8.9733409081201875867606077008531428873539e-01
1.0000000000000000000000000000000000000000e+00
6.2024247462835679911563602217938750982285e-01
6.0731267810454447886314710558508522808552e-01
6.8083786595708206679233853719779290258884e-01
9.0661454304192212738655598514014855027199e-01
7.0066150152835882103374842699849978089333e-01
6.8550284698330909982644243427785113453865e-01
8.3562792095829507843518513254821300506592e-01
8.3723285401265945537829793465789407491684e-01
8.0796773145398670390449069600435905158520e-01
7.5603758562760081662901257004705257713795e-01
8.2372844379030341066538767336169257760048e-01
5.2607851697438301474818445058190263807774e-01
5.0957730537677303761512348501128144562244e-01
3.0882071773671193604116069764131680130959e-01
4.5294876139559880900975485928938724100590e-01
3.3955618306811724549376663162547629326582e-01
0.0000000000000000000000000000000000000000e+00
6.2414892085328987914039089446305297315121e-01
4.0752014307246675617335540664498694241047e-01
3.6232240819798755548930557779385708272457e-01
0.0000000000000000000000000000000000000000e+00
4.1419855985681020005273467177175916731358e-01
5.1324309786672417388331268739420920610428e-01
3.1568077917208070548582554692984558641911e-01
4.9622425873861825129651492716220673173666e-01
1.7226801265905655746735192224150523543358e-01
1.5015833639216424888473966348101384937763e-01
5.4146753910109501894964978419011458754539e-01
5.2595851137679472397934432592592202126980e-01
0.0000000000000000000000000000000000000000e+00
4.7130274628611984466530770987446885555983e-01
5.2607851697438301474818445058190263807774e-01
0.0000000000000000000000000000000000000000e+00
5.0957730537677303761512348501128144562244e-01
3.0882071773671193604116069764131680130959e-01
4.5294876139559880900975485928938724100590e-01
3.3955618306811724549376663162547629326582e-01
0.0000000000000000000000000000000000000000e+00
6.2414892085328987914039089446305297315121e-01
4.0752014307246675617335540664498694241047e-01
3.6232240819798755548930557779385708272457e-01
0.0000000000000000000000000000000000000000e+00
4.1419855985681020005273467177175916731358e-01
5.1324309786672417388331268739420920610428e-01
3.1568077917208070548582554692984558641911e-01
4.9622425873861825129651492716220673173666e-01
1.7226801265905655746735192224150523543358e-01
1.5015833639216424888473966348101384937763e-01
5.4146753910109501894964978419011458754539e-01
5.2595851137679472397934432592592202126980e-01
0.0000000000000000000000000000000000000000e+00
4.7130274628611984466530770987446885555983e-01
5.2607851697438301474818445058190263807774e-01
0.0000000000000000000000000000000000000000e+00
0.0000000000000000000000000000000000000000e+00
5.0957730537677303761512348501128144562244e-01
3.0882071773671193604116069764131680130959e-01
4.5294876139559880900975485928938724100590e-01
3.3955618306811724549376663162547629326582e-01
0.0000000000000000000000000000000000000000e+00
6.2414892085328987914039089446305297315121e-01
4.0752014307246675617335540664498694241047e-01
3.6232240819798755548930557779385708272457e-01
0.0000000000000000000000000000000000000000e+00
4.1419855985681020005273467177175916731358e-01
5.1324309786672417388331268739420920610428e-01
3.1568077917208070548582554692984558641911e-01
4.9622425873861825129651492716220673173666e-01
1.7226801265905655746735192224150523543358e-01
1.5015833639216424888473966348101384937763e-01
5.4146753910109501894964978419011458754539e-01
5.2595851137679472397934432592592202126980e-01
0.0000000000000000000000000000000000000000e+00
4.7130274628611984466530770987446885555983e-01
5.2607851697438301474818445058190263807774e-01
0.0000000000000000000000000000000000000000e+00
0.0000000000000000000000000000000000000000e+00
0.0000000000000000000000000000000000000000e+00
8.0390729799925779275326931383460760116577e+01
1.5303628580956853966199560090899467468262e+00
