1
0
23
8.7184819096466181775895165628753602504730e-01
3.4707778935535943398704716855718288570642e-01
4.3457011239462567386837577032565604895353e-01
8.6190465089658907515968166990205645561218e-01
2.7406206391776134767557238092194893397391e-02
6.9719012435109239955721704973257146775723e-01
6.0326386458805558721252282339264638721943e-01
5.8810535004859876284655229028430767357349e-01
8.0988739058322223307584408757975324988365e-01
6.3091055438124155063661646636319346725941e-01
6.1105116604451359396676934920833446085453e-01
2.7480377209122353043824205087730661034584e-01
7.4083241046604186852420070863445289433002e-01
6.3945417455718378541007496096426621079445e-01
5.8810535004859876284655229028430767357349e-01
6.4386081167629971577781589076039381325245e-01
0.0000000000000000000000000000000000000000e+00
9.6487298672214993899842738755978643894196e-01
6.5183624544008778034509532517404295504093e-01
7.6852504582616099071401549736037850379944e-01
7.9567023185260965512100028718123212456703e-01
1.0000000000000000000000000000000000000000e+00
6.5183624544008778034509532517404295504093e-01
8.2590878400225009592361402610549703240395e-01
6.7937640342396243831046831473940983414650e-01
7.7258402739180942475627489329781383275986e-01
8.5960833055817209569227088650222867727280e-01
9.0716026650436087930273743040743283927441e-01
9.1912651795746336258474684655084274709225e-01
4.3584777215995756938227145838027354329824e-01
6.0063771806919341589292571370606310665607e-01
5.4700787054851829349644276589970104396343e-01
6.1877425264373908664339296592515893280506e-01
6.5282006410863502310348849277943372726440e-01
9.6332124891250137110887408198323100805283e-01
6.5183624544008778034509532517404295504093e-01
6.1677815148709647097291508544003590941429e-01
3.5478699058005219724165613115474116057158e-01
6.4152015109380366997271494255983270704746e-01
9.7922018707538471815610137127805501222610e-01
5.9806965877178275281522701334324665367603e-01
8.1997672697359791360582903507747687399387e-01
1.0000000000000000000000000000000000000000e+00
9.7610434218221087121492018923163414001465e-01
6.7711583538934705384093604152440093457699e-01
5.0601262016728487669325886599835939705372e-01
0.0000000000000000000000000000000000000000e+00
7.3089706175827073852957482813508249819279e-01
7.8620171021212170714420608419459313154221e-01
7.4588173083322895084990022951387800276279e-01
9.1362003205921415993628897922462783753872e-01
6.5560577032150912923924579445156268775463e-01
6.5183624544008778034509532517404295504093e-01
6.0729376781056254586133036355022341012955e-01
6.5282006410863502310348849277943372726440e-01
1.0000000000000000000000000000000000000000e+00
2.7456867469220702648868837059126235544682e-01
7.3294990647282831641717848469852469861507e-01
7.9452258399823783019400025295908562839031e-01
7.0864106815701122243922327470500022172928e-01
9.3670628811779188538366724969819188117981e-01
5.1937717461000676433258149700122885406017e-01
1.0000000000000000000000000000000000000000e+00
9.2851706557674928976808814695687033236027e-01
9.4326681326903361046731788519537076354027e-01
7.9490145467464079498398632495081983506680e-01
4.3737187077522260425510580716945696622133e-01
3.8081511477783658303764013908221386373043e-01
7.3937745203122817727603433013428002595901e-01
5.2114825522695418236196474026655778288841e-01
6.6453589117476474790180418494855985045433e-01
6.5282006410862736256461857919930480420589e-01
1.0000000000000000000000000000000000000000e+00
9.4526085360130884804874540350283496081829e-01
5.3550767307849755916038247960386797785759e-01
6.8287514012344086022920919276657514274120e-01
1.0000000000000000000000000000000000000000e+00
8.0622246901895677773097759200027212500572e-01
9.3461483093489317042212860542349517345428e-01
2.0465449350092310143445217818225501105189e-01
4.9034941915434698822551240482425782829523e-01
7.1924472278524798074528234792524017393589e-01
7.0950104339140640519190128543414175510406e-01
9.4969543342102658023407002474414184689522e-01
1.0000000000000000000000000000000000000000e+00
8.4508912101351540968607878312468528747559e-01
9.8608076975199676628136558065307326614857e-01
6.2501022887748269862839833876932971179485e-01
1.0000000000000000000000000000000000000000e+00
4.0424367948231393343760942116205114871264e-01
6.2450301259432705602847590853343717753887e-01
7.3584096608720894749922081246040761470795e-01
1.6847598679054784365227703801792813464999e-01
5.8221744546871945225063882389804348349571e-01
5.1108430323963527364128367480589076876640e-01
7.0681504830382846371605864987941458821297e-01
1.0000000000000000000000000000000000000000e+00
2.5774596460563203859095438019721768796444e-01
9.8443401556308784972060266227344982326031e-01
6.7686901290669709840841505865682847797871e-01
5.4845647029656197091185276804026216268539e-01
5.8624091266445876868829145678319036960602e-01
4.0820377009233765885909406279097311198711e-01
5.8624091266444411374436640471685677766800e-01
6.9865051925273036204089294187724590301514e-01
6.2501022887748702849819437687983736395836e-01
4.5875187444486174859203941878149635158479e-02
6.9122762633461831693892918337951414287090e-01
7.1193234208690181485934544980409555137157e-01
5.8810535004859876284655229028430767357349e-01
6.0525712065389369875845204660436138510704e-01
6.3107519382597410118052039251779206097126e-01
7.0574912303315251449475908884778618812561e-01
6.1677815148709624892831016040872782468796e-01
5.2866612720547290216188685008091852068901e-01
5.5545240873896206679205533873755484819412e-01
6.4857837256272932169309797245659865438938e-01
1.0000000000000000000000000000000000000000e+00
6.1677815148709391745995844757999293506145e-01
7.0993005473068926391988497925922274589539e-01
7.8070750382899334329778184837778098881245e-01
0.0000000000000000000000000000000000000000e+00
5.9385145966723995591962648177286610007286e-01
9.7023284491854377975528223032597452402115e-01
6.6453589117476474790180418494855985045433e-01
6.8590849827173527852863799125771038234234e-01
9.0529545473047301484825766237918287515640e-01
9.9511199296218566523464232886908575892448e-01
7.9887701769423735687070120548014529049397e-01
5.6862538786385996569805456601898185908794e-01
7.9492255600412553562250650429632514715195e-01
8.0951690222782857198069450532784685492516e-01
7.7380174539528023824885849535348825156689e-01
5.6993196644254029425979979350813664495945e-01
5.6611618531446294966258392378222197294235e-01
1.0000000000000000000000000000000000000000e+00
4.8951951949687394494148406920430716127157e-01
4.8951951949687394494148406920430716127157e-01
6.6924238204356190085064781669643707573414e-01
7.9536359567979331153253497177502140402794e-01
7.0681504830383323767506453805253840982914e-01
1.0000000000000000000000000000000000000000e+00
7.2628221565735584519529766112100332975388e-01
1.0000000000000000000000000000000000000000e+00
9.2102337389976218773313121346291154623032e-01
8.4325481885516739843922096042660996317863e-01
9.7781092128757152170948074854095466434956e-01
6.7597197945180131917197741131531074643135e-01
7.0616393529117937877259691958897747099400e-01
6.7877350715597162267300745952525176107883e-01
6.4005468175677093789488480979343876242638e-01
7.8082551514056564023746886959997937083244e-01
6.1677815148710890547079088719328865408897e-01
9.5927343729697667207290123769780620932579e-01
5.6639413210167643963899308801046572625637e-01
1.0000000000000000000000000000000000000000e+00
1.0000000000000000000000000000000000000000e+00
1.0000000000000000000000000000000000000000e+00
1.0000000000000000000000000000000000000000e+00
1.0000000000000000000000000000000000000000e+00
1.0000000000000000000000000000000000000000e+00
5.4887005398276245138333706563571467995644e-01
6.5402437143392222473892161360708996653557e-01
3.1787113444643910753484306042082607746124e-01
7.1355993514264670629643205757020041346550e-01
4.6145152785335802336774690957099664956331e-01
1.0000000000000000000000000000000000000000e+00
7.3518358215636414598748160642571747303009e-01
4.6149564546381960372656294566695578396320e-01
1.0000000000000000000000000000000000000000e+00
8.2608615744772551092722778776078484952450e-01
1.0000000000000000000000000000000000000000e+00
0.0000000000000000000000000000000000000000e+00
7.6282155244729055176833298901328817009926e-01
8.2224475271599972714398063544649630784988e-01
7.8986654900566255488314482136047445237637e-01
1.0000000000000000000000000000000000000000e+00
8.3774012342827663957223194302059710025787e-01
8.4342797154028048556284602454979903995991e-01
9.2102337389977639858784641546662896871567e-01
7.1602515150651013797755695122759789228439e-01
8.5906988687446683705672967334976419806480e-01
4.0413345384399340654013599305471871048212e-01
7.8025677259578840594400617192150093615055e-01
9.7153579031986625480499242257792502641678e-01
4.6447462102080994128527891007252037525177e-01
5.4845647029655786308666165496106259524822e-01
9.2106646503462419328656096695340238511562e-01
8.7886987152559770120063831200241111218929e-01
6.9690338044797983663158902345458045601845e-01
7.3259493522085283867539828861481510102749e-01
3.9027513551582299067277403992193285375834e-01
6.1001241098043978983156421236344613134861e-01
7.1193234208690181485934544980409555137157e-01
8.3809089458714769449443338089622557163239e-01
7.1843068570200474542986057713278569281101e-01
6.3107519382597432322512531754910014569759e-01
6.7891829487712618274031228793319314718246e-01
7.3924045535194637945863860295503400266171e-01
9.2328029826143931391158048427314497530460e-01
4.8113598087853576279471212728822138160467e-01
4.8060449302461538678699071169830858707428e-01
4.9497268456579551765273095043085049837828e-01
7.8329676493485966837226897041546180844307e-01
7.0241011530104313642652869020821526646614e-01
3.5726889129479594275906606526405084878206e-01
8.2165287555827548615638988849241286516190e-01
7.2037875548559260341363597035524435341358e-01
7.4943229833665392369823621265823021531105e-01
9.4284757291232945686232369553181342780590e-01
6.9690338044798116889921857364242896437645e-01
3.2220837293551990443418731047131586819887e-01
4.3457011239462567386837577032565604895353e-01
2.7406206391776134767557238092194893397391e-02
5.8810535004859876284655229028430767357349e-01
2.7480377209122353043824205087730661034584e-01
0.0000000000000000000000000000000000000000e+00
6.5183624544008778034509532517404295504093e-01
4.3584777215995756938227145838027354329824e-01
3.5478699058005219724165613115474116057158e-01
0.0000000000000000000000000000000000000000e+00
2.7456867469220702648868837059126235544682e-01
3.8081511477783658303764013908221386373043e-01
2.0465449350092310143445217818225501105189e-01
1.6847598679054784365227703801792813464999e-01
4.5875187444486174859203941878149635158479e-02
0.0000000000000000000000000000000000000000e+00
4.8951951949687394494148406920430716127157e-01
5.6639413210167643963899308801046572625637e-01
0.0000000000000000000000000000000000000000e+00
3.9027513551582299067277403992193285375834e-01
3.2220837293551990443418731047131586819887e-01
0.0000000000000000000000000000000000000000e+00
4.3457011239462567386837577032565604895353e-01
2.7406206391776134767557238092194893397391e-02
5.8810535004859876284655229028430767357349e-01
2.7480377209122353043824205087730661034584e-01
0.0000000000000000000000000000000000000000e+00
6.5183624544008778034509532517404295504093e-01
4.3584777215995756938227145838027354329824e-01
3.5478699058005219724165613115474116057158e-01
0.0000000000000000000000000000000000000000e+00
2.7456867469220702648868837059126235544682e-01
3.8081511477783658303764013908221386373043e-01
2.0465449350092310143445217818225501105189e-01
1.6847598679054784365227703801792813464999e-01
4.5875187444486174859203941878149635158479e-02
0.0000000000000000000000000000000000000000e+00
4.8951951949687394494148406920430716127157e-01
5.6639413210167643963899308801046572625637e-01
0.0000000000000000000000000000000000000000e+00
3.9027513551582299067277403992193285375834e-01
3.2220837293551990443418731047131586819887e-01
0.0000000000000000000000000000000000000000e+00
0.0000000000000000000000000000000000000000e+00
4.3457011239462567386837577032565604895353e-01
2.7406206391776134767557238092194893397391e-02
5.8810535004859876284655229028430767357349e-01
2.7480377209122353043824205087730661034584e-01
0.0000000000000000000000000000000000000000e+00
6.5183624544008778034509532517404295504093e-01
4.3584777215995756938227145838027354329824e-01
3.5478699058005219724165613115474116057158e-01
0.0000000000000000000000000000000000000000e+00
2.7456867469220702648868837059126235544682e-01
3.8081511477783658303764013908221386373043e-01
2.0465449350092310143445217818225501105189e-01
1.6847598679054784365227703801792813464999e-01
4.5875187444486174859203941878149635158479e-02
0.0000000000000000000000000000000000000000e+00
4.8951951949687394494148406920430716127157e-01
5.6639413210167643963899308801046572625637e-01
0.0000000000000000000000000000000000000000e+00
3.9027513551582299067277403992193285375834e-01
3.2220837293551990443418731047131586819887e-01
0.0000000000000000000000000000000000000000e+00
0.0000000000000000000000000000000000000000e+00
0.0000000000000000000000000000000000000000e+00
7.6957692344283685770278680138289928436279e+01
6.3905320233238149807419858916546218097210e-01
