1
0
23
8.7566686415182037883653265453176572918892e-01
3.5131552210256661306075898210110608488321e-01
4.2890656202393340201695082214428111910820e-01
8.8510329747058702487549908255459740757942e-01
0.0000000000000000000000000000000000000000e+00
7.1590225825504749668226622816291637718678e-01
6.1483394493062026864294011829770170152187e-01
5.9000944186748327524583146441727876663208e-01
8.3972725171693451962084964179666712880135e-01
5.9563081455246769113642812953912653028965e-01
5.9000944186748327524583146441727876663208e-01
2.5487890127378637350474832601321395486593e-01
7.2663267726678060220990573725430294871330e-01
5.9897172847563495690081936118076555430889e-01
5.9084835861292495096108723373617976903915e-01
6.5026358886073709619779492641100659966469e-01
0.0000000000000000000000000000000000000000e+00
9.9079034392737030945141896154382266104221e-01
6.3894365988654644450406294708955101668835e-01
7.9859004483375850558246611399226821959019e-01
8.0061666991547675298335207116906531155109e-01
1.0000000000000000000000000000000000000000e+00
6.3894365988654644450406294708955101668835e-01
8.5331707367536391295459452521754428744316e-01
6.6947272092944742905018529199878685176373e-01
8.0551605281445726181033251123153604567051e-01
8.6274080144706455364200792246265336871147e-01
9.2053172319112663846141231260844506323338e-01
9.3171827238992444009113569336477667093277e-01
4.3239132089085147159224220558826345950365e-01
6.3473340172535552827781657470040954649448e-01
5.4371664959328869226595770669518969953060e-01
6.6308603812464284033012518193572759628296e-01
6.7116877015148423968327051625237800180912e-01
9.6224915990900605766711350952391512691975e-01
6.8075033417732999652116632205434143543243e-01
6.3700327495212694106641038160887546837330e-01
3.7230601087114684188961177824239712208509e-01
6.1312712739704533504436767543666064739227e-01
9.4961453612198443163805450240033678710461e-01
5.9000944186748327524583146441727876663208e-01
7.7569652545217637751306938298512250185013e-01
1.0000000000000000000000000000000000000000e+00
9.5053757606930389112420698438654653728008e-01
6.9444983563467388432144389298628084361553e-01
5.1291417065028466204523738269926980137825e-01
0.0000000000000000000000000000000000000000e+00
7.3488715374867585872209474473493173718452e-01
8.2390185914911884257350038751610554754734e-01
7.6347841593151721806265186387463472783566e-01
9.1375087685254718916638694281573407351971e-01
6.7202222070068939885345571383368223905563e-01
6.6701662861466992637815565103664994239807e-01
6.3811020805475315853527717990800738334656e-01
6.7116877015148423968327051625237800180912e-01
1.0000000000000000000000000000000000000000e+00
2.3834184862142768213111310160456923767924e-01
7.3705627146659413728713161617633886635303e-01
8.3342849497455939733470131614012643694878e-01
6.9139867516210673503707084819325245916843e-01
9.3535873189003693184417898009996861219406e-01
5.4316549139929348744004755644709803164005e-01
9.8381299926953780232707913455669768154621e-01
9.1652276109237984513811170472763478755951e-01
9.5525338298366158085173083236441016197205e-01
8.4400324340517540733230816840659826993942e-01
4.3298520241893051485604360095749143511057e-01
4.0009790959866925463828124520659912377596e-01
7.2366262843730388976126732814009301364422e-01
5.1084724816801441171776332339504733681679e-01
6.2296869834603418869534152690903283655643e-01
6.2625720165211085088685649679973721504211e-01
1.0000000000000000000000000000000000000000e+00
1.0000000000000000000000000000000000000000e+00
5.2761771633170262418843776686117053031921e-01
7.0290841636415357651657132009859196841717e-01
1.0000000000000000000000000000000000000000e+00
7.9458057730395892370722776831826195120811e-01
9.6151919210209191302141107371426187455654e-01
2.1539602415537556501234917050169315189123e-01
5.0694339059801241109681768648442812263966e-01
7.1132111834270606021135563423740677535534e-01
6.9566206341100966792367898960947059094906e-01
9.1877019704697548974081655615009367465973e-01
1.0000000000000000000000000000000000000000e+00
9.2275642458379780741495324036804959177971e-01
1.0000000000000000000000000000000000000000e+00
6.3700327495212960560166948198457248508930e-01
1.0000000000000000000000000000000000000000e+00
3.9030223317020729112414301198441535234451e-01
6.1610812626890298915327548456843942403793e-01
7.5565091904684644763534606681787408888340e-01
1.7402220163722159629315910933655686676502e-01
5.4370839118727687377941037993878126144409e-01
5.7315678241105727508397649216931313276291e-01
7.2048699968262319703882212706957943737507e-01
1.0000000000000000000000000000000000000000e+00
2.4408056632605823477177864333498291671276e-01
9.5925013498086308949552858393872156739235e-01
6.6947272092944742905018529199878685176373e-01
5.7315678241105882939621096738846972584724e-01
6.0072108428870807372845774807501584291458e-01
4.2961091844612148138438101341307628899813e-01
6.0072108428870507612629126015235669910908e-01
7.5335663309918843300039270616252906620502e-01
6.9627883310829297158761619357392191886902e-01
1.1376642463040316510802796301504713483155e-01
6.8908376280879268804824278049636632204056e-01
6.5153060568868848001500282407505437731743e-01
5.9000944186748327524583146441727876663208e-01
5.9000944186748238706741176429204642772675e-01
6.1279094107454190609729494099155999720097e-01
6.3894365988654644450406294708955101668835e-01
6.5721565698510076014571268387953750789165e-01
5.3390940632849115399238826284999959170818e-01
5.4069004999913783393594712833873927593231e-01
6.1762002281971062345178324903827160596848e-01
1.0000000000000000000000000000000000000000e+00
6.1199426817162316805109867345890961587429e-01
6.8176152703366577068067044820054434239864e-01
8.4081091113015371529826325058820657432079e-01
0.0000000000000000000000000000000000000000e+00
6.0586711650818292351772242909646593034267e-01
9.5797044507516460054574736204813234508038e-01
6.9588261217098079658427423055400140583515e-01
7.0203634183951868497075565755949355661869e-01
8.6885945134835262937400557348155416548252e-01
9.5820030173400050355070334262563847005367e-01
8.0843995779889488151326304432586766779423e-01
5.7315678241106371437751931807724758982658e-01
7.4998629486867229854141214673290960490704e-01
8.3287347560411206792707616841653361916542e-01
7.7781153893374654906267551268683746457100e-01
5.6961369046880860889103814770351164042950e-01
5.6398227747640461426925639898399822413921e-01
1.0000000000000000000000000000000000000000e+00
4.9521306238063789173509121610550209879875e-01
4.9521306238063789173509121610550209879875e-01
6.8305317194405701375359285520971752703190e-01
8.4825602803455146805333697557216510176659e-01
7.2048699968262319703882212706957943737507e-01
1.0000000000000000000000000000000000000000e+00
6.8906915700893145437788689378066919744015e-01
1.0000000000000000000000000000000000000000e+00
9.2021682299879070665582503352197818458080e-01
8.7702912720355508113811993098352104425430e-01
9.8613639426528620912648648300091736018658e-01
6.6744409261704051861130437828251160681248e-01
7.1011494389173823726935097511159256100655e-01
6.8654954154739344929225808300543576478958e-01
6.4594008505414390874932450969936326146126e-01
8.0648894196335607631453967769630253314972e-01
6.5721565698510209241334223406738601624966e-01
9.8559354977191526714364044892136007547379e-01
6.4178922298362850451525218886672519147396e-01
1.0000000000000000000000000000000000000000e+00
1.0000000000000000000000000000000000000000e+00
1.0000000000000000000000000000000000000000e+00
1.0000000000000000000000000000000000000000e+00
1.0000000000000000000000000000000000000000e+00
1.0000000000000000000000000000000000000000e+00
4.6906042377028933643146046961192041635513e-01
6.3127268619043797048817623362992890179157e-01
2.8705702614560912877550435950979590415955e-01
7.3276877780297811071363867085892707109451e-01
4.1781779872342755810521452985994983464479e-01
1.0000000000000000000000000000000000000000e+00
7.3871328884794740243791011380380950868130e-01
4.8186792580778048389333889645058661699295e-01
1.0000000000000000000000000000000000000000e+00
8.5420162097568375081380054325563833117485e-01
1.0000000000000000000000000000000000000000e+00
0.0000000000000000000000000000000000000000e+00
7.5669411821429310993636363491532392799854e-01
8.5472654924766433559568667988060042262077e-01
7.5812383550375583851632654841523617506027e-01
1.0000000000000000000000000000000000000000e+00
9.2093365273207439258840167894959449768066e-01
8.1159110008988777362759492461918853223324e-01
9.0315728067170431003773956035729497671127e-01
7.0440762498869480268126608279999345541000e-01
8.4105899623099533712888842273969203233719e-01
4.1715245625363367443227957664930727332830e-01
7.5669411821429310993636363491532392799854e-01
9.7610810295712790995992236275924369692802e-01
5.1230371455299072991351749806199222803116e-01
5.7315678241105616486095186701277270913124e-01
9.5630509619257730857810884117498062551022e-01
9.1038339493475306518632805818924680352211e-01
7.0380609737758981214739151255344040691853e-01
7.2725187356167164676179481830331496894360e-01
3.5700717756122124502127235246007330715656e-01
6.0586711650817537400115497803199104964733e-01
7.1694081381475083247778457007370889186859e-01
8.3727885058855644473396750981919467449188e-01
6.9822103129847323810253101328271441161633e-01
6.1279094107454123996348016589763574302197e-01
6.6086683777366639347405907756183296442032e-01
7.5852069418851775228773703929618932306767e-01
9.5525338298366113676252098230179399251938e-01
4.7812303016801621646791886632854584604502e-01
5.0327291095874981952107418692321516573429e-01
5.0327291095874482351746337371878325939178e-01
7.7249400746202256939909602806437760591507e-01
6.8176152703366799112671969851362518966198e-01
3.9767210112577860980920263500593136996031e-01
8.6091442978471643954208047944121062755585e-01
6.9822103129847323810253101328271441161633e-01
7.6980639155096863834870646314811892807484e-01
9.8035648647257678245381384840584360063076e-01
7.1207767375941766196945081901503726840019e-01
3.4566161153540736483691375724447425454855e-01
4.2890656202393340201695082214428111910820e-01
0.0000000000000000000000000000000000000000e+00
5.9000944186748327524583146441727876663208e-01
2.5487890127378637350474832601321395486593e-01
0.0000000000000000000000000000000000000000e+00
6.3894365988654644450406294708955101668835e-01
4.3239132089085147159224220558826345950365e-01
3.7230601087114684188961177824239712208509e-01
0.0000000000000000000000000000000000000000e+00
2.3834184862142768213111310160456923767924e-01
4.0009790959866925463828124520659912377596e-01
2.1539602415537556501234917050169315189123e-01
1.7402220163722159629315910933655686676502e-01
1.1376642463040316510802796301504713483155e-01
0.0000000000000000000000000000000000000000e+00
4.9521306238063789173509121610550209879875e-01
6.4178922298362850451525218886672519147396e-01
0.0000000000000000000000000000000000000000e+00
3.5700717756122124502127235246007330715656e-01
3.4566161153540736483691375724447425454855e-01
0.0000000000000000000000000000000000000000e+00
4.2890656202393340201695082214428111910820e-01
0.0000000000000000000000000000000000000000e+00
5.9000944186748327524583146441727876663208e-01
2.5487890127378637350474832601321395486593e-01
0.0000000000000000000000000000000000000000e+00
6.3894365988654644450406294708955101668835e-01
4.3239132089085147159224220558826345950365e-01
3.7230601087114684188961177824239712208509e-01
0.0000000000000000000000000000000000000000e+00
2.3834184862142768213111310160456923767924e-01
4.0009790959866925463828124520659912377596e-01
2.1539602415537556501234917050169315189123e-01
1.7402220163722159629315910933655686676502e-01
1.1376642463040316510802796301504713483155e-01
0.0000000000000000000000000000000000000000e+00
4.9521306238063789173509121610550209879875e-01
6.4178922298362850451525218886672519147396e-01
0.0000000000000000000000000000000000000000e+00
3.5700717756122124502127235246007330715656e-01
3.4566161153540736483691375724447425454855e-01
0.0000000000000000000000000000000000000000e+00
0.0000000000000000000000000000000000000000e+00
4.2890656202393340201695082214428111910820e-01
0.0000000000000000000000000000000000000000e+00
5.9000944186748327524583146441727876663208e-01
2.5487890127378637350474832601321395486593e-01
0.0000000000000000000000000000000000000000e+00
6.3894365988654644450406294708955101668835e-01
4.3239132089085147159224220558826345950365e-01
3.7230601087114684188961177824239712208509e-01
0.0000000000000000000000000000000000000000e+00
2.3834184862142768213111310160456923767924e-01
4.0009790959866925463828124520659912377596e-01
2.1539602415537556501234917050169315189123e-01
1.7402220163722159629315910933655686676502e-01
1.1376642463040316510802796301504713483155e-01
0.0000000000000000000000000000000000000000e+00
4.9521306238063789173509121610550209879875e-01
6.4178922298362850451525218886672519147396e-01
0.0000000000000000000000000000000000000000e+00
3.5700717756122124502127235246007330715656e-01
3.4566161153540736483691375724447425454855e-01
0.0000000000000000000000000000000000000000e+00
0.0000000000000000000000000000000000000000e+00
0.0000000000000000000000000000000000000000e+00
7.6507454024792821201117476448416709899902e+01
6.1034881149038244796400931591051630675793e-01
