1
0
23
8.7707572707874192907695487519958987832069e-01
3.5336540042896447122444669730612076818943e-01
4.0889092845168040213366111856885254383087e-01
9.6409401938011929367178254324244335293770e-01
0.0000000000000000000000000000000000000000e+00
7.2851892515651717197044945351080968976021e-01
6.5800990106467560636360758508089929819107e-01
5.7532828130360447183022643002914264798164e-01
8.1470263179419433186012611258774995803833e-01
5.9553100724900831508534793101716786623001e-01
5.8621637020943317963883600896224379539490e-01
2.3885921618802180566021320373693015426397e-01
6.9265797861910294308529500995064154267311e-01
6.2059482870946369725828617447405122220516e-01
5.7532828130360447183022643002914264798164e-01
6.7056707776089718997525324084563180804253e-01
0.0000000000000000000000000000000000000000e+00
9.8383167634193902095773864857619628310204e-01
6.2956626922002512092291226508677937090397e-01
7.8370623045103326997917747576138935983181e-01
8.2332542157371146895883384786429814994335e-01
1.0000000000000000000000000000000000000000e+00
6.2956626922002512092291226508677937090397e-01
8.8138156620862162515805948714842088520527e-01
6.6773496231010087686996712363907136023045e-01
8.1302720528443273018126546958228573203087e-01
8.4144204867400262948251565831014886498451e-01
8.0087063127098878645426793809747323393822e-01
9.7508780694608787609212185998330824077129e-01
4.3802588867599290267662581754848361015320e-01
6.1621083361407402723131099264719523489475e-01
5.1371222669943195082709053167491219937801e-01
6.4204225632288136615954954322660341858864e-01
7.0830550214127963037924473610473796725273e-01
9.6057351928776135707721550716087222099304e-01
6.6693355789782615694605283351847901940346e-01
6.4204225632288158820415446825791150331497e-01
3.7391656047688154318464626157947350293398e-01
6.0895308618609578221736455816426314413548e-01
8.8525972829231625027546215278562158346176e-01
5.7532828130360447183022643002914264798164e-01
7.0838753157812428540296423307154327630997e-01
1.0000000000000000000000000000000000000000e+00
9.3477099240279593050928497177665121853352e-01
7.0091085085817050881473733170423656702042e-01
5.0906423983878523742419019981753081083298e-01
0.0000000000000000000000000000000000000000e+00
7.4645835755750766793426009826362133026123e-01
8.4414062759622510156987118534743785858154e-01
7.5995554874166892922460192494327202439308e-01
9.1396057187813706246259926047059707343578e-01
6.8031761689733516451639161459752358496189e-01
6.9934091312491508674042961501982063055038e-01
6.3792794092842253217412462618085555732250e-01
6.8105699123754470658553827888681553304195e-01
1.0000000000000000000000000000000000000000e+00
2.3845574329560867421484715578117175027728e-01
7.2400757408501847933735007245559245347977e-01
8.6288611255385927467642659394186921417713e-01
6.5965497003924966623600312232156284153461e-01
8.1432998858048066814774301747092977166176e-01
5.3909781996761751976521281903842464089394e-01
9.9178369532597887570091188536025583744049e-01
9.3295882697668119920564322455902583897114e-01
9.6001504109416402332755069437553174793720e-01
8.9702552823720604902035802297177724540234e-01
4.3653931469121537434219249007583130151033e-01
4.2708341133060578886926350605790503323078e-01
7.2851892515651772708196176608907990157604e-01
5.2654197334477714775857748463749885559082e-01
6.3847382095937210699787556222872808575630e-01
6.3395099443965807761713904255884699523449e-01
1.0000000000000000000000000000000000000000e+00
1.0000000000000000000000000000000000000000e+00
5.5199550198472036033336962645989842712879e-01
7.0696211110008821965067227210965938866138e-01
1.0000000000000000000000000000000000000000e+00
7.9194667978502963912035284010926261544228e-01
9.5811839257290332128036425274331122636795e-01
2.3886130506178340771050727653346257284284e-01
4.9829531258916681668580395125900395214558e-01
7.2426480459981013027004337345715612173080e-01
6.2968390599362367154867570206988602876663e-01
8.7735004721020448670287805725820362567902e-01
1.0000000000000000000000000000000000000000e+00
9.1513041209446066570620814673020504415035e-01
1.0000000000000000000000000000000000000000e+00
6.5672655572172644600215107857366092503071e-01
1.0000000000000000000000000000000000000000e+00
3.9792721040309136926182986826461274176836e-01
5.9652376664398776284770065103657543659210e-01
7.3052045852486979793383170544984750449657e-01
1.7120169866176254691580993494426365941763e-01
4.8566763416257968666300826043880078941584e-01
6.3008593197162754417917085447697900235653e-01
7.1498895766340475610434168629581108689308e-01
1.0000000000000000000000000000000000000000e+00
2.7684804848124722198576819209847599267960e-01
8.8710898393611414824988514737924560904503e-01
6.6773496231010087686996712363907136023045e-01
5.4761811521161229965315442314022220671177e-01
6.0225710713273716834237347939051687717438e-01
4.3065571744321773373087580694118514657021e-01
6.0225710713273739038697840442182496190071e-01
7.7502502055569855166083925723796710371971e-01
6.8576987561067304088879836854175664484501e-01
1.0182735463102227102538677172560710459948e-01
7.2598198766015220595448909080005250871181e-01
5.8918812054354308127557260377216152846813e-01
5.7532828130360447183022643002914264798164e-01
6.0850307732694663975792082055704668164253e-01
5.9975145128996776300311921659158542752266e-01
6.2956626922002512092291226508677937090397e-01
6.7530576611838366574147585197351872920990e-01
5.3044325606825470931227073378977365791798e-01
5.6281795079015672911282308632507920265198e-01
6.3523143451056340857974191749235615134239e-01
1.0000000000000000000000000000000000000000e+00
5.8918812054354474661010954150697216391563e-01
6.7678060784847027253618989561800844967365e-01
7.9959313251439856351510115928249433636665e-01
0.0000000000000000000000000000000000000000e+00
5.9582084082737962749121152228326536715031e-01
9.3128083255936133788566166913369670510292e-01
6.7801214010022914369102409182232804596424e-01
6.6208488229219886189724775249487720429897e-01
7.8973343200184442647326932274154387414455e-01
1.0000000000000000000000000000000000000000e+00
8.2496604952748253669625455586356110870838e-01
5.3820599965344140258594052284024655818939e-01
6.9618304720578638722372488700784742832184e-01
8.4096752903512439480948614800581708550453e-01
7.8346179312106145609106988558778539299965e-01
5.6591259276706562530989685910753905773163e-01
5.3020780501350328606235962070059031248093e-01
1.0000000000000000000000000000000000000000e+00
4.7540037818620173304395848390413448214531e-01
4.7540037818620173304395848390413448214531e-01
6.7363122926144480828725136234425008296967e-01
9.2935095579682380773078875790815800428391e-01
6.9191775427376223106534780526999384164810e-01
1.0000000000000000000000000000000000000000e+00
6.8105699123754404045172350379289127886295e-01
1.0000000000000000000000000000000000000000e+00
9.6398287159010620506194300105562433600426e-01
8.7805954863922630604378127827658317983150e-01
9.6227929027339498269100204197457060217857e-01
6.8105699123754548374165551649639382958412e-01
7.2008726234446207570272235898301005363464e-01
6.8152141834948387622006293895537964999676e-01
6.6306649215326340929266279999865218997002e-01
8.3458695112360092860370741618680767714977e-01
6.8051079956663396153260237042559310793877e-01
9.9582675387435004576985875246464274823666e-01
6.4327331332379478201488609556690789759159e-01
9.7265201320381333705000770351034589111805e-01
1.0000000000000000000000000000000000000000e+00
1.0000000000000000000000000000000000000000e+00
1.0000000000000000000000000000000000000000e+00
1.0000000000000000000000000000000000000000e+00
1.0000000000000000000000000000000000000000e+00
5.3889173781832244713996260543353855609894e-01
6.4802660765041120161100707264267839491367e-01
2.1178902418699840914939613867318257689476e-01
6.5656147290998190246824606219888664782047e-01
4.5615880660512253541583049809560179710388e-01
1.0000000000000000000000000000000000000000e+00
1.0000000000000000000000000000000000000000e+00
5.4348926154297161339457034046063199639320e-01
1.0000000000000000000000000000000000000000e+00
8.9463361824236520281061757486895658075809e-01
1.0000000000000000000000000000000000000000e+00
0.0000000000000000000000000000000000000000e+00
7.3044737538047843639077427724259905517101e-01
8.8396954062885524372461532038869336247444e-01
7.1664151346932358777053195808548480272293e-01
1.0000000000000000000000000000000000000000e+00
9.5801928278171566422116711692069657146931e-01
8.1208056631087854881911880511324852705002e-01
9.1804205419763240669794868153985589742661e-01
7.0171937555501795458212654921226203441620e-01
8.6934217491431597935047648206818848848343e-01
4.0726846462439642015951335451973136514425e-01
7.5261950865473969951580102133448235690594e-01
1.0000000000000000000000000000000000000000e+00
5.1877168248652028026413063344080001115799e-01
5.9921210793705936836772707465570420026779e-01
9.5876508817380723392886920919409021735191e-01
8.9810587402662511724571459126309491693974e-01
7.1664151346932125630218024525674991309643e-01
6.5932483134057584539533536371891386806965e-01
3.6743756481644052058754823519848287105560e-01
5.9582084082737962749121152228326536715031e-01
7.4774032407963553215068941426579840481281e-01
8.7259149496741517104680951888440176844597e-01
7.0966106342475399060276686213910579681396e-01
5.9975145128996776300311921659158542752266e-01
6.5238058590855430018962124449899420142174e-01
7.5093896377694757671150682654115371406078e-01
9.6001504109415969345775465626502409577370e-01
4.7247627302686112660268236140836961567402e-01
5.2107097692449366732603266427759081125259e-01
5.2669031550816247655433244290179572999477e-01
7.8218141241625371851142745072138495743275e-01
6.7678060784847027253618989561800844967365e-01
3.9723198710020934942832582237315364181995e-01
9.1481731877275762609968978722463361918926e-01
6.4871149668507677166218172715161927044392e-01
7.5093896377694768773380928905680775642395e-01
9.1126144972745692918181248387554660439491e-01
7.2987613658100769509218253006110899150372e-01
3.5693626901021430208871265676862094551325e-01
4.0889092845168040213366111856885254383087e-01
0.0000000000000000000000000000000000000000e+00
5.7532828130360447183022643002914264798164e-01
2.3885921618802180566021320373693015426397e-01
0.0000000000000000000000000000000000000000e+00
6.2956626922002512092291226508677937090397e-01
4.3802588867599290267662581754848361015320e-01
3.7391656047688154318464626157947350293398e-01
0.0000000000000000000000000000000000000000e+00
2.3845574329560867421484715578117175027728e-01
4.2708341133060578886926350605790503323078e-01
2.3886130506178340771050727653346257284284e-01
1.7120169866176254691580993494426365941763e-01
1.0182735463102227102538677172560710459948e-01
0.0000000000000000000000000000000000000000e+00
4.7540037818620173304395848390413448214531e-01
6.4327331332379478201488609556690789759159e-01
0.0000000000000000000000000000000000000000e+00
3.6743756481644052058754823519848287105560e-01
3.5693626901021430208871265676862094551325e-01
0.0000000000000000000000000000000000000000e+00
4.0889092845168040213366111856885254383087e-01
0.0000000000000000000000000000000000000000e+00
5.7532828130360447183022643002914264798164e-01
2.3885921618802180566021320373693015426397e-01
0.0000000000000000000000000000000000000000e+00
6.2956626922002512092291226508677937090397e-01
4.3802588867599290267662581754848361015320e-01
3.7391656047688154318464626157947350293398e-01
0.0000000000000000000000000000000000000000e+00
2.3845574329560867421484715578117175027728e-01
4.2708341133060578886926350605790503323078e-01
2.3886130506178340771050727653346257284284e-01
1.7120169866176254691580993494426365941763e-01
1.0182735463102227102538677172560710459948e-01
0.0000000000000000000000000000000000000000e+00
4.7540037818620173304395848390413448214531e-01
6.4327331332379478201488609556690789759159e-01
0.0000000000000000000000000000000000000000e+00
3.6743756481644052058754823519848287105560e-01
3.5693626901021430208871265676862094551325e-01
0.0000000000000000000000000000000000000000e+00
0.0000000000000000000000000000000000000000e+00
4.0889092845168040213366111856885254383087e-01
0.0000000000000000000000000000000000000000e+00
5.7532828130360447183022643002914264798164e-01
2.3885921618802180566021320373693015426397e-01
0.0000000000000000000000000000000000000000e+00
6.2956626922002512092291226508677937090397e-01
4.3802588867599290267662581754848361015320e-01
3.7391656047688154318464626157947350293398e-01
0.0000000000000000000000000000000000000000e+00
2.3845574329560867421484715578117175027728e-01
4.2708341133060578886926350605790503323078e-01
2.3886130506178340771050727653346257284284e-01
1.7120169866176254691580993494426365941763e-01
1.0182735463102227102538677172560710459948e-01
0.0000000000000000000000000000000000000000e+00
4.7540037818620173304395848390413448214531e-01
6.4327331332379478201488609556690789759159e-01
0.0000000000000000000000000000000000000000e+00
3.6743756481644052058754823519848287105560e-01
3.5693626901021430208871265676862094551325e-01
0.0000000000000000000000000000000000000000e+00
0.0000000000000000000000000000000000000000e+00
0.0000000000000000000000000000000000000000e+00
7.7216228558381132529575552325695753097534e+01
5.8048684620745283346820997394388541579247e-01
