1
0
23
8.8439328886802426321622760951868258416653e-01
3.5524430724093775113558990597084630280733e-01
4.1946413749636651813190724169544409960508e-01
9.6451883734507726231299784558359533548355e-01
0.0000000000000000000000000000000000000000e+00
7.2845314119437787336863721066038124263287e-01
6.5654560129006744872981471417006105184555e-01
5.7658820121215126341951417998643592000008e-01
8.5128760302002171034274624616955406963825e-01
5.8549957545259989633024133581784553825855e-01
5.7658820121215126341951417998643592000008e-01
2.3305406227369199201326921411236980929971e-01
6.8191440306231754231447439451585523784161e-01
6.2725969507738588148981762060429900884628e-01
5.8006060374191137363197867671260610222816e-01
6.6320842265281321203929110197350382804871e-01
0.0000000000000000000000000000000000000000e+00
9.7586740151038497970148455351591110229492e-01
6.3101887148853419429173072785488329827785e-01
7.9752431630332409895345335826277732849121e-01
8.2412242670103708075401982569019310176373e-01
1.0000000000000000000000000000000000000000e+00
6.3101887148853419429173072785488329827785e-01
8.7359557543440813365265285028726793825626e-01
6.7508067258161630341817271983018144965172e-01
8.1923204501998980742172307145665399730206e-01
8.5128760302002171034274624616955406963825e-01
8.0732124440128982811870628211181610822678e-01
9.8570807861791553960983947035856544971466e-01
4.3353920861998318514451966620981693267822e-01
6.2461738559311885676805786715704016387463e-01
5.1168038505844626318008749876753427088261e-01
6.5838111495675377682346152141690254211426e-01
7.4331428548174693915484567696694284677505e-01
9.5103083973643354198657107190228998661041e-01
6.8483678565204064714322385043487884104252e-01
6.5838111495675610829181323424563743174076e-01
3.8379231512014527760712212511862162500620e-01
6.0872533872315359726457018041401170194149e-01
9.1325888629564522247505919949617236852646e-01
5.7658820121215126341951417998643592000008e-01
6.6231521350128197411777364322915673255920e-01
1.0000000000000000000000000000000000000000e+00
9.5157002358364062288842433190438896417618e-01
6.8957853725235629394063607833231799304485e-01
5.0686636240275806386534895864315330982208e-01
0.0000000000000000000000000000000000000000e+00
7.4358495849184291781597266890457831323147e-01
8.7272762334356412949887271679472178220749e-01
7.7816380841707166737819534318987280130386e-01
9.1038952530084271685950625396799296140671e-01
6.4381456152130167591707277097157202661037e-01
6.9550903042945899645843610414885915815830e-01
6.3176630876768458122683114197570830583572e-01
6.9748714583258020205391858326038345694542e-01
1.0000000000000000000000000000000000000000e+00
2.4356922106117501192201757476141210645437e-01
7.2753094466708756460349150074762292206287e-01
8.5933423464894487242560217055142857134342e-01
6.3952877397643370649404914729529991745949e-01
8.1308322440255453855684208974707871675491e-01
5.2754020799092304905286709981737658381462e-01
9.8570807861791320814148775752983056008816e-01
9.3983379958628887607119395397603511810303e-01
9.6793526963549014752175025932956486940384e-01
8.8948909332069880928628435867722146213055e-01
4.4063791012207997876970466677448712289333e-01
4.3631502201981725574952974966436158865690e-01
7.2753094466709278265170723898336291313171e-01
5.3689919607031699744226216353126801550388e-01
6.3952877397643681511851809773361310362816e-01
6.3706737713732863870319533816655166447163e-01
1.0000000000000000000000000000000000000000e+00
1.0000000000000000000000000000000000000000e+00
5.6347289537633871159272302975296042859554e-01
7.1111927878130465341399712997372262179852e-01
9.9638863052146442456091790518257766962051e-01
7.9974119213682870466186614066828042268753e-01
9.4632612491552858813292914419434964656830e-01
2.2992087317775306010148028690309729427099e-01
4.9721414381881301469690015437663532793522e-01
7.3630387359051763240813670563511550426483e-01
6.3469134059355647448086301665171049535275e-01
8.8216253789005083518759420257993042469025e-01
1.0000000000000000000000000000000000000000e+00
9.5339575707159629480713647353695705533028e-01
1.0000000000000000000000000000000000000000e+00
6.6236350902980078991788559505948796868324e-01
1.0000000000000000000000000000000000000000e+00
4.3590144525240637207730287627782672643661e-01
6.0082584697015783969931135288788937032223e-01
7.4312050473722179866342685272684320807457e-01
1.6200866628406618286106777304667048156261e-01
4.7771972107310139987745856160472612828016e-01
6.2783191172537511359763584550819359719753e-01
7.0786054262277853244000880295061506330967e-01
1.0000000000000000000000000000000000000000e+00
2.7489136060853364140754706568259280174971e-01
8.9812869205780598846899920317810028791428e-01
6.7508067258161685852968503240845166146755e-01
5.4533075064034064460827266884734854102135e-01
5.9980350826887485204963468277128413319588e-01
4.3968779167745519753651706196251325309277e-01
5.9980350826887907089712825836613774299622e-01
7.8438806123865978392473152780439704656601e-01
6.5665145939438429589785073403618298470974e-01
1.0146009597813904212770808044297154992819e-01
7.2751469952890690517932625880348496139050e-01
5.7724609584260844208358776086242869496346e-01
5.7658820121215126341951417998643592000008e-01
6.2308040969666955710692946013296023011208e-01
6.0521807807822258773455814662156626582146e-01
6.3101887148853419429173072785488329827785e-01
6.8369819940842224692545414654887281358242e-01
5.4107959278854933504732116489321924746037e-01
5.4000786327172767276039166972623206675053e-01
6.5441734217733782408288334409007802605629e-01
1.0000000000000000000000000000000000000000e+00
6.2308040969667377595442303572781383991241e-01
7.0024911641398224215748768983758054673672e-01
7.8666022246333111578309171818546019494534e-01
0.0000000000000000000000000000000000000000e+00
6.0440963253726365245199758646776899695396e-01
9.1198579378773980685934930079383775591850e-01
6.8563266856259708070808756019687280058861e-01
6.7413147134665463156011355749797075986862e-01
8.2576813628011069834400359468418173491955e-01
1.0000000000000000000000000000000000000000e+00
8.2661030271358881815757513322751037776470e-01
5.4276406294441092992286712615168653428555e-01
6.6231521350127597891344066738383844494820e-01
8.5122166835779111693227605428546667098999e-01
7.9457967997231782053546567112789489328861e-01
5.7178285961198682674222482091863639652729e-01
5.0854819695920439048819616800756193697453e-01
1.0000000000000000000000000000000000000000e+00
4.8969671677345016913562858462682925164700e-01
4.8969671677345016913562858462682925164700e-01
6.6860016149346546132647972626728005707264e-01
9.3617309397006509552596753565012477338314e-01
6.9171753461534191131931947893463075160980e-01
1.0000000000000000000000000000000000000000e+00
6.8191440306231765333677685703150928020477e-01
1.0000000000000000000000000000000000000000e+00
9.8758864453311445696925829906831495463848e-01
8.7193269115405813707297966175246983766556e-01
9.9660320766438115214214121806435286998749e-01
6.8191440306231787538138178206281736493111e-01
7.1287959686468604925124736837460659444332e-01
6.8780921456055699181320051138754934072495e-01
6.7427839144501566792655466997530311346054e-01
8.2814328818143367882953498337883502244949e-01
6.9171753461534468687688104182598181068897e-01
1.0000000000000000000000000000000000000000e+00
6.6765266401282485908552644104929640889168e-01
1.0000000000000000000000000000000000000000e+00
1.0000000000000000000000000000000000000000e+00
1.0000000000000000000000000000000000000000e+00
1.0000000000000000000000000000000000000000e+00
1.0000000000000000000000000000000000000000e+00
1.0000000000000000000000000000000000000000e+00
4.9340408534000901319416243495652452111244e-01
6.7438730126489243588139288476668298244476e-01
2.0114733721252631148956879769684746861458e-01
6.8211161668771158606006110858288593590260e-01
4.5813090834234515558165412585367448627949e-01
1.0000000000000000000000000000000000000000e+00
1.0000000000000000000000000000000000000000e+00
5.3202304251403598200909073057118803262711e-01
1.0000000000000000000000000000000000000000e+00
8.7475457312917559438147918626782484352589e-01
1.0000000000000000000000000000000000000000e+00
0.0000000000000000000000000000000000000000e+00
7.2753094466709278265170723898336291313171e-01
8.7064532556397877804954532621195539832115e-01
7.0796821577317070595114500974887050688267e-01
1.0000000000000000000000000000000000000000e+00
9.2447979519545120385970449206070043146610e-01
7.9863787385781881411617177946027368307114e-01
9.5431988448660065582629385971813462674618e-01
6.8916179184458770112797765250434167683125e-01
9.0321661649461748577749631294864229857922e-01
4.0967090023219954186828317688195966184139e-01
7.6413728653516754807384359082789160311222e-01
1.0000000000000000000000000000000000000000e+00
5.1328440278174902733354656447772867977619e-01
5.9980350826888106929857258364791050553322e-01
9.4323757476614689121419132789014838635921e-01
9.0321661649461681964368153785471804440022e-01
7.1534460201320337890962264282279647886753e-01
6.5842916293397779625706789374817162752151e-01
3.7154458384393596048766994499601423740387e-01
6.0521807807822247671225568410591222345829e-01
7.6281683458263860320158755712327547371387e-01
8.8326816478351233286048227455466985702515e-01
7.0870362112985751945615220392937771975994e-01
6.0521807807822247671225568410591222345829e-01
6.5362723564868596692889468613429926335812e-01
7.7121701308837220523173527908511459827423e-01
9.3579363508959401141140688196173869073391e-01
4.7548597512887713634199826628901064395905e-01
5.3403803410428074549542998283868655562401e-01
5.2996632044685032525421775062568485736847e-01
7.7232441614121272177584387463866733014584e-01
7.0024911641398512873735171524458564817905e-01
4.0132126158820768946355883599608205258846e-01
9.0328210426934374410734562843572348356247e-01
6.5154087312694342060126473370473831892014e-01
7.6024651543678123388758649525698274374008e-01
9.6229164437045500157807964569656178355217e-01
7.3954303256398923327452621379052288830280e-01
3.6109230376543371976438834280997980386019e-01
4.1946413749636651813190724169544409960508e-01
0.0000000000000000000000000000000000000000e+00
5.7658820121215126341951417998643592000008e-01
2.3305406227369199201326921411236980929971e-01
0.0000000000000000000000000000000000000000e+00
6.3101887148853419429173072785488329827785e-01
4.3353920861998318514451966620981693267822e-01
3.8379231512014527760712212511862162500620e-01
0.0000000000000000000000000000000000000000e+00
2.4356922106117501192201757476141210645437e-01
4.3631502201981725574952974966436158865690e-01
2.2992087317775306010148028690309729427099e-01
1.6200866628406618286106777304667048156261e-01
1.0146009597813904212770808044297154992819e-01
0.0000000000000000000000000000000000000000e+00
4.8969671677345016913562858462682925164700e-01
6.6765266401282485908552644104929640889168e-01
0.0000000000000000000000000000000000000000e+00
3.7154458384393596048766994499601423740387e-01
3.6109230376543371976438834280997980386019e-01
0.0000000000000000000000000000000000000000e+00
4.1946413749636651813190724169544409960508e-01
0.0000000000000000000000000000000000000000e+00
5.7658820121215126341951417998643592000008e-01
2.3305406227369199201326921411236980929971e-01
0.0000000000000000000000000000000000000000e+00
6.3101887148853419429173072785488329827785e-01
4.3353920861998318514451966620981693267822e-01
3.8379231512014527760712212511862162500620e-01
0.0000000000000000000000000000000000000000e+00
2.4356922106117501192201757476141210645437e-01
4.3631502201981725574952974966436158865690e-01
2.2992087317775306010148028690309729427099e-01
1.6200866628406618286106777304667048156261e-01
1.0146009597813904212770808044297154992819e-01
0.0000000000000000000000000000000000000000e+00
4.8969671677345016913562858462682925164700e-01
6.6765266401282485908552644104929640889168e-01
0.0000000000000000000000000000000000000000e+00
3.7154458384393596048766994499601423740387e-01
3.6109230376543371976438834280997980386019e-01
0.0000000000000000000000000000000000000000e+00
0.0000000000000000000000000000000000000000e+00
4.1946413749636651813190724169544409960508e-01
0.0000000000000000000000000000000000000000e+00
5.7658820121215126341951417998643592000008e-01
2.3305406227369199201326921411236980929971e-01
0.0000000000000000000000000000000000000000e+00
6.3101887148853419429173072785488329827785e-01
4.3353920861998318514451966620981693267822e-01
3.8379231512014527760712212511862162500620e-01
0.0000000000000000000000000000000000000000e+00
2.4356922106117501192201757476141210645437e-01
4.3631502201981725574952974966436158865690e-01
2.2992087317775306010148028690309729427099e-01
1.6200866628406618286106777304667048156261e-01
1.0146009597813904212770808044297154992819e-01
0.0000000000000000000000000000000000000000e+00
4.8969671677345016913562858462682925164700e-01
6.6765266401282485908552644104929640889168e-01
0.0000000000000000000000000000000000000000e+00
3.7154458384393596048766994499601423740387e-01
3.6109230376543371976438834280997980386019e-01
0.0000000000000000000000000000000000000000e+00
0.0000000000000000000000000000000000000000e+00
0.0000000000000000000000000000000000000000e+00
7.4366384108228459126621601171791553497314e+01
5.7389423084564394894613315045717172324657e-01
