1
0
23
8.7208749113807559893984944210387766361237e-01
3.4765255285308277466427284707606304436922e-01
4.1268048260851902808710178760520648211241e-01
8.5992065810349072041418594380957074463367e-01
0.0000000000000000000000000000000000000000e+00
7.0782313400583196649762385277426801621914e-01
5.9934575066164219592224071675445884466171e-01
5.8521101222913340933473591576330363750458e-01
8.1996407485842515150409326452063396573067e-01
6.0762387749892421417996501986635848879814e-01
5.8521101222913340933473591576330363750458e-01
2.6219736964160855752226098047685809433460e-01
7.3501518526448084145386019372381269931793e-01
6.0349066702168796538785500160884112119675e-01
5.9977490164336033640068990280269645154476e-01
6.6445171087141208232651479193009436130524e-01
0.0000000000000000000000000000000000000000e+00
9.8441374636583434121206437339424155652523e-01
6.5093019740265889439001512073446065187454e-01
7.8100812124778395961754995369119569659233e-01
8.0656912663848900901797378537594340741634e-01
1.0000000000000000000000000000000000000000e+00
6.5093019740265889439001512073446065187454e-01
8.4031729988608772075053821026813238859177e-01
6.6511619308226188618249352657585404813290e-01
7.9353059030734751644331481656990945339203e-01
8.5488014421389391106487209981423802673817e-01
8.9451046522383281800472332179197110235691e-01
9.1961744902772402099344617454335093498230e-01
4.2704069391328258742390744373551569879055e-01
6.2699654228609380535175432669348083436489e-01
5.4663119605070065176732896361500024795532e-01
6.3483439192546786689064219899591989815235e-01
6.6608976105328321359877463692100718617439e-01
9.7287215682845862296801442425930872559547e-01
6.6468121422555070942905786068877205252647e-01
6.2933758360118186025999875710112974047661e-01
3.6662041434055370192623968250700272619724e-01
6.1581253150943704444131299169384874403477e-01
9.7383618259142823436746994048007763922215e-01
5.8521101222913340933473591576330363750458e-01
7.9003759753402635901409212237922474741936e-01
1.0000000000000000000000000000000000000000e+00
9.5215863708063852577367924823192879557610e-01
6.7834477846649654519950445319409482181072e-01
5.0132280033188347800887640914879739284515e-01
0.0000000000000000000000000000000000000000e+00
7.4161943535714835995520388678414747118950e-01
8.0624237317295677218709215594572015106678e-01
7.5868480970364493565227803628658875823021e-01
9.1967401164279150016511721332790330052376e-01
6.2289258845295358835159049704088829457760e-01
6.5364177652114607841582483160891570150852e-01
6.3207136102905625563153080292977392673492e-01
6.6608976105328321359877463692100718617439e-01
1.0000000000000000000000000000000000000000e+00
2.4757150369412195267670995235675945878029e-01
7.2523759946881094506920817366335541009903e-01
8.0352343140550552824663554929429665207863e-01
6.9459255549616738534268733928911387920380e-01
9.2380405433738488341077754739671945571899e-01
5.2891233543302929032137171816430054605007e-01
9.7268541728536916934899636544287204742432e-01
9.0152957595360905251880012656329199671745e-01
9.2747820920096091246165315169491805136204e-01
8.1227088322502805084468491259030997753143e-01
4.1974810106595900061066117814334575086832e-01
3.8754475704799368207531529151310678571463e-01
7.1902007190346561849025874835206195712090e-01
5.0693990185648241109106493240687996149063e-01
6.3233566316063294365790170559193938970566e-01
6.3615467812899151311967216315679252147675e-01
1.0000000000000000000000000000000000000000e+00
1.0000000000000000000000000000000000000000e+00
5.2012906491059762714712633169256150722504e-01
6.8921733451957156724176911666290834546089e-01
1.0000000000000000000000000000000000000000e+00
8.0497867802999378827877308140159584581852e-01
9.5883952866751454013893862793338485062122e-01
2.1236357534373379030157025226799305528402e-01
4.9466191446779461671212629880756139755249e-01
7.3128708549938448157945458660833537578583e-01
6.7798458418015783433219212383846752345562e-01
9.1045071453094505997682972520124167203903e-01
1.0000000000000000000000000000000000000000e+00
9.2808711454418391095799734102911315858364e-01
1.0000000000000000000000000000000000000000e+00
6.2360132640810161941402611773810349404812e-01
1.0000000000000000000000000000000000000000e+00
3.8607151622727731155038100041565485298634e-01
6.1587378596402664321374231803929433226585e-01
7.4270499557599201079227668742532841861248e-01
1.6610881646915010012577340603456832468510e-01
5.5348042664165408854870520372060127556324e-01
5.6510949202208793362700589568703435361385e-01
7.0782313400583196649762385277426801621914e-01
1.0000000000000000000000000000000000000000e+00
2.6884236208811829182963037965237163007259e-01
9.5723595228581770388842642205418087542057e-01
6.6461132897724728429977858468191698193550e-01
5.6388504883282508650665931781986728310585e-01
5.9138332793550163479778802866348996758461e-01
4.1783497068327379864172144152689725160599e-01
5.9138332793549863719562154074083082377911e-01
7.5197416611547507336865692195715382695198e-01
6.6918716345442619264360928355017676949501e-01
9.4874670738726019081354934314731508493423e-02
6.8655263739857308458169882214860990643501e-01
6.6233017145940520364888470794539898633957e-01
5.8521101222913340933473591576330363750458e-01
5.8521101222913718409301964129554107785225e-01
6.3359402176953438790008021896937862038612e-01
6.5093019740265889439001512073446065187454e-01
6.4531438994444534351657694060122594237328e-01
5.3244421476859604691611593807465396821499e-01
5.4395518768836037537539596087299287319183e-01
6.1663795196772142048757814336568117141724e-01
1.0000000000000000000000000000000000000000e+00
6.0785394632808031900594869512133300304413e-01
6.8606312343870401448953089129645377397537e-01
8.2011855686726320424639880002359859645367e-01
0.0000000000000000000000000000000000000000e+00
6.0102120867079145138944795689894817769527e-01
9.6302702786759586395248788903700187802315e-01
6.8072676639405882426103744364809244871140e-01
7.0352713613049000507260188896907493472099e-01
8.7325988877887950057044008644879795610905e-01
9.7657590651160819383846956043271347880363e-01
7.9724236609135656905777977954130619764328e-01
5.6510949202208882180542559581226669251919e-01
7.7910852667266361493147996952757239341736e-01
8.4996825648236939976243320415960624814034e-01
7.7772796536397492683789778311620466411114e-01
5.7359404308087402757365680372458882629871e-01
5.7842767490499180649266008913400582969189e-01
1.0000000000000000000000000000000000000000e+00
4.9185813568976122223119773479993455111980e-01
4.9185813568976122223119773479993455111980e-01
6.6773791824154948848502044711494818329811e-01
8.3853042744733907731813360442174598574638e-01
7.0782313400583307672064847793080843985081e-01
1.0000000000000000000000000000000000000000e+00
6.6930018557579418203573595747002400457859e-01
1.0000000000000000000000000000000000000000e+00
9.0669400367613195435012585221556946635246e-01
8.6683475568876899863823837222298607230186e-01
9.6936090230629479158608319266932085156441e-01
6.6335466552067690049199200075236149132252e-01
7.0609537690479218241534908884204924106598e-01
6.7659769443606587735473567590815946459770e-01
6.3979295689559767534859702209359966218472e-01
8.0651451593332790235280072010937146842480e-01
6.4531438994444434431585477796033956110477e-01
9.8476250342413063076918433580431155860424e-01
6.2081620178632002104990306179388426244259e-01
1.0000000000000000000000000000000000000000e+00
1.0000000000000000000000000000000000000000e+00
1.0000000000000000000000000000000000000000e+00
1.0000000000000000000000000000000000000000e+00
1.0000000000000000000000000000000000000000e+00
1.0000000000000000000000000000000000000000e+00
4.9664094770520700317106843613146338611841e-01
6.4179707331216617749447550522745586931705e-01
2.7425617853031047932432784364209510385990e-01
6.9907249806064142294559360379935242235661e-01
4.1615778041575113288530474164872430264950e-01
1.0000000000000000000000000000000000000000e+00
7.8778976150345647599948506467626430094242e-01
4.6971691029665618710708940852782689034939e-01
1.0000000000000000000000000000000000000000e+00
8.5989274463798492931232431146781891584396e-01
1.0000000000000000000000000000000000000000e+00
0.0000000000000000000000000000000000000000e+00
7.6333665306570397390828475181479007005692e-01
8.5225258581720542139237295486964285373688e-01
7.7399437508220381154444567073369398713112e-01
1.0000000000000000000000000000000000000000e+00
8.9097536756002038149659938426339067518711e-01
8.1619378607677350867533050404745154082775e-01
8.8901741299449044131364416898577474057674e-01
7.1338793850112347527669953706208616495132e-01
8.4752749003564653573761233928962610661983e-01
4.0542302729942619743397358433867339044809e-01
7.5908820441745006313283283816417679190636e-01
9.7180441565553787874875979468924924731255e-01
4.9315461759615486503349757185787893831730e-01
5.6388504883282486446205439278855919837952e-01
9.3530048159006984320740230032242834568024e-01
8.9315792306574259828977346842293627560139e-01
7.0078558444142824424005766559275798499584e-01
6.9971853344774193050881194722023792564869e-01
3.6204697884894893045171215817390475422144e-01
6.0728005151617592272117462925962172448635e-01
7.1140166905239243799741188922780565917492e-01
8.5146099097645078224161352409282699227333e-01
6.9563741526113165303257801497238688170910e-01
6.3359402176953438790008021896937862038612e-01
6.6729866770624046701243514689849689602852e-01
7.4883789994726179806150412332499399781227e-01
9.4962604461305033520801544000278227031231e-01
4.7289260159680301942586311270133592188358e-01
4.8630783886862466447453812179446686059237e-01
4.8630783886862599674216767198231536895037e-01
7.6562263213263881400649779607192613184452e-01
6.8606312343870134995427179092075675725937e-01
3.7885021015159031643193543459346983581781e-01
8.5202441472242484987731359069584868848324e-01
6.9563741526113165303257801497238688170910e-01
7.4907895854660611067998843282111920416355e-01
9.8076574994257026407495914099854417145252e-01
7.0325375841934223419826821555034257471561e-01
3.1888413606930188226584732547053135931492e-01
4.1268048260851902808710178760520648211241e-01
0.0000000000000000000000000000000000000000e+00
5.8521101222913340933473591576330363750458e-01
2.6219736964160855752226098047685809433460e-01
0.0000000000000000000000000000000000000000e+00
6.5093019740265889439001512073446065187454e-01
4.2704069391328258742390744373551569879055e-01
3.6662041434055370192623968250700272619724e-01
0.0000000000000000000000000000000000000000e+00
2.4757150369412195267670995235675945878029e-01
3.8754475704799368207531529151310678571463e-01
2.1236357534373379030157025226799305528402e-01
1.6610881646915010012577340603456832468510e-01
9.4874670738726019081354934314731508493423e-02
0.0000000000000000000000000000000000000000e+00
4.9185813568976122223119773479993455111980e-01
6.2081620178632002104990306179388426244259e-01
0.0000000000000000000000000000000000000000e+00
3.6204697884894893045171215817390475422144e-01
3.1888413606930188226584732547053135931492e-01
0.0000000000000000000000000000000000000000e+00
4.1268048260851902808710178760520648211241e-01
0.0000000000000000000000000000000000000000e+00
5.8521101222913340933473591576330363750458e-01
2.6219736964160855752226098047685809433460e-01
0.0000000000000000000000000000000000000000e+00
6.5093019740265889439001512073446065187454e-01
4.2704069391328258742390744373551569879055e-01
3.6662041434055370192623968250700272619724e-01
0.0000000000000000000000000000000000000000e+00
2.4757150369412195267670995235675945878029e-01
3.8754475704799368207531529151310678571463e-01
2.1236357534373379030157025226799305528402e-01
1.6610881646915010012577340603456832468510e-01
9.4874670738726019081354934314731508493423e-02
0.0000000000000000000000000000000000000000e+00
4.9185813568976122223119773479993455111980e-01
6.2081620178632002104990306179388426244259e-01
0.0000000000000000000000000000000000000000e+00
3.6204697884894893045171215817390475422144e-01
3.1888413606930188226584732547053135931492e-01
0.0000000000000000000000000000000000000000e+00
0.0000000000000000000000000000000000000000e+00
4.1268048260851902808710178760520648211241e-01
0.0000000000000000000000000000000000000000e+00
5.8521101222913340933473591576330363750458e-01
2.6219736964160855752226098047685809433460e-01
0.0000000000000000000000000000000000000000e+00
6.5093019740265889439001512073446065187454e-01
4.2704069391328258742390744373551569879055e-01
3.6662041434055370192623968250700272619724e-01
0.0000000000000000000000000000000000000000e+00
2.4757150369412195267670995235675945878029e-01
3.8754475704799368207531529151310678571463e-01
2.1236357534373379030157025226799305528402e-01
1.6610881646915010012577340603456832468510e-01
9.4874670738726019081354934314731508493423e-02
0.0000000000000000000000000000000000000000e+00
4.9185813568976122223119773479993455111980e-01
6.2081620178632002104990306179388426244259e-01
0.0000000000000000000000000000000000000000e+00
3.6204697884894893045171215817390475422144e-01
3.1888413606930188226584732547053135931492e-01
0.0000000000000000000000000000000000000000e+00
0.0000000000000000000000000000000000000000e+00
0.0000000000000000000000000000000000000000e+00
7.6986471444473011160880560055375099182129e+01
6.1628139015602867445409174251835793256760e-01
