1
0
23
8.5326287984381177231796300475252792239189e-01
3.5496184602990543677236701114452444016933e-01
4.4849441642130566387791645865945611149073e-01
8.3467539423481951210703755350550636649132e-01
6.0389677546681598541145064018564880825579e-02
7.1667388082114047431758763195830397307873e-01
6.6757648983930129027442035294370725750923e-01
5.6331972893329362861436493403743952512741e-01
7.6482946631041770491066245085676200687885e-01
6.5847468227881700286729937943164259195328e-01
6.4108551238706079633544732132577337324619e-01
2.7891208828676034015003892818640451878309e-01
7.3706127139379862267531962061184458434582e-01
5.1756622384169215234095418054494075477123e-01
6.5899257851789738715808653068961575627327e-01
6.8673464282587926010847922952962107956409e-01
0.0000000000000000000000000000000000000000e+00
9.3876358876554688581705931937904097139835e-01
6.6030594069205295060243088300921954214573e-01
7.6169115191366421058205560257192701101303e-01
7.5867521297509421529525752703193575143814e-01
1.0000000000000000000000000000000000000000e+00
6.5222504123890234772886742575792595744133e-01
7.9551139160260997407192462560487911105156e-01
7.3886846514019888232382982096169143915176e-01
7.3886846514018211795615798109793104231358e-01
8.0928477515833219246843555083614774048328e-01
9.9059430015556060311610053759068250656128e-01
8.8304273945285949309891293523833155632019e-01
4.3494103314773979729324082654784433543682e-01
6.3907666139205976385539997863816097378731e-01
5.9030425709136258305420597025658935308456e-01
6.9183582153502842793102445284603163599968e-01
6.5621562287771284527337911640643142163754e-01
9.4872022901644581516222842765273526310921e-01
6.9407172324023258536129787898971699178219e-01
6.4382736357334224841508785175392404198647e-01
4.0315754871493247879499222108279354870319e-01
6.6483642886377136704822987667284905910492e-01
1.0000000000000000000000000000000000000000e+00
6.0483693366330681939757596410345286130905e-01
8.1526175227397312816890462272567674517632e-01
1.0000000000000000000000000000000000000000e+00
8.8087791846289675845582678448408842086792e-01
6.9370112772903846920513615259551443159580e-01
5.0388973108717705073900106071960180997849e-01
0.0000000000000000000000000000000000000000e+00
7.3713932317638120039759996870998293161392e-01
8.2514718741631787324308788811322301626205e-01
7.4202819625402649528211895813001319766045e-01
8.4668274513009700310561811420484445989132e-01
5.7361681650436213697474840955692343413830e-01
6.5222504123890234772886742575792595744133e-01
6.7197966578658629988041184333269484341145e-01
6.6701728623857781119710352868423797190189e-01
1.0000000000000000000000000000000000000000e+00
3.1844697120723791661234258754120673984289e-01
7.3706127139379862267531962061184458434582e-01
7.3298282168793238433579517732141539454460e-01
7.3886846514018211795615798109793104231358e-01
9.0454734995381991247143105283612385392189e-01
5.7550469534237980173685400586691685020924e-01
1.0000000000000000000000000000000000000000e+00
9.9616547523458964796816417219815775752068e-01
9.5569708665873642772226048691663891077042e-01
8.6375409723135243567071483994368463754654e-01
4.6179294425204520102568039874313399195671e-01
4.1314304906464943689670121784729417413473e-01
7.1667388082114735770034030792885459959507e-01
5.1593388239095117064891837799223139882088e-01
6.5621562287770840438128061578026972711086e-01
6.5621562287771362242949635401600971817970e-01
1.0000000000000000000000000000000000000000e+00
8.7500089082527743311601398090715520083904e-01
5.3479159559842359694670221870183013379574e-01
6.6968432553001566720496384732541628181934e-01
1.0000000000000000000000000000000000000000e+00
8.4598871713647227910115589111228473484516e-01
9.3428127993099474579707930388394743204117e-01
1.9743456252458749244915736653638305142522e-01
4.9258745092882399996270237352291587740183e-01
7.5756207900756544759701682778540998697281e-01
7.5851180474670987230467744666384533047676e-01
1.0000000000000000000000000000000000000000e+00
1.0000000000000000000000000000000000000000e+00
8.2911352626574497115541362290969118475914e-01
9.5214920599987440397171667427755892276764e-01
6.4382736357335190735540209061582572758198e-01
1.0000000000000000000000000000000000000000e+00
4.4327154492502324201197438924282323569059e-01
6.6291821159767849724886445983429439365864e-01
7.7354517252210519551169909391319379210472e-01
1.9321432357728762774229380738688632845879e-01
5.7499326335054590231266047339886426925659e-01
5.0824213514662486268491647933842614293098e-01
7.8913768265820327663107036642031744122505e-01
9.2108307604303663040923311200458556413651e-01
2.4287193102869752969752425997285172343254e-01
9.8285662327306821950401172216515988111496e-01
7.3886846514018200693385551858227699995041e-01
6.2381626484487917583265925713931210339069e-01
6.0628761147373955164852077359682880342007e-01
4.4271170238331591928471198116312734782696e-01
6.0628761147373477768951488542370498180389e-01
7.3139150280347009491777043876936659216881e-01
7.0408215132374940559145670704310759902000e-01
0.0000000000000000000000000000000000000000e+00
6.6783377466791205012697218990069814026356e-01
8.1090107255022481069772766204550862312317e-01
5.8554947728761752578918731160229071974754e-01
5.8601916502741835390821734108612872660160e-01
6.5527672470989273278973996639251708984375e-01
6.7269443758356395335340494057163596153259e-01
6.3005417039391620193100607139058411121368e-01
5.4500106289388683400432000780710950493813e-01
5.5573916271040069148057227721437811851501e-01
6.6146713823208602711645198723999783396721e-01
1.0000000000000000000000000000000000000000e+00
6.6523315765577428759769418320502154529095e-01
7.1488337400173818103610301477601751685143e-01
8.3893621648662697332099469349486753344536e-01
0.0000000000000000000000000000000000000000e+00
5.7553501845736543263143403237336315214634e-01
9.7815257590147031141469824433443136513233e-01
6.6932637127901251083983424905454739928246e-01
7.0616375750892634854949392320122569799423e-01
8.6343416548571272350898198055801913142204e-01
9.0053602798439946752750984160229563713074e-01
7.8662810667123428398639362058020196855068e-01
5.5596001544645012870660139014944434165955e-01
8.4725289626953492749805718631250783801079e-01
8.2656539239089932280535322206560522317886e-01
7.4647580404788060892684598002233542501926e-01
6.0000402555846388263915969218942336738110e-01
5.7329272836710098992796247330261394381523e-01
1.0000000000000000000000000000000000000000e+00
4.8806280305924393259076055073819588869810e-01
4.8806280305924393259076055073819588869810e-01
6.6483642886377269931585942686069756746292e-01
8.8831553041977362461523171077715232968330e-01
7.8092245769939716559804310236359015107155e-01
1.0000000000000000000000000000000000000000e+00
7.0433003317879983029570212238468229770660e-01
1.0000000000000000000000000000000000000000e+00
9.1462032074121524249932235761662013828754e-01
8.5046005730803519995220085547771304845810e-01
1.0000000000000000000000000000000000000000e+00
6.8836691887568290937338133517187088727951e-01
7.8092245769939527821890123959747143089771e-01
6.8836691887568346448489364775014109909534e-01
6.1502833846331483869107614737004041671753e-01
7.5368971918839877677243066500523127615452e-01
6.3005417039391542477488883378100581467152e-01
9.4093492880923279564342465164372697472572e-01
5.2734646372873761333011088936473242938519e-01
1.0000000000000000000000000000000000000000e+00
1.0000000000000000000000000000000000000000e+00
1.0000000000000000000000000000000000000000e+00
1.0000000000000000000000000000000000000000e+00
1.0000000000000000000000000000000000000000e+00
1.0000000000000000000000000000000000000000e+00
5.4405695663922459814898502372670918703079e-01
6.7023008292188512857734394856379367411137e-01
3.9310557903594922635193142923526465892792e-01
6.8075082148238563739539586094906553626060e-01
5.0345370667323852131858075154013931751251e-01
1.0000000000000000000000000000000000000000e+00
7.9335180497526358589510664387489669024944e-01
4.8149641509601925903893970826175063848495e-01
1.0000000000000000000000000000000000000000e+00
8.7143083238149299241115386394085362553596e-01
1.0000000000000000000000000000000000000000e+00
0.0000000000000000000000000000000000000000e+00
7.9322855859912344556050811661407351493835e-01
8.2424282393974457328056359983747825026512e-01
8.9923614907078097679971051547909155488014e-01
1.0000000000000000000000000000000000000000e+00
8.6652276931647631563748745975317433476448e-01
7.9272387245932263155623331840615719556808e-01
8.8704955174310562426853721262887120246887e-01
7.7429023053666834464081603073282167315483e-01
8.6217694565424296548883376090088859200478e-01
4.4271170238331586377356074990530032664537e-01
8.2008397282763301205932293669320642948151e-01
1.0000000000000000000000000000000000000000e+00
5.5550681359555786897885809594299644231796e-01
5.6792463332617715288108684035250917077065e-01
9.0858377564050452068755703294300474226475e-01
8.9469422441259116585143829070148058235645e-01
7.1970691756296212293619873889838345348835e-01
7.8321761638953990569689267431385815143585e-01
4.2591440212261932884985071723349392414093e-01
6.1804381827190146836414896824862807989120e-01
7.4817355007701080715776242868741974234581e-01
8.5284629194237893123897720215609297156334e-01
7.5687624371418804614108921668957918882370e-01
6.5988174219747042226202893289155326783657e-01
6.6452024507527873709022969705983996391296e-01
8.0501907629569968705141036480199545621872e-01
9.5774930348776088351314683677628636360168e-01
5.4010411166216520939542533596977591514587e-01
5.4830403332343158329109655824140645563602e-01
5.1471145605947166146165727695915848016739e-01
8.4598871713647227910115589111228473484516e-01
7.0426625344343807277880387118784710764885e-01
4.6417300589379750785923306466429494321346e-01
8.2688189135300560472785491583636030554771e-01
7.5687624371418804614108921668957918882370e-01
8.0501907629569968705141036480199545621872e-01
9.2070767514094775663124892162159085273743e-01
7.2831672324748464308896700458717532455921e-01
3.5426300199808197222139938276086468249559e-01
4.4849441642130566387791645865945611149073e-01
6.0389677546681598541145064018564880825579e-02
5.6331972893329362861436493403743952512741e-01
2.7891208828676034015003892818640451878309e-01
0.0000000000000000000000000000000000000000e+00
6.5222504123890234772886742575792595744133e-01
4.3494103314773979729324082654784433543682e-01
4.0315754871493247879499222108279354870319e-01
0.0000000000000000000000000000000000000000e+00
3.1844697120723791661234258754120673984289e-01
4.1314304906464943689670121784729417413473e-01
1.9743456252458749244915736653638305142522e-01
1.9321432357728762774229380738688632845879e-01
0.0000000000000000000000000000000000000000e+00
0.0000000000000000000000000000000000000000e+00
4.8806280305924393259076055073819588869810e-01
5.2734646372873761333011088936473242938519e-01
0.0000000000000000000000000000000000000000e+00
4.2591440212261932884985071723349392414093e-01
3.5426300199808197222139938276086468249559e-01
0.0000000000000000000000000000000000000000e+00
4.4849441642130566387791645865945611149073e-01
6.0389677546681598541145064018564880825579e-02
5.6331972893329362861436493403743952512741e-01
2.7891208828676034015003892818640451878309e-01
0.0000000000000000000000000000000000000000e+00
6.5222504123890234772886742575792595744133e-01
4.3494103314773979729324082654784433543682e-01
4.0315754871493247879499222108279354870319e-01
0.0000000000000000000000000000000000000000e+00
3.1844697120723791661234258754120673984289e-01
4.1314304906464943689670121784729417413473e-01
1.9743456252458749244915736653638305142522e-01
1.9321432357728762774229380738688632845879e-01
0.0000000000000000000000000000000000000000e+00
0.0000000000000000000000000000000000000000e+00
4.8806280305924393259076055073819588869810e-01
5.2734646372873761333011088936473242938519e-01
0.0000000000000000000000000000000000000000e+00
4.2591440212261932884985071723349392414093e-01
3.5426300199808197222139938276086468249559e-01
0.0000000000000000000000000000000000000000e+00
0.0000000000000000000000000000000000000000e+00
4.4849441642130566387791645865945611149073e-01
6.0389677546681598541145064018564880825579e-02
5.6331972893329362861436493403743952512741e-01
2.7891208828676034015003892818640451878309e-01
0.0000000000000000000000000000000000000000e+00
6.5222504123890234772886742575792595744133e-01
4.3494103314773979729324082654784433543682e-01
4.0315754871493247879499222108279354870319e-01
0.0000000000000000000000000000000000000000e+00
3.1844697120723791661234258754120673984289e-01
4.1314304906464943689670121784729417413473e-01
1.9743456252458749244915736653638305142522e-01
1.9321432357728762774229380738688632845879e-01
0.0000000000000000000000000000000000000000e+00
0.0000000000000000000000000000000000000000e+00
4.8806280305924393259076055073819588869810e-01
5.2734646372873761333011088936473242938519e-01
0.0000000000000000000000000000000000000000e+00
4.2591440212261932884985071723349392414093e-01
3.5426300199808197222139938276086468249559e-01
0.0000000000000000000000000000000000000000e+00
0.0000000000000000000000000000000000000000e+00
0.0000000000000000000000000000000000000000e+00
7.9431743585352634795526682864874601364136e+01
6.9287458727180595285943809358286671340466e-01
