1
0
23
8.2820796348654934782018699479522183537483e-01
3.6361326363121571070280424464726820588112e-01
4.6244250547742993262545496691018342971802e-01
8.2509917222367368250246499883360229432583e-01
1.0705089983777042739188090081370319239795e-01
7.3177485490786620125902572908671572804451e-01
7.0106910212295048268060781992971897125244e-01
5.9126100293511729688589184661395847797394e-01
7.7702860959066666346473084558965638279915e-01
6.8775923292873231140731604682514443993568e-01
6.3227266093284206771585331807727925479412e-01
2.9663628706450256844462387562089134007692e-01
7.5905244623034473505640562507323920726776e-01
5.5113310417918270900372590404003858566284e-01
6.8411944968496940511215598235139623284340e-01
6.7544896657153974395271234243409708142281e-01
0.0000000000000000000000000000000000000000e+00
9.4509786626097813666547153843566775321960e-01
6.5729183570277238679580023017479106783867e-01
7.7588706283569786048559535629465244710445e-01
7.5621003787849450095137626703944988548756e-01
1.0000000000000000000000000000000000000000e+00
6.5729183570277238679580023017479106783867e-01
8.0666951451400892292298294705688022077084e-01
7.6430178811120463855388607044005766510963e-01
7.4717974373327766812735717394389212131500e-01
8.1540784731364535087294598270091228187084e-01
9.6335923906284004480937710468424484133720e-01
8.5147475045574194663089429013780318200588e-01
4.4568221071227320795316018120502121746540e-01
6.6949169757596682650557795568602159619331e-01
6.1500698262710407071551799162989482283592e-01
6.9049006163097303989673036994645372033119e-01
6.4321537588824218012462097249226644635201e-01
1.0000000000000000000000000000000000000000e+00
7.2502515259650324175311197905102744698524e-01
6.7763821088703890538340601779054850339890e-01
3.9211193156462637032788620672363322228193e-01
7.1520286496117413399531415052479133009911e-01
9.7958841018412390333480743720429018139839e-01
6.1037773433237207942880786504247225821018e-01
8.1539460774377892082753760405466891825199e-01
1.0000000000000000000000000000000000000000e+00
8.5177875503374256282995702349580824375153e-01
7.3856107592053821253585965678212232887745e-01
5.2204151839813706104109769512433558702469e-01
0.0000000000000000000000000000000000000000e+00
7.6534629600900050405698493705131113529205e-01
8.5980990897362175040541387716075405478477e-01
7.3887442999833963241940182342659682035446e-01
8.3787932596187775224905180948553606867790e-01
5.6289628932515434200922754826024174690247e-01
6.5729183570277238679580023017479106783867e-01
7.4370566393741832644792566497926600277424e-01
6.9895529669837919151120786409592255949974e-01
1.0000000000000000000000000000000000000000e+00
3.5460080289411549658851185995445121079683e-01
7.5914460433171315756339936342556029558182e-01
7.8356074296915179111522320454241707921028e-01
7.5914460433171049302814026304986327886581e-01
9.6117317441690719448388335877098143100739e-01
5.5378874132345812242306237749289721250534e-01
9.9300274932283616458050801156787201762199e-01
1.0000000000000000000000000000000000000000e+00
9.3729007714023915287526733663980849087238e-01
8.6755381452583324453087243455229327082634e-01
4.9192871115016822969323584402445703744888e-01
4.2840207917204431442570466970209963619709e-01
7.3177485490786609023672326657106168568134e-01
5.4280646510373786739478418894577771425247e-01
6.6864461631826432874703414199757389724255e-01
6.4855056834101509899426218908047303557396e-01
1.0000000000000000000000000000000000000000e+00
8.0234397763464682107326098048361018300056e-01
5.4964381007725326977464419542229734361172e-01
6.9299678172923229180213411382283084094524e-01
1.0000000000000000000000000000000000000000e+00
8.4047127509823515989495490430272184312344e-01
9.6117317441691052515295723424060270190239e-01
1.9387877541125958513745786149229388684034e-01
5.0342514089027867729697618415229953825474e-01
7.7842959134098643758647995127830654382706e-01
8.2901243390527823429181353276362642645836e-01
1.0000000000000000000000000000000000000000e+00
1.0000000000000000000000000000000000000000e+00
9.0707375710479842823019680508878082036972e-01
9.8522161515792672226154991221847012639046e-01
7.2377177103946754854746359342243522405624e-01
1.0000000000000000000000000000000000000000e+00
4.4841949530140640112207961465173866599798e-01
6.9159891757831470915363070162129588425159e-01
8.4718155966482644458892536931671202182770e-01
2.5970877770559497310642882439424283802509e-01
6.1231644643961902207962566535570658743382e-01
5.4991448161810063677279458715929649770260e-01
7.9443232420289033868243677716236561536789e-01
8.4590470919765148316571412578923627734184e-01
2.5619366171215424143881023155699949711561e-01
9.8608050167382677031469029316212981939316e-01
7.6430178811120463855388607044005766510963e-01
6.2290154391353480534121445089112967252731e-01
6.0075089966568162580529133265372365713120e-01
4.9192871115016822969323584402445703744888e-01
6.0075089966568162580529133265372365713120e-01
7.3026349159202297300907957833260297775269e-01
7.1338719660841642955517727386904880404472e-01
0.0000000000000000000000000000000000000000e+00
6.7981699994266042708090935775544494390488e-01
8.5957821863205774448601914627943187952042e-01
5.9126100293511729688589184661395847797394e-01
6.0721338858311024733183103307965211570263e-01
6.9321704513960447080478388670599088072777e-01
6.7336589128222346101182438360410742461681e-01
6.3444420910617105313633601326728239655495e-01
5.7773504004442299830657248094212263822556e-01
5.7934606022897305876995233120396733283997e-01
6.6067484724655434202844617175287567079067e-01
9.6117317441691252355440155952237546443939e-01
6.7336589128222112954347267077537253499031e-01
7.4450052255566867565050870325649157166481e-01
8.1631913407141309946268847852479666471481e-01
0.0000000000000000000000000000000000000000e+00
6.1434934298954868570064036248368211090565e-01
1.0000000000000000000000000000000000000000e+00
6.8047322350673367097328991803806275129318e-01
7.0268555892378958827038104573148302733898e-01
8.8481848727967538081884413259103894233704e-01
8.7074717665148348988424231720273382961750e-01
7.6922849849603069927184151310939341783524e-01
5.8695402870962776198382471193326637148857e-01
8.5671884336103332202583260368555784225464e-01
8.2473121528353576792369494796730577945709e-01
7.6922849849603069927184151310939341783524e-01
5.8709745366542021027811415478936396539211e-01
6.1639857665105157735752072767354547977448e-01
1.0000000000000000000000000000000000000000e+00
4.9646318612512158052751942705071996897459e-01
4.9646318612512158052751942705071996897459e-01
6.9933197230978250136246288093389011919498e-01
8.8952663321878966407041389174992218613625e-01
7.9260266160740566743214685629936866462231e-01
1.0000000000000000000000000000000000000000e+00
7.5547844544918163478541828226298093795776e-01
1.0000000000000000000000000000000000000000e+00
8.9542478950330339770857790426816791296005e-01
8.3793348457514260640976999638951383531094e-01
9.4067275336799904827955742803169414401054e-01
7.2127808183480235371121125353965908288956e-01
7.8356074296915179111522320454241707921028e-01
7.1505945793885761219144114875234663486481e-01
6.3408797045890630261766318653826601803303e-01
7.7085778730589282758955960161983966827393e-01
6.3444420910617105313633601326728239655495e-01
8.9859834951149841764106440678006038069725e-01
5.3448387054573842647187120746821165084839e-01
1.0000000000000000000000000000000000000000e+00
1.0000000000000000000000000000000000000000e+00
1.0000000000000000000000000000000000000000e+00
1.0000000000000000000000000000000000000000e+00
1.0000000000000000000000000000000000000000e+00
1.0000000000000000000000000000000000000000e+00
6.3955600172760784793979382811812683939934e-01
6.2148966640494074376022126671159639954567e-01
4.4666842650535243386400452436646446585655e-01
8.0964531003377937512510698070400394499302e-01
4.8693229802571502684571669306023977696896e-01
1.0000000000000000000000000000000000000000e+00
7.6278686959868258199435331334825605154037e-01
4.1598433001843448941770020610420033335686e-01
1.0000000000000000000000000000000000000000e+00
8.3788904251167617420748001677566207945347e-01
1.0000000000000000000000000000000000000000e+00
0.0000000000000000000000000000000000000000e+00
7.9958189058054274234166314272442832589149e-01
7.7212071793985792567127646179869771003723e-01
9.6636183057364921644705191283719614148140e-01
1.0000000000000000000000000000000000000000e+00
8.4106543196547489671388575516175478696823e-01
7.7006560933966039517173385320347733795643e-01
8.2711781196258926662778776517370715737343e-01
8.2711781196258826742706560253282077610493e-01
9.0263887100041040323361585251404903829098e-01
4.6024794616176512018768107736832462251186e-01
7.9974962487627254681399335822788998484612e-01
1.0000000000000000000000000000000000000000e+00
5.9863378820675550162633271611412055790424e-01
5.7688673156937897434914930272498168051243e-01
8.9718907899177535725243615161161869764328e-01
8.9304132828688065348643476681900210678577e-01
7.4434957928039602315095635276520624756813e-01
8.7643086727029673177469248912530019879341e-01
4.3878299667788828175574167289596516638994e-01
6.1434934298954868570064036248368211090565e-01
7.9943240829805217728676325350534170866013e-01
8.8761507597771838184996795462211593985558e-01
7.7688079464282122632567961773020215332508e-01
6.8408407225240464022419928369345143437386e-01
7.2153724024129184400067060778383165597916e-01
8.3431101387817985237660423081251792609692e-01
1.0000000000000000000000000000000000000000e+00
5.4648120106466369083619838420418091118336e-01
5.6660203518587826110319838335271924734116e-01
5.4523384044791955993503052013693377375603e-01
8.5383797483359957780635340895969420671463e-01
7.2153724024129184400067060778383165597916e-01
4.6483308887838087342103676746773999184370e-01
8.3792505253501969875173926993738859891891e-01
8.1925317945253062212884742621099576354027e-01
8.2363433571080468809100239013787358999252e-01
9.5954824570339680711583696393063291907310e-01
7.4425742117902760064396261441288515925407e-01
3.9511484362592252939094805697095580399036e-01
4.6244250547742993262545496691018342971802e-01
1.0705089983777042739188090081370319239795e-01
5.9126100293511729688589184661395847797394e-01
2.9663628706450256844462387562089134007692e-01
0.0000000000000000000000000000000000000000e+00
6.5729183570277238679580023017479106783867e-01
4.4568221071227320795316018120502121746540e-01
3.9211193156462637032788620672363322228193e-01
0.0000000000000000000000000000000000000000e+00
3.5460080289411549658851185995445121079683e-01
4.2840207917204431442570466970209963619709e-01
1.9387877541125958513745786149229388684034e-01
2.5970877770559497310642882439424283802509e-01
0.0000000000000000000000000000000000000000e+00
0.0000000000000000000000000000000000000000e+00
4.9646318612512158052751942705071996897459e-01
5.3448387054573842647187120746821165084839e-01
0.0000000000000000000000000000000000000000e+00
4.3878299667788828175574167289596516638994e-01
3.9511484362592252939094805697095580399036e-01
0.0000000000000000000000000000000000000000e+00
4.6244250547742993262545496691018342971802e-01
1.0705089983777042739188090081370319239795e-01
5.9126100293511729688589184661395847797394e-01
2.9663628706450256844462387562089134007692e-01
0.0000000000000000000000000000000000000000e+00
6.5729183570277238679580023017479106783867e-01
4.4568221071227320795316018120502121746540e-01
3.9211193156462637032788620672363322228193e-01
0.0000000000000000000000000000000000000000e+00
3.5460080289411549658851185995445121079683e-01
4.2840207917204431442570466970209963619709e-01
1.9387877541125958513745786149229388684034e-01
2.5970877770559497310642882439424283802509e-01
0.0000000000000000000000000000000000000000e+00
0.0000000000000000000000000000000000000000e+00
4.9646318612512158052751942705071996897459e-01
5.3448387054573842647187120746821165084839e-01
0.0000000000000000000000000000000000000000e+00
4.3878299667788828175574167289596516638994e-01
3.9511484362592252939094805697095580399036e-01
0.0000000000000000000000000000000000000000e+00
0.0000000000000000000000000000000000000000e+00
4.6244250547742993262545496691018342971802e-01
1.0705089983777042739188090081370319239795e-01
5.9126100293511729688589184661395847797394e-01
2.9663628706450256844462387562089134007692e-01
0.0000000000000000000000000000000000000000e+00
6.5729183570277238679580023017479106783867e-01
4.4568221071227320795316018120502121746540e-01
3.9211193156462637032788620672363322228193e-01
0.0000000000000000000000000000000000000000e+00
3.5460080289411549658851185995445121079683e-01
4.2840207917204431442570466970209963619709e-01
1.9387877541125958513745786149229388684034e-01
2.5970877770559497310642882439424283802509e-01
0.0000000000000000000000000000000000000000e+00
0.0000000000000000000000000000000000000000e+00
4.9646318612512158052751942705071996897459e-01
5.3448387054573842647187120746821165084839e-01
0.0000000000000000000000000000000000000000e+00
4.3878299667788828175574167289596516638994e-01
3.9511484362592252939094805697095580399036e-01
0.0000000000000000000000000000000000000000e+00
0.0000000000000000000000000000000000000000e+00
0.0000000000000000000000000000000000000000e+00
7.8986262141926161461924493778496980667114e+01
7.2892995041648311893567324659670703113079e-01
