1
0
23
6.0547726951477021106740039613214321434498e-01
4.1998688808048462162147984599869232624769e-01
5.9567606262988392895607603350072167813778e-01
9.2033310216306007944808698084671050310135e-01
0.0000000000000000000000000000000000000000e+00
9.2814212089841319208716186039964668452740e-01
7.6817322522073283597165982428123243153095e-01
6.2563337554988052158222444631974212825298e-01
7.2229531568266158725322156897163949906826e-01
7.1714919147649380803954954899381846189499e-01
6.7741648862821346455120874452404677867889e-01
3.1860924233535037330966588342562317848206e-01
7.3507855838032198914078207963029853999615e-01
1.0000000000000000000000000000000000000000e+00
1.0000000000000000000000000000000000000000e+00
1.0000000000000000000000000000000000000000e+00
0.0000000000000000000000000000000000000000e+00
8.4210423926936539551491023303242400288582e-01
9.6769103071727835541082640702370554208755e-01
9.2925414455571853089566047856351360678673e-01
7.5632191319380448479847700582467950880527e-01
8.4668458076111485777204279656871221959591e-01
6.1275833595845652368439004931133240461349e-01
8.6108548555800146218075497017707675695419e-01
6.8778256419561678569607465760782361030579e-01
8.7337675940818004782784100825665518641472e-01
7.5509994975308258879920231265714392066002e-01
1.0000000000000000000000000000000000000000e+00
8.3371855448137999200497461060876958072186e-01
5.5634304031023440462178086818312294781208e-01
7.2172585306111181058241754726623184978962e-01
8.5682155252651892585191717444104142487049e-01
8.8236045957341835421772202607826329767704e-01
5.8254201003531080882424930678098462522030e-01
1.0000000000000000000000000000000000000000e+00
9.1391149131561577600990631253807805478573e-01
9.1529314435049302645097668573725968599319e-01
3.3141028777583120268346306147577706724405e-01
9.2814212089841330310946432291530072689056e-01
9.3220621956815907793725273222662508487701e-01
7.7298930340543903216854459969908930361271e-01
8.5808692778963202574260549226892180740833e-01
7.0293494370013764882543227940914221107960e-01
8.0241169835156922474084240093361586332321e-01
1.0000000000000000000000000000000000000000e+00
9.0983750402998242456931166088907048106194e-01
0.0000000000000000000000000000000000000000e+00
6.7395853977652031563394530166988261044025e-01
9.9865745956988227760575682623311877250671e-01
7.9981301514565483756769026513211429119110e-01
7.0314293270134431423912246827967464923859e-01
8.6246962757887613015839178842725232243538e-01
8.6958015768212304497097875355393625795841e-01
8.2818928102504119070914612166234292089939e-01
7.1868019363335733373787661548703908920288e-01
8.3878875558083487717908610648009926080704e-01
3.1909134544896522456269849499221891164780e-01
6.7246260052418227459725130756851285696030e-01
8.3908391971915974316686970269074663519859e-01
8.5918068069375830297929041989846155047417e-01
7.5066078856748075232019346003653481602669e-01
5.9110246850140546470697699987795203924179e-01
8.0101218512212801758920477368519641458988e-01
7.2183099121052873847759201453300192952156e-01
8.7078760322902981627635199401993304491043e-01
7.7334065479567071221822516235988587141037e-01
4.5926920834093126755348635015252511948347e-01
2.0889097405337200830111044069781200960279e-01
7.2059995006225563418666979487170465290546e-01
8.8226089927105544319374530459754168987274e-01
8.0113377949356967544503049794002436101437e-01
7.6532694141599488801830375450663268566132e-01
1.0000000000000000000000000000000000000000e+00
1.0000000000000000000000000000000000000000e+00
8.4010236702410656661754728702362626791000e-01
9.6818607151265412280594091498642228543758e-01
8.8740067919513132554953926955931819975376e-01
7.7605031357841658401497397790080867707729e-01
6.7332037858223847681671259124414063990116e-01
4.3680985359531598888338521646801382303238e-01
7.6784811745229486490416093147359788417816e-01
8.3908391971915974316686970269074663519859e-01
6.6013108347229909611542097991332411766052e-01
7.3836230923471357634468859032494947314262e-01
6.6026134623912857701810708022094331681728e-01
8.8110089897536814085299283760832622647285e-01
7.8504827936842591640242972061969339847565e-01
9.9728918123119503214013548131333664059639e-01
1.0000000000000000000000000000000000000000e+00
4.5757921995693195960086541163036599755287e-01
4.2324319166872148567648537209606729447842e-01
7.9631756772671991040368766334722749888897e-01
1.6078175510594849839662856538780033588409e-01
6.5175392973813162100782392371911555528641e-01
9.7622830220375245158237476061913184821606e-01
7.4186879464811950057878675579559057950974e-01
1.0000000000000000000000000000000000000000e+00
6.3304282061605532394565898357541300356388e-01
1.0000000000000000000000000000000000000000e+00
7.9296646857005925745909280522027984261513e-01
8.2603914099335895571130095049738883972168e-01
6.1159651358002853349660199455684050917625e-01
3.8310943379763406912985601593391038477421e-01
3.3341971343554832607480875594774261116982e-01
8.0385371890120171922688996346550993621349e-01
5.5992252804640552099613159953150898218155e-01
0.0000000000000000000000000000000000000000e+00
9.1299557494655725342624918994260951876640e-01
7.8021429430675315330745434039272367954254e-01
7.9706373911327510484170488780364394187927e-01
8.1882376479721885598195285638212226331234e-01
1.0000000000000000000000000000000000000000e+00
9.4487860274438373320293749202392064034939e-01
8.7361557178325377481797886503045447170734e-01
7.4537399395673653579308393091196194291115e-01
9.5633374969503459617214957688702270388603e-01
8.7673433221764418554755593504523858428001e-01
8.2054533003605345520270475390134379267693e-01
1.0000000000000000000000000000000000000000e+00
9.3193378026296325167265877098543569445610e-01
7.6427060362685739214327895751921460032463e-01
4.9132310569704229497034475571126677095890e-01
8.0210574881864082907867441463167779147625e-01
1.0000000000000000000000000000000000000000e+00
8.5918068069375830297929041989846155047417e-01
6.5187108405327731652789680083515122532845e-01
8.3438034945218464422111992462305352091789e-01
8.0210574881864082907867441463167779147625e-01
8.0210574881864082907867441463167779147625e-01
7.3333118578838119017149210776551626622677e-01
9.3183141290465465456094307228340767323971e-01
8.3153890140319952628544797335052862763405e-01
7.1542918542186240138391895015956833958626e-01
7.5678684828812403662112728852662257850170e-01
7.7384186144321531752865439557353965938091e-01
7.3333118578837441781104189431061968207359e-01
7.3649345159271861760430510912556201219559e-01
6.2174489518254183462175888053025119006634e-01
9.4588951777810359455855859778239391744137e-01
8.7381720873340296140696636939537711441517e-01
7.9706373911327510484170488780364394187927e-01
7.4808860931497533908185459949891082942486e-01
8.2852877764990806586098415209562517702579e-01
9.2730941911647601916257599441451020538807e-01
8.2852877764990806586098415209562517702579e-01
8.9158114663479026695824813941726461052895e-01
7.1883837601792599514283210737630724906921e-01
7.5745412554279756278674540226347744464874e-01
7.4808860931497533908185459949891082942486e-01
8.4010236702410656661754728702362626791000e-01
8.7381720873340296140696636939537711441517e-01
7.1211985988736503649931819381890818476677e-01
7.5745412554279756278674540226347744464874e-01
8.2273512631066625377940226826467551290989e-01
6.6117839927072075134617534786229953169823e-01
8.1001919264156563293965973571175709366798e-01
1.0000000000000000000000000000000000000000e+00
7.9706373911327510484170488780364394187927e-01
9.9510491027435710176263228277093730866909e-01
3.0734668725131231159508615746744908392429e-01
8.5149867274279844586715171317337080836296e-01
9.3708167244306406207243753669899888336658e-01
1.0000000000000000000000000000000000000000e+00
3.4675716971568770752298860315931960940361e-01
6.2666737102863823150045163856702856719494e-01
4.7426669054118747448356430140847805887461e-01
9.3610921923500745034374403985566459596157e-01
1.0000000000000000000000000000000000000000e+00
4.1444063965013988593000249238684773445129e-01
8.7673433221764418554755593504523858428001e-01
8.0210574881864071805637195211602374911308e-01
8.0018043580822673099817166075808927416801e-01
0.0000000000000000000000000000000000000000e+00
7.0191547367053974681994077400304377079010e-01
8.4614694748003105306821680642315186560154e-01
7.7565233174151837491905325805419124662876e-01
6.7741648862821346455120874452404677867889e-01
4.9831775165319069920144556817831471562386e-01
6.1275833595845652368439004931133240461349e-01
7.7248297748501970616530343249905854463577e-01
1.0000000000000000000000000000000000000000e+00
1.0000000000000000000000000000000000000000e+00
5.1300969925010075911586682195775210857391e-01
5.9622218287260853042397457102197222411633e-01
8.6204824605860130848355993293807841837406e-01
5.0421020478812916820743339485488831996918e-01
4.3004001117137347076635478515527211129665e-01
9.0717300918536880605103078778483904898167e-01
9.6909281339102715246980324081960134208202e-01
8.7381720873340973376741658285027369856834e-01
4.1892156190135354520975852210540324449539e-01
3.3373099816013995777552736399229615926743e-01
6.3895424915067478011110324587207287549973e-01
7.1574078704497312575227851993986405432224e-01
9.4296812345220659690170350586413405835629e-01
7.5116923699784332590922986128134652972221e-01
6.5122296445309801882217470847535878419876e-01
7.8654241691058501828592852689325809478760e-01
7.6756541725468785397623605604167096316814e-01
8.2476184898066962070117824623594060540199e-01
8.6615585686497853501464305736590176820755e-01
4.7292408144605996289655536202189978212118e-01
3.8901031654276285731697271330631338059902e-01
7.5293785535879897974353980316664092242718e-01
5.0164464236087003001784978550858795642853e-01
3.8901031654276285731697271330631338059902e-01
7.6743053220151169480089947683154605329037e-01
7.6429829721714914736452328725135885179043e-01
7.6429829721714914736452328725135885179043e-01
7.3977414486191461762132348667364567518234e-01
6.1515302973548591225494419632013887166977e-01
2.9757177290506658939861495127843227237463e-01
5.9567606262988392895607603350072167813778e-01
0.0000000000000000000000000000000000000000e+00
6.2563337554988052158222444631974212825298e-01
3.1860924233535037330966588342562317848206e-01
0.0000000000000000000000000000000000000000e+00
6.1275833595845652368439004931133240461349e-01
5.5634304031023440462178086818312294781208e-01
3.3141028777583120268346306147577706724405e-01
0.0000000000000000000000000000000000000000e+00
3.1909134544896522456269849499221891164780e-01
2.0889097405337200830111044069781200960279e-01
4.3680985359531598888338521646801382303238e-01
1.6078175510594849839662856538780033588409e-01
0.0000000000000000000000000000000000000000e+00
4.9132310569704229497034475571126677095890e-01
6.2174489518254183462175888053025119006634e-01
6.6117839927072075134617534786229953169823e-01
0.0000000000000000000000000000000000000000e+00
3.3373099816013995777552736399229615926743e-01
2.9757177290506658939861495127843227237463e-01
0.0000000000000000000000000000000000000000e+00
5.9567606262988392895607603350072167813778e-01
0.0000000000000000000000000000000000000000e+00
6.2563337554988052158222444631974212825298e-01
3.1860924233535037330966588342562317848206e-01
0.0000000000000000000000000000000000000000e+00
6.1275833595845652368439004931133240461349e-01
5.5634304031023440462178086818312294781208e-01
3.3141028777583120268346306147577706724405e-01
0.0000000000000000000000000000000000000000e+00
3.1909134544896522456269849499221891164780e-01
2.0889097405337200830111044069781200960279e-01
4.3680985359531598888338521646801382303238e-01
1.6078175510594849839662856538780033588409e-01
0.0000000000000000000000000000000000000000e+00
4.9132310569704229497034475571126677095890e-01
6.2174489518254183462175888053025119006634e-01
6.6117839927072075134617534786229953169823e-01
0.0000000000000000000000000000000000000000e+00
3.3373099816013995777552736399229615926743e-01
2.9757177290506658939861495127843227237463e-01
0.0000000000000000000000000000000000000000e+00
0.0000000000000000000000000000000000000000e+00
5.9567606262988392895607603350072167813778e-01
0.0000000000000000000000000000000000000000e+00
6.2563337554988052158222444631974212825298e-01
3.1860924233535037330966588342562317848206e-01
0.0000000000000000000000000000000000000000e+00
6.1275833595845652368439004931133240461349e-01
5.5634304031023440462178086818312294781208e-01
3.3141028777583120268346306147577706724405e-01
0.0000000000000000000000000000000000000000e+00
3.1909134544896522456269849499221891164780e-01
2.0889097405337200830111044069781200960279e-01
4.3680985359531598888338521646801382303238e-01
1.6078175510594849839662856538780033588409e-01
0.0000000000000000000000000000000000000000e+00
4.9132310569704229497034475571126677095890e-01
6.2174489518254183462175888053025119006634e-01
6.6117839927072075134617534786229953169823e-01
0.0000000000000000000000000000000000000000e+00
3.3373099816013995777552736399229615926743e-01
2.9757177290506658939861495127843227237463e-01
0.0000000000000000000000000000000000000000e+00
0.0000000000000000000000000000000000000000e+00
0.0000000000000000000000000000000000000000e+00
9.0697419729392748877216945402324199676514e+01
6.7958411863314382994616380528896115720272e-01
