1
0
23
6.0446920291698191807228113248129375278950e-01
4.3695756009050429335971443833841476589441e-01
6.1438908355577626085874953787424601614475e-01
8.6940703299006238946589064653380773961544e-01
0.0000000000000000000000000000000000000000e+00
9.4353372889816267132800930994562804698944e-01
8.2388803203432259270044824006618000566959e-01
6.3528560856097726627922384068369865417480e-01
8.1546755229367995365663546181167475879192e-01
7.8750361807539404068734256725292652845383e-01
7.1762794104612837031709204893559217453003e-01
4.4003220295262263084268283819255884736776e-01
7.6523165149451688460402465352672152221203e-01
1.0000000000000000000000000000000000000000e+00
1.0000000000000000000000000000000000000000e+00
1.0000000000000000000000000000000000000000e+00
0.0000000000000000000000000000000000000000e+00
8.3358046142671959888303945263032801449299e-01
9.5382779078238044689896923955529928207397e-01
9.1634848809086455467820542253321036696434e-01
8.3264152235048516370596871638554148375988e-01
8.2183062109344939827337839233223348855972e-01
5.9687458163078743744733856146922335028648e-01
8.6276615981765414353787946311058476567268e-01
7.2119042813448763773465088888769969344139e-01
8.9546566516220438280981852585682645440102e-01
8.1998037202392026756569975987076759338379e-01
1.0000000000000000000000000000000000000000e+00
8.2606341722533571658715345620294101536274e-01
5.6632125508617581211012748099165037274361e-01
7.6523165149451688460402465352672152221203e-01
8.6940703299006238946589064653380773961544e-01
9.0267474407457115592734453457524068653584e-01
7.1590120897769116137254741261131130158901e-01
1.0000000000000000000000000000000000000000e+00
9.4570937672518118333186976087745279073715e-01
9.4414648652770183367977097077528014779091e-01
3.9362797971801577467942934163147583603859e-01
9.5115983327623110366033643003902398049831e-01
9.1334699552054221527441768557764589786530e-01
7.8321301107504492922117833586526103317738e-01
9.0402247745139296952743279689457267522812e-01
9.1309605473796007224507320643169805407524e-01
7.8820971638129755376667162636294960975647e-01
1.0000000000000000000000000000000000000000e+00
9.7370123561799282185802439926192164421082e-01
0.0000000000000000000000000000000000000000e+00
7.4770262522159647300412643744493834674358e-01
1.0000000000000000000000000000000000000000e+00
8.4365713196487779335086543142097070813179e-01
8.1717098578331803793162180227227509021759e-01
8.9012683347982013426502589936717413365841e-01
9.1937829619203559339268849726067855954170e-01
8.6362048653184408930627569134230725467205e-01
7.6495273781535344514992402764619328081608e-01
9.0715524583679774117683791700983420014381e-01
3.7825079603019140517261575951124541461468e-01
7.4049395700573938938759965822100639343262e-01
8.4914470318411983118522812219453044235706e-01
8.6519929127736705520845816863584332168102e-01
8.5748206427326012502021512773353606462479e-01
6.4728545612892895988466079870704561471939e-01
8.5395502290008351575778533515403978526592e-01
8.1102298436738284870273218984948471188545e-01
9.5891624807804620722606614435790106654167e-01
8.9800971084113123676928580607636831700802e-01
5.4923111624822973375614765245700255036354e-01
3.1722384613662180097293230573995970189571e-01
7.4049395700573938938759965822100639343262e-01
8.5110731789109428380157851279363967478275e-01
8.6309630037154327908410778036341071128845e-01
8.5740943508467326594768564973492175340652e-01
1.0000000000000000000000000000000000000000e+00
1.0000000000000000000000000000000000000000e+00
8.4789629687712497752016815866227261722088e-01
1.0000000000000000000000000000000000000000e+00
9.7392352353253064389804194433963857591152e-01
8.3060295779539294880322586323018185794353e-01
7.6794871676853349029556738969404250383377e-01
4.6099900684860961597166806313907727599144e-01
8.6276615981765414353787946311058476567268e-01
8.5882868960603730990044368809321895241737e-01
6.9164259789173498926828642652253620326519e-01
9.3106926435302117539549726643599569797516e-01
6.9585776043329294893169389979448169469833e-01
9.4811566366364385949339066428365185856819e-01
8.6276615981765414353787946311058476567268e-01
1.0000000000000000000000000000000000000000e+00
1.0000000000000000000000000000000000000000e+00
5.4923111624823062193456735258223488926888e-01
5.0295344568021715936367854737909510731697e-01
8.7364562939885948011919936107005923986435e-01
2.3555084056218644761315772484522312879562e-01
6.8638675522566350295505799294915050268173e-01
9.0685993480331672511596252661547623574734e-01
7.8955296962315280051569743591244332492352e-01
9.7830771891710743837222707952605560421944e-01
7.2022571031793070073234730443800799548626e-01
1.0000000000000000000000000000000000000000e+00
8.4272404287165958436389701091684401035309e-01
8.3787837691660127514836631235084496438503e-01
6.8092751420603558898392293485812842845917e-01
4.4176383146520920019995060101791750639677e-01
4.2630611785341077091260331144439987838268e-01
8.7048008315980585081206299946643412113190e-01
5.9732467871965644334864009579177945852280e-01
3.8103790180015979782712776113839936442673e-02
9.1889817348125379936618628562428057193756e-01
8.3072874485841874392377803815179504454136e-01
8.3074262104640417270218222256517037749290e-01
8.6880825447512843862085674118134193122387e-01
1.0000000000000000000000000000000000000000e+00
9.8163780872261086063446100524743087589741e-01
9.1759931155552210135795121459523215889931e-01
7.8750402735726299230378799620666541159153e-01
9.8229092698140907380377484514610841870308e-01
9.3083676000397430616573046791017986834049e-01
8.9800971084113123676928580607636831700802e-01
9.8163780872261086063446100524743087589741e-01
9.9337130552285213269669839064590632915497e-01
7.9569580810089202138613018178148195147514e-01
5.1673902145546979358670114379492588341236e-01
8.1546755229367851036670344910817220807076e-01
1.0000000000000000000000000000000000000000e+00
8.4228155453452879797282548679504543542862e-01
7.1425439254183042958601390637340955436230e-01
8.3641618985184584822434317175066098570824e-01
7.9602826897792844373924481260473839938641e-01
8.1376359767461892147366597782820463180542e-01
7.8470796906003315029920486267656087875366e-01
9.0402247745140407175767904845997691154480e-01
8.6362048653184408930627569134230725467205e-01
8.3227739792322907863564296349068172276020e-01
8.0613822695275416663207579404115676879883e-01
8.6276615981765414353787946311058476567268e-01
7.6902143004237710766091140612843446433544e-01
7.7552390888222710874089216304128058254719e-01
6.1156345976379522522137222040328197181225e-01
9.4353372889816267132800930994562804698944e-01
8.7817660875408609655323743936605751514435e-01
8.0734089696281063908145370078273117542267e-01
7.9462992441188085024350584717467427253723e-01
8.4605220694744620590910244573024101555347e-01
9.1634848809086455467820542253321036696434e-01
8.2566723731079039172442435301491059362888e-01
9.1453108665599769366849614016246050596237e-01
7.8465236585373054900571787584340199828148e-01
7.9833116287747030170862672093790024518967e-01
8.1509323001853273282790723897051066160202e-01
8.5230998790114831376030224419082514941692e-01
8.7817660875407588250141088792588561773300e-01
7.4555182351451765310201835745829157531261e-01
7.9833116287747030170862672093790024518967e-01
8.0734089696281063908145370078273117542267e-01
6.7145042103575847125540576598723419010639e-01
7.6523165149449556832195185052114538848400e-01
1.0000000000000000000000000000000000000000e+00
8.0734089696281063908145370078273117542267e-01
1.0000000000000000000000000000000000000000e+00
4.2491933130346459801529590549762360751629e-01
8.4223763789083017083925142287625931203365e-01
9.6181060524192729666026480117579922080040e-01
1.0000000000000000000000000000000000000000e+00
3.7942917223335093090952341299271211028099e-01
6.4897577067301703834800719050690531730652e-01
5.3681246487880218687394062726525589823723e-01
1.0000000000000000000000000000000000000000e+00
9.5675213753315835329971150713390670716763e-01
4.4910422117123616203571145888417959213257e-01
8.8832761981458929767541121691465377807617e-01
7.7849568751321118753594419104047119617462e-01
7.9833116287747030170862672093790024518967e-01
0.0000000000000000000000000000000000000000e+00
7.5263202549632279847457994037540629506111e-01
8.6217687849635638031031703576445579528809e-01
8.3167161245404619407395330199506133794785e-01
7.9491143438648748098529495109687559306622e-01
5.6186376399255033575741435925010591745377e-01
6.3556435250149045934620062325848266482353e-01
8.1099015244801375690286704411846585571766e-01
1.0000000000000000000000000000000000000000e+00
1.0000000000000000000000000000000000000000e+00
5.9034868744534718665306627372046932578087e-01
6.4816516094145604220955192431574687361717e-01
8.6019611642784132854444578697439283132553e-01
6.0840381245958918832172912516398355364799e-01
4.8925053799104623042381945197121240198612e-01
9.8009908511400156694293173131882213056087e-01
9.9461796906809063489873778962646611034870e-01
8.9541091024033181433594563713995739817619e-01
4.6961020314865153935102171089965850114822e-01
3.6203743237434643509331522182037588208914e-01
6.9899163853836765447624657099368050694466e-01
8.5164839699428251940105383255286142230034e-01
9.3809177382113961840559568372555077075958e-01
8.5164839699428274144565875758416950702667e-01
6.9899163853836765447624657099368050694466e-01
8.4048797240064776481460739887552335858345e-01
8.2003503297937230254177620736300013959408e-01
9.3310885753753580740266215798328630626202e-01
8.9376184218659671110174258501501753926277e-01
5.5960004306845467780817671155091375112534e-01
4.8905219600728316864390876617108006030321e-01
7.8165628392097563637008761361357755959034e-01
6.0209880682617678004930894530843943357468e-01
4.6983271233630802266034720560128334909678e-01
8.2724411189173696623555542828398756682873e-01
8.1745852687064946007211574396933428943157e-01
8.2629794938224332412346484488807618618011e-01
8.1390208295758181833434719010256230831146e-01
6.8205255023816302450967441473039798438549e-01
3.9332912797372054924949225096497684717178e-01
6.1438908355577626085874953787424601614475e-01
0.0000000000000000000000000000000000000000e+00
6.3528560856097726627922384068369865417480e-01
4.4003220295262263084268283819255884736776e-01
0.0000000000000000000000000000000000000000e+00
5.9687458163078743744733856146922335028648e-01
5.6632125508617581211012748099165037274361e-01
3.9362797971801577467942934163147583603859e-01
0.0000000000000000000000000000000000000000e+00
3.7825079603019140517261575951124541461468e-01
3.1722384613662180097293230573995970189571e-01
4.6099900684860961597166806313907727599144e-01
2.3555084056218644761315772484522312879562e-01
3.8103790180015979782712776113839936442673e-02
5.1673902145546979358670114379492588341236e-01
6.1156345976379522522137222040328197181225e-01
6.7145042103575847125540576598723419010639e-01
0.0000000000000000000000000000000000000000e+00
3.6203743237434643509331522182037588208914e-01
3.9332912797372054924949225096497684717178e-01
0.0000000000000000000000000000000000000000e+00
6.1438908355577626085874953787424601614475e-01
0.0000000000000000000000000000000000000000e+00
6.3528560856097726627922384068369865417480e-01
4.4003220295262263084268283819255884736776e-01
0.0000000000000000000000000000000000000000e+00
5.9687458163078743744733856146922335028648e-01
5.6632125508617581211012748099165037274361e-01
3.9362797971801577467942934163147583603859e-01
0.0000000000000000000000000000000000000000e+00
3.7825079603019140517261575951124541461468e-01
3.1722384613662180097293230573995970189571e-01
4.6099900684860961597166806313907727599144e-01
2.3555084056218644761315772484522312879562e-01
3.8103790180015979782712776113839936442673e-02
5.1673902145546979358670114379492588341236e-01
6.1156345976379522522137222040328197181225e-01
6.7145042103575847125540576598723419010639e-01
0.0000000000000000000000000000000000000000e+00
3.6203743237434643509331522182037588208914e-01
3.9332912797372054924949225096497684717178e-01
0.0000000000000000000000000000000000000000e+00
0.0000000000000000000000000000000000000000e+00
6.1438908355577626085874953787424601614475e-01
0.0000000000000000000000000000000000000000e+00
6.3528560856097726627922384068369865417480e-01
4.4003220295262263084268283819255884736776e-01
0.0000000000000000000000000000000000000000e+00
5.9687458163078743744733856146922335028648e-01
5.6632125508617581211012748099165037274361e-01
3.9362797971801577467942934163147583603859e-01
0.0000000000000000000000000000000000000000e+00
3.7825079603019140517261575951124541461468e-01
3.1722384613662180097293230573995970189571e-01
4.6099900684860961597166806313907727599144e-01
2.3555084056218644761315772484522312879562e-01
3.8103790180015979782712776113839936442673e-02
5.1673902145546979358670114379492588341236e-01
6.1156345976379522522137222040328197181225e-01
6.7145042103575847125540576598723419010639e-01
0.0000000000000000000000000000000000000000e+00
3.6203743237434643509331522182037588208914e-01
3.9332912797372054924949225096497684717178e-01
0.0000000000000000000000000000000000000000e+00
0.0000000000000000000000000000000000000000e+00
0.0000000000000000000000000000000000000000e+00
9.0506916222833581286977278068661689758301e+01
7.1294513121047664583329606102779507637024e-01
