1
0
23
6.0890937766524089180819601097027771174908e-01
4.2201813288205008989351085801899898797274e-01
5.9444806423864293698500205209711566567421e-01
9.1352475422787360326282168898615054786205e-01
0.0000000000000000000000000000000000000000e+00
9.2513533853676921392406029553967528045177e-01
7.7456302144640676310416438354877755045891e-01
6.2949673827114660529247203157865442335606e-01
7.3472334067680711289227701854542829096317e-01
7.3240515462231448040597570070531219244003e-01
6.8352488493256913226758797463844530284405e-01
3.4276927967442444300516513067123014479876e-01
7.5607232138075608496308177564060315489769e-01
1.0000000000000000000000000000000000000000e+00
9.9431834818695263855659050022950395941734e-01
1.0000000000000000000000000000000000000000e+00
0.0000000000000000000000000000000000000000e+00
8.4259655998992699643679316068300977349281e-01
9.8541739853709953145255440176697447896004e-01
9.3499372146346859668852857794263400137424e-01
7.7093353566588718184249273690511472523212e-01
8.5805215619784036551465078446199186146259e-01
6.2134043885598255752000795837375335395336e-01
8.5936917892315811684511572821065783500671e-01
6.9622336805070594856204024836188182234764e-01
8.7118588327195489728893562642042525112629e-01
7.6412951771123782673811319909873418509960e-01
1.0000000000000000000000000000000000000000e+00
8.2145664911298210686396714663715101778507e-01
5.5434646621765137908255383081268519163132e-01
7.2486949720563254029315203297301195561886e-01
8.6535581708392927957618212531087920069695e-01
8.8751370190051437347733553906437009572983e-01
6.0883458266404721914710762575850822031498e-01
1.0000000000000000000000000000000000000000e+00
9.3308921726462035195481803384609520435333e-01
9.1648900525393917071426130860345438122749e-01
3.3983291789957104089836548155290074646473e-01
9.3483245476533527451579175249207764863968e-01
9.5673900524000499157040167119703255593777e-01
7.4770664246868934199596878897864371538162e-01
8.8024098077933632389147078356472775340080e-01
7.0411231575478128164036206726450473070145e-01
7.9786710490363599301844033107045106589794e-01
1.0000000000000000000000000000000000000000e+00
9.2215817081014295197860519692767411470413e-01
0.0000000000000000000000000000000000000000e+00
6.9318408372573536713190378577564842998981e-01
9.9612162409801874307646585293696261942387e-01
8.0271511087544289431150446034735068678856e-01
7.2182700127765508923971538024488836526871e-01
8.7942437151130703476553662767400965094566e-01
8.7491661422603672626507886889157816767693e-01
8.2903791787908631683023941150167956948280e-01
7.2486949720563254029315203297301195561886e-01
8.2647078084214520288242056267336010932922e-01
3.3776935286702164384919910844473633915186e-01
6.9318408372573536713190378577564842998981e-01
8.2984193246387194520252705842722207307816e-01
8.5067372333014745766632813683827407658100e-01
7.6991379517286062661440837473492138087749e-01
6.0913639658485319028358162540826015174389e-01
8.1403351921300493021504962598555721342564e-01
7.2675576710205069819181744605884887278080e-01
8.8595118461556221500785568423452787101269e-01
8.1466485893514650751257022420759312808514e-01
4.7809714351711785074172667009406723082066e-01
2.3279142817321199498969974683859618380666e-01
7.1170275500448454408797260839492082595825e-01
8.5906728662524833861624529163236729800701e-01
8.3050017290247579726525373189360834658146e-01
7.8723917814248078883565540309064090251923e-01
1.0000000000000000000000000000000000000000e+00
1.0000000000000000000000000000000000000000e+00
8.3845950484387343770720235625049099326134e-01
9.6435506705645057667908304210868664085865e-01
9.1779060465295092541282429010607302188873e-01
7.8978945692745694540093381874612532556057e-01
6.9053962208450081483590565767372027039528e-01
4.3371653512573460353962673252681270241737e-01
7.8186137332586513881693690564134158194065e-01
8.3114117410940724361978482193080708384514e-01
6.7380130043311026177832445682724937796593e-01
7.8186137332586513881693690564134158194065e-01
6.5186713681546570864355771846021525561810e-01
8.8815374264760327260859185116714797914028e-01
7.9533029576649294511980770039372146129608e-01
1.0000000000000000000000000000000000000000e+00
1.0000000000000000000000000000000000000000e+00
4.7365264472668966444501847945502959191799e-01
4.4155331710283762802760065824259072542191e-01
7.7846313411238032831107602760312147438526e-01
1.4984693316712072164165192589280195534229e-01
6.6605625166050164143172196418163366615772e-01
9.5803580855796488524589449298218823969364e-01
7.4953066904982001972257421584799885749817e-01
1.0000000000000000000000000000000000000000e+00
6.6047365399369240002158676361432299017906e-01
1.0000000000000000000000000000000000000000e+00
7.9871458519655125218861257962998934090137e-01
7.9987752938009859526857781020225957036018e-01
6.4256251315049173200577570241875946521759e-01
3.9516267568212898320112458350195083767176e-01
3.5726257762900570646991127432556822896004e-01
8.2489049484740428752616026031319051980972e-01
5.5349645455497031854008582740789279341698e-01
1.1716920556253842058969105721644154982641e-02
9.1516429955500622206443495088024064898491e-01
7.7458559211769861807539427900337614119053e-01
8.0271511087544289431150446034735068678856e-01
8.2097528769305805340650294965598732233047e-01
1.0000000000000000000000000000000000000000e+00
9.4888892931166501920614564369316212832928e-01
8.8678494858561018876486059525632299482822e-01
7.4132022603963942941618370241485536098480e-01
9.4609873321445203675494894923758693039417e-01
8.7826788620831930387566899298690259456635e-01
8.2984193246387194520252705842722207307816e-01
1.0000000000000000000000000000000000000000e+00
9.1698436061314769762731202717986889183521e-01
7.6813665180727253023462708370061591267586e-01
4.8256077008996284272157595296448562294245e-01
8.0021632625969396634957320202374830842018e-01
1.0000000000000000000000000000000000000000e+00
8.5067372333014745766632813683827407658100e-01
6.5802515564143304604982631644816137850285e-01
8.4069552068747033235496246561524458229542e-01
8.0021632625969396634957320202374830842018e-01
7.9871458519655125218861257962998934090137e-01
7.4132022603963942941618370241485536098480e-01
8.8891700492290914858983796875691041350365e-01
8.4436880822747195640687323248130269348621e-01
7.4132022603963909634927631486789323389530e-01
7.6440380942386088047868497596937231719494e-01
7.9164817118781571902985660926788114011288e-01
7.3886057808763372367621968805906362831593e-01
7.3192548040800076147860409037093631923199e-01
6.2533826461576669242248271984863094985485e-01
9.4368483644639977736545688458136282861233e-01
8.7435277917402287606307709211250767111778e-01
8.0121738230867245444954960476025007665157e-01
7.5258533865779431160092372010694816708565e-01
8.3336617480191388374066718824906274676323e-01
9.2159713490104611111064514261670410633087e-01
8.2145664911298210686396714663715101778507e-01
8.8595118461556221500785568423452787101269e-01
7.2466336041475398754840853143832646310329e-01
7.6064796884382268604696264446829445660114e-01
7.6064796884382268604696264446829445660114e-01
8.3050017290247579726525373189360834658146e-01
8.7435277917402287606307709211250767111778e-01
7.2580198589796118824324366869404911994934e-01
7.6051544749111643639594149135518819093704e-01
8.1126658530006301450754335746751166880131e-01
6.5926627278103711038426126833655871450901e-01
7.9289649300660458575151778859435580670834e-01
1.0000000000000000000000000000000000000000e+00
8.0121738230867245444954960476025007665157e-01
9.7942834195455386048223545003565959632397e-01
3.1348683783658226609247776650590822100639e-01
8.6752127166030401639318370143882930278778e-01
9.4283943678349413364259135050815530121326e-01
1.0000000000000000000000000000000000000000e+00
3.6843819204788996746202656140667386353016e-01
6.3389886434171260898295940933167003095150e-01
4.8047215197361636818129682069411501288414e-01
9.3674379998339041275556837717886082828045e-01
9.7942834195455386048223545003565959632397e-01
4.1447382906843888150660859537310898303986e-01
8.1636359267411484630372342508053407073021e-01
7.7336343655075889813588219112716615200043e-01
7.8149001626893566108122968216775916516781e-01
0.0000000000000000000000000000000000000000e+00
7.0905829336324999179197448029299266636372e-01
8.5655109669412576867131292601698078215122e-01
7.8707383870409231008125061634927988052368e-01
7.1068360040392852816637514479225501418114e-01
5.0595378657877587702529353919089771807194e-01
6.2134043885598255752000795837375335395336e-01
7.7157019710476726359615895489696413278580e-01
9.9170798303790730354734250795445404946804e-01
1.0000000000000000000000000000000000000000e+00
5.3926717877466434636346548359142616391182e-01
6.0555960985578727306943846997455693781376e-01
8.4450180800919572021712156129069626331329e-01
5.0618080549838795345607422859757207334042e-01
4.4827788475235363918613984424155205488205e-01
9.1854719569525422606659503799164667725563e-01
9.7838498669637119498077026946702972054482e-01
8.6932356146495004534102690740837715566158e-01
4.1364150627903162327214658944285474717617e-01
3.3008397547351964185224915127037093043327e-01
6.5102300594860484928005917026894167065620e-01
7.4975902543569727942696090394747443497181e-01
9.4050902885987697210623537102947011590004e-01
7.8384558989651909044482636090833693742752e-01
6.6680503966754645084336061700014397501945e-01
7.9786710490363599301844033107045106589794e-01
7.7625029694391656231999832016299478709698e-01
8.5556839446752164235476811882108449935913e-01
8.7391184397891763513399610019405372440815e-01
4.9502415734943544523005698465567547827959e-01
4.1074322644488192590728203867911361157894e-01
7.6440380942386088047868497596937231719494e-01
5.1221127090091378430969371038372628390789e-01
4.1309577243551875991300903478986583650112e-01
7.7879703235254238435913975990843027830124e-01
7.7879703235254238435913975990843027830124e-01
7.7625029694391656231999832016299478709698e-01
7.6081031273706301032433430009405128657818e-01
6.3443945823433145481118344832793809473515e-01
3.1998181491867078163338078411470633000135e-01
5.9444806423864293698500205209711566567421e-01
0.0000000000000000000000000000000000000000e+00
6.2949673827114660529247203157865442335606e-01
3.4276927967442444300516513067123014479876e-01
0.0000000000000000000000000000000000000000e+00
6.2134043885598255752000795837375335395336e-01
5.5434646621765137908255383081268519163132e-01
3.3983291789957104089836548155290074646473e-01
0.0000000000000000000000000000000000000000e+00
3.3776935286702164384919910844473633915186e-01
2.3279142817321199498969974683859618380666e-01
4.3371653512573460353962673252681270241737e-01
1.4984693316712072164165192589280195534229e-01
1.1716920556253842058969105721644154982641e-02
4.8256077008996284272157595296448562294245e-01
6.2533826461576669242248271984863094985485e-01
6.5926627278103711038426126833655871450901e-01
0.0000000000000000000000000000000000000000e+00
3.3008397547351964185224915127037093043327e-01
3.1998181491867078163338078411470633000135e-01
0.0000000000000000000000000000000000000000e+00
5.9444806423864293698500205209711566567421e-01
0.0000000000000000000000000000000000000000e+00
6.2949673827114660529247203157865442335606e-01
3.4276927967442444300516513067123014479876e-01
0.0000000000000000000000000000000000000000e+00
6.2134043885598255752000795837375335395336e-01
5.5434646621765137908255383081268519163132e-01
3.3983291789957104089836548155290074646473e-01
0.0000000000000000000000000000000000000000e+00
3.3776935286702164384919910844473633915186e-01
2.3279142817321199498969974683859618380666e-01
4.3371653512573460353962673252681270241737e-01
1.4984693316712072164165192589280195534229e-01
1.1716920556253842058969105721644154982641e-02
4.8256077008996284272157595296448562294245e-01
6.2533826461576669242248271984863094985485e-01
6.5926627278103711038426126833655871450901e-01
0.0000000000000000000000000000000000000000e+00
3.3008397547351964185224915127037093043327e-01
3.1998181491867078163338078411470633000135e-01
0.0000000000000000000000000000000000000000e+00
0.0000000000000000000000000000000000000000e+00
5.9444806423864293698500205209711566567421e-01
0.0000000000000000000000000000000000000000e+00
6.2949673827114660529247203157865442335606e-01
3.4276927967442444300516513067123014479876e-01
0.0000000000000000000000000000000000000000e+00
6.2134043885598255752000795837375335395336e-01
5.5434646621765137908255383081268519163132e-01
3.3983291789957104089836548155290074646473e-01
0.0000000000000000000000000000000000000000e+00
3.3776935286702164384919910844473633915186e-01
2.3279142817321199498969974683859618380666e-01
4.3371653512573460353962673252681270241737e-01
1.4984693316712072164165192589280195534229e-01
1.1716920556253842058969105721644154982641e-02
4.8256077008996284272157595296448562294245e-01
6.2533826461576669242248271984863094985485e-01
6.5926627278103711038426126833655871450901e-01
0.0000000000000000000000000000000000000000e+00
3.3008397547351964185224915127037093043327e-01
3.1998181491867078163338078411470633000135e-01
0.0000000000000000000000000000000000000000e+00
0.0000000000000000000000000000000000000000e+00
0.0000000000000000000000000000000000000000e+00
9.0485226690724928744202770758420228958130e+01
6.8501413746784656222388321111793629825115e-01
