1
0
23
6.0563311690784071839033231299254111945629e-01
4.3138325086752221659835981881769839674234e-01
6.1398126745718761831938081741100177168846e-01
8.6729963188612479996209003729745745658875e-01
0.0000000000000000000000000000000000000000e+00
9.4463310498708197293638022529194131493568e-01
8.0560874951138761179691982761141844093800e-01
6.2291500483317741032607273155008442699909e-01
8.0016767226800744605696991129661910235882e-01
7.7280170769642064776405732118291780352592e-01
7.1098479614905407686364924302324652671814e-01
4.2209853684063736167786373698618263006210e-01
7.5391383176167925395105839925236068665981e-01
1.0000000000000000000000000000000000000000e+00
1.0000000000000000000000000000000000000000e+00
1.0000000000000000000000000000000000000000e+00
0.0000000000000000000000000000000000000000e+00
8.3238209616011948899227945730672217905521e-01
9.5881840933180051411710564934764988720417e-01
9.0915813995592897889252981258323416113853e-01
8.1668306824536718302454119111644104123116e-01
8.2989880312884090063363373701577074825764e-01
6.0533189056678127215604945376981049776077e-01
8.6519337003310325950877768264035694301128e-01
7.2041658142789044561027367308270186185837e-01
8.8836195656372096696173912278027273714542e-01
8.0253069655235909074519895511912181973457e-01
9.8659711380387227208643707854207605123520e-01
8.1782547557175644392657432035775855183601e-01
5.5696810489923265219402992443065159022808e-01
7.5391383176166748558699737259303219616413e-01
8.7032762025709464737133203016128391027451e-01
9.0356603177187722053531615529209375381470e-01
6.8466879723482387820610028938972391188145e-01
1.0000000000000000000000000000000000000000e+00
9.3935709878566797659260600994457490742207e-01
9.3368395420709715537554984621237963438034e-01
3.7612264226004227252175837747927289456129e-01
9.5905639628364069970700711564859375357628e-01
9.5657433478175724061998153047170490026474e-01
7.6120740705690692617935155794839374721050e-01
8.9975105101637475879527983124717138707638e-01
8.1395927556330915919602375652175396680832e-01
7.8255659316043402196072520382585935294628e-01
1.0000000000000000000000000000000000000000e+00
9.6685004678596608851393057193490676581860e-01
0.0000000000000000000000000000000000000000e+00
7.1892045503414725438062760076718404889107e-01
9.8948763186576926820237076753983274102211e-01
8.1839334341077940582209748754394240677357e-01
7.8515890062899584833644439640920609235764e-01
8.8038556481988750057610104704508557915688e-01
9.1704616748827416650158284028293564915657e-01
8.4575743790396051835500657034572213888168e-01
7.5486503281288319655573104682844132184982e-01
8.9862855907328276217072016152087599039078e-01
3.5849499013021490778641009455895982682705e-01
7.1842378910808302183710338795208372175694e-01
8.3880867935964920079072726366575807332993e-01
8.5450293660760823222233284468529745936394e-01
8.4535250298875885821558995303348638117313e-01
6.2437387723356740920621632540132850408554e-01
8.3121046777387397330727480948553420603275e-01
7.6452119452945654920483775640605017542839e-01
9.3368395420709715537554984621237963438034e-01
8.7170257915528726044840368558652698993683e-01
5.1743272635960857463999218452954664826393e-01
2.7950025155449459424161773313244339078665e-01
7.3953506038198224548096959551912732422352e-01
8.4536610348144480830967495421646162867546e-01
8.5348944182880859266049355937866494059563e-01
8.4536610348144480830967495421646162867546e-01
1.0000000000000000000000000000000000000000e+00
1.0000000000000000000000000000000000000000e+00
8.4627047180845993423758955032099038362503e-01
9.9983719901551304509723649971419945359230e-01
9.5905639628364458548759330369648523628712e-01
8.1839334341077940582209748754394240677357e-01
7.4423027137362773864026621595257893204689e-01
4.4976519561600125651779080726555548608303e-01
8.5462484462952503783128577197203412652016e-01
8.4313907251175879142834901358583010733128e-01
6.9176649501819198473384631142835132777691e-01
8.8553342481131880337130724001326598227024e-01
6.3105385060386853801617235149024054408073e-01
9.4725454174886358771345840068534016609192e-01
8.5261079189160260405344615719513967633247e-01
1.0000000000000000000000000000000000000000e+00
1.0000000000000000000000000000000000000000e+00
5.3897418016548837016443940228782594203949e-01
4.6661506313172473880968027515336871147156e-01
8.4665015413222832751927171557326801121235e-01
2.0755087432868790653373025634209625422955e-01
6.8092009680954534989183457582839764654636e-01
8.9235666700628546443851973890559747815132e-01
7.8140947567790808303556104874587617814541e-01
9.7387053930105194066157991983345709741116e-01
7.0705680861997299846422038172022439539433e-01
1.0000000000000000000000000000000000000000e+00
8.1858562784140687096368083075503818690777e-01
8.1790585541454008389194996198057197034359e-01
6.6020852810455366022068801612476818263531e-01
4.2298331037955166911146420716249849647284e-01
3.9892827563456678685582801335840485990047e-01
8.5348944182881614217706101044313982129097e-01
5.8816357950122843956108908969326876103878e-01
3.1115280738556790746107694189959147479385e-02
9.1592112096620881267483582632848992943764e-01
7.9776727667243430008880977766239084303379e-01
8.0782875272344889516773491777712479233742e-01
8.5698212872301371412220305501250550150871e-01
1.0000000000000000000000000000000000000000e+00
9.6230670201396639740210048330482095479965e-01
9.0609389921816929636122495139716193079948e-01
7.7163244111083273413242977767367847263813e-01
9.6685004678597319394128817293676547706127e-01
9.0935806281220843416690513549838215112686e-01
8.7170257915527238345987370848888531327248e-01
9.8891506584021815484675244078971445560455e-01
9.8453898000614847862976830583647824823856e-01
7.8455839433449070519088763830950483679771e-01
4.9381476560010550969082032679580152034760e-01
8.0187428754587308787904476048424839973450e-01
1.0000000000000000000000000000000000000000e+00
8.4406091605883049044933841287274844944477e-01
7.0290947239330014983949013185338117182255e-01
8.1897127843566341898196014881250448524952e-01
7.8516294725034685431097614127793349325657e-01
8.0187428754588063739561221154872328042984e-01
7.7060632666198380924527100432896986603737e-01
8.9975105101637464777297736873151734471321e-01
8.5589987299723579994292776973452419042587e-01
7.9523222305705243417861538546276278793812e-01
7.8516294725034685431097614127793349325657e-01
8.5462484462952503783128577197203412652016e-01
7.6210418914242394894387189197004772722721e-01
7.5819018717968122977879374957410618662834e-01
6.1212001580336083961242366058286279439926e-01
9.4693343478044611494226501235971227288246e-01
8.6989901854026774330463922524359077215195e-01
7.9990012219870210152805611869553104043007e-01
7.8486602068678956722891371100558899343014e-01
8.3696135898388979157402900455053895711899e-01
9.2503331587493942134159397028270177543163e-01
8.1782547557175644392657432035775855183601e-01
9.1542962338233002661525006260490044951439e-01
7.4929056014574924038385006497264839708805e-01
7.8123613360344212885877368535147979855537e-01
7.9523222305705243417861538546276278793812e-01
8.4157259491765090686499206640291959047318e-01
8.7147889681426526919949537841603159904480e-01
7.3741071023901794134758347354363650083542e-01
7.8123613360344212885877368535147979855537e-01
8.0440413106912811436188803781988099217415e-01
6.6448865732036632714141433098120614886284e-01
7.5391383176166748558699737259303219616413e-01
1.0000000000000000000000000000000000000000e+00
7.9990012219870210152805611869553104043007e-01
1.0000000000000000000000000000000000000000e+00
4.2192606961743917004525883385213091969490e-01
8.6769258108017399688804971447098068892956e-01
9.4119518838545057626276957307709380984306e-01
1.0000000000000000000000000000000000000000e+00
3.9482589037758686334456115218927152454853e-01
6.3401169404852342204037540795980021357536e-01
5.2840088503849547141300035946187563240528e-01
9.9999999999999988897769753748434595763683e-01
9.4119518838545057626276957307709380984306e-01
4.3758764770998048732053575804457068443298e-01
8.8283257681490312496208616721560247242451e-01
7.8035945123522032496055089723085984587669e-01
7.8123613360344212885877368535147979855537e-01
0.0000000000000000000000000000000000000000e+00
7.2980772952333639036481827133684419095516e-01
8.4876522427127087944143113418249413371086e-01
8.0560874951138761179691982761141844093800e-01
7.7280170769642064776405732118291780352592e-01
5.3746408236605880404113122494891285896301e-01
6.1979100587676005940096501944935880601406e-01
7.8724222758624129436810790139134041965008e-01
1.0000000000000000000000000000000000000000e+00
1.0000000000000000000000000000000000000000e+00
5.6082746234758562575706264397013001143932e-01
6.1094183284853387227997245645383372902870e-01
8.5348944182881614217706101044313982129097e-01
5.6255363245014444739666714667691849172115e-01
4.7753138101360048661803148206672631204128e-01
9.5132243752910017331458902845042757689953e-01
1.0000000000000000000000000000000000000000e+00
8.7907092655234342348791187760070897638798e-01
4.3790272149822306868571786253596656024456e-01
3.4226836185752768093593090270587708801031e-01
6.8726624459293506053114697351702488958836e-01
7.9776727667243430008880977766239084303379e-01
9.4174562229656022527279901623842306435108e-01
8.3059938261033527950871757639106363058090e-01
6.8726624459293506053114697351702488958836e-01
8.2020801346940597209567158643039874732494e-01
7.9880160609714667696579226685571484267712e-01
9.1362575530776912735575479018734768033028e-01
8.7252035286820239790017694758716970682144e-01
5.3428421830683459070598928519757464528084e-01
4.5967242958528187202205117500852793455124e-01
7.7962288463972417851266527577536180615425e-01
5.6880395019591811767156741552753373980522e-01
4.4367395923870461826865607690706383436918e-01
7.9776727667242830488447680181707255542278e-01
8.0187428754588063739561221154872328042984e-01
8.0440413106912811436188803781988099217415e-01
7.8846210692243023920866562548326328396797e-01
6.6085801229032203885083163186209276318550e-01
3.6674714615833575726000503891555126756430e-01
6.1398126745718761831938081741100177168846e-01
0.0000000000000000000000000000000000000000e+00
6.2291500483317741032607273155008442699909e-01
4.2209853684063736167786373698618263006210e-01
0.0000000000000000000000000000000000000000e+00
6.0533189056678127215604945376981049776077e-01
5.5696810489923265219402992443065159022808e-01
3.7612264226004227252175837747927289456129e-01
0.0000000000000000000000000000000000000000e+00
3.5849499013021490778641009455895982682705e-01
2.7950025155449459424161773313244339078665e-01
4.4976519561600125651779080726555548608303e-01
2.0755087432868790653373025634209625422955e-01
3.1115280738556790746107694189959147479385e-02
4.9381476560010550969082032679580152034760e-01
6.1212001580336083961242366058286279439926e-01
6.6448865732036632714141433098120614886284e-01
0.0000000000000000000000000000000000000000e+00
3.4226836185752768093593090270587708801031e-01
3.6674714615833575726000503891555126756430e-01
0.0000000000000000000000000000000000000000e+00
6.1398126745718761831938081741100177168846e-01
0.0000000000000000000000000000000000000000e+00
6.2291500483317741032607273155008442699909e-01
4.2209853684063736167786373698618263006210e-01
0.0000000000000000000000000000000000000000e+00
6.0533189056678127215604945376981049776077e-01
5.5696810489923265219402992443065159022808e-01
3.7612264226004227252175837747927289456129e-01
0.0000000000000000000000000000000000000000e+00
3.5849499013021490778641009455895982682705e-01
2.7950025155449459424161773313244339078665e-01
4.4976519561600125651779080726555548608303e-01
2.0755087432868790653373025634209625422955e-01
3.1115280738556790746107694189959147479385e-02
4.9381476560010550969082032679580152034760e-01
6.1212001580336083961242366058286279439926e-01
6.6448865732036632714141433098120614886284e-01
0.0000000000000000000000000000000000000000e+00
3.4226836185752768093593090270587708801031e-01
3.6674714615833575726000503891555126756430e-01
0.0000000000000000000000000000000000000000e+00
0.0000000000000000000000000000000000000000e+00
6.1398126745718761831938081741100177168846e-01
0.0000000000000000000000000000000000000000e+00
6.2291500483317741032607273155008442699909e-01
4.2209853684063736167786373698618263006210e-01
0.0000000000000000000000000000000000000000e+00
6.0533189056678127215604945376981049776077e-01
5.5696810489923265219402992443065159022808e-01
3.7612264226004227252175837747927289456129e-01
0.0000000000000000000000000000000000000000e+00
3.5849499013021490778641009455895982682705e-01
2.7950025155449459424161773313244339078665e-01
4.4976519561600125651779080726555548608303e-01
2.0755087432868790653373025634209625422955e-01
3.1115280738556790746107694189959147479385e-02
4.9381476560010550969082032679580152034760e-01
6.1212001580336083961242366058286279439926e-01
6.6448865732036632714141433098120614886284e-01
0.0000000000000000000000000000000000000000e+00
3.4226836185752768093593090270587708801031e-01
3.6674714615833575726000503891555126756430e-01
0.0000000000000000000000000000000000000000e+00
0.0000000000000000000000000000000000000000e+00
0.0000000000000000000000000000000000000000e+00
9.0689480811023528872283350210636854171753e+01
7.0268797162696172708962194519699551165104e-01
