1
0
23
6.0942552374318825769705654238350689411163e-01
4.2219297037827835383794194967777002602816e-01
5.9478190220003335220155804563546553254128e-01
8.8939280771184936469353488064371049404144e-01
0.0000000000000000000000000000000000000000e+00
9.2517461730930050656240837270161136984825e-01
7.7345999110282559474427444001776166260242e-01
6.2064734022350576125859333842527121305466e-01
7.3882430380128927271954353273031301796436e-01
7.3300872861883037412411567856906913220882e-01
6.7947740253162780543760845830547623336315e-01
3.4609418248947332319431779978913255035877e-01
7.5323426181482444619064153812360018491745e-01
1.0000000000000000000000000000000000000000e+00
9.9599977517937576809714528280892409384251e-01
1.0000000000000000000000000000000000000000e+00
0.0000000000000000000000000000000000000000e+00
8.3823460804864657891499746256158687174320e-01
9.8346458011930770748421082316781394183636e-01
9.3046431845461374798844644828932359814644e-01
7.7224942848829147834521791082806885242462e-01
8.5145174937254985980672472578589804470539e-01
6.1551282488784364588241260207723826169968e-01
8.6297697280444662926157661786419339478016e-01
6.9865351329588554207816741836722940206528e-01
8.6134362960460375546745126484893262386322e-01
7.6241520402784801468953901348868384957314e-01
1.0000000000000000000000000000000000000000e+00
8.2097828291537600087224291200982406735420e-01
5.5085011859042987136803048997535370290279e-01
7.2632839103987745232871020562015473842621e-01
8.6395698631778305998096811890718527138233e-01
8.8633966827989507653029477296513505280018e-01
6.1349229661617077358215510685113258659840e-01
1.0000000000000000000000000000000000000000e+00
9.3339181659836401028229602161445654928684e-01
9.2451983746181287671106474590487778186798e-01
3.4538525006618320256635001896938774734735e-01
9.2525362616109918523221722352900542318821e-01
9.6071550261267868453529672478907741606236e-01
7.3428331775838573403092368607758544385433e-01
8.8202270017665995727185190844465978443623e-01
6.9746902950978739710308218491263687610626e-01
7.8825363782408852664218557038111612200737e-01
9.9800149061042042752944780659163370728493e-01
9.1712727200438570740459454100346192717552e-01
0.0000000000000000000000000000000000000000e+00
6.9344300664107738629837740518269129097462e-01
9.9580640650025742388606886379420757293701e-01
7.9865695823039029033196811724337749183178e-01
7.2664971678244871799989823557552881538868e-01
8.7920996789552696704106438119197264313698e-01
8.7066849715978222867818203667411580681801e-01
8.3594791065098361659835290993214584887028e-01
7.2327489936667621606147804413922131061554e-01
8.0953257462065075777957190439337864518166e-01
3.3980728825118877711730647206422872841358e-01
6.9344300664107738629837740518269129097462e-01
8.2704797212811009821109564654761925339699e-01
8.4770158428161368480147075388231314718723e-01
7.7061139961740232617870560716255567967892e-01
6.0738082255174097312533376680221408605576e-01
8.1138904738937001059895237631280906498432e-01
7.2110491635090079309833299703313969075680e-01
8.8778722056245229499182869403739459812641e-01
8.1276364184764327003307471386506222188473e-01
4.7688657416252366871844969864469021558762e-01
2.2964419789411485983698923973861383274198e-01
7.1651428053644394822185859084129333496094e-01
8.5992264109385252446315917040919885039330e-01
8.3115775476846742719772009877488017082214e-01
7.9387176677072568420356901697232387959957e-01
1.0000000000000000000000000000000000000000e+00
1.0000000000000000000000000000000000000000e+00
8.3792578725946120776768566429382190108299e-01
9.7092762279012778670050920482026413083076e-01
9.2386639344261889394971376532339490950108e-01
7.9865695823039029033196811724337749183178e-01
6.9268457795031146417841227957978844642639e-01
4.3734130952278882364936407611821778118610e-01
7.8801920077057219238270135974744334816933e-01
8.2704797212811009821109564654761925339699e-01
6.7292799198746622302280684380093589425087e-01
7.8801920077057219238270135974744334816933e-01
6.4092746298697433893210018140962347388268e-01
8.9294300579962038177939120942028239369392e-01
7.9823669155085696935714167921105399727821e-01
1.0000000000000000000000000000000000000000e+00
1.0000000000000000000000000000000000000000e+00
4.7688657416252366871844969864469021558762e-01
4.3594353381256750745720296436047647148371e-01
7.8044926217584709160490774593199603259563e-01
1.5337866564470092889393981749890372157097e-01
6.6431775728365038968803446550737135112286e-01
9.5557722291237745526615299240802414715290e-01
7.4855617182312805812927081205998547375202e-01
1.0000000000000000000000000000000000000000e+00
6.5752312592899464505080686649307608604431e-01
1.0000000000000000000000000000000000000000e+00
7.9511387759029361621543330329586751759052e-01
8.0053796573621005538967665415839292109013e-01
6.3625063466498976705310042234486900269985e-01
3.9255347219034059103037748172937426716089e-01
3.5496183135860975843556275322043802589178e-01
8.3132908231479751837156300098286010324955e-01
5.5721019907148572336552660999586805701256e-01
5.5879241962465556539663147361807205015793e-03
9.0998310998975728836057896842248737812042e-01
7.7770642648711396649474636433296836912632e-01
7.9865695823039029033196811724337749183178e-01
8.1994840886746012120767090891604311764240e-01
1.0000000000000000000000000000000000000000e+00
9.5081466817348536668674796601408161222935e-01
8.8698340349122417602956147675286047160625e-01
7.4180425988986964380700328547391109168530e-01
9.2917465595704706871060807316098362207413e-01
8.8295323509686252094752489938400685787201e-01
8.3543728634373670693946678511565551161766e-01
1.0000000000000000000000000000000000000000e+00
9.1680598596654416798656939135980792343616e-01
7.7074516901262435375485893018776550889015e-01
4.8222549244533607915030870572081767022610e-01
7.9761516124768605529027354350546374917030e-01
1.0000000000000000000000000000000000000000e+00
8.4770158428161368480147075388231314718723e-01
6.5970723749687332215785318112466484308243e-01
8.3845037578595749128140823813737370073795e-01
7.9406141955900866324924436412402428686619e-01
7.9511387759028973043484711524797603487968e-01
7.4180425988986964380700328547391109168530e-01
8.8202270017665995727185190844465978443623e-01
8.4770158428161368480147075388231314718723e-01
7.4180425988986964380700328547391109168530e-01
7.6831350350937310800247814768226817250252e-01
7.9511387759028973043484711524797603487968e-01
7.3532798583503877765110701147932559251785e-01
7.3532798583503877765110701147932559251785e-01
6.2177285539466264907559889252297580242157e-01
9.4415580936239651421715279866475611925125e-01
8.7629170552840007779593634040793403983116e-01
7.9857794937859161166215926641598343849182e-01
7.5197722140349998465325143115478567779064e-01
8.3115775476846742719772009877488017082214e-01
9.2011008400350580149762436121818609535694e-01
8.2097828291537600087224291200982406735420e-01
8.8778722056245229499182869403739459812641e-01
7.2244146891558747025641196159995160996914e-01
7.5985235619562152553640999030903913080692e-01
7.5865125448093095883450587280094623565674e-01
8.3115775476846742719772009877488017082214e-01
8.7629170552840007779593634040793403983116e-01
7.2407140286095272863065019919304177165031e-01
7.5865125448093095883450587280094623565674e-01
8.0874916926898021696246132705709896981716e-01
6.6020632166272985585919741424731910228729e-01
7.7529062219635169750375780495232902467251e-01
1.0000000000000000000000000000000000000000e+00
7.9857794937859161166215926641598343849182e-01
9.6973321858982997056841668381821364164352e-01
3.2666033766072255506429655724787153303623e-01
8.7127915842980152572039287406369112432003e-01
9.5307672010511701454760213891859166324139e-01
1.0000000000000000000000000000000000000000e+00
3.8554315827928076210184826777549460530281e-01
6.3261885487772684388829702584189362823963e-01
4.8436779123012901893119419582944829016924e-01
9.5154889761021910210558871767716482281685e-01
9.6973321858983452248281764696002937853336e-01
4.1608816539143789192678468680242076516151e-01
8.0583879034986194422884864252409897744656e-01
7.7213838650125843354743437885190360248089e-01
7.7529062219635269670447996759321540594101e-01
0.0000000000000000000000000000000000000000e+00
7.0917801130133983900094563068705610930920e-01
8.5841955299992178662904507291386835277081e-01
7.8329633106154405997045842013903893530369e-01
7.0972682678944065681747588314465247094631e-01
5.0360694465596722579903143923729658126831e-01
6.1551282488784364588241260207723826169968e-01
7.6241520402784801468953901348868384957314e-01
9.9307398678632496924478800792712718248367e-01
1.0000000000000000000000000000000000000000e+00
5.3968271729406414038976436131633818149567e-01
5.9405527828751514274330247644684277474880e-01
8.3910419758042564808420138433575630187988e-01
5.0266167668515315813948518552933819591999e-01
4.4309630507560404666378417459782212972641e-01
9.2405066431555160644251145640737377107143e-01
9.7691191305830971103318915993440896272659e-01
8.6901633894917051925688156188698485493660e-01
4.0549147901454773990082003365387208759785e-01
3.2185048095824553282540136933675967156887e-01
6.5439020788629009839354466748773120343685e-01
7.5401891785853847327558696633786894381046e-01
9.3510861338837047984640094000496901571751e-01
7.8801920077057208136039889723178930580616e-01
6.6029223023396299563358979867189191281796e-01
7.9750930800875230453073072567349299788475e-01
7.8048812960902769209070584111032076179981e-01
8.6395698631778305998096811890718527138233e-01
8.7170192835401760778069046864402480423450e-01
5.0071627674865626378419847242184914648533e-01
4.1021511631080809223703909083269536495209e-01
7.6598760410587429792172997622401453554630e-01
5.1576857116275898196278149043791927397251e-01
4.1091542765175614881911769771249964833260e-01
7.8108737476326828286232739628758281469345e-01
7.8108737476326906001844463389716111123562e-01
7.8080612303780572158729000875609926879406e-01
7.7529062219635214159296765501494519412518e-01
6.3505633772998071329141112073557451367378e-01
3.2214108199822277800450365248252637684345e-01
5.9478190220003335220155804563546553254128e-01
0.0000000000000000000000000000000000000000e+00
6.2064734022350576125859333842527121305466e-01
3.4609418248947332319431779978913255035877e-01
0.0000000000000000000000000000000000000000e+00
6.1551282488784364588241260207723826169968e-01
5.5085011859042987136803048997535370290279e-01
3.4538525006618320256635001896938774734735e-01
0.0000000000000000000000000000000000000000e+00
3.3980728825118877711730647206422872841358e-01
2.2964419789411485983698923973861383274198e-01
4.3734130952278882364936407611821778118610e-01
1.5337866564470092889393981749890372157097e-01
5.5879241962465556539663147361807205015793e-03
4.8222549244533607915030870572081767022610e-01
6.2177285539466264907559889252297580242157e-01
6.6020632166272985585919741424731910228729e-01
0.0000000000000000000000000000000000000000e+00
3.2185048095824553282540136933675967156887e-01
3.2214108199822277800450365248252637684345e-01
0.0000000000000000000000000000000000000000e+00
5.9478190220003335220155804563546553254128e-01
0.0000000000000000000000000000000000000000e+00
6.2064734022350576125859333842527121305466e-01
3.4609418248947332319431779978913255035877e-01
0.0000000000000000000000000000000000000000e+00
6.1551282488784364588241260207723826169968e-01
5.5085011859042987136803048997535370290279e-01
3.4538525006618320256635001896938774734735e-01
0.0000000000000000000000000000000000000000e+00
3.3980728825118877711730647206422872841358e-01
2.2964419789411485983698923973861383274198e-01
4.3734130952278882364936407611821778118610e-01
1.5337866564470092889393981749890372157097e-01
5.5879241962465556539663147361807205015793e-03
4.8222549244533607915030870572081767022610e-01
6.2177285539466264907559889252297580242157e-01
6.6020632166272985585919741424731910228729e-01
0.0000000000000000000000000000000000000000e+00
3.2185048095824553282540136933675967156887e-01
3.2214108199822277800450365248252637684345e-01
0.0000000000000000000000000000000000000000e+00
0.0000000000000000000000000000000000000000e+00
5.9478190220003335220155804563546553254128e-01
0.0000000000000000000000000000000000000000e+00
6.2064734022350576125859333842527121305466e-01
3.4609418248947332319431779978913255035877e-01
0.0000000000000000000000000000000000000000e+00
6.1551282488784364588241260207723826169968e-01
5.5085011859042987136803048997535370290279e-01
3.4538525006618320256635001896938774734735e-01
0.0000000000000000000000000000000000000000e+00
3.3980728825118877711730647206422872841358e-01
2.2964419789411485983698923973861383274198e-01
4.3734130952278882364936407611821778118610e-01
1.5337866564470092889393981749890372157097e-01
5.5879241962465556539663147361807205015793e-03
4.8222549244533607915030870572081767022610e-01
6.2177285539466264907559889252297580242157e-01
6.6020632166272985585919741424731910228729e-01
0.0000000000000000000000000000000000000000e+00
3.2185048095824553282540136933675967156887e-01
3.2214108199822277800450365248252637684345e-01
0.0000000000000000000000000000000000000000e+00
0.0000000000000000000000000000000000000000e+00
0.0000000000000000000000000000000000000000e+00
9.0578274885252028525428613647818565368652e+01
6.8630112424880795884973849751986563205719e-01
