1
0
23
6.0920574245528658074988470616517588496208e-01
4.2235582205886712525710890986374579370022e-01
5.9641692868547235839571385440649464726448e-01
9.1738618906768765182135894065140746533871e-01
0.0000000000000000000000000000000000000000e+00
9.2435206398678759764919732333510182797909e-01
7.7463668641821958882331955464906059205532e-01
6.3610824670851295881135456511401571333408e-01
7.3466728892464483458013546623988077044487e-01
7.2998017178649432512571593179018236696720e-01
6.8573764575508233676259806088637560606003e-01
3.3992591562238794189454438310349360108376e-01
7.5839051449486749589823375572450459003448e-01
1.0000000000000000000000000000000000000000e+00
1.0000000000000000000000000000000000000000e+00
1.0000000000000000000000000000000000000000e+00
0.0000000000000000000000000000000000000000e+00
8.4669512055036177944344899515272118151188e-01
9.8996801557978975072416005787090398371220e-01
9.3893196241827037162863689445657655596733e-01
7.6936932091820109391733240045141428709030e-01
8.5777465608705671940015236032195389270782e-01
6.2281746020699613186621945715160109102726e-01
8.5942666306677373277977949328487738966942e-01
7.0116292370498178865290128669585101306438e-01
8.7672392902036733186577066589961759746075e-01
7.6544177194132456687469812095514498651028e-01
1.0000000000000000000000000000000000000000e+00
8.2474907113498330257783663910231553018093e-01
5.5960431403226862379085559950908645987511e-01
7.2541535569978699005133648824994452297688e-01
8.6354350901584076005690349120413884520531e-01
8.9201723664138865554917856570682488381863e-01
6.0536462683223646319419231076608411967754e-01
1.0000000000000000000000000000000000000000e+00
9.2889250776628773387244564219145104289055e-01
9.1573193199884528326037980150431394577026e-01
3.3892802317281595092524071333173196762800e-01
9.4242512188696081487648825714131817221642e-01
9.5243672730714978857946562129654921591282e-01
7.5357905146810866270357109897304326295853e-01
8.7951564858787933953720994395553134381771e-01
7.0595776752900252226652355602709576487541e-01
7.9992897761778047893699294945690780878067e-01
1.0000000000000000000000000000000000000000e+00
9.1906131219660125442061371359159238636494e-01
0.0000000000000000000000000000000000000000e+00
6.9374797708513291638610098743811249732971e-01
9.9150963733673469491236573958303779363632e-01
8.0432145940517740800856927307904697954655e-01
7.1229856556366399900070973671972751617432e-01
8.7120416701116121238612777233356609940529e-01
8.7027244183294683033125238580396398901939e-01
8.3137620321742244922091913394979201257229e-01
7.2541535569978699005133648824994452297688e-01
8.3307870498023783856211821330361999571323e-01
3.3762548304540795918171625089598819613457e-01
6.9257160666833206263959255011286586523056e-01
8.3003023512167262154548552643973380327225e-01
8.5463407256720436144803443312412127852440e-01
7.6994628792525210414510183909442275762558e-01
6.0762474941252853088968777228728868067265e-01
8.1302039250927449209882524883141741156578e-01
7.3041630702176318923335429644794203341007e-01
8.8840218555494521179838329771882854402065e-01
8.1156201585702392176102648591040633618832e-01
4.7823149949004717385037110943812876939774e-01
2.3313539464642699106100565131782786920667e-01
7.1490361405734736965911224615410901606083e-01
8.6042974349200951333926923325634561479092e-01
8.3050925275634668309976404998451471328735e-01
7.8294598006349647167922967128106392920017e-01
1.0000000000000000000000000000000000000000e+00
1.0000000000000000000000000000000000000000e+00
8.3905484425356191557909824041416868567467e-01
9.6449062220846770721038865303853526711464e-01
9.1678038039049181140427435821038670837879e-01
7.8833085901273203255357202579034492373466e-01
6.8831805012245161901063283949042670428753e-01
4.3453058143639422539195038552861660718918e-01
7.7515761113598735665419781071250326931477e-01
8.3003023512167262154548552643973380327225e-01
6.6754361497569891792380758488434366881847e-01
7.7515761113598735665419781071250326931477e-01
6.5723396248582810486027483420912176370621e-01
8.8294636277084737052689433767227455973625e-01
7.9506042150963240899841366626787930727005e-01
1.0000000000000000000000000000000000000000e+00
1.0000000000000000000000000000000000000000e+00
4.7320385494194777686871589139627758413553e-01
4.4309119873299046554748770176956895738840e-01
7.8309718212447188001590347994351759552956e-01
1.4933690145815337046997228753753006458282e-01
6.6516220765356970368031852558488026261330e-01
9.5145448626244533141260717457043938338757e-01
7.5507078628891066696127154500572942197323e-01
1.0000000000000000000000000000000000000000e+00
6.5681478221107147952295690629398450255394e-01
1.0000000000000000000000000000000000000000e+00
7.9363335698901538162175484103499911725521e-01
7.9659331315591486166738377505680546164513e-01
6.3549852045519861221123392169829457998276e-01
3.9375215715199568533577689777303021401167e-01
3.5491001641670960609076246328186243772507e-01
8.2269811105797718830956455349223688244820e-01
5.5838107478356513446726694382959976792336e-01
6.8839559218809671589656140611168666509911e-03
9.1738618906768631955372939046355895698071e-01
7.7602718890075039759324226906755939126015e-01
8.0432145940517740800856927307904697954655e-01
8.2373750514910537567914161627413704991341e-01
1.0000000000000000000000000000000000000000e+00
9.4897752583226091527279777437797747552395e-01
8.9004350780916485774696411681361496448517e-01
7.4232164932107724819587701858836226165295e-01
9.5293890630988686840652235332527197897434e-01
8.7952665229727899909306643166928552091122e-01
8.3088107138736955192825917038135230541229e-01
1.0000000000000000000000000000000000000000e+00
9.2091444113176190722214187189820222556591e-01
7.6516857545878103064040942626888863742352e-01
4.8570081686677024634946064907126128673553e-01
8.0235171448604980515284523789887316524982e-01
1.0000000000000000000000000000000000000000e+00
8.5463407256720436144803443312412127852440e-01
6.5920730688408335495864776021335273981094e-01
8.4312465785222701075696249972679652273655e-01
8.0235171448604969413054277538321912288666e-01
8.0084696557403600714053482079179957509041e-01
7.4232164932107724819587701858836226165295e-01
8.9401087079743879471038781048264354467392e-01
8.4536017435160448751929607169586233794689e-01
7.4232164932107724819587701858836226165295e-01
7.6439730643166803325527780543779954314232e-01
7.8954134739056802683165869893855415284634e-01
7.3463750231556268488475325284525752067566e-01
7.3463750231556268488475325284525752067566e-01
6.2744028394282724825359309761552140116692e-01
9.4820335744870409833140456612454727292061e-01
8.7841278121793731070710009589674882590771e-01
8.0432145940517740800856927307904697954655e-01
7.5501024268251815119157299704966135323048e-01
8.3515761397908361285402634166530333459377e-01
9.2435206398678371186861113528721034526825e-01
8.2474907113498274746632432652404531836510e-01
8.8840218555494521179838329771882854402065e-01
7.2503858577030322329903810896212235093117e-01
7.6264894075083522473335051472531631588936e-01
7.6136523413162549012156432581832632422447e-01
8.3528618801179432828973858704557642340660e-01
8.7841278121792853994520555716007947921753e-01
7.1976185892363897522727711475454270839691e-01
7.6136523413162549012156432581832632422447e-01
8.1214263312515599935181853652466088533401e-01
6.5931924515569717559770879233838059008121e-01
7.7858635201654102786505973199382424354553e-01
1.0000000000000000000000000000000000000000e+00
8.0432145940517740800856927307904697954655e-01
9.6937651505124944328883884736569598317146e-01
3.0071790345008408973370706007699482142925e-01
8.7346954883363525645734171121148392558098e-01
9.4416829202183238933798747893888503313065e-01
1.0000000000000000000000000000000000000000e+00
3.6534545966513232162498070465517230331898e-01
6.3144568787137012044752282236004248261452e-01
4.7729879821747789314656529313651844859123e-01
9.3364211439521405111463536741212010383606e-01
9.6937651505124944328883884736569598317146e-01
4.0902934078703412357214119765558280050755e-01
8.0832515124357107172414771412150003015995e-01
7.7323819902186052832604445939068682491779e-01
7.7868587629758856394346366869285702705383e-01
0.0000000000000000000000000000000000000000e+00
7.1065005751146703705245499804732389748096e-01
8.5810020727554137121018129619187675416470e-01
7.8819516828715574519037545542232692241669e-01
7.1347363591440071672877820674329996109009e-01
5.0529315173970423824556519321049563586712e-01
6.2281746020699613186621945715160109102726e-01
7.7809928249124460375441003634477965533733e-01
9.9646788405912456454416314954869449138641e-01
1.0000000000000000000000000000000000000000e+00
5.3807422795132064941014959913445636630058e-01
6.0627658628218239478258055896731093525887e-01
8.4570955219951748915718781063333153724670e-01
5.0371215869694618838536825933260843157768e-01
4.4464670146648405113509738839638885110617e-01
9.1513651675154106257537023338954895734787e-01
9.7860882830148177013995791639899834990501e-01
8.7404282154132251214662119309650734066963e-01
4.0695658115044730518405913244350813329220e-01
3.3447976651353744648176302689535077661276e-01
6.4882622818393509422918441487126983702183e-01
7.4498090616679479847306311057764105498791e-01
9.4383928079756918005926991099840961396694e-01
7.8013108362079930380161840730579569935799e-01
6.6886681504655409735704552076640538871288e-01
7.9992897761778047893699294945690780878067e-01
7.7724412020116362409538623978733085095882e-01
8.5192112890799687185960920032812282443047e-01
8.7920737378392688210482219801633618772030e-01
4.9425064913056226956200589484069496393204e-01
4.0903757506841270652486741710163187235594e-01
7.6246571673770946464543385445722378790379e-01
5.0853067617840774783388724245014600455761e-01
4.0942847360848722004789124184753745794296e-01
7.7724412020115896115868281412986107170582e-01
7.7724412020116362409538623978733085095882e-01
7.7724412020116362409538623978733085095882e-01
7.5365654226409362070882025363971479237080e-01
6.3617212345596008127301956847077235579491e-01
3.1554215393126877620133541313407476991415e-01
5.9641692868547235839571385440649464726448e-01
0.0000000000000000000000000000000000000000e+00
6.3610824670851295881135456511401571333408e-01
3.3992591562238794189454438310349360108376e-01
0.0000000000000000000000000000000000000000e+00
6.2281746020699613186621945715160109102726e-01
5.5960431403226862379085559950908645987511e-01
3.3892802317281595092524071333173196762800e-01
0.0000000000000000000000000000000000000000e+00
3.3762548304540795918171625089598819613457e-01
2.3313539464642699106100565131782786920667e-01
4.3453058143639422539195038552861660718918e-01
1.4933690145815337046997228753753006458282e-01
6.8839559218809671589656140611168666509911e-03
4.8570081686677024634946064907126128673553e-01
6.2744028394282724825359309761552140116692e-01
6.5931924515569717559770879233838059008121e-01
0.0000000000000000000000000000000000000000e+00
3.3447976651353744648176302689535077661276e-01
3.1554215393126877620133541313407476991415e-01
0.0000000000000000000000000000000000000000e+00
5.9641692868547235839571385440649464726448e-01
0.0000000000000000000000000000000000000000e+00
6.3610824670851295881135456511401571333408e-01
3.3992591562238794189454438310349360108376e-01
0.0000000000000000000000000000000000000000e+00
6.2281746020699613186621945715160109102726e-01
5.5960431403226862379085559950908645987511e-01
3.3892802317281595092524071333173196762800e-01
0.0000000000000000000000000000000000000000e+00
3.3762548304540795918171625089598819613457e-01
2.3313539464642699106100565131782786920667e-01
4.3453058143639422539195038552861660718918e-01
1.4933690145815337046997228753753006458282e-01
6.8839559218809671589656140611168666509911e-03
4.8570081686677024634946064907126128673553e-01
6.2744028394282724825359309761552140116692e-01
6.5931924515569717559770879233838059008121e-01
0.0000000000000000000000000000000000000000e+00
3.3447976651353744648176302689535077661276e-01
3.1554215393126877620133541313407476991415e-01
0.0000000000000000000000000000000000000000e+00
0.0000000000000000000000000000000000000000e+00
5.9641692868547235839571385440649464726448e-01
0.0000000000000000000000000000000000000000e+00
6.3610824670851295881135456511401571333408e-01
3.3992591562238794189454438310349360108376e-01
0.0000000000000000000000000000000000000000e+00
6.2281746020699613186621945715160109102726e-01
5.5960431403226862379085559950908645987511e-01
3.3892802317281595092524071333173196762800e-01
0.0000000000000000000000000000000000000000e+00
3.3762548304540795918171625089598819613457e-01
2.3313539464642699106100565131782786920667e-01
4.3453058143639422539195038552861660718918e-01
1.4933690145815337046997228753753006458282e-01
6.8839559218809671589656140611168666509911e-03
4.8570081686677024634946064907126128673553e-01
6.2744028394282724825359309761552140116692e-01
6.5931924515569717559770879233838059008121e-01
0.0000000000000000000000000000000000000000e+00
3.3447976651353744648176302689535077661276e-01
3.1554215393126877620133541313407476991415e-01
0.0000000000000000000000000000000000000000e+00
0.0000000000000000000000000000000000000000e+00
0.0000000000000000000000000000000000000000e+00
9.0735964195885188132706389296799898147583e+01
6.8406659524942348138409897728706710040569e-01
