1
0
23
5.8157194438636239386397619455237872898579e-01
4.4270125192843728934022351495514158159494e-01
5.8135331399048684186681157370912842452526e-01
8.4246445090946397993292293904232792556286e-01
0.0000000000000000000000000000000000000000e+00
8.9186527820497885077344335513771511614323e-01
8.3862962932067286470072531301411800086498e-01
5.7002683597363335010754781251307576894760e-01
8.5278419634126145787433870282256975769997e-01
7.8941875852032761251564352278364822268486e-01
7.3246563663611585770496503755566664040089e-01
4.6421465161697572643362263988819904625416e-01
7.7204471310725353294657224978436715900898e-01
1.0000000000000000000000000000000000000000e+00
9.9775124675273008101328287011710926890373e-01
1.0000000000000000000000000000000000000000e+00
0.0000000000000000000000000000000000000000e+00
8.2419621832627698587714348832378163933754e-01
8.2419621832627265600734745021327398717403e-01
8.4960767198669773225816470585414208471775e-01
8.2864806023062231865594640112249180674553e-01
8.3905667274830397772689138946589082479477e-01
5.1722344098040728965770540526136755943298e-01
8.3374294723249819938359905791003257036209e-01
7.4294121794744283349132274452131241559982e-01
8.1238448227099380183346966077806428074837e-01
7.9678433199910581041791601819568313658237e-01
9.5653485788792835808891368287731893360615e-01
7.5094393131476722125228207005420699715614e-01
5.0914592625146848359207751855137757956982e-01
7.8619686524779597291967547789681702852249e-01
8.2703253094815565304998017381876707077026e-01
8.3862962932067541821368195087416097521782e-01
8.2864806023062231865594640112249180674553e-01
1.0000000000000000000000000000000000000000e+00
8.9846072272787402823723823530599474906921e-01
9.0511967449878549807351646450115367770195e-01
4.3863942043377823765126777288969606161118e-01
9.1389003358940390508990958551294170320034e-01
8.3485242847782814568091680484940297901630e-01
7.8707405058205393011405703873606398701668e-01
8.9186527820497885077344335513771511614323e-01
1.0000000000000000000000000000000000000000e+00
7.6195974189040960311558592366054654121399e-01
9.4156146567961929161327816473203711211681e-01
9.1389003358940390508990958551294170320034e-01
0.0000000000000000000000000000000000000000e+00
7.8619686524778664704626862658187747001648e-01
9.3115063635956107912505785861867479979992e-01
8.7532319852797813020117700943956151604652e-01
9.3115063635956107912505785861867479979992e-01
8.1153786825417528749682105626561678946018e-01
9.3406547697412500852465200296137481927872e-01
9.1796205952671794392472293111495673656464e-01
8.7526126350622857064109894054126925766468e-01
9.9269171291080704477849394606892019510269e-01
4.7509555938737191294052308876416645944118e-01
7.8619686524779275327290406494284979999065e-01
8.4548666678306949595622654669568873941898e-01
8.9884594456136213125319045502692461013794e-01
9.3410016793052585981627089495304971933365e-01
7.2197603728913883891493696864927187561989e-01
8.6540390081960993917675750708440318703651e-01
8.7750449330984170437375269102631136775017e-01
9.4588987030338644856897190038580447435379e-01
8.9186527820497885077344335513771511614323e-01
6.3956680433253110251712314493488520383835e-01
3.7246637999283815911866213355096988379955e-01
7.8619686524779097691606466469238512217999e-01
8.0006075079206739886217292223591357469559e-01
8.2372979340332330711049735327833332121372e-01
8.6008313130248270628186446629115380346775e-01
1.0000000000000000000000000000000000000000e+00
8.3354917226115798900565323492628522217274e-01
7.9408347373890453280154133608448319137096e-01
9.2596948935108613909505947958678007125854e-01
8.8773857420415003272040621595806442201138e-01
8.7532319852797813020117700943956151604652e-01
8.3947554456484718699016411846969276666641e-01
4.6200304185826374103740477039536926895380e-01
8.3689725343227472365015273680910468101501e-01
8.3689725343227650000699213705956935882568e-01
8.4848091672298653342920715658692643046379e-01
1.0000000000000000000000000000000000000000e+00
7.1376849759171479004038474158733151853085e-01
8.4928839970350178401048424348118714988232e-01
8.4361452204899078921584987256210297346115e-01
1.0000000000000000000000000000000000000000e+00
1.0000000000000000000000000000000000000000e+00
6.3956680433253110251712314493488520383835e-01
5.6989927733732570480640333698829635977745e-01
8.9599765150510857214527504766010679304600e-01
2.7144197418453563930285099559114314615726e-01
7.7217407414020566847057125414721667766571e-01
8.4699408325551039933287711392040364444256e-01
8.3862962932065754362298548585386015474796e-01
9.3410016793052585981627089495304971933365e-01
8.0255207456526467257873491689679212868214e-01
9.4497879202586521074636038974858820438385e-01
8.9940976118147619722265062591759487986565e-01
9.0347815482616777860158663315814919769764e-01
6.2745135700119192279089475050568580627441e-01
5.5199413841594890950403851093142293393612e-01
5.0106781064382410750823737544124014675617e-01
9.9565761363197335942487598003936000168324e-01
6.8248116221871246711572212007013149559498e-01
1.3564609640870159412706641433032928034663e-01
8.5411884928563297503245621555834077298641e-01
8.7241985781772224406438454025192186236382e-01
8.3862962932067541821368195087416097521782e-01
8.4251966506950015656229879823513329029083e-01
9.9469419381715284966816170708625577390194e-01
8.9846072272787225188039883505553007125854e-01
8.6720397245066582758710183043149299919605e-01
8.3675393259122532452209952680277638137341e-01
9.1389003358939424614959534665104001760483e-01
9.2123686818135186449296725186286494135857e-01
9.0073465218840065293903762722038663923740e-01
8.7532319852797813020117700943956151604652e-01
9.3689885016060414635319375520339235663414e-01
8.2656963471186239988952593193971551954746e-01
4.5658259849198257196434269644669257104397e-01
7.8619686524779097691606466469238512217999e-01
8.8201473063998747647929121740162372589111e-01
8.0278960944872856941856298362836241722107e-01
7.7430275053755492908891255865455605089664e-01
8.1153786825417573158603090632823295891285e-01
8.0278960944872856941856298362836241722107e-01
8.0278960944872856941856298362836241722107e-01
8.0278960944872856941856298362836241722107e-01
8.8000658861335656624191869923379272222519e-01
9.0352824447070168023543601520941592752934e-01
9.0073465218840065293903762722038663923740e-01
8.2359746214357720806020779491518624126911e-01
8.8563498067294921245462546721682883799076e-01
8.3523623716269046468596570775844156742096e-01
8.0278960944872468363797679558047093451023e-01
6.0990041371475911535782188366283662617207e-01
8.5278419634126145787433870282256975769997e-01
8.7241985781772801722411259106593206524849e-01
8.0422034511713003102073571426444686949253e-01
8.2864806023062231865594640112249180674553e-01
7.9700478492664694751823617480113171041012e-01
8.6954905627855871852460722948308102786541e-01
8.1238448227099380183346966077806428074837e-01
8.7860288531574537440604899529716931283474e-01
8.7868474516696326581666198762832209467888e-01
8.3255126254487665793391215629526413977146e-01
8.3255126254487665793391215629526413977146e-01
8.3255126254487665793391215629526413977146e-01
8.5278419634126145787433870282256975769997e-01
8.1238448227099369081116719826241023838520e-01
8.2770010355403866864065776098868809640408e-01
7.6769157542667143534487195211113430559635e-01
5.9680841859977407093396095660864375531673e-01
8.9955646712685910504347930327639915049076e-01
1.0000000000000000000000000000000000000000e+00
8.2647014778680216728901086753467097878456e-01
9.4890773500336311752079154757666401565075e-01
7.4434033806313848469216054581920616328716e-01
9.0511967449878549807351646450115367770195e-01
9.0511967449878549807351646450115367770195e-01
1.0000000000000000000000000000000000000000e+00
4.2489520951525383551938830350991338491440e-01
7.8619686524779097691606466469238512217999e-01
6.6583157348113364282227166768279857933521e-01
9.3149421500083007252612787851830944418907e-01
1.0000000000000000000000000000000000000000e+00
4.9686664746154574068270903808297589421272e-01
9.2123686818134609133323920104885473847389e-01
7.8619686524779097691606466469238512217999e-01
8.7785452949912556874778601923026144504547e-01
0.0000000000000000000000000000000000000000e+00
8.1390010635398579719179679159424267709255e-01
8.5183272334827220273467673905543051660061e-01
8.9186527820497885077344335513771511614323e-01
8.9186527820497885077344335513771511614323e-01
6.6996966331659002502618704966153018176556e-01
7.9310158261239260824027041962835937738419e-01
8.3627972423312202376877166898339055478573e-01
9.7959649127041581451180718431714922189713e-01
8.0069978362272586913661598373437300324440e-01
6.8932239009364337789520504884421825408936e-01
7.2679935752976121410284804369439370930195e-01
8.6509867273754981198408131604082882404327e-01
7.2348482899015509328677353551029227674007e-01
5.8725056827290966765531265991739928722382e-01
9.6788043355203823292498555019847117364407e-01
9.1895825512190187911443217672058381140232e-01
8.9186527820497885077344335513771511614323e-01
5.6758073017905585899711695674341171979904e-01
4.3448679527531974819964943890227004885674e-01
7.3756757224301427999790803369251079857349e-01
8.7756544365236333060664719596388749778271e-01
9.2256867915812623692772831418551504611969e-01
9.1673754650305916413799423025920987129211e-01
7.4134667766252537735027772214380092918873e-01
8.5302051287726066153282999948714859783649e-01
8.5528758947473282336915190171566791832447e-01
9.6516351135503475333621281606610864400864e-01
9.5253557018436996184362897110986523330212e-01
6.4982415115201497268770935988868586719036e-01
5.8450128669762302369150575032108463346958e-01
8.4768173883235353738285766667104326188564e-01
6.4664906441895708688605282077332958579063e-01
5.7268780029283317123400820491951890289783e-01
8.7944114038181342429822962003527209162712e-01
8.5606828876578455744805751237436197698116e-01
8.3100255494453201254856367086176760494709e-01
9.3149421500082074665272102720336988568306e-01
8.0789791665715793289592738801729865372181e-01
4.6285501390160088686087647147360257804394e-01
5.8135331399048684186681157370912842452526e-01
0.0000000000000000000000000000000000000000e+00
5.7002683597363335010754781251307576894760e-01
4.6421465161697572643362263988819904625416e-01
0.0000000000000000000000000000000000000000e+00
5.1722344098040728965770540526136755943298e-01
5.0914592625146848359207751855137757956982e-01
4.3863942043377823765126777288969606161118e-01
0.0000000000000000000000000000000000000000e+00
4.7509555938737191294052308876416645944118e-01
3.7246637999283815911866213355096988379955e-01
4.6200304185826374103740477039536926895380e-01
2.7144197418453563930285099559114314615726e-01
1.3564609640870159412706641433032928034663e-01
4.5658259849198257196434269644669257104397e-01
6.0990041371475911535782188366283662617207e-01
5.9680841859977407093396095660864375531673e-01
0.0000000000000000000000000000000000000000e+00
4.3448679527531974819964943890227004885674e-01
4.6285501390160088686087647147360257804394e-01
0.0000000000000000000000000000000000000000e+00
5.8135331399048684186681157370912842452526e-01
0.0000000000000000000000000000000000000000e+00
5.7002683597363335010754781251307576894760e-01
4.6421465161697572643362263988819904625416e-01
0.0000000000000000000000000000000000000000e+00
5.1722344098040728965770540526136755943298e-01
5.0914592625146848359207751855137757956982e-01
4.3863942043377823765126777288969606161118e-01
0.0000000000000000000000000000000000000000e+00
4.7509555938737191294052308876416645944118e-01
3.7246637999283815911866213355096988379955e-01
4.6200304185826374103740477039536926895380e-01
2.7144197418453563930285099559114314615726e-01
1.3564609640870159412706641433032928034663e-01
4.5658259849198257196434269644669257104397e-01
6.0990041371475911535782188366283662617207e-01
5.9680841859977407093396095660864375531673e-01
0.0000000000000000000000000000000000000000e+00
4.3448679527531974819964943890227004885674e-01
4.6285501390160088686087647147360257804394e-01
0.0000000000000000000000000000000000000000e+00
0.0000000000000000000000000000000000000000e+00
5.8135331399048684186681157370912842452526e-01
0.0000000000000000000000000000000000000000e+00
5.7002683597363335010754781251307576894760e-01
4.6421465161697572643362263988819904625416e-01
0.0000000000000000000000000000000000000000e+00
5.1722344098040728965770540526136755943298e-01
5.0914592625146848359207751855137757956982e-01
4.3863942043377823765126777288969606161118e-01
0.0000000000000000000000000000000000000000e+00
4.7509555938737191294052308876416645944118e-01
3.7246637999283815911866213355096988379955e-01
4.6200304185826374103740477039536926895380e-01
2.7144197418453563930285099559114314615726e-01
1.3564609640870159412706641433032928034663e-01
4.5658259849198257196434269644669257104397e-01
6.0990041371475911535782188366283662617207e-01
5.9680841859977407093396095660864375531673e-01
0.0000000000000000000000000000000000000000e+00
4.3448679527531974819964943890227004885674e-01
4.6285501390160088686087647147360257804394e-01
0.0000000000000000000000000000000000000000e+00
0.0000000000000000000000000000000000000000e+00
0.0000000000000000000000000000000000000000e+00
8.9645859100890973536479577887803316116333e+01
9.1827575118113868857250281507731415331364e-01
