1
0
23
6.1064471039166712262868941252236254513264e-01
3.9771874436313098266637666711176279932261e-01
4.4076213574532252525983722080127336084843e-01
5.7198714826945296074711677647428587079048e-01
3.8789236333480003882101527779013849794865e-01
7.2916279347720192038906361631234176456928e-01
7.1776404153122741469417178450385108590126e-01
5.6250464927442644924582282328628934919834e-01
7.4508095322202927413002271350705996155739e-01
7.4017778237190323675775971423718146979809e-01
6.3055442366205993742767077492317184805870e-01
2.6775972000196857081277812540065497159958e-01
6.1863801223538750218011728065903298556805e-01
9.9252825144509548849214297661092132329941e-01
1.0000000000000000000000000000000000000000e+00
8.7376012684041715061766808503307402133942e-01
0.0000000000000000000000000000000000000000e+00
8.1028372008424864869624570928863249719143e-01
8.0085230629555181902645699665299616754055e-01
8.3797531989768092586245984421111643314362e-01
6.6861194803768242422847833950072526931763e-01
9.2796827336496945370925004681339487433434e-01
5.1642887000693749044444302853662520647049e-01
7.2164645093600698899649614759255200624466e-01
6.6234190588784869202498839513282291591167e-01
8.3821277149097506153907488624099642038345e-01
7.6168514572779488780440715345321223139763e-01
1.0000000000000000000000000000000000000000e+00
6.3808109567160353758907831434044055640697e-01
0.0000000000000000000000000000000000000000e+00
5.8075392360887279075143396767089143395424e-01
9.6184564009649853311145761836087331175804e-01
7.8559840825059390478912746402784250676632e-01
8.0835678664789833991477507879608310759068e-01
9.4051084303966359101423222455196082592010e-01
8.0085230629555204107106192168430425226688e-01
9.2427133393665827920671063111512921750546e-01
4.7466688979428578454289322507975157350302e-01
1.0000000000000000000000000000000000000000e+00
7.6820522506737909385066132017527706921101e-01
9.4638790227729874260376163874752819538116e-01
8.6424524619659048862985173400375060737133e-01
5.2065954157174421101927919153240509331226e-01
9.4708269785955867536841878973064012825489e-01
7.9735845659395865325791419309098273515701e-01
1.0000000000000000000000000000000000000000e+00
7.7480963823902460063663966138847172260284e-02
8.6366405150268710233518731911317445337772e-01
7.1263214246653949768273150766617618501186e-01
7.7908924059371242876181895553600043058395e-01
7.1258516016738060461221948571619577705860e-01
5.9848590159333592275459068332565948367119e-01
6.2233008760842878359653695952147245407104e-01
6.8354348486824734187905505677917972207069e-01
7.1658388402640249559283347480231896042824e-01
9.9332969876488819149784603723674081265926e-01
3.0658460973390355697176801186287775635719e-01
4.8584907446778896611405684780038427561522e-01
7.6538479753472588029694634315092116594315e-01
7.6734913391614756328351631964324042201042e-01
6.9468055122958149993905863084364682435989e-01
6.0147222286424795179016200563637539744377e-01
7.1268502097147090612594411140889860689640e-01
5.8296657535414564410558568852138705551624e-01
6.9556413607369371732147556031122803688049e-01
7.4202628678028126341104098173673264682293e-01
5.5587727885166315910936418731580488383770e-01
0.0000000000000000000000000000000000000000e+00
7.1776404153123551932225154814659617841244e-01
9.6631488998459746930791425256757065653801e-01
5.6250464927442644924582282328628934919834e-01
6.3943872952901215089838160565705038607121e-01
1.0000000000000000000000000000000000000000e+00
8.7128270638361937638904919367632828652859e-01
7.9436492824594973072294123994652181863785e-01
9.4716871219436016282600121485302224755287e-01
1.0000000000000000000000000000000000000000e+00
7.8904268230434670972073263328638859093189e-01
8.6437073532318853263944902209914289414883e-01
3.5017814508313427346308799315011128783226e-01
6.6413156440755694021049748698715120553970e-01
5.8175401011995453437464220769470557570457e-01
9.1951370086634665046432246526819653809071e-01
1.0000000000000000000000000000000000000000e+00
3.7889685420692731376846040802774950861931e-01
7.1268502097147068408133918637759052217007e-01
7.4937842744305072084642915797303430736065e-01
9.3503401974615818481595397315686568617821e-01
1.0000000000000000000000000000000000000000e+00
7.7908924059370054937545546636101789772511e-01
6.0804018646566959649391037601162679493427e-01
6.4761905322934754103414434212027117609978e-01
1.4003756797275568324323558044852688908577e-01
5.1347634727987756519951290101744234561920e-01
6.7400529817845589164448938390705734491348e-01
7.0426762219141547660683499998413026332855e-01
7.0745613574083066055209201294928789138794e-01
8.3143590159126634642205999625730328261852e-01
6.8655033634443807244451818405650556087494e-01
5.6971165581368377051063589533441700041294e-01
7.8037082446093886112237214547349140048027e-01
2.9032339521268440973855717857077252119780e-01
6.5195864642044965009404222655575722455978e-01
5.1044577476696773032927012536674737930298e-01
7.1968494073750965966951298469211906194687e-01
3.1241903709712470771364678512327373027802e-01
0.0000000000000000000000000000000000000000e+00
7.8992904836611743668584040278801694512367e-01
7.7981210561977820638901448546675965189934e-01
8.6490524540977498091365305299405008554459e-01
9.0181355874969815200614675632095895707607e-01
1.0000000000000000000000000000000000000000e+00
5.9708802347825207235132438654545694589615e-01
7.2639774340446117140146498059039004147053e-01
6.6661560142316045318722217416507191956043e-01
1.0000000000000000000000000000000000000000e+00
7.4536239522544445179619287955574691295624e-01
1.0000000000000000000000000000000000000000e+00
9.8427927467314801912579014242510311305523e-01
1.0000000000000000000000000000000000000000e+00
6.8939792078211659109854281268781051039696e-01
4.0657976070884893626811162903322838246822e-01
6.1673546432498660418985991782392375171185e-01
7.0426762219141192389315619948320090770721e-01
7.0426762219142069465505073821987025439739e-01
7.5787971991412195205128909947234205901623e-01
8.5886731236423796698176147401682101190090e-01
6.6041262284976731677943462273105978965759e-01
6.1513757042022576548845336219528689980507e-01
7.0322810230421584076765384452301077544689e-01
7.3627979984869029728145051194587722420692e-01
7.4521671576970627270952718390617519617081e-01
6.9556413607368838825095735955983400344849e-01
7.0426762219141292309387836212408728897572e-01
8.6091818981168177771223781746812164783478e-01
5.2269701105217725167761955162859521806240e-01
6.4618190638521377788805466479971073567867e-01
5.2269701105217725167761955162859521806240e-01
6.5332171240922753963076274885679595172405e-01
6.8147174289104950339890365285100415349007e-01
6.8660547813624595026027463973150588572025e-01
6.6268289553132964098125512464321218430996e-01
8.7105494431723728965266673185396939516068e-01
6.8363937510713546075180602201726287603378e-01
5.9892610288537884155601886959630064666271e-01
7.6674992391325935692236726026749238371849e-01
7.5358699977997334329415934917051345109940e-01
6.1139473430906821072028378694085404276848e-01
5.4437880998202436977351226232713088393211e-01
7.5789413288586049421979851103969849646091e-01
7.7059264336894184310722266673110425472260e-01
6.6883768510952423813620271175750531256199e-01
7.1287947879352520086371214347309432923794e-01
6.1139473430906821072028378694085404276848e-01
4.8244614664532381453909692936576902866364e-01
5.4267338148144905751735223020659759640694e-01
5.0415278155008658167446355946594849228859e-01
5.6250464927442644924582282328628934919834e-01
4.2211818655337923766879271170182619243860e-01
7.3267223517501856022704487259034067392349e-01
6.6724231268176403819580855270032770931721e-01
7.0067003380292769421089360548648983240128e-01
6.6074767488712937701933469725190661847591e-01
7.3951462556817793014829476305749267339706e-01
7.4759403885742903295152927967137657105923e-01
5.3147915543872836785510571644408628344536e-01
4.8522024692938214851523071047267876565456e-01
3.2879786546402156588442267093341797590256e-01
1.6657348342124686513265885423606960102916e-01
9.3339109166711187182130515793687663972378e-01
7.2923745707093490242556299563148058950901e-01
9.3033017813072549362374275006004609167576e-01
1.0956849574996557761252802265516947954893e-01
5.9959878802957256027639232343062758445740e-01
6.8368014344474037358168061473406851291656e-01
5.9423634402074676508220818504923954606056e-01
5.5352363810830940149543266670661978423595e-01
9.6702988320202576399964300435385666787624e-01
6.3565423541772014814910107816103845834732e-01
6.3743010869895311287791628274135291576385e-01
6.3117489739624232925052638165652751922607e-01
9.3149144294763153162364233139669522643089e-01
6.2157503293190374815679888342856429517269e-01
3.4334975429762948362366614674101583659649e-01
7.8904268230434970732289912120904773473740e-01
3.9622622927775585921494894137140363454819e-01
3.9358163828509046267001281194097828119993e-01
7.6122153218325760981599614751758053898811e-01
7.0109080099453346957005805961671285331249e-01
6.9031834836240535402396290010074153542519e-01
3.3774183686803255222130815127457026392221e-01
1.8163654141992757740098340946133248507977e-01
7.1776404153122774776107917205081321299076e-01
7.1776404153122774776107917205081321299076e-01
9.6259967405570812104542710585519671440125e-01
9.7140170767197830947736747475573793053627e-01
7.2383425858885641623885476292343810200691e-01
6.2427912877150071313536727757309563457966e-01
8.9900413772432508086041025308077223598957e-01
9.8822040382981346517965448583709076046944e-01
1.0000000000000000000000000000000000000000e+00
6.0448031775212052174595100950682535767555e-01
4.6654775789324737234053941392630804330111e-01
6.0312816838467697699854852544376626610756e-01
6.6413156440755627407668271189322695136070e-01
5.8100488519802773179634414191241376101971e-01
7.5135799869775188319920289359288290143013e-01
7.8896015721222345629115579868084751069546e-01
6.9644890856407382084825030688080005347729e-01
5.6008041895120419528808497489080764353275e-01
4.5494197668537905698826762090902775526047e-01
4.5494197668537905698826762090902775526047e-01
4.4076213574532252525983722080127336084843e-01
3.8789236333480003882101527779013849794865e-01
5.6250464927442644924582282328628934919834e-01
2.6775972000196857081277812540065497159958e-01
0.0000000000000000000000000000000000000000e+00
5.1642887000693749044444302853662520647049e-01
0.0000000000000000000000000000000000000000e+00
4.7466688979428578454289322507975157350302e-01
7.7480963823902460063663966138847172260284e-02
3.0658460973390355697176801186287775635719e-01
0.0000000000000000000000000000000000000000e+00
3.5017814508313427346308799315011128783226e-01
1.4003756797275568324323558044852688908577e-01
0.0000000000000000000000000000000000000000e+00
4.0657976070884893626811162903322838246822e-01
5.2269701105217725167761955162859521806240e-01
4.8244614664532381453909692936576902866364e-01
1.0956849574996557761252802265516947954893e-01
1.8163654141992757740098340946133248507977e-01
4.5494197668537905698826762090902775526047e-01
0.0000000000000000000000000000000000000000e+00
4.4076213574532252525983722080127336084843e-01
3.8789236333480003882101527779013849794865e-01
5.6250464927442644924582282328628934919834e-01
2.6775972000196857081277812540065497159958e-01
0.0000000000000000000000000000000000000000e+00
5.1642887000693749044444302853662520647049e-01
0.0000000000000000000000000000000000000000e+00
4.7466688979428578454289322507975157350302e-01
7.7480963823902460063663966138847172260284e-02
3.0658460973390355697176801186287775635719e-01
0.0000000000000000000000000000000000000000e+00
3.5017814508313427346308799315011128783226e-01
1.4003756797275568324323558044852688908577e-01
0.0000000000000000000000000000000000000000e+00
4.0657976070884893626811162903322838246822e-01
5.2269701105217725167761955162859521806240e-01
4.8244614664532381453909692936576902866364e-01
1.0956849574996557761252802265516947954893e-01
1.8163654141992757740098340946133248507977e-01
4.5494197668537905698826762090902775526047e-01
0.0000000000000000000000000000000000000000e+00
0.0000000000000000000000000000000000000000e+00
4.4076213574532252525983722080127336084843e-01
3.8789236333480003882101527779013849794865e-01
5.6250464927442644924582282328628934919834e-01
2.6775972000196857081277812540065497159958e-01
0.0000000000000000000000000000000000000000e+00
5.1642887000693749044444302853662520647049e-01
0.0000000000000000000000000000000000000000e+00
4.7466688979428578454289322507975157350302e-01
7.7480963823902460063663966138847172260284e-02
3.0658460973390355697176801186287775635719e-01
0.0000000000000000000000000000000000000000e+00
3.5017814508313427346308799315011128783226e-01
1.4003756797275568324323558044852688908577e-01
0.0000000000000000000000000000000000000000e+00
4.0657976070884893626811162903322838246822e-01
5.2269701105217725167761955162859521806240e-01
4.8244614664532381453909692936576902866364e-01
1.0956849574996557761252802265516947954893e-01
1.8163654141992757740098340946133248507977e-01
4.5494197668537905698826762090902775526047e-01
0.0000000000000000000000000000000000000000e+00
0.0000000000000000000000000000000000000000e+00
0.0000000000000000000000000000000000000000e+00
7.2177929176139031142156454734504222869873e+01
1.2741018195010238578390726615907624363899e+00
