1
0
23
5.8008326442668889377785035321721807122231e-01
3.9866552851703401794125625201559159904718e-01
4.5051903240280732898526139251771382987499e-01
5.4902838852577040551494746978278271853924e-01
3.8498182218185705849577971093822270631790e-01
7.3676926896263772448492090916261076927185e-01
6.9432619451984134428812467376701533794403e-01
5.3933497555282527979869655609945766627789e-01
7.3744186285916035750176433793967589735985e-01
6.7945353506802330656455524149350821971893e-01
5.9319076797573777604100087046390399336815e-01
2.4982166524541024599237459824507823213935e-01
6.6156036473425683386295759191852994263172e-01
1.0000000000000000000000000000000000000000e+00
1.0000000000000000000000000000000000000000e+00
9.6809525232447934950386070340755395591259e-01
0.0000000000000000000000000000000000000000e+00
7.9178657144395303557615761747001670300961e-01
7.2718709828410288409372697060462087392807e-01
8.2757635371567306314943834877340123057365e-01
6.6373949971331847041966511824284680187702e-01
8.2371435380867741304911078259465284645557e-01
5.0427014338703091134163969400105997920036e-01
7.1024553196880269023694154384429566562176e-01
6.3119447387414728822818688058760017156601e-01
8.3294845714762955068977134942542761564255e-01
7.9253136186648776018159878731239587068558e-01
1.0000000000000000000000000000000000000000e+00
6.2871253398870086126493106348789297044277e-01
0.0000000000000000000000000000000000000000e+00
5.8001993312285859971666468481998890638351e-01
8.9080582552053588774043646481004543602467e-01
7.5840796526720599679549650318222120404243e-01
7.4471777380790349365469182885135523974895e-01
9.3204236903192039243037925189128145575523e-01
7.7721623265128925162059658759972080588341e-01
8.5845417187986883256201053882250562310219e-01
4.6302392861266916668228077469393610954285e-01
1.0000000000000000000000000000000000000000e+00
6.9432619451984134428812467376701533794403e-01
9.6950865255302642875534502309164963662624e-01
8.9833740525177063762640727873076684772968e-01
6.6194918850951134370319550725980661809444e-01
9.6087885105586767764407341019250452518463e-01
6.8921768340801858876432106626452878117561e-01
1.0000000000000000000000000000000000000000e+00
1.9502687787489869641888162732357159256935e-02
8.6165103267396525588139866158599033951759e-01
8.0228305399637511730048800018266774713993e-01
7.8625652537366241823235668562119826674461e-01
7.4486574098593472115226177265867590904236e-01
6.7120558763453630479745015691150911152363e-01
6.5353570518679737766376547369873151183128e-01
6.9784265525078792435920149728190153837204e-01
7.4486574098593494319686669768998399376869e-01
1.0000000000000000000000000000000000000000e+00
3.3400602135581225482496847689617425203323e-01
5.2816412697967907163842937734443694353104e-01
8.0254205061576711077719892273307777941227e-01
8.3734936502273282776798168924869969487190e-01
7.0592676201185755591183124124654568731785e-01
6.0896613149715794754968101187841966748238e-01
7.8149457120532050957706360350130125880241e-01
6.4985847241205407787134618047275580465794e-01
6.9425439512280340270677925218478776514530e-01
8.7508108649009597179713182413252070546150e-01
5.6432764361042120349054584949044510722160e-01
2.8882867070472641179978978698272840119898e-02
6.6680721561029021593469678919063881039619e-01
8.1084767092260945364756707931519486010075e-01
5.3933497555282527979869655609945766627789e-01
6.3987725680339802014628958204411901533604e-01
1.0000000000000000000000000000000000000000e+00
7.8361803998317014485763820630381815135479e-01
7.9731015642380087538043653694330714643002e-01
8.3937085811366796139765256157261319458485e-01
1.0000000000000000000000000000000000000000e+00
7.5251979305014116139460611520917154848576e-01
8.1868246121534860026969226964865811169147e-01
3.3106900467255451214754202737822197377682e-01
6.8692870046688403462553651479538530111313e-01
5.7707663160894784315502192839630879461765e-01
9.5478236377022773773148855980252847075462e-01
1.0000000000000000000000000000000000000000e+00
6.3224956014331501474856622735387645661831e-01
6.7783615138314134984653946958133019506931e-01
7.6087530774468037364499650720972567796707e-01
9.8505172417536657203385175307630561292171e-01
9.9311424754108978962818810032331384718418e-01
7.5214662336834448019828869291814044117928e-01
6.2935736586270563108769238169770687818527e-01
6.9060666408474757904656371465534903109074e-01
1.2528524660149908953599151573143899440765e-01
4.9862810445604566211841301992535591125488e-01
6.3910224691910322292187629500404000282288e-01
6.7978986545519393125402984878746792674065e-01
7.1674080569142983865305041035753674805164e-01
6.7446902544698594805794300555135123431683e-01
6.6564719701361640957770759996492415666580e-01
5.3239316408600911856296988844405859708786e-01
7.7851714186963705266464330634335055947304e-01
2.9857239938948354485148684034356847405434e-01
6.6020440976235217345191585991415195167065e-01
5.9323838861544098133293800856336019933224e-01
6.9762445600556299840633300846093334257603e-01
3.5415419186194030398695531403063796460629e-01
0.0000000000000000000000000000000000000000e+00
7.8951225968227556339940065299742855131626e-01
7.7367284947048153842530382462427951395512e-01
8.5173932074233771327698150344076566398144e-01
8.3737667547124539080272143110050819814205e-01
1.0000000000000000000000000000000000000000e+00
6.5353570518679737766376547369873151183128e-01
7.5564715488468248150155659459414891898632e-01
7.0039104234006643867616048737545497715473e-01
9.8133344062392779960646294057369232177734e-01
8.0588466771751254835720601477078162133694e-01
1.0000000000000000000000000000000000000000e+00
9.0535675666584158882699284731643274426460e-01
9.6840294910106161641039079768233932554722e-01
6.8896722090320416942432757423375733196735e-01
3.8548977080139557038762632146244868636131e-01
6.1332867344420460842258080447209067642689e-01
6.9097607848050268675166307730250991880894e-01
6.9097607848049813483726211416069418191910e-01
7.2146742592747170608191709106904454529285e-01
8.4947404801890935566177631699247285723686e-01
6.8529119484521461291848254404612816870213e-01
6.5251670846861142827322055381955578923225e-01
6.8529119484521250349473575624870136380196e-01
7.4059925926523029193759839472477324306965e-01
7.5382894126352573138660773111041635274887e-01
6.9524079416318385060691298349411226809025e-01
6.8529119484521738847604410693747922778130e-01
7.7618158903213863020198459707899019122124e-01
5.3130104283703671885774610927910543978214e-01
6.8591573078883771863445417693583294749260e-01
5.3130104283703671885774610927910543978214e-01
6.4504490528991620390542038876446895301342e-01
6.7945353506802330656455524149350821971893e-01
6.9097607848049813483726211416069418191910e-01
6.6130329313205793440033630758989602327347e-01
7.9574164705636329930626970963203348219395e-01
6.8749786865342310537840830875211395323277e-01
6.1973206492126486910620997150545008480549e-01
7.7237007767158860627176863999920897185802e-01
8.2600870399731773918716726257116533815861e-01
6.2777601097657387274608709049061872065067e-01
6.1896738596130218557078705998719669878483e-01
7.3906907466623061875310440882458351552486e-01
7.2211653781980267297058162512257695198059e-01
6.8165201562150701253273155089118517935276e-01
7.5564715488468137127853196943760849535465e-01
6.1332867344420560762330296711297705769539e-01
4.8608958174342958846736451050674077123404e-01
5.4135580591798704297445965494262054562569e-01
4.8494661777840836203168350948544684797525e-01
5.3933497555282527979869655609945766627789e-01
3.9773250587703112834958574239863082766533e-01
8.0161281158945674185645202669547870755196e-01
6.7755039139522443836227694191620685160160e-01
7.2894098468378476507467667033779434859753e-01
6.5428191724088824443583689571823924779892e-01
8.0199278199689438828556831140303984284401e-01
7.6779945711434494093339253595331683754921e-01
5.6404581970437339677459931408520787954330e-01
4.5094935043747075287257075615343637764454e-01
3.6926887040066447287500750462641008198261e-01
1.5318953807594765104127532140410039573908e-01
9.6328720217953534010746352578280493617058e-01
6.8697813966889709202945368815562687814236e-01
9.3121961403726960515569999188301153481007e-01
9.5786496090958683780058890988584607839584e-02
6.3747839938710260110354965945589356124401e-01
6.9432619451984134428812467376701533794403e-01
6.3747839938710260110354965945589356124401e-01
5.7831810852391829502749942548689432442188e-01
9.9819035563074998140820071057532913982868e-01
6.6296349193132186883303802460432052612305e-01
6.6409971331774864111707756819669157266617e-01
6.6606770305217777305983872793149203062057e-01
9.7638550038137039699392971670022234320641e-01
6.4358111899269165867565334337996318936348e-01
4.5011864213142094293118589121149852871895e-01
7.9399340980309396353931106204981915652752e-01
4.0939856112983702418617326657113153487444e-01
4.1290265018839578115006361258565448224545e-01
8.4012357682427751814913108319160528481007e-01
7.4438234292508598244353379413951188325882e-01
7.1881828574873063431027730985078960657120e-01
3.5308307618173812025830216043686959892511e-01
2.3788726537415744166636955014837440103292e-01
7.1229127089698107688775507995160296559334e-01
7.3056470236737025558682034898083657026291e-01
9.2241459178484874747994126664707437157631e-01
9.6671007694206156912741789710707962512970e-01
7.4238839283593083262502432262408547103405e-01
6.4146740382685429882059224837576039135456e-01
9.3144529312701607182134466711431741714478e-01
9.3275334084902294939922740013571456074715e-01
9.9682624968055255632037869872874580323696e-01
6.2764416049894988791635341840446926653385e-01
5.1216409467466550431424820999382063746452e-01
5.6604316033211443670580820253235287964344e-01
6.6597211084001628478290513157844543457031e-01
5.7244869187982838631967297260416671633720e-01
7.7141540670503705445781861271825619041920e-01
7.7961635544381657769719140560482628643513e-01
7.1229127089698363040071171781164593994617e-01
5.5095510647071133103480633508297614753246e-01
4.6755959451381901015309949798393063247204e-01
4.6755959451381901015309949798393063247204e-01
4.5051903240280732898526139251771382987499e-01
3.8498182218185705849577971093822270631790e-01
5.3933497555282527979869655609945766627789e-01
2.4982166524541024599237459824507823213935e-01
0.0000000000000000000000000000000000000000e+00
5.0427014338703091134163969400105997920036e-01
0.0000000000000000000000000000000000000000e+00
4.6302392861266916668228077469393610954285e-01
1.9502687787489869641888162732357159256935e-02
3.3400602135581225482496847689617425203323e-01
2.8882867070472641179978978698272840119898e-02
3.3106900467255451214754202737822197377682e-01
1.2528524660149908953599151573143899440765e-01
0.0000000000000000000000000000000000000000e+00
3.8548977080139557038762632146244868636131e-01
5.3130104283703671885774610927910543978214e-01
4.8608958174342958846736451050674077123404e-01
9.5786496090958683780058890988584607839584e-02
2.3788726537415744166636955014837440103292e-01
4.6755959451381901015309949798393063247204e-01
0.0000000000000000000000000000000000000000e+00
4.5051903240280732898526139251771382987499e-01
3.8498182218185705849577971093822270631790e-01
5.3933497555282527979869655609945766627789e-01
2.4982166524541024599237459824507823213935e-01
0.0000000000000000000000000000000000000000e+00
5.0427014338703091134163969400105997920036e-01
0.0000000000000000000000000000000000000000e+00
4.6302392861266916668228077469393610954285e-01
1.9502687787489869641888162732357159256935e-02
3.3400602135581225482496847689617425203323e-01
2.8882867070472641179978978698272840119898e-02
3.3106900467255451214754202737822197377682e-01
1.2528524660149908953599151573143899440765e-01
0.0000000000000000000000000000000000000000e+00
3.8548977080139557038762632146244868636131e-01
5.3130104283703671885774610927910543978214e-01
4.8608958174342958846736451050674077123404e-01
9.5786496090958683780058890988584607839584e-02
2.3788726537415744166636955014837440103292e-01
4.6755959451381901015309949798393063247204e-01
0.0000000000000000000000000000000000000000e+00
0.0000000000000000000000000000000000000000e+00
4.5051903240280732898526139251771382987499e-01
3.8498182218185705849577971093822270631790e-01
5.3933497555282527979869655609945766627789e-01
2.4982166524541024599237459824507823213935e-01
0.0000000000000000000000000000000000000000e+00
5.0427014338703091134163969400105997920036e-01
0.0000000000000000000000000000000000000000e+00
4.6302392861266916668228077469393610954285e-01
1.9502687787489869641888162732357159256935e-02
3.3400602135581225482496847689617425203323e-01
2.8882867070472641179978978698272840119898e-02
3.3106900467255451214754202737822197377682e-01
1.2528524660149908953599151573143899440765e-01
0.0000000000000000000000000000000000000000e+00
3.8548977080139557038762632146244868636131e-01
5.3130104283703671885774610927910543978214e-01
4.8608958174342958846736451050674077123404e-01
9.5786496090958683780058890988584607839584e-02
2.3788726537415744166636955014837440103292e-01
4.6755959451381901015309949798393063247204e-01
0.0000000000000000000000000000000000000000e+00
0.0000000000000000000000000000000000000000e+00
0.0000000000000000000000000000000000000000e+00
7.1892155058335546868875098880380392074585e+01
1.3559514716171190418236847108346410095692e+00
