1
0
23
5.4717013134211989200395009902422316372395e-01
4.2668934990137502571982963672780897468328e-01
5.3336640425105386054127620809595100581646e-01
6.7679337086539503864912603603443130850792e-01
4.5622244674460127322745961464534047991037e-01
8.0805578731806437797757780572283081710339e-01
7.9224644266334953712771493883337825536728e-01
5.7851845409414459631136651296401396393776e-01
8.2177051537994871832637500119744800031185e-01
7.6131229813504497361265066501800902187824e-01
6.7326545450286334748568606300977990031242e-01
2.7600388417984544897620935444138012826443e-01
6.9352153099638802480342292255954816937447e-01
1.0000000000000000000000000000000000000000e+00
1.0000000000000000000000000000000000000000e+00
8.2960152729018687978168600238859653472900e-01
0.0000000000000000000000000000000000000000e+00
8.4673921244423144827351279673166573047638e-01
7.5551567189856205786213649844285100698471e-01
8.0805578731806437797757780572283081710339e-01
7.5551567189856205786213649844285100698471e-01
9.1640625822827903590450659976340830326080e-01
5.3054470867134018163824293878860771656036e-01
7.8946454450875525044040159627911634743214e-01
7.2971149355339526287878015864407643675804e-01
8.3543950890715057422397649133927188813686e-01
8.2177051537995227104005380169837735593319e-01
1.0000000000000000000000000000000000000000e+00
7.0886657526594176736978170083602890372276e-01
1.6236372113304134434663694719347404316068e-01
6.9153956061201493632495385099900886416435e-01
8.5263616631150151992102337317191995680332e-01
8.0581064444326766516013549335184507071972e-01
7.9414950294923780660383272334001958370209e-01
9.2466945855592652669940889609279111027718e-01
8.4913425038909906561457319185137748718262e-01
8.7963872617237592876904272998217493295670e-01
5.0438404028674954648892025943496264517307e-01
9.3807030957627091094508386959205381572247e-01
7.5582859531455193202731379642500542104244e-01
8.0805578731806437797757780572283081710339e-01
8.4011005630085522355443572450894862413406e-01
8.1232749709160556594866875457228161394596e-01
8.2559709729852548409922974315122701227665e-01
7.4803568631193306792681596562033519148827e-01
8.9300928461077511144594609504565596580505e-01
6.8722893315982136464015184174058958888054e-02
9.0504751296537244709128344766213558614254e-01
9.7124439449097299537072558450745418667793e-01
9.1925625824728385282469389494508504867554e-01
9.3469145153445987173057574182166717946529e-01
7.6546088059507322309826804485055617988110e-01
7.7152644748999887891471871625981293618679e-01
9.1463428556446779715827233303571119904518e-01
8.5096921882069420650651636606198735535145e-01
1.0000000000000000000000000000000000000000e+00
4.1779422062255916481277040475106332451105e-01
7.0221173570004780106756925306399352848530e-01
8.9409773350025401050800155644537881016731e-01
9.0768977823058782927745369306649081408978e-01
8.0930578727188318133300981571665033698082e-01
7.6662602299033055786026125133503228425980e-01
8.8239122582275442141508392523974180221558e-01
8.1576441796728382804815282725030556321144e-01
8.0231852523212177086264773606671951711178e-01
9.1220163946213350669722785823978483676910e-01
7.0497955910853160599316424850258044898510e-01
2.0575162496251511723421856459026457741857e-01
7.6584864250055106893455558747518807649612e-01
7.8928159039352330239580624038353562355042e-01
6.2568551964209151439177958309301175177097e-01
7.3468301166214189379388699308037757873535e-01
1.0000000000000000000000000000000000000000e+00
7.6494266327899640423026994540123268961906e-01
7.8928159039348777525901823537424206733704e-01
8.2967390804893104139239312644349411129951e-01
8.5135659844113320549041645790566690266132e-01
8.3916612281477709345267612661700695753098e-01
8.5055899186247141408045990829123184084892e-01
3.6920529836125592915152537898393347859383e-01
7.4722694102335929233760225542937405407429e-01
7.1909837677642829412150149437366053462029e-01
9.6536407028291426613009207358118146657944e-01
1.0000000000000000000000000000000000000000e+00
7.2466311805396643741516982117900624871254e-01
7.5551567189858392925572161402669735252857e-01
1.0000000000000000000000000000000000000000e+00
8.8492491883430912658070610632421448826790e-01
8.4164104961646468705538381982478313148022e-01
7.7911521242710390922070473607163876295090e-01
6.7289154435032694223650651110801845788956e-01
7.8928479369350745820099746197229251265526e-01
5.3398258664462794342853158013895153999329e-02
6.0734797350191138676223090442363172769547e-01
7.6306315997574625242805268499068915843964e-01
7.1654523029572525505415114821516908705235e-01
7.5585158038232747035323200179846026003361e-01
6.3208061902475831672632011759560555219650e-01
8.2474140024503173052039528556633740663528e-01
6.5131325204514445292858226821408607065678e-01
8.3172626970701535320529274031287059187889e-01
3.2201532950897426843539506080560386180878e-01
7.5640912091714751497306679084431380033493e-01
7.2768444533905884963331800463492982089520e-01
7.4613087415758050369163356663193553686142e-01
5.1375356777884417791568694156012497842312e-01
1.1775967533719004787240436371575924567878e-01
8.2728545071751868889009529084432870149612e-01
7.9812988786205041336074827995616942644119e-01
8.8305955315273210182169805193552747368813e-01
8.1159175991163823304930247104493901133537e-01
9.9057825795401965862652104988228529691696e-01
7.5551567189858392925572161402669735252857e-01
8.1576441796728382804815282725030556321144e-01
7.8275013611826138593130508525064215064049e-01
9.5266477376122848941264464883715845644474e-01
8.8558827041745780128678688924992457032204e-01
1.0000000000000000000000000000000000000000e+00
8.6534091276209268439600919009535573422909e-01
8.5885501926446250475777333122096024453640e-01
7.9883927784441532971015931252622976899147e-01
3.3588942181061226532889918416913133114576e-01
6.9352153099638802480342292255954816937447e-01
7.7634690421948093774773269615252502262592e-01
7.4571299987954142718393768518581055104733e-01
7.6246322423177548266437497659353539347649e-01
8.6726397870371318976623342678067274391651e-01
7.6494266327899551605185024527600035071373e-01
7.7634690421948093774773269615252502262592e-01
7.4446007749442577594578551725135184824467e-01
7.8450363218080165772505552013171836733818e-01
8.2880837523261430277443650993518531322479e-01
7.9258521743965293371303459935006685554981e-01
7.6246322423175838522979574918281286954880e-01
7.8515205548146993486113842664053663611412e-01
6.0766900075043028817134427299606613814831e-01
7.6494266327899551605185024527600035071373e-01
6.0427336839942535906544662793749012053013e-01
7.4446007749442577594578551725135184824467e-01
7.6048996851703132282551678144955076277256e-01
7.4470829268055116489932743206736631691456e-01
7.5428983447095587777653236116748303174973e-01
7.7619843255235598800112484241253696382046e-01
7.6808058849821680968972259506699629127979e-01
7.5596568100124761357960778695996850728989e-01
8.2508364747754237011889699715538881719112e-01
8.5135659844113320549041645790566690266132e-01
7.3470447154334805883735270981560461223125e-01
7.6085304215759552715070412887143902480602e-01
7.7619843255234877155146477889502421021461e-01
7.8928479369349724414917091053212061524391e-01
7.4613087415760892540106397063937038183212e-01
7.9586900413015704280894624389475211501122e-01
6.7335390459450605860070027119945734739304e-01
5.5417343840979638169841337003163062036037e-01
6.6523337688163264314056277726194821298122e-01
6.6244296750937092799205174742382951080799e-01
6.8628435935771092690771411071182228624821e-01
6.0281701154527411734562747369636781513691e-01
8.4016774637000202208270138726220466196537e-01
7.5551567189859436535215309049817733466625e-01
9.0810835059176731043351082917070016264915e-01
7.4536296728979745118692790128989145159721e-01
9.3383753849319595108369185254559852182865e-01
9.2121463001144343607506925764027982950211e-01
7.2214289953170629487999576667789369821548e-01
5.6675721081055652206259765080176293849945e-01
6.6523337688163264314056277726194821298122e-01
2.7695849761615337625286770162347238510847e-01
9.1056778584345932081589580775471404194832e-01
7.7634690421948093774773269615252502262592e-01
9.1774771262687027117976867884863168001175e-01
2.1676005627849362356052154154895106330514e-01
7.6775426342161434689614907256327569484711e-01
8.0766684804587451917967655390384607017040e-01
7.8829758546409733899196226047934032976627e-01
7.5428983447095587777653236116748303174973e-01
9.2466945855594051550951917306520044803619e-01
7.5551567189858392925572161402669735252857e-01
7.5551567189858392925572161402669735252857e-01
8.0380917932585582708071569868479855358601e-01
7.7099716054464095815745849904487840831280e-01
7.6209945610958729211859008501050993800163e-01
6.7230967116648443493431841488927602767944e-01
8.5055899186247141408045990829123184084892e-01
6.3375586603113820416410817415453493595123e-01
5.3601338296850364883994188858196139335632e-01
8.7907655274426499403261914267204701900482e-01
8.0766684804587451917967655390384607017040e-01
8.0766684804587451917967655390384607017040e-01
5.0940766888551436419874107741634361445904e-01
3.6762727829046737415552570382715202867985e-01
7.6775426342161434689614907256327569484711e-01
8.1605231353298957053254980564815923571587e-01
9.6369469436064758571802713049692101776600e-01
9.7080033827575051841307640643208287656307e-01
7.9643067840366832399467966752126812934875e-01
7.4423532476200304763835902122082188725471e-01
9.7629239731667949442339704546611756086349e-01
9.2204049199425452965073191080591641366482e-01
1.0000000000000000000000000000000000000000e+00
7.0030275441260558810796510442742146551609e-01
6.5851111207410673031859005277510732412338e-01
6.7144299526589534821141569409519433975220e-01
7.0030275441260547708566264191176742315292e-01
6.2746798830893069087721869436791166663170e-01
8.4756461702543983705027130781672894954681e-01
8.2367861674927789206179795655771158635616e-01
7.4757549670288514498395215923665091395378e-01
6.7590739646002939711166845881962217390537e-01
6.1971981015600385855890408492996357381344e-01
5.1880548639743373495747391643817536532879e-01
5.3336640425105386054127620809595100581646e-01
4.5622244674460127322745961464534047991037e-01
5.7851845409414459631136651296401396393776e-01
2.7600388417984544897620935444138012826443e-01
0.0000000000000000000000000000000000000000e+00
5.3054470867134018163824293878860771656036e-01
1.6236372113304134434663694719347404316068e-01
5.0438404028674954648892025943496264517307e-01
6.8722893315982136464015184174058958888054e-02
4.1779422062255916481277040475106332451105e-01
2.0575162496251511723421856459026457741857e-01
3.6920529836125592915152537898393347859383e-01
5.3398258664462794342853158013895153999329e-02
1.1775967533719004787240436371575924567878e-01
3.3588942181061226532889918416913133114576e-01
6.0427336839942535906544662793749012053013e-01
5.5417343840979638169841337003163062036037e-01
2.1676005627849362356052154154895106330514e-01
3.6762727829046737415552570382715202867985e-01
5.1880548639743373495747391643817536532879e-01
0.0000000000000000000000000000000000000000e+00
5.3336640425105386054127620809595100581646e-01
4.5622244674460127322745961464534047991037e-01
5.7851845409414459631136651296401396393776e-01
2.7600388417984544897620935444138012826443e-01
0.0000000000000000000000000000000000000000e+00
5.3054470867134018163824293878860771656036e-01
1.6236372113304134434663694719347404316068e-01
5.0438404028674954648892025943496264517307e-01
6.8722893315982136464015184174058958888054e-02
4.1779422062255916481277040475106332451105e-01
2.0575162496251511723421856459026457741857e-01
3.6920529836125592915152537898393347859383e-01
5.3398258664462794342853158013895153999329e-02
1.1775967533719004787240436371575924567878e-01
3.3588942181061226532889918416913133114576e-01
6.0427336839942535906544662793749012053013e-01
5.5417343840979638169841337003163062036037e-01
2.1676005627849362356052154154895106330514e-01
3.6762727829046737415552570382715202867985e-01
5.1880548639743373495747391643817536532879e-01
0.0000000000000000000000000000000000000000e+00
0.0000000000000000000000000000000000000000e+00
5.3336640425105386054127620809595100581646e-01
4.5622244674460127322745961464534047991037e-01
5.7851845409414459631136651296401396393776e-01
2.7600388417984544897620935444138012826443e-01
0.0000000000000000000000000000000000000000e+00
5.3054470867134018163824293878860771656036e-01
1.6236372113304134434663694719347404316068e-01
5.0438404028674954648892025943496264517307e-01
6.8722893315982136464015184174058958888054e-02
4.1779422062255916481277040475106332451105e-01
2.0575162496251511723421856459026457741857e-01
3.6920529836125592915152537898393347859383e-01
5.3398258664462794342853158013895153999329e-02
1.1775967533719004787240436371575924567878e-01
3.3588942181061226532889918416913133114576e-01
6.0427336839942535906544662793749012053013e-01
5.5417343840979638169841337003163062036037e-01
2.1676005627849362356052154154895106330514e-01
3.6762727829046737415552570382715202867985e-01
5.1880548639743373495747391643817536532879e-01
0.0000000000000000000000000000000000000000e+00
0.0000000000000000000000000000000000000000e+00
0.0000000000000000000000000000000000000000e+00
6.8450989807344100768204953055828809738159e+01
1.9890231476393225307219836395233869552612e+00
