1
0
23
6.1666675905501600052360799963935278356075e-01
3.9499136171469928502375523748924024403095e-01
4.2421521753989371861237600569438654929399e-01
5.6078087894368011667722839774796739220619e-01
3.8790306889490600017467158977524377405643e-01
7.1951918168717121648825241209124214947224e-01
7.1603081783415500893852367880754172801971e-01
5.5791642661998752661389744389452971518040e-01
7.4481187419872396660025515302550047636032e-01
7.4481187419872552091248962824465706944466e-01
6.3997310797915585300899010690045543015003e-01
2.7856062191803820926594426055089570581913e-01
6.0014824874044814251305979269091039896011e-01
9.4320119024884929714858117222320288419724e-01
1.0000000000000000000000000000000000000000e+00
8.8556765129644432477107329759746789932251e-01
0.0000000000000000000000000000000000000000e+00
7.9973239106518223540120970938005484640598e-01
7.9289687010616038964627705354359932243824e-01
8.3834658007839601978616883570794016122818e-01
6.7287995369035469295226903341244906187057e-01
9.9182755350282159056973796396050602197647e-01
5.0438155630773062743088530623936094343662e-01
7.2841083674650297652419794758316129446030e-01
6.5578383176541632515466062613995745778084e-01
8.4493513009048637485420840675942599773407e-01
7.6598084021258050491098856582539156079292e-01
1.0000000000000000000000000000000000000000e+00
6.2329682087112969757214386845589615404606e-01
0.0000000000000000000000000000000000000000e+00
5.8185983412592379160344080446520820260048e-01
9.6504801835528342124348455399740487337112e-01
7.8576649217280869486046412930591031908989e-01
8.2246765590375725540894791265600360929966e-01
9.2013195994978091984961565685807727277279e-01
7.9973239106518223540120970938005484640598e-01
9.1359950137684420301553700483054853975773e-01
4.7868478577614814728491410278365947306156e-01
1.0000000000000000000000000000000000000000e+00
7.6454634467474158476818502094829455018044e-01
9.4214364520409599190742255814257077872753e-01
8.5895209248147175173926370916888117790222e-01
5.1834946203780263296323482791194692254066e-01
9.6352311926644729211943740665446966886520e-01
8.1424569173565919388835254721925593912601e-01
1.0000000000000000000000000000000000000000e+00
6.6386657391775738545902640908025205135345e-02
8.5955761283299114694500531186349689960480e-01
7.1121185861023128449431851549888961017132e-01
7.8131187423704828720616433201939798891544e-01
7.2548603885444640226864976284559816122055e-01
5.7891309854494776843125691812019795179367e-01
6.2329682087113169597358819373766891658306e-01
6.8995089100197959375293521588901057839394e-01
7.1616850538355647515231794386636465787888e-01
9.5795576158446860137729572670650668442249e-01
3.0311069327620399072031887044431641697884e-01
4.7676692661948449902808988554170355200768e-01
7.6874588288486433995672086894046515226364e-01
7.7262039153679074043878927113837562501431e-01
6.9354715842751679666378095134859904646873e-01
5.9776789587341416787324988035834394395351e-01
7.1366168245448602380776037534815259277821e-01
5.7231818093604336361579498770879581570625e-01
6.9524085124214540787335181448725052177906e-01
7.1763094173033281641949088225373998284340e-01
5.5071633943580478032231440010946244001389e-01
0.0000000000000000000000000000000000000000e+00
7.1109888067014448420621874902280978858471e-01
9.7291497742340615761946764905587770044804e-01
5.5791642661998752661389744389452971518040e-01
6.2162313854232231769003647059435024857521e-01
1.0000000000000000000000000000000000000000e+00
8.5546958273939399663987614985671825706959e-01
7.9337008194522218307298544459627009928226e-01
9.4518941343859452786091424059122800827026e-01
1.0000000000000000000000000000000000000000e+00
7.8034731375381338747132531352690421044827e-01
8.6409893450804919901031553308712318539619e-01
3.4294207604890170060230047965887933969498e-01
6.5553817093992283737691195710795000195503e-01
5.9771584893668594506976887714699842035770e-01
9.4375771926155072044650751195149496197701e-01
1.0000000000000000000000000000000000000000e+00
3.9151300935589894436361646512523293495178e-01
7.3889264419131917005501009043655358254910e-01
7.2704125399434937904175058065447956323624e-01
9.3291498325014055037485150023712776601315e-01
1.0000000000000000000000000000000000000000e+00
7.8131187423705039662991111981682479381561e-01
5.5870436600253903236534824827685952186584e-01
6.3902089253478600028302025748416781425476e-01
1.3830468313250787737445079983444884419441e-01
5.1892518443595136989898719548364169895649e-01
6.7736463808289060217759924853453412652016e-01
7.0287306755907885680301205866271629929543e-01
7.1476358915260251869483454356668516993523e-01
8.5835067470720549653862008199212141335011e-01
6.9030682938977061535723578344914130866528e-01
5.6133960325755816178627810586476698517799e-01
7.7401953633307984947720115087577141821384e-01
2.8787874270489377526160978959524072706699e-01
6.5825328224689227951671455230098217725754e-01
5.1059449461406480885727887653047218918800e-01
7.2628493242013425490455347244278527796268e-01
3.2578557160117893598538785226992331445217e-01
0.0000000000000000000000000000000000000000e+00
7.6539672893704335798759075260022655129433e-01
7.4972602730105131207949398230994120240211e-01
8.7154579002828391764978732680901885032654e-01
8.9681602334747334559494902350706979632378e-01
1.0000000000000000000000000000000000000000e+00
5.7457476058923473427597627960494719445705e-01
7.1419238284276886918888749278266914188862e-01
6.5628011822892173832144635525764897465706e-01
1.0000000000000000000000000000000000000000e+00
7.2564677147896650133418461336987093091011e-01
1.0000000000000000000000000000000000000000e+00
9.7047430288501690398561549955047667026520e-01
1.0000000000000000000000000000000000000000e+00
6.6650027646275999959613045575679279863834e-01
3.8329695492131155010184784259763546288013e-01
6.1852774737583149367026180698303505778313e-01
7.0444083943537849634708436497021466493607e-01
7.0444083943537849634708436497021466493607e-01
7.6229719423128250443966180682764388620853e-01
8.7002694466901275838210949586937204003334e-01
6.4940986575452364082394751676474697887897e-01
6.1025206134323661810725525356247089803219e-01
7.0444083943537949554780652761110104620457e-01
7.5491580993474483030070132372202351689339e-01
7.3870627131495536499272702712914906442165e-01
6.9585688485358165866756507966783829033375e-01
6.8540687244899856089830336713930591940880e-01
8.5455097617578501534296719910344108939171e-01
5.1846511947995388425169949186965823173523e-01
6.2945407347311177481685717793880030512810e-01
5.1846511947995388425169949186965823173523e-01
6.4281572362758765404322502945433370769024e-01
6.7574114302791266073455744844977743923664e-01
6.8646359272975532306304558005649596452713e-01
6.6821607097165292010743087303126230835915e-01
8.5107806010740039148743107944028452038765e-01
6.7917524899251091596852347720414400100708e-01
6.0380106505883934797651590997702442109585e-01
7.6321931972055234716378890880150720477104e-01
7.5546853398464675066747986420523375272751e-01
6.1025206134323539686192816589027643203735e-01
5.3988804592331685050510259316070005297661e-01
7.5068673769147664653900164921651594340801e-01
7.7750928889313164482643969677155837416649e-01
6.6587819686149418707543645723490044474602e-01
7.1419238284276853612198010523570701479912e-01
6.1025206134323539686192816589027643203735e-01
4.8650050044552334282954575428448151797056e-01
5.3979686441649188388680613570613786578178e-01
4.9104520460502526502111209083523135632277e-01
5.5791642661998752661389744389452971518040e-01
4.2140971683343569909041548271488863974810e-01
7.5301251913858757713882141615613363683224e-01
6.6237786972594014933690687030320987105370e-01
6.8695786632808042426745487318839877843857e-01
6.6237786972594159262683888300671242177486e-01
6.8881214465952345094024167337920516729355e-01
7.3947621680514386000027116097044199705124e-01
5.1654129376725410605075694547849707305431e-01
4.7936819648267536830843482675845734775066e-01
3.3556006586005926450866354571189731359482e-01
1.6383532275456613724884391558589413762093e-01
9.3022085750813410243154066847637295722961e-01
7.2862550601974251929249248860287480056286e-01
9.2874457581065461564406859906739555299282e-01
9.7861209412150929054519110650289803743362e-02
5.8596823954147880808562831589370034635067e-01
6.8938287269766795883896293162251822650433e-01
5.9268338369162498757702906004851683974266e-01
5.4912838685966580687392024628934450447559e-01
9.5853683508133324941979935829294845461845e-01
6.3042416361536413038635373595752753317356e-01
6.3042416361535158486617547168862074613571e-01
6.3011084465973954404915957638877443969250e-01
9.1835123522283390595788432619883678853512e-01
6.1645826472297804432542989161447621881962e-01
3.3295686877820857008103416774247307330370e-01
7.8519401035483216144683638049173168838024e-01
3.9031600961169227170799445048032794147730e-01
3.9560921010444671797046112260431982576847e-01
7.6052449495402263401899745076661929488182e-01
7.0065787929383471777100567123852670192719e-01
6.8938287269767128950803680709213949739933e-01
3.3212159968013116317919752873422112315893e-01
1.7710294455756295239901021432160632684827e-01
7.1109888067014548340694091166369616985321e-01
7.1359778724737343846840076366788707673550e-01
9.5919441462316556989975424585281871259212e-01
9.8352288466059256677453959127888083457947e-01
7.1359778724736921962090718807303346693516e-01
6.2326927168391510480915940206614322960377e-01
9.2085161683145722033572155851288698613644e-01
9.8416448194219674494576111101196147501469e-01
1.0000000000000000000000000000000000000000e+00
6.0038095220711507060684652969939634203911e-01
4.6320314437636084248239853877748828381300e-01
6.0038095220710407939890274064964614808559e-01
6.5284118295339321758063988454523496329784e-01
5.7248176798494865291644373428425751626492e-01
7.3399787796537285800013705738820135593414e-01
7.9921455477432645775337505256175063550472e-01
6.9246727664863827467200962928473018109798e-01
5.5791642661998652741317528125364333391190e-01
4.4926821227913371625817262611235491931438e-01
4.4926821227913371625817262611235491931438e-01
4.2421521753989371861237600569438654929399e-01
3.8790306889490600017467158977524377405643e-01
5.5791642661998752661389744389452971518040e-01
3.4294207604890170060230047965887933969498e-01
3.4294207604890170060230047965887933969498e-01
5.0438155630773062743088530623936094343662e-01
3.4294207604890170060230047965887933969498e-01
4.7868478577614814728491410278365947306156e-01
3.4294207604890170060230047965887933969498e-01
3.4294207604890170060230047965887933969498e-01
3.4294207604890170060230047965887933969498e-01
3.4294207604890170060230047965887933969498e-01
3.4294207604890170060230047965887933969498e-01
3.4294207604890170060230047965887933969498e-01
3.8329695492131155010184784259763546288013e-01
5.1846511947995388425169949186965823173523e-01
4.8650050044552334282954575428448151797056e-01
3.4294207604890170060230047965887933969498e-01
3.4294207604890170060230047965887933969498e-01
4.4926821227913371625817262611235491931438e-01
3.4294207604890170060230047965887933969498e-01
4.2421521753989371861237600569438654929399e-01
3.8790306889490600017467158977524377405643e-01
5.5791642661998752661389744389452971518040e-01
2.7856062191803820926594426055089570581913e-01
0.0000000000000000000000000000000000000000e+00
5.0438155630773062743088530623936094343662e-01
0.0000000000000000000000000000000000000000e+00
4.7868478577614814728491410278365947306156e-01
6.6386657391775738545902640908025205135345e-02
3.0311069327620399072031887044431641697884e-01
0.0000000000000000000000000000000000000000e+00
3.4294207604890170060230047965887933969498e-01
1.3830468313250787737445079983444884419441e-01
0.0000000000000000000000000000000000000000e+00
3.8329695492131155010184784259763546288013e-01
5.1846511947995388425169949186965823173523e-01
4.8650050044552334282954575428448151797056e-01
9.7861209412150929054519110650289803743362e-02
1.7710294455756295239901021432160632684827e-01
4.4926821227913371625817262611235491931438e-01
3.4294207604890170060230047965887933969498e-01
0.0000000000000000000000000000000000000000e+00
4.2421521753989371861237600569438654929399e-01
3.8790306889490600017467158977524377405643e-01
5.5791642661998752661389744389452971518040e-01
2.7856062191803820926594426055089570581913e-01
0.0000000000000000000000000000000000000000e+00
5.0438155630773062743088530623936094343662e-01
0.0000000000000000000000000000000000000000e+00
4.7868478577614814728491410278365947306156e-01
6.6386657391775738545902640908025205135345e-02
3.0311069327620399072031887044431641697884e-01
0.0000000000000000000000000000000000000000e+00
3.4294207604890170060230047965887933969498e-01
1.3830468313250787737445079983444884419441e-01
0.0000000000000000000000000000000000000000e+00
3.8329695492131155010184784259763546288013e-01
5.1846511947995388425169949186965823173523e-01
4.8650050044552334282954575428448151797056e-01
9.7861209412150929054519110650289803743362e-02
1.7710294455756295239901021432160632684827e-01
4.4926821227913371625817262611235491931438e-01
3.4294207604890170060230047965887933969498e-01
0.0000000000000000000000000000000000000000e+00
0.0000000000000000000000000000000000000000e+00
7.2591561335015455824759555980563163757324e+01
1.2698328865578305535422032335191033780575e+00
