1
0
23
6.0401842841724251442769855202641338109970e-01
3.9885985239405280511348905747581738978624e-01
4.3959789260538961741531238658353686332703e-01
5.7280743129573152838673877340625040233135e-01
3.8715919443195179194816546441870741546154e-01
7.3869958056139539692708240181673318147659e-01
7.2041821286223162168482758715981617569923e-01
5.6667601832005365380950934195425361394882e-01
7.3557865726916560333847883157432079315186e-01
7.1666815810676320896988045205944217741489e-01
6.2436545057953773962822197063360363245010e-01
2.5915941165004424684425998748338315635920e-01
5.9875622267910422191761199428583495318890e-01
1.0000000000000000000000000000000000000000e+00
1.0000000000000000000000000000000000000000e+00
8.7022288433170036370256639202125370502472e-01
0.0000000000000000000000000000000000000000e+00
8.1013367151261228560343852223013527691364e-01
7.9570644010429392167793594126123934984207e-01
8.4876931894544127565893631981452926993370e-01
6.7140384310266831846547574969008564949036e-01
8.4740269580572924468242490547709167003632e-01
5.1585378681592308769410237800912000238895e-01
7.1327779676702285360789801416103728115559e-01
6.6693953366961744588792271315469406545162e-01
8.4255030487036008945977982875774614512920e-01
7.6170494222334639289329061284661293029785e-01
1.0000000000000000000000000000000000000000e+00
6.4550845416430180367939328789361752569675e-01
0.0000000000000000000000000000000000000000e+00
5.8324796272020740239838687557494267821312e-01
9.5243360102417229384741403919178992509842e-01
7.8719039337508400766552085769944824278355e-01
7.8619365034291910365737976462696678936481e-01
9.5385266152104652981336130324052646756172e-01
8.0190108191644227098038300027837976813316e-01
9.1436843221885688581807016817037947475910e-01
4.7898843313535510723966126533923670649529e-01
9.9205139718672852300329623176367022097111e-01
7.7777108979174947034351816910202614963055e-01
9.6627049627109640184130512352567166090012e-01
8.6492842511816470096874809314613230526447e-01
5.6462228286328308701769174149376340210438e-01
9.3146521923426250921806968108285218477249e-01
7.6970499096072830802484077139524742960930e-01
1.0000000000000000000000000000000000000000e+00
6.2839730419917860793077579728560522198677e-02
8.6401240008187929486638267917442135512829e-01
7.1719187534054806842931384380790404975414e-01
7.8049339144223317532578221289440989494324e-01
7.0303384279528335909503766743000596761703e-01
6.1907556110604922139373229583725333213806e-01
6.1907556110604144983255991974147036671638e-01
6.8726724678544304225624728132970631122589e-01
7.1498550215085354686550545011414214968681e-01
9.4975695718712671578032313846051692962646e-01
2.9885153588772622734737183236575219780207e-01
4.9045224247522722915704207480303011834621e-01
7.5317582420131889975323247199412435293198e-01
7.8518541247598971910548470987123437225819e-01
6.8784349173371306385149637208087369799614e-01
5.9056689586012200976483654812909662723541e-01
7.1785416043632710447752742766169831156731e-01
5.8599455491764107506469372310675680637360e-01
6.9844280288329052552853681845590472221375e-01
7.6011295383160715211090519005665555596352e-01
5.5730497663714617662122918773093260824680e-01
0.0000000000000000000000000000000000000000e+00
7.1983833106811312418926718237344175577164e-01
9.4924385774672759286119116950430907309055e-01
5.6667601832005365380950934195425361394882e-01
6.4731507355349238164166081332950852811337e-01
1.0000000000000000000000000000000000000000e+00
8.5932599899289185962913961702724918723106e-01
8.0841043370561560532649991728249005973339e-01
9.2623143076256164718529362289700657129288e-01
1.0000000000000000000000000000000000000000e+00
7.8360803148431079634406160039361566305161e-01
8.7859684038768426361798447032924741506577e-01
3.5659054828793235181194631877588108181953e-01
6.6012967779251452427047297533135861158371e-01
5.8751485453209417730846553240553475916386e-01
9.1233119561984377110519517373177222907543e-01
1.0000000000000000000000000000000000000000e+00
3.9888491239303847102348754560807719826698e-01
7.0515858890029958772061036142986267805099e-01
7.2944925267925320166995106774265877902508e-01
9.5673444972089749516186429900699295103550e-01
1.0000000000000000000000000000000000000000e+00
7.8049339144224316733300383930327370762825e-01
6.1374435627273704607631543694878928363323e-01
6.4543594094852618781033015693537890911102e-01
1.3219930212976482852837989412364549934864e-01
5.1483488824246281811980452403076924383640e-01
6.7317396487154956830067931150551885366440e-01
7.0122887822294588389127056871075183153152e-01
7.1090292178788505594866364845074713230133e-01
7.9077588798952136439623927799402736127377e-01
6.8233902208483787621418059643474407494068e-01
5.5772568249849374666382573195733129978180e-01
7.8547627235288652869371617271099239587784e-01
3.1352655112930405412186019020737148821354e-01
6.4973869399362849108570117095950990915298e-01
5.1483488824246159687447743635857477784157e-01
7.2528885954871324948101118934573605656624e-01
3.3079300568672942439718553941929712891579e-01
0.0000000000000000000000000000000000000000e+00
8.0284947012023166745819935385952703654766e-01
7.8949515592733587876494993906817398965359e-01
8.5819726259828676973029359942302107810974e-01
8.9967841748057575390618012534105218946934e-01
1.0000000000000000000000000000000000000000e+00
6.1262608216323610754727724270196631550789e-01
7.3981491193548820639591667713830247521400e-01
6.7817096763710249529566453929874114692211e-01
9.9780874083679094166399181631277315318584e-01
7.6020789290533086202117374341469258069992e-01
1.0000000000000000000000000000000000000000e+00
9.8995897479313799127709216918447054922581e-01
1.0000000000000000000000000000000000000000e+00
6.7904394521303768073039464070461690425873e-01
4.1442492198180408413676900636346545070410e-01
6.1989782930031478436205816251458600163460e-01
7.0384735204375648010000077192671597003937e-01
7.0384735204375648010000077192671597003937e-01
7.5262611763682529808505705659626983106136e-01
8.5031502282980497842146405673702247440815e-01
6.5848308963702661955608164134901016950607e-01
6.2728483931000922346754578029504045844078e-01
7.0384735204375648010000077192671597003937e-01
7.5262611763682529808505705659626983106136e-01
7.3713858864979775464831845965818502008915e-01
6.9711417345397785894078879209700971841812e-01
7.0442723383787231306030207633739337325096e-01
8.1998414451501844268932472914457321166992e-01
5.2358377413611734141341003123670816421509e-01
6.5741383985096457642782752373022958636284e-01
5.2358377413611734141341003123670816421509e-01
6.5699568018573895056277933690580539405346e-01
6.8223360686787604123537676059640944004059e-01
6.9556627396468695412323768323403783142567e-01
6.5607110660891065911926034459611400961876e-01
8.6945326305171177772024293517461046576500e-01
6.8405314310703024816007200570311397314072e-01
6.0401842841722019894490358637995086610317e-01
7.7115791963009461262856802932219579815865e-01
7.6705442260467437964877035483368672430515e-01
6.1907556110604600174696088288328610360622e-01
5.5558713241750912192884470641729421913624e-01
7.6705442260466538684227089106570929288864e-01
7.4889784336821696442143547756131738424301e-01
6.8032332178989862736528948516934178769588e-01
7.2835211697523261076270273406407795846462e-01
6.1031487495089620232135985133936628699303e-01
4.8255301026990421453533031126426067203283e-01
5.5205581776053935794124072344857268035412e-01
5.0603525078287436844703961469349451363087e-01
5.6667601832005365380950934195425361394882e-01
4.1369345917351196817435265984386205673218e-01
7.3931839859062975506276416126638650894165e-01
6.7938091259036592628461903586867265403271e-01
7.2851861015755536854499041510280221700668e-01
6.7001327647386643704408015764784067869186e-01
7.4957805698514601289161873864941298961639e-01
7.4703735678229132854966110244276933372021e-01
5.5115181347597552719008717758697457611561e-01
4.7994244906875538347890142176765948534012e-01
3.2235615634048497835095759000978432595730e-01
1.7881661156505906928870786032348405569792e-01
9.5686324710217707245618612432735972106457e-01
7.2588701021057522311252796498592942953110e-01
9.2932902309253295758395552184083499014378e-01
1.1643293156346129491041097026027273386717e-01
5.9602536114005644218849511162261478602886e-01
6.9875164076368212473511221105582080781460e-01
6.0518781823529765873104224738199263811111e-01
5.6598161414203407293399550326284952461720e-01
9.5385266152104408732270712789613753557205e-01
6.4677475246279592102638389405910857021809e-01
6.4959014196413911168548338537220843136311e-01
6.4007241710801332512659200801863335072994e-01
9.4555813304150215792276412685168907046318e-01
6.3071740577866397536865861184196546673775e-01
3.6599604164720000998300974970334209501743e-01
7.9126658957784457015804946422576904296875e-01
3.9012513915335667036288214148953557014465e-01
4.0087316333602923679180207727767992764711e-01
7.8024723329501322055534728860948234796524e-01
7.0384735204375648010000077192671597003937e-01
7.0357428867773386116368783405050635337830e-01
3.4990337876047600262907621981867123395205e-01
2.0271061718382124561266266482562059536576e-01
7.2041821286222895714956848678411915898323e-01
7.2041821286222895714956848678411915898323e-01
9.6529328420679416655758586784941144287586e-01
9.7541913239983923933351661617052741348743e-01
7.3360408467346116534457678426406346261501e-01
6.2940971430737391312248973918030969798565e-01
9.1036299190907976619513419791474007070065e-01
9.8264878396719756992183647525962442159653e-01
1.0000000000000000000000000000000000000000e+00
5.9279295755599958894777046225499361753464e-01
4.7296496825489336979231325130967888981104e-01
6.0934757104114678494255485929897986352444e-01
6.6197761597600468519431160530075430870056e-01
5.8434682167648266393200628954218700528145e-01
7.7127703520607449050316972716245800256729e-01
7.7982813630376379698816435848129913210869e-01
7.0423649063835613848283401239314116537571e-01
5.6667601832005365380950934195425361394882e-01
4.6380177757166396457222390381502918899059e-01
4.6380177757166396457222390381502918899059e-01
4.3959789260538961741531238658353686332703e-01
3.8715919443195179194816546441870741546154e-01
5.6667601832005365380950934195425361394882e-01
2.5915941165004424684425998748338315635920e-01
0.0000000000000000000000000000000000000000e+00
5.1585378681592308769410237800912000238895e-01
0.0000000000000000000000000000000000000000e+00
4.7898843313535510723966126533923670649529e-01
6.2839730419917860793077579728560522198677e-02
2.9885153588772622734737183236575219780207e-01
0.0000000000000000000000000000000000000000e+00
3.5659054828793235181194631877588108181953e-01
1.3219930212976482852837989412364549934864e-01
0.0000000000000000000000000000000000000000e+00
4.1442492198180408413676900636346545070410e-01
5.2358377413611734141341003123670816421509e-01
4.8255301026990421453533031126426067203283e-01
1.1643293156346129491041097026027273386717e-01
2.0271061718382124561266266482562059536576e-01
4.6380177757166396457222390381502918899059e-01
0.0000000000000000000000000000000000000000e+00
4.3959789260538961741531238658353686332703e-01
3.8715919443195179194816546441870741546154e-01
5.6667601832005365380950934195425361394882e-01
2.5915941165004424684425998748338315635920e-01
0.0000000000000000000000000000000000000000e+00
5.1585378681592308769410237800912000238895e-01
0.0000000000000000000000000000000000000000e+00
4.7898843313535510723966126533923670649529e-01
6.2839730419917860793077579728560522198677e-02
2.9885153588772622734737183236575219780207e-01
0.0000000000000000000000000000000000000000e+00
3.5659054828793235181194631877588108181953e-01
1.3219930212976482852837989412364549934864e-01
0.0000000000000000000000000000000000000000e+00
4.1442492198180408413676900636346545070410e-01
5.2358377413611734141341003123670816421509e-01
4.8255301026990421453533031126426067203283e-01
1.1643293156346129491041097026027273386717e-01
2.0271061718382124561266266482562059536576e-01
4.6380177757166396457222390381502918899059e-01
0.0000000000000000000000000000000000000000e+00
0.0000000000000000000000000000000000000000e+00
4.3959789260538961741531238658353686332703e-01
3.8715919443195179194816546441870741546154e-01
5.6667601832005365380950934195425361394882e-01
2.5915941165004424684425998748338315635920e-01
0.0000000000000000000000000000000000000000e+00
5.1585378681592308769410237800912000238895e-01
0.0000000000000000000000000000000000000000e+00
4.7898843313535510723966126533923670649529e-01
6.2839730419917860793077579728560522198677e-02
2.9885153588772622734737183236575219780207e-01
0.0000000000000000000000000000000000000000e+00
3.5659054828793235181194631877588108181953e-01
1.3219930212976482852837989412364549934864e-01
0.0000000000000000000000000000000000000000e+00
4.1442492198180408413676900636346545070410e-01
5.2358377413611734141341003123670816421509e-01
4.8255301026990421453533031126426067203283e-01
1.1643293156346129491041097026027273386717e-01
2.0271061718382124561266266482562059536576e-01
4.6380177757166396457222390381502918899059e-01
0.0000000000000000000000000000000000000000e+00
0.0000000000000000000000000000000000000000e+00
0.0000000000000000000000000000000000000000e+00
7.2754447098371329616384173277765512466431e+01
1.2802641776335397238995028601493686437607e+00
