1
0
23
5.6111805547790627457516166032291948795319e-01
4.0019838062300500114432111331552732735872e-01
4.6247531846450412595928014525270555168390e-01
5.7433645485026874055733969726134091615677e-01
4.1847348702258513331031508641899563372135e-01
7.4211193373533823613996673884685151278973e-01
7.1221818574166151361026777522056363523006e-01
5.3004184096625805988622914810548536479473e-01
7.3745202857833780374363641385571099817753e-01
6.9791304223514960547447572025703266263008e-01
5.8484129301171983161822254260187037289143e-01
2.3906911847101985912900090625043958425522e-01
6.1865427265615335894466397803626023232937e-01
1.0000000000000000000000000000000000000000e+00
1.0000000000000000000000000000000000000000e+00
9.3797823433418114902337947569321841001511e-01
0.0000000000000000000000000000000000000000e+00
7.9484557790275389699274910526582971215248e-01
6.9138250758075980861860898585291579365730e-01
8.1302276207616253067556044697994366288185e-01
6.8395959627671332192733189003774896264076e-01
8.7828619036110455731147794722346588969231e-01
4.9843671227380192956246673929854296147823e-01
7.3650030917408249031552713859127834439278e-01
6.4105544830148875057318491599289700388908e-01
8.2324333779496339236203539257985539734364e-01
8.0967811111446896799037631353712640702724e-01
1.0000000000000000000000000000000000000000e+00
6.5891430116636240388316991811734624207020e-01
5.2961003164041280111273835018437239341438e-02
5.8665012193379539873205885669449344277382e-01
8.4994010123441121606902015628293156623840e-01
7.6318969585357643303780150745296850800514e-01
7.3745202857833414000765515083912760019302e-01
9.0239377889510541397299903110251761972904e-01
7.7969271100091874782123113618581555783749e-01
8.6452532696839801129584657246596179902554e-01
4.6690255944126707321473190859251189976931e-01
1.0000000000000000000000000000000000000000e+00
6.9791304223514960547447572025703266263008e-01
9.1104266747610385124289678060449659824371e-01
9.4070123022167051463071629768819548189640e-01
6.8835264298688636497303150463267229497433e-01
9.4070123022167151383143846032908186316490e-01
7.0371525018340419510565197924734093248844e-01
9.6410165242783107952817545083235017955303e-01
7.9076777229214779973975879556746804155409e-03
8.5489331668698431698771855735685676336288e-01
8.4717612381186491177231800975278019905090e-01
8.2586116024096822840760978579055517911911e-01
7.9310580927441376442033060811809264123440e-01
6.9286530430416548576033619610825553536415e-01
6.8345204465916242764222943151253275573254e-01
7.4862307965473851023574525243020616471767e-01
7.6514157224584766758823661803035065531731e-01
1.0000000000000000000000000000000000000000e+00
3.4457655864689096247843735909555107355118e-01
5.6243484074978555842250216301181353628635e-01
8.4428550318552431086516207869863137602806e-01
8.6956364287622567310620524949626997113228e-01
7.3507337637574121647077163288486190140247e-01
6.7927453645160329465113591140834614634514e-01
8.2131553946287716438945381014491431415081e-01
7.3295579633270702135661167631042189896107e-01
7.0710346324456563316118717921199277043343e-01
9.4070123022167051463071629768819548189640e-01
5.9033857998187821980451417402946390211582e-01
6.7048145199929451432119265064102364704013e-02
6.6386148129600985878795427197474054992199e-01
7.2903098745791949930605824192753061652184e-01
5.3004184096625805988622914810548536479473e-01
6.5969040181082150287039667091448791325092e-01
1.0000000000000000000000000000000000000000e+00
7.4977401113962649503719148924574255943298e-01
7.6112934232221307606636173659353516995907e-01
8.2012168397974960498686414211988449096680e-01
9.3436745474303628533618848450714722275734e-01
7.5219568028169891960033055511303246021271e-01
8.0851131960083721939014367308118380606174e-01
3.2008932424878588918204513902310281991959e-01
6.6442725886905029675233436137204989790916e-01
6.0726346289402943767754550208337604999542e-01
9.1104266747610385124289678060449659824371e-01
1.0000000000000000000000000000000000000000e+00
6.2435091226266736796901568595785647630692e-01
6.7505551043807254796291772436234168708324e-01
8.0557932450546454461459688900504261255264e-01
9.4423627636816265251695767801720649003983e-01
9.7028512266095590099723722232738509774208e-01
7.3332421535987035721149140954366885125637e-01
5.9933864573204209680312715136096812784672e-01
6.7758514421748505807130413813865743577480e-01
8.7367746036197679870838328497484326362610e-02
4.9871183819651543345230493287090212106705e-01
6.7702027240793360984838500371552072465420e-01
6.5550815724298450160034690270549617707729e-01
6.6138871123725651024471972050378099083900e-01
6.0783709593554524630576452182140201330185e-01
6.9664819205137007429584627971053123474121e-01
5.6158375225902545935241505503654479980469e-01
7.7520579058378713543930871310294605791569e-01
2.7357120663563616602687034173868596553802e-01
6.7345563849064582484515995020046830177307e-01
6.5224798188297195000728834202163852751255e-01
6.6764664498267189962632528477115556597710e-01
3.7152021974125104541997188789537176489830e-01
0.0000000000000000000000000000000000000000e+00
7.8616815986693266982143768473179079592228e-01
7.4194675125205944432593696546973660588264e-01
8.4420681550147413929607864702120423316956e-01
7.8968085274280885865749723961926065385342e-01
1.0000000000000000000000000000000000000000e+00
6.7257083793373206859200763574335724115372e-01
7.6234747461164475978989685245323926210403e-01
7.1439332888859508052803448663325980305672e-01
9.6283451893154836653820893843658268451691e-01
8.2586116024096822840760978579055517911911e-01
1.0000000000000000000000000000000000000000e+00
8.4894448619440965320137593153049238026142e-01
8.7967321069016279899699384259292855858803e-01
6.8907385308107438337543726447620429098606e-01
3.0413076705345482020348413243482355028391e-01
6.1300561963687816291468379858997650444508e-01
7.0357096155118192815081101798568852245808e-01
6.8089733460902412964799168548779562115669e-01
7.0422212187596067156647450246964581310749e-01
8.5496883778749699356325209009810350835323e-01
6.9175442726363878254147721236222423613071e-01
6.7649052460918279727764002018375322222710e-01
6.7808448530758669292595186561811715364456e-01
7.4248317462358615070883161024539731442928e-01
7.6514157224584766758823661803035065531731e-01
7.1445216827661239822333527627051807940006e-01
6.7808448530758669292595186561811715364456e-01
7.2365100218072475612984817416872829198837e-01
5.2397342215275677368424567248439416289330e-01
6.8089733460902823747318279856699518859386e-01
5.2397342215275677368424567248439416289330e-01
6.5952406736973190337636197000392712652683e-01
6.7920210810172099158421588072087615728378e-01
6.7175533247978513884390849852934479713440e-01
6.6288638029193092116031493787886574864388e-01
7.4309665358763421494359135976992547512054e-01
6.9175442726363878254147721236222423613071e-01
6.5604456347967921026054227695567533373833e-01
7.7488274709872695389378804975422099232674e-01
8.1827549573555857786999467862187884747982e-01
6.4711987702810092049077184128691442310810e-01
6.5952406736973190337636197000392712652683e-01
7.1891831683364126881485844933195039629936e-01
7.2316429683448757437247422785731032490730e-01
6.8531555537923338761174818500876426696777e-01
7.2330361385142249996960117641719989478588e-01
6.0471029007691956547176914682495407760143e-01
4.7761619080144451787717230217822361737490e-01
5.3004184096625939215385869829333387315273e-01
4.9524769542806146294111613315180875360966e-01
5.3004184096625805988622914810548536479473e-01
4.0288660434147621769440661410044413059950e-01
7.6003726752131961497127576876664534211159e-01
6.5925590308238957160114068756229244172573e-01
7.5292023856638945478181312864762730896473e-01
6.4256675446112776484142159461043775081635e-01
8.2757358830098026736266092484584078192711e-01
8.0762175942984137932967314554844051599503e-01
5.7229708657894728940362938374164514243603e-01
4.2152158916040455283180676815391052514315e-01
3.7883478998892200495518522984639275819063e-01
1.4188678573772392499385830433311639353633e-01
9.1626972805828110768544547681813128292561e-01
6.8506014928813918629657564451918005943298e-01
8.5725010764392617357287917911889962852001e-01
9.3054633351777313321484541575046023353934e-02
6.4850102332696890616858809153200127184391e-01
7.0877383897859624894977059739176183938980e-01
6.7175533247978513884390849852934479713440e-01
5.8733613829793396288181384079507552087307e-01
9.3874230604173980463400539520080201327801e-01
6.7505551043807254796291772436234168708324e-01
6.7746152471593479305056462180800735950470e-01
6.8332149694163646369560183302382938563824e-01
8.7263864648781663824195220513502135872841e-01
6.6675312783359619306366994351265020668507e-01
5.2203758385067144942581762734334915876389e-01
7.9081419878713354876254015835002064704895e-01
4.3569949458929602137402525841025635600090e-01
4.3620301825640095394476247747661545872688e-01
8.3305580762377251513584042186266742646694e-01
7.4901769337498025347343855173676274716854e-01
7.2330361385142249996960117641719989478588e-01
3.6820822124402263764153531155898235738277e-01
2.4574624562444194464383429021836491301656e-01
7.1654590390462447047070781991351395845413e-01
7.4689990407387440995989891234785318374634e-01
9.3740167869901780406394209421705454587936e-01
9.3554113179073239425775909694493748247623e-01
7.4689990407387130133542996190953999757767e-01
6.6636500564498224452592012312379665672779e-01
9.3056016361439897188745362655026838183403e-01
9.0084090692149865198246061481768265366554e-01
1.0000000000000000000000000000000000000000e+00
6.4697792237139939430790036567486822605133e-01
5.5403392825449904179890836530830711126328e-01
5.7682825578126661891786852720542810857296e-01
6.5998788236358896241995353193487972021103e-01
5.7842672190770216822386373678455129265785e-01
7.8103040103057552734355795109877362847328e-01
7.7439810375866002800648857373744249343872e-01
7.0215545175295668300918805471155792474747e-01
5.5641258045709640622789038388873450458050e-01
4.8895265499950196774747723793552722781897e-01
4.8640367643996063051758937945123761892319e-01
4.6247531846450412595928014525270555168390e-01
4.1847348702258513331031508641899563372135e-01
5.3004184096625805988622914810548536479473e-01
2.3906911847101985912900090625043958425522e-01
0.0000000000000000000000000000000000000000e+00
4.9843671227380192956246673929854296147823e-01
5.2961003164041280111273835018437239341438e-02
4.6690255944126707321473190859251189976931e-01
7.9076777229214779973975879556746804155409e-03
3.4457655864689096247843735909555107355118e-01
6.7048145199929451432119265064102364704013e-02
3.2008932424878588918204513902310281991959e-01
8.7367746036197679870838328497484326362610e-02
0.0000000000000000000000000000000000000000e+00
3.0413076705345482020348413243482355028391e-01
5.2397342215275677368424567248439416289330e-01
4.7761619080144451787717230217822361737490e-01
9.3054633351777313321484541575046023353934e-02
2.4574624562444194464383429021836491301656e-01
4.8640367643996063051758937945123761892319e-01
0.0000000000000000000000000000000000000000e+00
4.6247531846450412595928014525270555168390e-01
4.1847348702258513331031508641899563372135e-01
5.3004184096625805988622914810548536479473e-01
2.3906911847101985912900090625043958425522e-01
0.0000000000000000000000000000000000000000e+00
4.9843671227380192956246673929854296147823e-01
5.2961003164041280111273835018437239341438e-02
4.6690255944126707321473190859251189976931e-01
7.9076777229214779973975879556746804155409e-03
3.4457655864689096247843735909555107355118e-01
6.7048145199929451432119265064102364704013e-02
3.2008932424878588918204513902310281991959e-01
8.7367746036197679870838328497484326362610e-02
0.0000000000000000000000000000000000000000e+00
3.0413076705345482020348413243482355028391e-01
5.2397342215275677368424567248439416289330e-01
4.7761619080144451787717230217822361737490e-01
9.3054633351777313321484541575046023353934e-02
2.4574624562444194464383429021836491301656e-01
4.8640367643996063051758937945123761892319e-01
0.0000000000000000000000000000000000000000e+00
0.0000000000000000000000000000000000000000e+00
4.6247531846450412595928014525270555168390e-01
4.1847348702258513331031508641899563372135e-01
5.3004184096625805988622914810548536479473e-01
2.3906911847101985912900090625043958425522e-01
0.0000000000000000000000000000000000000000e+00
4.9843671227380192956246673929854296147823e-01
5.2961003164041280111273835018437239341438e-02
4.6690255944126707321473190859251189976931e-01
7.9076777229214779973975879556746804155409e-03
3.4457655864689096247843735909555107355118e-01
6.7048145199929451432119265064102364704013e-02
3.2008932424878588918204513902310281991959e-01
8.7367746036197679870838328497484326362610e-02
0.0000000000000000000000000000000000000000e+00
3.0413076705345482020348413243482355028391e-01
5.2397342215275677368424567248439416289330e-01
4.7761619080144451787717230217822361737490e-01
9.3054633351777313321484541575046023353934e-02
2.4574624562444194464383429021836491301656e-01
4.8640367643996063051758937945123761892319e-01
0.0000000000000000000000000000000000000000e+00
0.0000000000000000000000000000000000000000e+00
0.0000000000000000000000000000000000000000e+00
7.1781313909741612633297336287796497344971e+01
1.4495832281069229718895030600833706557751e+00
