1
0
23
6.7516240523599790890330041293054819107056e-01
3.5950716188835907249909951133304275572300e-01
3.3830438124998979398938558915688190609217e-01
5.4277793663188711459355317856534384191036e-01
1.3429212914758675845305901930260006338358e-01
5.7964267960745796681720776177826337516308e-01
6.9303625871091567578474723632098175585270e-01
3.5659112415476634794231358682736754417419e-01
9.6674900435357280503723131914739497005939e-01
8.0581293225747030462002840067725628614426e-01
7.4625041462851382512155851145507767796516e-01
3.7305800945785105859897612390341237187386e-01
8.0034194531089242197197108907857909798622e-01
4.2806837571916012130657236411934718489647e-01
9.5070563800658836051127309474395588040352e-01
7.2970690180514452549687121063470840454102e-01
8.4720315561309655905120052921120077371597e-03
9.9430697178262361646261524583678692579269e-01
6.1462767907043380777309948825859464704990e-01
1.0000000000000000000000000000000000000000e+00
6.9108240576185619996607556458911858499050e-01
3.8695440283432780415040497246081940829754e-01
3.8695440283432780415040497246081940829754e-01
4.6897777142291080521019353000156115740538e-01
6.4149802331057870219410688150674104690552e-01
5.3020581418399170825495048120501451194286e-01
8.0791307697554859412747418900835327804089e-01
3.6452711980673130343078014448110479861498e-01
6.8921322701866627458144876072765327990055e-01
2.8216248987587971841506373493757564574480e-01
5.0542543712198317873429687097086571156979e-01
9.6086407257734662845649609153042547404766e-01
6.2593822280650002198854053858667612075806e-01
6.4824473469085919230536774193751625716686e-01
6.2593822280650002198854053858667612075806e-01
8.5095017771384995342032198095694184303284e-01
6.5349032311441346276836839024326764047146e-01
3.0071467211171815092640713373839389532804e-01
6.7067873092587704242362178774783387780190e-01
8.5824060420021242023835839063394814729691e-01
5.1135599479922855259417246998054906725883e-01
7.5509674475288990347365825073211453855038e-01
7.9320317306500487397613596840528771281242e-01
8.0610037561809122497180624122847802937031e-01
5.3846145775881226747117125341901555657387e-01
8.5095017771384429128289639265858568251133e-01
0.0000000000000000000000000000000000000000e+00
7.0997424646210260945622394501697272062302e-01
8.7861494483383517639651927311206236481667e-01
8.4833463833823352651108962163561955094337e-01
1.0000000000000000000000000000000000000000e+00
5.8267225612633222198155635851435363292694e-01
5.7211159916653608892289639697992242872715e-01
6.8494450460186584450639202259480953216553e-01
7.0005366971562865696654398561804555356503e-01
8.5674659850069856403820267587434500455856e-01
4.5212635829107411522542747661645989865065e-01
6.3904161027844230691385973841533996164799e-01
5.5458423090966746382690644168178550899029e-01
5.7828107533605399570575400503003038465977e-01
6.9063592008720053883052969467826187610626e-01
3.5381453165339005195733079744968563318253e-01
8.8468762841211345815395361569244414567947e-01
7.9870538368312504751145297632319852709770e-01
6.8089897363603757440841945935972034931183e-01
8.0120945222834205612372215909999795258045e-01
5.3388783721662391723583596103708259761333e-01
2.0085956970492876982881114145129686221480e-01
6.3904161027844563758293361388496123254299e-01
6.5552380272280863504619219384039752185345e-01
5.8769151400339048052501311758533120155334e-01
7.8186090784732420466696112271165475249290e-01
3.1830884558664324091026287533168215304613e-01
7.6214099637289800526218641607556492090225e-01
5.8063996232223602511623994359979405999184e-01
6.4770804885670163475452909551677294075489e-01
9.4362481043552270953966853994643315672874e-01
8.1921179788620368533713644865201786160469e-01
7.7695170036142391367661730328109115362167e-01
2.8917979338460447769065808643063064664602e-01
6.5379986945587287294756606570445001125336e-01
1.0000000000000000000000000000000000000000e+00
7.9684846919100027484716974868206307291985e-01
1.0000000000000000000000000000000000000000e+00
1.0000000000000000000000000000000000000000e+00
8.1817945570205730110302511093323118984699e-01
1.0000000000000000000000000000000000000000e+00
1.0000000000000000000000000000000000000000e+00
6.3582819941826118625982644516625441610813e-01
7.2481436814742672414269009095733053982258e-01
6.2304064866256170240887968247989192605019e-01
5.6477892502177051703426968742860481142998e-01
3.7990242186655831524433324375422671437263e-01
7.0670203495532823989577764223213307559490e-01
6.3684117881198731847547378492890857160091e-01
1.0000000000000000000000000000000000000000e+00
1.0000000000000000000000000000000000000000e+00
4.6327601278542507312607767744339071214199e-01
4.5133771873831574072966077437740750610828e-01
8.0768891850130530851714638629346154630184e-01
5.6768593807140554918788666327600367367268e-01
5.0590917163375914711309633275959640741348e-01
5.3225745865224804997950514007243327796459e-01
5.6112409555073305966743646422401070594788e-01
6.2451047489948174895602051037712953984737e-01
5.7353059099522296637729823487461544573307e-01
0.0000000000000000000000000000000000000000e+00
5.3617867272965624714231580583145841956139e-01
5.9594321721227472288262561050942167639732e-01
5.9308588052888466801704225872526876628399e-01
6.0942073978726873928479790265555493533611e-01
6.3723883604489606202747609131620265543461e-01
6.7166876373625350460372374072903767228127e-01
6.6264534073127656643720229112659581005573e-01
4.7407328073175680760442673999932594597340e-01
4.0729024169439026481498444809403736144304e-01
6.4404654300215191664591429798747412860394e-01
5.3617867272967179026466055802302435040474e-01
6.7533403176922368604806479197577573359013e-01
5.3541992372858759896558922264375723898411e-01
8.3607476485343645844494631091947667300701e-01
3.8294909696648331276502830178287695161998e-02
6.0150074727542823804782301522209309041500e-01
8.2327007644308136669053510559024289250374e-01
6.7920196909815999664061791918356902897358e-01
7.7496144625818452755794396580313332378864e-01
6.4912772210810176787276759569067507982254e-01
6.4432230020189784625017637154087424278259e-01
7.2173176433984898014983855318860150873661e-01
7.7979791687331678762262754389666952192783e-01
1.0000000000000000000000000000000000000000e+00
9.4862220233940364177982473847805522382259e-01
7.7695170036142335856510499070282094180584e-01
6.3121661863251343760339295840822160243988e-01
5.9177798053003283218487240446847863495350e-01
9.0105315178995470937195477745262905955315e-01
6.3307393424444380336524318408919498324394e-01
5.9177798053003283218487240446847863495350e-01
6.1122351402082297777695885088178329169750e-01
8.1196181319096616402219979136134497821331e-01
4.7639365804800493098269953406997956335545e-01
9.9226138723531820406975612058886326849461e-01
6.4912772210809821515908879518974572420120e-01
6.6599793895178760472219892108114436268806e-01
7.4847469954363654576212638858123682439327e-01
7.9024388162717806860513292122050188481808e-01
6.4292629689886182653424384625395759940147e-01
6.3906428986539187686588547876453958451748e-01
5.1099455889306599765120608935831114649773e-01
6.1987596426812108241222176729934290051460e-01
6.0217753768775050815520444302819669246674e-01
8.0768891850130997145384981195093132555485e-01
6.1666728032213913301973207126138731837273e-01
7.1912417954831953093020047163008712232113e-01
3.7656927929917660691216951818205416202545e-01
7.5614042277025383942401504100416786968708e-01
1.0000000000000000000000000000000000000000e+00
9.2573062696264651894040298429899848997593e-01
9.0464130951140053760184400744037702679634e-01
6.3723883604489373055912437848746776580811e-01
1.0000000000000000000000000000000000000000e+00
7.2944309316314448476958887113141827285290e-01
1.0000000000000000000000000000000000000000e+00
6.7516240523599690970257825028966180980206e-01
5.9484615422508080317953726989799179136753e-01
3.8691703404839111746227331423142459243536e-01
6.6740432323625409338774261414073407649994e-01
5.6626673107368818982365610281703993678093e-01
4.2809601757689419443408951337914913892746e-01
4.5461679545214717101941914734197780489922e-01
1.0000000000000000000000000000000000000000e+00
6.5538747934331520461626041651470586657524e-01
0.0000000000000000000000000000000000000000e+00
5.4347377599162249861564077946241013705730e-01
4.9231906155141846870293420579400844871998e-01
5.5853430264727987886175242238095961511135e-01
6.3209543813371205089879367733374238014221e-01
4.6840734905254938214014259756368119269609e-01
6.8275468908391490074905050278175622224808e-01
6.6264534073127778768252937879879027605057e-01
6.8423008258649697932440858494373969733715e-01
7.3243480559884666103442896201158873736858e-01
6.5085220596047488328395047574304044246674e-01
5.0695449546248472216802838374860584735870e-01
7.2178343161682856354843806911958381533623e-01
4.9251449120704116069191513815894722938538e-01
6.5535822317280567617103770317044109106064e-01
6.8777994997587232894886710710125043988228e-01
5.9177798053003283218487240446847863495350e-01
6.3906428986539420833423719159327447414398e-01
5.6140363082118471815817883907584473490715e-01
4.5309388606398970367195033759344369173050e-01
5.0542543712197840477529098279774188995361e-01
8.5522726860379372215703597248648293316364e-01
5.9308588052888466801704225872526876628399e-01
1.0000000000000000000000000000000000000000e+00
4.2292992810146623483547045907471328973770e-01
6.4493288872434018088597440510056912899017e-01
7.4987201853525276007417232904117554426193e-01
6.5111874547524528633601903493399731814861e-01
6.6879891700344762384133900923188775777817e-01
5.7091692334120269780584067120798863470554e-01
4.5157198365530826222880023124162107706070e-01
9.7773358147550115671009507423150353133678e-01
6.1846211118423810582100941246608272194862e-01
4.9589082700658487778966332371055614203215e-01
8.5930152688017780171492177032632753252983e-01
8.3273260802136994662703273206716403365135e-01
4.7269098390908981244251663156319409608841e-01
4.2372219436652930335540645501168910413980e-01
6.7185069123357932241447088017594069242477e-01
2.5442958287370109893288372404640540480614e-01
3.3830438124998979398938558915688190609217e-01
1.3429212914758675845305901930260006338358e-01
3.5659112415476634794231358682736754417419e-01
3.7305800945785105859897612390341237187386e-01
8.4720315561309655905120052921120077371597e-03
3.8695440283432780415040497246081940829754e-01
2.8216248987587971841506373493757564574480e-01
3.0071467211171815092640713373839389532804e-01
0.0000000000000000000000000000000000000000e+00
4.5212635829107411522542747661645989865065e-01
2.0085956970492876982881114145129686221480e-01
2.8917979338460447769065808643063064664602e-01
3.7990242186655831524433324375422671437263e-01
0.0000000000000000000000000000000000000000e+00
3.8294909696648331276502830178287695161998e-02
5.9177798053003283218487240446847863495350e-01
3.7656927929917660691216951818205416202545e-01
0.0000000000000000000000000000000000000000e+00
4.5309388606398970367195033759344369173050e-01
2.5442958287370109893288372404640540480614e-01
0.0000000000000000000000000000000000000000e+00
3.3830438124998979398938558915688190609217e-01
1.3429212914758675845305901930260006338358e-01
3.5659112415476634794231358682736754417419e-01
3.7305800945785105859897612390341237187386e-01
8.4720315561309655905120052921120077371597e-03
3.8695440283432780415040497246081940829754e-01
2.8216248987587971841506373493757564574480e-01
3.0071467211171815092640713373839389532804e-01
0.0000000000000000000000000000000000000000e+00
4.5212635829107411522542747661645989865065e-01
2.0085956970492876982881114145129686221480e-01
2.8917979338460447769065808643063064664602e-01
3.7990242186655831524433324375422671437263e-01
0.0000000000000000000000000000000000000000e+00
3.8294909696648331276502830178287695161998e-02
5.9177798053003283218487240446847863495350e-01
3.7656927929917660691216951818205416202545e-01
0.0000000000000000000000000000000000000000e+00
4.5309388606398970367195033759344369173050e-01
2.5442958287370109893288372404640540480614e-01
0.0000000000000000000000000000000000000000e+00
0.0000000000000000000000000000000000000000e+00
3.3830438124998979398938558915688190609217e-01
1.3429212914758675845305901930260006338358e-01
3.5659112415476634794231358682736754417419e-01
3.7305800945785105859897612390341237187386e-01
8.4720315561309655905120052921120077371597e-03
3.8695440283432780415040497246081940829754e-01
2.8216248987587971841506373493757564574480e-01
3.0071467211171815092640713373839389532804e-01
0.0000000000000000000000000000000000000000e+00
4.5212635829107411522542747661645989865065e-01
2.0085956970492876982881114145129686221480e-01
2.8917979338460447769065808643063064664602e-01
3.7990242186655831524433324375422671437263e-01
0.0000000000000000000000000000000000000000e+00
3.8294909696648331276502830178287695161998e-02
5.9177798053003283218487240446847863495350e-01
3.7656927929917660691216951818205416202545e-01
0.0000000000000000000000000000000000000000e+00
4.5309388606398970367195033759344369173050e-01
2.5442958287370109893288372404640540480614e-01
0.0000000000000000000000000000000000000000e+00
0.0000000000000000000000000000000000000000e+00
0.0000000000000000000000000000000000000000e+00
7.6572535906597067878465168178081512451172e+01
7.2277983817101154606632462673587724566460e-01
