1
0
23
6.7611933056984518941590067697688937187195e-01
3.6093527190667440418536671131732873618603e-01
3.6270201562991727373130856904026586562395e-01
5.5735533840618955991885741241276264190674e-01
1.2750795147485297076350718725734623149037e-01
5.9035186015557494787486803033971227705479e-01
6.9790393542397366477558762198896147310734e-01
3.7805702322625434064207183837424963712692e-01
9.7465228038692219847405340260593220591545e-01
7.9976296524868772941374572837958112359047e-01
7.3629507277106664986376927117817103862762e-01
3.7935128128862627416850727968267165124416e-01
7.8337110839098200720798104157438501715660e-01
4.5991146305486363399239735372248105704784e-01
9.1142659600490172344677830551518127322197e-01
7.6890615138425988384085485449759289622307e-01
5.6880532640041336911451708147069439291954e-02
1.0000000000000000000000000000000000000000e+00
6.3123933797837883385994928175932727754116e-01
1.0000000000000000000000000000000000000000e+00
6.9115006181897120640655884926673024892807e-01
3.9080624590696466658101826396887190639973e-01
3.9080624590696466658101826396887190639973e-01
4.8879177292766851081751156016252934932709e-01
6.5190271400173271931777208010316826403141e-01
5.3155256851140175733405612845672294497490e-01
8.2461734108224571393463975255144760012627e-01
3.8031405159611519906093235476873815059662e-01
6.9564663457487851960792113459319807589054e-01
2.7881778302246035261546808214916381984949e-01
5.1179523764077394787364028161391615867615e-01
9.7283941476789959068582902546040713787079e-01
6.1233817267788737126466003246605396270752e-01
6.4197374904475767998235369304893538355827e-01
6.5149233354185609456976635556202381849289e-01
8.5988384524410921283532616143929772078991e-01
6.6312624672270248371575007695355452597141e-01
2.9032821829347560393941307665954809635878e-01
6.9822424211115929892912390641868114471436e-01
8.6494679141024988222596903142402879893780e-01
5.2595218634927609624440947300172410905361e-01
7.3886998792575786509928548184689134359360e-01
8.4228053888534593074410850022104568779469e-01
8.2051245151225649099302472677663899958134e-01
5.2803224145232374731051550043048337101936e-01
8.6494679141025798685404879506677389144897e-01
0.0000000000000000000000000000000000000000e+00
7.1051629544155103790359362392337061464787e-01
9.0040469873934014799488068092614412307739e-01
8.6454049794965492914400329027557745575905e-01
1.0000000000000000000000000000000000000000e+00
6.2143211121428421073176195932319387793541e-01
5.7444472015416703225554329037549905478954e-01
6.8398649637763464514961242457502521574497e-01
6.9498210581147790154687982067116536200047e-01
9.0791870466925883587094858739874325692654e-01
4.5206966392970943102724845630291383713484e-01
6.3764344101922043606123224890325218439102e-01
5.5313067551522832054899936338188126683235e-01
5.9842459727785968226498880540020763874054e-01
6.8105913640470627790080015984131023287773e-01
3.7308024058675959278019718112773261964321e-01
8.5683247859191180584303992873174138367176e-01
7.7505834176839305538209146106964908540249e-01
6.9065695199587628927417881641304120421410e-01
8.1385412054776495871522001834819093346596e-01
5.4151506017149131366750225424766540527344e-01
2.0480263425749437034006916746875504031777e-01
6.4922714656521673948219586236518807709217e-01
6.5692111272026687540659395381226204335690e-01
6.0841846543666644464565251837484538555145e-01
7.6883381813938411752928914211224764585495e-01
3.3661810872513231451819137873826548457146e-01
7.6520121019596010203400737736956216394901e-01
5.9573688119702272736333270586328580975533e-01
6.6715786892879846980974889447679743170738e-01
9.6181296399491333914966162410564720630646e-01
8.1779159894389330531794257694855332374573e-01
7.9996169168333031151973955275025218725204e-01
3.0113366079469405800494996583438478410244e-01
6.4922714656521618437068354978691786527634e-01
1.0000000000000000000000000000000000000000e+00
7.9086751708762548229714184344629757106304e-01
1.0000000000000000000000000000000000000000e+00
1.0000000000000000000000000000000000000000e+00
8.0841944307574553629791580533492378890514e-01
1.0000000000000000000000000000000000000000e+00
1.0000000000000000000000000000000000000000e+00
5.7054689384366286120098266110289841890335e-01
7.5000141638537287658294872016995213925838e-01
6.6860673955153071545964849065057933330536e-01
5.6360924751601115811894260332337580621243e-01
3.9595201917777544942111944692442193627357e-01
7.1068446571885091067599660163978114724159e-01
6.3201670085944205990102773284888826310635e-01
1.0000000000000000000000000000000000000000e+00
1.0000000000000000000000000000000000000000e+00
4.2085403971506096798549378945608623325825e-01
4.4352028732342696493162748083705082535744e-01
7.9608850206901349277899271328351460397243e-01
5.5274162327928511029284663891303353011608e-01
5.0064085183333417727880032543907873332500e-01
5.1833921204764632495454179661464877426624e-01
5.4151506017148876015454561638762243092060e-01
6.3371315477901546397987431191722862422466e-01
5.5456017341589014524316780807566829025745e-01
0.0000000000000000000000000000000000000000e+00
5.3100804524675926376886536672827787697315e-01
5.9190008061563015306916213376098312437534e-01
5.9035186015556817551441781688481569290161e-01
6.0332142823091050587436257046647369861603e-01
6.5947934933126184375851153163239359855652e-01
6.6522386049861703671837176443659700453281e-01
6.5603424291052070405072527137235738337040e-01
4.6546755216179974690149379057402256876230e-01
3.9888656379499037862856880565232131630182e-01
6.4386987613382162809472220033057965338230e-01
5.3100804524675182527460037817945703864098e-01
6.8157197289649751326123805483803153038025e-01
5.7575848579136568172742727256263606250286e-01
8.1232697200392522951517548790434375405312e-01
2.8578993633592328360570888889924390241504e-02
6.0763227788155427244731754399253986775875e-01
8.3972236793815480115910077074659056961536e-01
6.7439004254838785801240419459645636379719e-01
7.7535823802103964741405661698081530630589e-01
6.6601354967669756934611768883769400417805e-01
6.4638753151367223104273307399125769734383e-01
7.2224786318673195317785484803607687354088e-01
7.8605876336518076819004363642306998372078e-01
1.0000000000000000000000000000000000000000e+00
9.4537004930558232729254086734727025032043e-01
7.8035513421748448070758286121417768299580e-01
6.3011085702480951198367620236240327358246e-01
5.9150884583165697083728673533187247812748e-01
9.3033715600494626407623854902340099215508e-01
6.3120954850212052100744131166720762848854e-01
5.9150884583165697083728673533187247812748e-01
6.2329781326849664768730008290731348097324e-01
8.3383514677282555282999965129420161247253e-01
4.8334990616091211279581330018118023872375e-01
1.0000000000000000000000000000000000000000e+00
6.6601354967670212126051865197950974106789e-01
6.6522386049861681467376683940528891980648e-01
7.3632446408674623317125451649189926683903e-01
7.9603015095931761724301622962229885160923e-01
6.3475779542169930014239298543543554842472e-01
6.5113683366333430235783907846780493855476e-01
4.9335549161407937779344479167775716632605e-01
6.1113916518786159937093316329992376267910e-01
6.2571092302776498694782958409632556140423e-01
7.9608850206901826673799860145663842558861e-01
6.2642209898036216308980783651350066065788e-01
7.1674652786195336418018086988013237714767e-01
3.8120955300493353234969617915339767932892e-01
7.5289912680233450625877367201610468327999e-01
1.0000000000000000000000000000000000000000e+00
9.4964414422424736628158825624268501996994e-01
8.5311430752865957671815522189717739820480e-01
6.5947934933126217682541891917935572564602e-01
1.0000000000000000000000000000000000000000e+00
7.3730392528424670839370946850976906716824e-01
1.0000000000000000000000000000000000000000e+00
6.7611933056984385714827112678904086351395e-01
5.9814785224210065273098280158592388033867e-01
4.0940487292097399452117656437621917575598e-01
6.5145495857830049146741657750681042671204e-01
6.2062400269379969230953975056763738393784e-01
3.9856702903813534533128404291346669197083e-01
4.2780282582386924827844154606282245367765e-01
1.0000000000000000000000000000000000000000e+00
6.2173550997677162754939672595355659723282e-01
0.0000000000000000000000000000000000000000e+00
5.4462720905099037960184205076075159013271e-01
5.0383927129475669648428493019309826195240e-01
5.6926414089072940871716355104581452906132e-01
6.3719807261756467031688089264207519590855e-01
4.8664070329061959174765661373385228216648e-01
6.8615585342208973429478646721690893173218e-01
6.5603424291052314654137944671674631536007e-01
6.9304253139695015661914112570229917764664e-01
7.5378557624035802398054784134728834033012e-01
6.5988260941681831095451116198091767728329e-01
4.9224118749057249599943020257342141121626e-01
7.3220324428232252955695003038272261619568e-01
4.7208839696695714671648147486848756670952e-01
6.3269493634483031652138151912367902696133e-01
6.8267302227343240605961227629450149834156e-01
5.9150884583165697083728673533187247812748e-01
6.3719807261756467031688089264207519590855e-01
5.6926414089074095503661965267383493483067e-01
4.5926322114532380780360654171090573072433e-01
5.1179523764077394787364028161391615867615e-01
8.7962770646157983911450628511374816298485e-01
6.1233817267788714922005510743474587798119e-01
1.0000000000000000000000000000000000000000e+00
4.3256006041874173195793673585285432636738e-01
6.4638753151367112081970844883471727371216e-01
7.9288547093724426328975596334203146398067e-01
6.5386332548674652720421818230533972382545e-01
6.8166133240115645008927458547987043857574e-01
5.7444472015416758736705560295376926660538e-01
4.6547787407031615547481351313763298094273e-01
9.9269073460676748865694207779597491025925e-01
6.4638753151366634686070256066159345209599e-01
5.0064085183333417727880032543907873332500e-01
8.3339001140106405696172942043631337583065e-01
8.3567428986414016289785422486602328717709e-01
4.6853322719479451041735273975064046680927e-01
4.3719700017637969091666150234232190996408e-01
6.5854876633517400730255531016155146062374e-01
2.6081650047437121564541939733317121863365e-01
3.6270201562991727373130856904026586562395e-01
1.2750795147485297076350718725734623149037e-01
3.7805702322625434064207183837424963712692e-01
3.7935128128862627416850727968267165124416e-01
5.6880532640041336911451708147069439291954e-02
3.9080624590696466658101826396887190639973e-01
2.7881778302246035261546808214916381984949e-01
2.9032821829347560393941307665954809635878e-01
0.0000000000000000000000000000000000000000e+00
4.5206966392970943102724845630291383713484e-01
2.0480263425749437034006916746875504031777e-01
3.0113366079469405800494996583438478410244e-01
3.9595201917777544942111944692442193627357e-01
0.0000000000000000000000000000000000000000e+00
2.8578993633592328360570888889924390241504e-02
5.9150884583165697083728673533187247812748e-01
3.8120955300493353234969617915339767932892e-01
0.0000000000000000000000000000000000000000e+00
4.5926322114532380780360654171090573072433e-01
2.6081650047437121564541939733317121863365e-01
0.0000000000000000000000000000000000000000e+00
3.6270201562991727373130856904026586562395e-01
1.2750795147485297076350718725734623149037e-01
3.7805702322625434064207183837424963712692e-01
3.7935128128862627416850727968267165124416e-01
5.6880532640041336911451708147069439291954e-02
3.9080624590696466658101826396887190639973e-01
2.7881778302246035261546808214916381984949e-01
2.9032821829347560393941307665954809635878e-01
0.0000000000000000000000000000000000000000e+00
4.5206966392970943102724845630291383713484e-01
2.0480263425749437034006916746875504031777e-01
3.0113366079469405800494996583438478410244e-01
3.9595201917777544942111944692442193627357e-01
0.0000000000000000000000000000000000000000e+00
2.8578993633592328360570888889924390241504e-02
5.9150884583165697083728673533187247812748e-01
3.8120955300493353234969617915339767932892e-01
0.0000000000000000000000000000000000000000e+00
4.5926322114532380780360654171090573072433e-01
2.6081650047437121564541939733317121863365e-01
0.0000000000000000000000000000000000000000e+00
0.0000000000000000000000000000000000000000e+00
3.6270201562991727373130856904026586562395e-01
1.2750795147485297076350718725734623149037e-01
3.7805702322625434064207183837424963712692e-01
3.7935128128862627416850727968267165124416e-01
5.6880532640041336911451708147069439291954e-02
3.9080624590696466658101826396887190639973e-01
2.7881778302246035261546808214916381984949e-01
2.9032821829347560393941307665954809635878e-01
0.0000000000000000000000000000000000000000e+00
4.5206966392970943102724845630291383713484e-01
2.0480263425749437034006916746875504031777e-01
3.0113366079469405800494996583438478410244e-01
3.9595201917777544942111944692442193627357e-01
0.0000000000000000000000000000000000000000e+00
2.8578993633592328360570888889924390241504e-02
5.9150884583165697083728673533187247812748e-01
3.8120955300493353234969617915339767932892e-01
0.0000000000000000000000000000000000000000e+00
4.5926322114532380780360654171090573072433e-01
2.6081650047437121564541939733317121863365e-01
0.0000000000000000000000000000000000000000e+00
0.0000000000000000000000000000000000000000e+00
0.0000000000000000000000000000000000000000e+00
7.5837608534115076963644241914153099060059e+01
7.1818140138444863662670059056836180388927e-01
