1
0
23
6.4131820129995931178967794039635919034481e-01
3.7537899112990885663876383659953717142344e-01
3.7542835667076329686508984195825178176165e-01
6.0261923465786004783240059623494744300842e-01
2.1724586659582909020649310605222126469016e-01
6.0684741691241872452167172014014795422554e-01
6.6124998338698592892370697882142849266529e-01
3.3816445742933243234773499352741055190563e-01
1.0000000000000000000000000000000000000000e+00
8.0069813765900255120300244016107171773911e-01
7.5541764933681176952262603663257323205471e-01
3.4729778513066733580672007519751787185669e-01
1.0000000000000000000000000000000000000000e+00
4.3402860055009007123061337551916949450970e-01
9.2376532580866710375744332850445061922073e-01
8.4815472495838650779376166610745713114738e-01
1.4348845132088228204736424231668934226036e-02
9.5736643523365094754495885354117490351200e-01
6.4057960892147891573955575950094498693943e-01
1.0000000000000000000000000000000000000000e+00
6.9336300937488026807642427229438908398151e-01
3.9852199814027944313465923187322914600372e-01
3.9852199814027944313465923187322914600372e-01
4.8859007894540756877788112433336209505796e-01
6.4483116464310885618260726914741098880768e-01
5.9220414511566699111710931902052834630013e-01
7.8131608131076069057030508702155202627182e-01
5.0698446122685569825705442781327292323112e-01
7.0268194979141296308000619319500401616096e-01
2.7857328631673311525318581516330596059561e-01
5.8117301311608127178942595492117106914520e-01
9.9158636764410801323066380064119584858418e-01
6.9495125912143773661000523134134709835052e-01
6.7470322605269972271457845636177808046341e-01
7.0621824374696440251852891378803178668022e-01
9.3439759544533007584732331451959908008575e-01
6.9679605229945251743117751175304874777794e-01
3.4762003160355381403689989383565261960030e-01
7.6833240210349662557831607045955024659634e-01
8.7063015091904338849104760811314918100834e-01
5.4345212492007499704982365074101835489273e-01
7.4716253916589836503447941140620969235897e-01
5.1675876507906537415948378111352212727070e-01
9.1220563779279550953305033544893376529217e-01
6.0753418819847870846473369965679012238979e-01
8.6756298013441257577227361252880655229092e-01
0.0000000000000000000000000000000000000000e+00
7.9347609594932233534336774027906358242035e-01
8.1423332047548091505717593463486991822720e-01
8.7965585466454809804304204590152949094772e-01
1.0000000000000000000000000000000000000000e+00
6.6049130588102511474346556497039273381233e-01
6.2294778806126405168441806381451897323132e-01
7.5608382524700357141256290560704655945301e-01
8.0933848973967104090121438275673426687717e-01
8.7339567137892126780229773430619388818741e-01
5.2865683805787933025044367241207510232925e-01
6.7405641701595531145585482590831816196442e-01
6.2714500765413105920487168987165205180645e-01
6.2496923964274853080524962933850474655628e-01
7.7878589390547003912246282197884283959866e-01
4.1967247444184774263220560897025279700756e-01
8.8542239027361568926011159419431351125240e-01
8.1946592042888077855877781985327601432800e-01
7.4600572073071236278707374367513693869114e-01
8.5261584622754083007123426796169951558113e-01
5.8151594301546694065763176695327274501324e-01
2.4372062705109609481723964563570916652679e-01
6.7253518878212226184132305206730961799622e-01
6.6124998338698692812442914146231487393379e-01
5.9138385956687689049005030028638429939747e-01
8.1327001346585769958608125307364389300346e-01
3.8127779388415256045519186045567039400339e-01
7.0268194979141296308000619319500401616096e-01
6.0842155733259772887322469614446163177490e-01
6.9755573497888945233569302217802032828331e-01
9.3862665859004046353675221325829625129700e-01
8.7928143594260133042439520068001002073288e-01
7.9594289090187875235216097280499525368214e-01
3.2326514779701609469952927611302584409714e-01
6.7405641701595420123283020075177773833275e-01
1.0000000000000000000000000000000000000000e+00
7.6386930264815955382573520182631909847260e-01
1.0000000000000000000000000000000000000000e+00
1.0000000000000000000000000000000000000000e+00
9.7498067183921310885352795594371855258942e-01
1.0000000000000000000000000000000000000000e+00
1.0000000000000000000000000000000000000000e+00
8.4549095736048895943781644746195524930954e-01
7.4005271069943623363229789902106858789921e-01
7.3309696881717822947166496305726468563080e-01
6.3795338764617526283728921043802984058857e-01
5.0294447756231708268614966073073446750641e-01
7.1918344649315135708178559070802293717861e-01
6.5741081055482819550661588436923921108246e-01
1.0000000000000000000000000000000000000000e+00
1.0000000000000000000000000000000000000000e+00
4.9464249441463248313510803200188092887402e-01
4.2372478849345773799228709322051145136356e-01
8.3062619860569719687504175453796051442623e-01
6.2587533263149253137669347779592499136925e-01
5.6707259361259576557756645343033596873283e-01
5.6959041454628400735771265317453071475029e-01
5.6707259361259809704591816625907085835934e-01
6.3795338764617348648044981018756516277790e-01
6.2837656761093385604510785924503579735756e-01
0.0000000000000000000000000000000000000000e+00
5.9791803796575559992731996317161247134209e-01
6.6163829148114405853675634716637432575226e-01
6.2830028818927763367696570639964193105698e-01
6.6896240102041581998548736009979620575905e-01
6.7352239728831075904480485405656509101391e-01
6.8837686393910113569205577732645906507969e-01
6.9679605229945029698512826143996790051460e-01
5.2166158998244605005112362050567753612995e-01
4.5951576917397840560397526132874190807343e-01
6.7858774321379777827445423099561594426632e-01
6.2938345905493908727379448464489541947842e-01
7.3281215642510733054848515166668221354485e-01
5.2675400253026527508382059750147163867950e-01
8.3039815018649765221425695926882326602936e-01
1.0921753384963493738180062564424588344991e-01
6.4232017646285544110185128374723717570305e-01
8.5593372668353939758389969938434660434723e-01
6.9582334903140286019862514876876957714558e-01
7.8976964973868324371153448737459257245064e-01
6.9073464890702129803656816875445656478405e-01
6.4057960892148402276546903522103093564510e-01
7.1660866466577566313844727119430899620056e-01
7.9484180125648906667379378632176667451859e-01
1.0000000000000000000000000000000000000000e+00
9.4170245906708061056633596308529376983643e-01
7.9484180125649028791912087399396114051342e-01
6.9582334903140286019862514876876957714558e-01
6.4483116464311096560635405694483779370785e-01
9.2872892852978905509075957525055855512619e-01
6.9073464890701596896604996800306253135204e-01
6.0060180297508392044392167008481919765472e-01
6.6949642074806037239653733195154927670956e-01
8.8705995938886472718110098867327906191349e-01
5.0618029366553873860112844340619631111622e-01
9.6487242453685295728860182862263172864914e-01
6.5847981648081632677360630623297765851021e-01
7.1548417197465907779729832327575422823429e-01
7.3944922998848583439723824994871392846107e-01
8.4506831816459015982445635017938911914825e-01
7.0191933802061823310936006237170659005642e-01
6.6020008818352482471425446419743821024895e-01
6.0060180297508536373385368278832174837589e-01
6.6124998338698648403521929139969870448112e-01
6.5549557773128019899644414181238971650600e-01
7.9511129224825405348298090757452882826328e-01
6.2938345905493908727379448464489541947842e-01
7.1182346906076399140061994330608285963535e-01
4.4656613515087617560794797100243158638477e-01
7.6098715055043331112472060340223833918571e-01
9.2379209170716214405416621957556344568729e-01
8.2407613277520064265502242051297798752785e-01
9.1000426444373561096767843991983681917191e-01
7.5387934587190330582018304994562640786171e-01
1.0000000000000000000000000000000000000000e+00
7.5377048409236357962015517841791734099388e-01
1.0000000000000000000000000000000000000000e+00
5.8494531048561460018220259371446445584297e-01
6.8638558438849606169185335602378472685814e-01
4.4486982313948364442524052719818428158760e-01
6.6115117521274435752332010451937094330788e-01
6.3641410058795899740147206102847121655941e-01
5.0076742291570575105197349330410361289978e-01
6.0852441809413193585243107008864171802998e-01
9.1000426444373561096767843991983681917191e-01
8.1395613310451964128588997482438571751118e-01
0.0000000000000000000000000000000000000000e+00
6.3429343971632401455451599758816882967949e-01
4.9428598375121191033088052790844812989235e-01
5.9220414511567343041065214492846280336380e-01
6.7937654385447487914717612511594779789448e-01
4.7345219549933459379786881981999613344669e-01
6.9336300937488026807642427229438908398151e-01
6.3312544034441764484455461570178158581257e-01
7.9252847382382907159836804567021317780018e-01
7.2047980717989590360161855642218142747879e-01
7.2152037509813282678550194759736768901348e-01
5.9114427843199446321875711873872205615044e-01
7.4463538028181786021519883433938957750797e-01
5.9114427843199446321875711873872205615044e-01
6.3312544034441775586685707821743562817574e-01
7.2331238865689051475982296324218623340130e-01
6.0060180297508392044392167008481919765472e-01
6.0060180297508392044392167008481919765472e-01
6.1710493594293680530427081976085901260376e-01
4.1065257174571334619628260043100453913212e-01
5.8117301311608171587863580498378723859787e-01
8.6428485496564666501484452965087257325649e-01
6.0780267831075496243187217260128818452358e-01
1.0000000000000000000000000000000000000000e+00
3.9839080858174319432762899850786197930574e-01
6.0960115778699730526568600907921791076660e-01
7.1660866466578199140968763458658941090107e-01
6.8630966643004076566114690649555996060371e-01
6.4480719601889857628407298761885613203049e-01
5.8364600342416528278022269660141319036484e-01
4.7819960087544455262786868843249976634979e-01
9.6940800589826259248127371392911300063133e-01
7.0012666983768467865445472853025421500206e-01
4.9464249441463187251244448816578369587660e-01
8.2850399661536122675187243658001534640789e-01
8.7557718463071709802392206256627105176449e-01
5.1620456315548446379892766344710253179073e-01
4.3441416470693150486681588517967611551285e-01
6.6250570535284869500003424036549404263496e-01
2.8298256175401009793191065000428352504969e-01
3.7542835667076329686508984195825178176165e-01
2.1724586659582909020649310605222126469016e-01
3.3816445742933243234773499352741055190563e-01
3.4729778513066733580672007519751787185669e-01
1.4348845132088228204736424231668934226036e-02
3.9852199814027944313465923187322914600372e-01
2.7857328631673311525318581516330596059561e-01
3.4762003160355381403689989383565261960030e-01
0.0000000000000000000000000000000000000000e+00
5.2865683805787933025044367241207510232925e-01
2.4372062705109609481723964563570916652679e-01
3.2326514779701609469952927611302584409714e-01
5.0294447756231708268614966073073446750641e-01
0.0000000000000000000000000000000000000000e+00
1.0921753384963493738180062564424588344991e-01
6.0060180297508392044392167008481919765472e-01
4.4656613515087617560794797100243158638477e-01
0.0000000000000000000000000000000000000000e+00
4.1065257174571334619628260043100453913212e-01
2.8298256175401009793191065000428352504969e-01
0.0000000000000000000000000000000000000000e+00
3.7542835667076329686508984195825178176165e-01
2.1724586659582909020649310605222126469016e-01
3.3816445742933243234773499352741055190563e-01
3.4729778513066733580672007519751787185669e-01
1.4348845132088228204736424231668934226036e-02
3.9852199814027944313465923187322914600372e-01
2.7857328631673311525318581516330596059561e-01
3.4762003160355381403689989383565261960030e-01
0.0000000000000000000000000000000000000000e+00
5.2865683805787933025044367241207510232925e-01
2.4372062705109609481723964563570916652679e-01
3.2326514779701609469952927611302584409714e-01
5.0294447756231708268614966073073446750641e-01
0.0000000000000000000000000000000000000000e+00
1.0921753384963493738180062564424588344991e-01
6.0060180297508392044392167008481919765472e-01
4.4656613515087617560794797100243158638477e-01
0.0000000000000000000000000000000000000000e+00
4.1065257174571334619628260043100453913212e-01
2.8298256175401009793191065000428352504969e-01
0.0000000000000000000000000000000000000000e+00
0.0000000000000000000000000000000000000000e+00
3.7542835667076329686508984195825178176165e-01
2.1724586659582909020649310605222126469016e-01
3.3816445742933243234773499352741055190563e-01
3.4729778513066733580672007519751787185669e-01
1.4348845132088228204736424231668934226036e-02
3.9852199814027944313465923187322914600372e-01
2.7857328631673311525318581516330596059561e-01
3.4762003160355381403689989383565261960030e-01
0.0000000000000000000000000000000000000000e+00
5.2865683805787933025044367241207510232925e-01
2.4372062705109609481723964563570916652679e-01
3.2326514779701609469952927611302584409714e-01
5.0294447756231708268614966073073446750641e-01
0.0000000000000000000000000000000000000000e+00
1.0921753384963493738180062564424588344991e-01
6.0060180297508392044392167008481919765472e-01
4.4656613515087617560794797100243158638477e-01
0.0000000000000000000000000000000000000000e+00
4.1065257174571334619628260043100453913212e-01
2.8298256175401009793191065000428352504969e-01
0.0000000000000000000000000000000000000000e+00
0.0000000000000000000000000000000000000000e+00
0.0000000000000000000000000000000000000000e+00
7.7388259484329338988572999369353055953979e+01
8.0424219326652557349177641299320384860039e-01
