1
0
23
6.3545183207856448248662672995124012231827e-01
3.7014852926583685643890930805355310440063e-01
3.8288084080699813505077599984360858798027e-01
6.1269704172999106539521108061308041214943e-01
2.5923949989708744423566599834884982556105e-01
6.0523711584069717073219862868427298963070e-01
6.5659020660262856772249051573453471064568e-01
3.1262392096077645797791433324164245277643e-01
1.0000000000000000000000000000000000000000e+00
7.6552028653616122078062744549242779612541e-01
7.3633236988245931442520486598368734121323e-01
3.3069242777473650818365058512426912784576e-01
1.0000000000000000000000000000000000000000e+00
4.3719173412575917936351288517471402883530e-01
9.6678330938770762337242103967582806944847e-01
8.7559365324393612084463711653370410203934e-01
2.6377885935215727997160684026312083005905e-02
9.1102018796030481695424896315671503543854e-01
6.2742899056355994069633652543416246771812e-01
1.0000000000000000000000000000000000000000e+00
6.5655990253189977501335761189693585038185e-01
3.8721964728524621568439556540397461503744e-01
3.8721964728524621568439556540397461503744e-01
4.9311236250239032230524571787100285291672e-01
6.2742899056355916354021928782458417117596e-01
5.8721847626328926850192146957851946353912e-01
7.4523817411633630491962776432046666741371e-01
5.3122928549141468224092932359781116247177e-01
7.0678883618005183819832382141612470149994e-01
2.6437600937144856150240457282052375376225e-01
5.8509191041695640667086308894795365631580e-01
9.9059466713201127507915089154266752302647e-01
6.8709242684393478928228660151944495737553e-01
6.5233511491205042887031595455482602119446e-01
7.2607483962942565014486717700492590665817e-01
9.0480434676843790597899896965827792882919e-01
6.8709242684393290190314473875332623720169e-01
3.2346583757180619178583924622216727584600e-01
7.9151236516801470877169322193367406725883e-01
8.6053274867030637995668485018541105091572e-01
5.1232224582991059413927814603084698319435e-01
7.3836684593836676704370347579242661595345e-01
4.8790723462310925384599613607861101627350e-01
9.5725632294975615543819458252983167767525e-01
6.0988981936758379642782301743864081799984e-01
8.6894228759127889460955884715076535940170e-01
0.0000000000000000000000000000000000000000e+00
8.2936250509648989925892692554043605923653e-01
8.2917688366600250660098936350550502538681e-01
8.3533502886422628108675780822522938251495e-01
1.0000000000000000000000000000000000000000e+00
6.5816235238741560564790233911480754613876e-01
6.5558815760450350751398218562826514244080e-01
7.4523817411633719309804746444569900631905e-01
8.1180904025054023698260152741568163037300e-01
8.7680908676164026616106639266945421695709e-01
5.3209781449566195821176961544551886618137e-01
6.8435681428773365020390428981045261025429e-01
6.1791692443680368285185977583751082420349e-01
6.0929141238124684409882547697634436190128e-01
7.8856153462787181851467721571680158376694e-01
4.1001274128818954167741139826830476522446e-01
8.7563415047562354054377919965190812945366e-01
8.0880889750672380067442190920701250433922e-01
7.4089893142369023237847613927442580461502e-01
8.2783257298514756339358200420974753797054e-01
5.8914277036655005037601995354634709656239e-01
2.1945722579233911675444801403500605374575e-01
6.7679635197477561181500504972063936293125e-01
6.3337368261702386984524082436109893023968e-01
5.8905463258559553896276383966323919594288e-01
8.2516588323850548203353127973969094455242e-01
3.6646119723757053510126979745109565556049e-01
6.5902853052558241220282297945232130587101e-01
5.8628235757153956964060625978163443505764e-01
6.8815297244277773280884957785019651055336e-01
8.5064384711710250286387235973961651325226e-01
8.7473862681762004633867491065757349133492e-01
7.9950146747805128644159822215442545711994e-01
3.2301381179558791290062913503788877278566e-01
6.2897224257042616546442559410934336483479e-01
1.0000000000000000000000000000000000000000e+00
7.3709983493130093457068596762837842106819e-01
1.0000000000000000000000000000000000000000e+00
1.0000000000000000000000000000000000000000e+00
9.0837299988113795468080979844671674072742e-01
1.0000000000000000000000000000000000000000e+00
1.0000000000000000000000000000000000000000e+00
8.2529232099384197685054687099182046949863e-01
7.0605733063187248177428045892156660556793e-01
7.2363456190444652715854090274660848081112e-01
5.9435097370481915213247248175321146845818e-01
5.0840968455152912852668123377952724695206e-01
7.5997194427260228444254153146175667643547e-01
6.5034760731685903323295860900543630123138e-01
1.0000000000000000000000000000000000000000e+00
1.0000000000000000000000000000000000000000e+00
5.2432181991897353068310394519357942044735e-01
4.3372448280808567622202076563553418964148e-01
8.1095594955591465691213670652359724044800e-01
6.3545183207859157192842758377082645893097e-01
5.5976753412889912464578401340986602008343e-01
5.4477229186287523532428167527541518211365e-01
5.6403880874161971270552839996526017785072e-01
6.7282805492327524277129668917041271924973e-01
6.6783167327214765229825843562139198184013e-01
0.0000000000000000000000000000000000000000e+00
6.1360736321805986470678817568114027380943e-01
6.6820846559429658562123677256749942898750e-01
6.5702872057832517604936128918780013918877e-01
6.6961719592855462046543379983631893992424e-01
6.6961719592855417637622394977370277047157e-01
6.9717404249949699313049222837435081601143e-01
6.8709242684392979327867578831501305103302e-01
5.3952347456190941077380784918204881250858e-01
4.5729898384128264687831233459291979670525e-01
6.7642385619306755195623281906591728329659e-01
6.5745895240512175483615919802105054259300e-01
6.8823922318647712259576110227499157190323e-01
5.7112754354456440886167456483235582709312e-01
8.2478116005409296551675879527465440332890e-01
1.2803765325972532584941632194386329501867e-01
6.4791883662498750418023973907111212611198e-01
8.6053274867030637995668485018541105091572e-01
6.7650997578100702245507136467495001852512e-01
7.7712961833614224715915952401701360940933e-01
6.6660952870700962424876934164785780012608e-01
6.2742899056356615794527442631078884005547e-01
6.8709242684395266387298306653974577784538e-01
7.7617628710983066486761572377872653305531e-01
1.0000000000000000000000000000000000000000e+00
8.9573161736535433785633131265058182179928e-01
7.7617628710983888051799794993712566792965e-01
6.7650997578100791063349106480018235743046e-01
6.5702872057829153629171514694462530314922e-01
9.3019508025748087742812231226707808673382e-01
6.8709242684392968225637332579935900866985e-01
5.7591460015315032450189391965977847576141e-01
6.8435681428773376122620675232610665261745e-01
8.7750222022122259524223863991210237145424e-01
5.0385285856318129393827121020876802504063e-01
9.5240706695678367665891528304200619459152e-01
6.5586001551783490448599422961706295609474e-01
6.8451066313715891453739459393545985221863e-01
7.3365137157175797089081470403471030294895e-01
8.1909621586295133788269140495685860514641e-01
7.0615155513211458337963222220423631370068e-01
6.7642385619306755195623281906591728329659e-01
6.0801141265117808476503569181659258902073e-01
6.4162454278978686694756561337271705269814e-01
6.3838478460245717815979560327832587063313e-01
8.1095594955591687735818595683667808771133e-01
6.5745895240512175483615919802105054259300e-01
6.8709242684392968225637332579935900866985e-01
4.4218175146049409907078597825602628290653e-01
7.2466314374325646596730621240567415952682e-01
9.2042533434222439936434057017322629690170e-01
8.4780296082165096382965430166223086416721e-01
8.8903124293463631211409392562927678227425e-01
6.9134535157249688008818111484288237988949e-01
1.0000000000000000000000000000000000000000e+00
7.5192132162969971265198410037555731832981e-01
1.0000000000000000000000000000000000000000e+00
5.4611362617005720920815292629413306713104e-01
7.1076928481338752519036461308132857084274e-01
4.3547219480660182000519853318110108375549e-01
6.3595834569651243928234407576383091509342e-01
6.1147507370163900475290574831888079643250e-01
4.7033716495170285742943860896048136055470e-01
6.8823922318647712259576110227499157190323e-01
8.6933784658489465790864869632059708237648e-01
8.1545206832949590491921298962552100419998e-01
0.0000000000000000000000000000000000000000e+00
6.4739074569026522354420194460544735193253e-01
5.1212950209245300392524313792819157242775e-01
5.8343648269606784850793701480142772197723e-01
6.7336609406773517694233532893122173845768e-01
5.0300313410519104095897091610822826623917e-01
6.7249345210584499099581989867147058248520e-01
6.3238405044211176697643850275198929011822e-01
8.5713034791696296466056992358062416315079e-01
7.1494453507672472980516431562136858701706e-01
7.2850350815479814059472118970006704330444e-01
5.7452120250689198144300462445244193077087e-01
7.3958162857920772825792710136738605797291e-01
6.1987490101162723288297229373711161315441e-01
6.3238405044211176697643850275198929011822e-01
7.1719961866421533258630915952380746603012e-01
5.7591460015315032450189391965977847576141e-01
5.7662223869338136150730633744387887418270e-01
5.8343648269606152023669665140914730727673e-01
3.9822102419389016070283560111420229077339e-01
5.8509191041695463031402368869748897850513e-01
8.6053274867030637995668485018541105091572e-01
6.0628591380104557284624888779944740235806e-01
9.9645077498389644787835095485206693410873e-01
3.8341143344729350372901421906135510653257e-01
6.2742899056356393749922517599770799279213e-01
6.8709242684393290190314473875332623720169e-01
6.7589822295543156016606189950834959745407e-01
6.4493908994047988159081796766258776187897e-01
5.8361488074572809292561714755720458924770e-01
4.7064829609119995801336244767298921942711e-01
9.3801336056642514726888748555211350321770e-01
6.8709242684393290190314473875332623720169e-01
5.0755518759419882002248414210043847560883e-01
8.2590254096371340519766590659855864942074e-01
8.7950162557438160693124018507660366594791e-01
5.3276974087805328839095864168484695255756e-01
4.3011165082761876332639872089202981442213e-01
6.6012618175680037868602312300936318933964e-01
2.8120036205273313267838375395513139665127e-01
3.8288084080699813505077599984360858798027e-01
2.5923949989708744423566599834884982556105e-01
3.1262392096077645797791433324164245277643e-01
3.3069242777473650818365058512426912784576e-01
2.6377885935215727997160684026312083005905e-02
3.8721964728524621568439556540397461503744e-01
2.6437600937144856150240457282052375376225e-01
3.2346583757180619178583924622216727584600e-01
0.0000000000000000000000000000000000000000e+00
5.3209781449566195821176961544551886618137e-01
2.1945722579233911675444801403500605374575e-01
3.2301381179558791290062913503788877278566e-01
5.0840968455152912852668123377952724695206e-01
0.0000000000000000000000000000000000000000e+00
1.2803765325972532584941632194386329501867e-01
5.7591460015315032450189391965977847576141e-01
4.4218175146049409907078597825602628290653e-01
0.0000000000000000000000000000000000000000e+00
3.9822102419389016070283560111420229077339e-01
2.8120036205273313267838375395513139665127e-01
0.0000000000000000000000000000000000000000e+00
3.8288084080699813505077599984360858798027e-01
2.5923949989708744423566599834884982556105e-01
3.1262392096077645797791433324164245277643e-01
3.3069242777473650818365058512426912784576e-01
2.6377885935215727997160684026312083005905e-02
3.8721964728524621568439556540397461503744e-01
2.6437600937144856150240457282052375376225e-01
3.2346583757180619178583924622216727584600e-01
0.0000000000000000000000000000000000000000e+00
5.3209781449566195821176961544551886618137e-01
2.1945722579233911675444801403500605374575e-01
3.2301381179558791290062913503788877278566e-01
5.0840968455152912852668123377952724695206e-01
0.0000000000000000000000000000000000000000e+00
1.2803765325972532584941632194386329501867e-01
5.7591460015315032450189391965977847576141e-01
4.4218175146049409907078597825602628290653e-01
0.0000000000000000000000000000000000000000e+00
3.9822102419389016070283560111420229077339e-01
2.8120036205273313267838375395513139665127e-01
0.0000000000000000000000000000000000000000e+00
0.0000000000000000000000000000000000000000e+00
3.8288084080699813505077599984360858798027e-01
2.5923949989708744423566599834884982556105e-01
3.1262392096077645797791433324164245277643e-01
3.3069242777473650818365058512426912784576e-01
2.6377885935215727997160684026312083005905e-02
3.8721964728524621568439556540397461503744e-01
2.6437600937144856150240457282052375376225e-01
3.2346583757180619178583924622216727584600e-01
0.0000000000000000000000000000000000000000e+00
5.3209781449566195821176961544551886618137e-01
2.1945722579233911675444801403500605374575e-01
3.2301381179558791290062913503788877278566e-01
5.0840968455152912852668123377952724695206e-01
0.0000000000000000000000000000000000000000e+00
1.2803765325972532584941632194386329501867e-01
5.7591460015315032450189391965977847576141e-01
4.4218175146049409907078597825602628290653e-01
0.0000000000000000000000000000000000000000e+00
3.9822102419389016070283560111420229077339e-01
2.8120036205273313267838375395513139665127e-01
0.0000000000000000000000000000000000000000e+00
0.0000000000000000000000000000000000000000e+00
0.0000000000000000000000000000000000000000e+00
7.4494991907655673912813654169440269470215e+01
8.3468271270853588994498295505763962864876e-01
