1
0
23
6.2699228245515370439022717619081959128380e-01
3.7635997000819632063439712510444223880768e-01
4.0644146844298173482101788067666348069906e-01
6.4271634001542110592453127537737600505352e-01
2.8085805609803060622908787991036660969257e-01
6.2637430553785822251455783771234564483166e-01
6.9113997268222371328505460041924379765987e-01
3.2847240475170952356265274829638656228781e-01
9.8526281972967599820378836739109829068184e-01
7.5988726962271457843201005744049325585365e-01
7.1628358960846627567775612988043576478958e-01
3.5827053727452229381356119120027869939804e-01
7.3640278219923016589376629781327210366726e-01
4.7545758007179017567978007718920707702637e-01
9.6481901653642843097458126067067496478558e-01
9.9887969920756192188093791628489270806313e-01
8.0492521224466040408174194453749805688858e-02
8.9416009375140870218956479220651090145111e-01
6.3874737375164891695078495104098692536354e-01
1.0000000000000000000000000000000000000000e+00
6.5683126024863502934181269665714353322983e-01
4.1451971573872803400462316858465783298016e-01
4.1451971573872803400462316858465783298016e-01
5.1275688875020675183691309939604252576828e-01
6.6931839499450418440318344437400810420513e-01
6.3684225575758512949420264703803695738316e-01
7.6459329374076012708627558822627179324627e-01
5.6621080503964438257469282689271494746208e-01
7.5490073294279491644687141160829924046993e-01
2.9170996018300399121869759255787357687950e-01
6.2454947574884434047248760180082172155380e-01
1.0000000000000000000000000000000000000000e+00
7.0583594660846182833324746752623468637466e-01
6.6869856529117588372912450722651556134224e-01
7.6413221067592096424903047591214999556541e-01
9.0057439900385394260240445873932912945747e-01
7.0583594660845638824042680425918661057949e-01
3.3222532798636000839209714285971131175756e-01
8.3437887724614812068324454230605624616146e-01
8.8706682559848493152543369433260522782803e-01
5.2891256302812306167027145420433953404427e-01
7.5949449676025493349840189694077707827091e-01
5.0745500904944607079016805073479190468788e-01
9.9333309608042097416102933493675664067268e-01
6.3403851700077695774382391391554847359657e-01
8.6593265986580814086437385412864387035370e-01
0.0000000000000000000000000000000000000000e+00
8.8138936649009824719769312650896608829498e-01
8.8797875902177914042567863361909985542297e-01
8.8138936649009536061782910110196098685265e-01
1.0000000000000000000000000000000000000000e+00
6.8084790969396102866539877140894532203674e-01
7.5151883378472050800667147996136918663979e-01
7.7717444517768707878957457069191150367260e-01
8.5619810799520190691680454619927331805229e-01
8.8834229251612606415022810324444435536861e-01
5.5944620445752657467153312609298154711723e-01
7.0583594660845461188358740400872193276882e-01
6.3836025028846432594065163357299752533436e-01
5.8746260273946815377854591133655048906803e-01
8.0657099196230552795583434999571181833744e-01
4.3645731312846214322576088306959718465805e-01
8.3735908557337546120891147438669577240944e-01
8.0986226193511257065438257995992898941040e-01
7.5875634286602644529295957909198477864265e-01
8.2670444954047572760913453748798929154873e-01
5.9617306390341606725513656783732585608959e-01
2.1828047068762448934542419465287821367383e-01
6.9737740012892490693019453829037956893444e-01
6.3922080766806632645682384463725611567497e-01
6.2824170141062463113001967940363101661205e-01
8.2464788114089204729140192284830845892429e-01
3.9564442748199368793393659871071577072144e-01
6.3874737375166046327024105266900733113289e-01
6.1368113342792829367766671566641889512539e-01
7.2779951794679509369245806738035753369331e-01
8.1268680105947022074275309933000244200230e-01
9.0785807361008941107627379096811637282372e-01
8.1221801494797796205915574319078586995602e-01
3.4027767414067583429115870785608422011137e-01
6.2637430553786022091600216299411840736866e-01
1.0000000000000000000000000000000000000000e+00
7.5148732629392733795015146824880503118038e-01
1.0000000000000000000000000000000000000000e+00
1.0000000000000000000000000000000000000000e+00
9.3899751086658977961008076817961409687996e-01
9.7245304569162904773094169286196120083332e-01
1.0000000000000000000000000000000000000000e+00
6.4016471895650794987631115873227827250957e-01
7.1009473273421375161262858455302193760872e-01
7.4132097610440395030195759318303316831589e-01
6.0324397785564565221960720009519718587399e-01
4.9258976724694603088750000097206793725491e-01
7.7605433297442649731578967475797981023788e-01
6.9113997268222382430735706293489784002304e-01
1.0000000000000000000000000000000000000000e+00
1.0000000000000000000000000000000000000000e+00
5.8190067971142267477802079156390391290188e-01
4.7740918561990913770998190557293128222227e-01
8.4155715194250502175776773583493195474148e-01
6.6468805626749383197449105864507146179676e-01
5.7424947022447669908729039889294654130936e-01
5.8644388451789986049789149546995759010315e-01
5.7424947022447980771175934933125972747803e-01
7.3610301278322132212394990347092971205711e-01
6.7045270196293138553755852626636624336243e-01
0.0000000000000000000000000000000000000000e+00
6.4056754842382523928989712658221833407879e-01
6.9832487725929670574487317935563623905182e-01
6.5568333826440095002396901691099628806114e-01
6.9835126466875840911541217792546376585960e-01
6.7495871613272695466179129653028212487698e-01
6.8040702002257169578314233149285428225994e-01
6.9837765207822866120324079020065255463123e-01
5.4684142891884579551486922355252318084240e-01
4.7036708882752459315312876242387574166059e-01
6.9835126466876906725644857942825183272362e-01
6.9465232707428647973557644945685751736164e-01
6.9837765207823165880540727812331169843674e-01
5.9310929331600859004680614816606976091862e-01
7.8907810222715091263978592905914410948753e-01
1.3869576351253135038099628673080587759614e-01
6.6465508477315227153781052038539201021194e-01
8.6429049175815642058751109289005398750305e-01
6.9837765207823165880540727812331169843674e-01
7.8044743001534244708494725273340009152889e-01
7.1013677197643154670458898181095719337463e-01
6.3874737375166190656017306537250988185406e-01
7.0583594660845583312891449168091639876366e-01
7.8305586588841780137926207316922955214977e-01
1.0000000000000000000000000000000000000000e+00
8.8834229251612684130634534085402265191078e-01
8.0986226193511301474359243002254515886307e-01
6.9837765207823165880540727812331169843674e-01
6.9299825510387824678559809399303048849106e-01
9.9732078560561854274624238314572721719742e-01
6.9832487725929848210171257960610091686249e-01
5.8555581774160103680770816936274059116840e-01
7.0583594660844817259004457810078747570515e-01
9.0788594077087636513567758811404928565025e-01
5.3208180365103652231795194893493317067623e-01
9.3947274638148614567256800000905059278011e-01
6.8303565442055136358590061718132346868515e-01
6.9699686543084682366355764315812848508358e-01
7.3781581080506541958641264500329270958900e-01
8.0188264463539071780218137064366601407528e-01
6.9221501442375976687060301628662273287773e-01
6.8294084035940294530320215926622040569782e-01
6.3836025028846432594065163357299752533436e-01
6.6251374339708324345821210954454727470875e-01
6.5966949329399782175897826164145953953266e-01
8.4155715194249969268724953508353792130947e-01
6.7122375970341652262618481472600251436234e-01
7.0583594660845727641884650438441894948483e-01
4.6232619883159731255517499448615126311779e-01
7.1463739240007595476811275148065760731697e-01
1.0000000000000000000000000000000000000000e+00
8.7148872128553633853442761392216198146343e-01
1.0000000000000000000000000000000000000000e+00
7.2362971991986879682912103817216120660305e-01
1.0000000000000000000000000000000000000000e+00
7.4106449610335711764008692625793628394604e-01
1.0000000000000000000000000000000000000000e+00
5.0996146662930053050644119139178656041622e-01
6.9858085552589133104817165076383389532566e-01
4.4253884810839150265593389121931977570057e-01
6.4999837404841420696044451688067056238651e-01
6.4389912571130292207044476526789367198944e-01
5.0196161577220332894455623318208381533623e-01
6.9858085552589910260934402685961686074734e-01
8.7416189371447228229072834437829442322254e-01
8.3684091452803077704203360553947277367115e-01
0.0000000000000000000000000000000000000000e+00
6.8691448026328305598298129552858881652355e-01
5.6541238339590027539571792658534832298756e-01
6.2562749861488964331357465198379941284657e-01
6.9842038289819463603436133780633099377155e-01
5.6786384985236659783680579494102858006954e-01
6.7418936441920895852319972618715837597847e-01
6.3999003223042771892892233154270797967911e-01
8.7738394280115206136372307810233905911446e-01
6.8066400805968918508170872883056290447712e-01
7.3852207627745558582432749972213059663773e-01
5.7625130713792727110700297998846508562565e-01
7.8503158192754118882561442660517059266567e-01
6.3980195819004448409828000876586884260178e-01
6.3999003223042771892892233154270797967911e-01
7.1660633873339085742060206030146218836308e-01
6.0568273638571268335795139137189835309982e-01
5.8555899033216096682963325292803347110748e-01
6.3570327375916368950470314302947372198105e-01
4.0045759094343091888390517851803451776505e-01
6.2454947574885577576964124091318808495998e-01
8.6429049175815741978823325553094036877155e-01
6.4355763356446527012622027541510760784149e-01
1.0000000000000000000000000000000000000000e+00
4.3817611343891349484636066335951909422874e-01
6.6048600657543032887986100831767544150352e-01
7.1803193018545641290728553940425626933575e-01
7.0006939142964152988923842713120393455029e-01
6.6676903698313794155438927191426046192646e-01
6.1498070746788002782778903565485961735249e-01
4.8835050695294079936559228372061625123024e-01
9.0785807361008941107627379096811637282372e-01
7.1803193018545641290728553940425626933575e-01
5.2916044162815523144161033997079357504845e-01
8.5406740180299922648998744989512488245964e-01
8.8341863522481867132540855891420505940914e-01
5.6007078941958521323130071323248557746410e-01
4.7915223122346706219332190812565386295319e-01
6.7125243207711504656032275306642986834049e-01
3.2554760039944241611920006107538938522339e-01
4.0644146844298173482101788067666348069906e-01
2.8085805609803060622908787991036660969257e-01
3.2847240475170952356265274829638656228781e-01
3.5827053727452229381356119120027869939804e-01
8.0492521224466040408174194453749805688858e-02
4.1451971573872803400462316858465783298016e-01
2.9170996018300399121869759255787357687950e-01
3.3222532798636000839209714285971131175756e-01
0.0000000000000000000000000000000000000000e+00
5.5944620445752657467153312609298154711723e-01
2.1828047068762448934542419465287821367383e-01
3.4027767414067583429115870785608422011137e-01
4.9258976724694603088750000097206793725491e-01
0.0000000000000000000000000000000000000000e+00
1.3869576351253135038099628673080587759614e-01
5.8555581774160103680770816936274059116840e-01
4.6232619883159731255517499448615126311779e-01
0.0000000000000000000000000000000000000000e+00
4.0045759094343091888390517851803451776505e-01
3.2554760039944241611920006107538938522339e-01
0.0000000000000000000000000000000000000000e+00
4.0644146844298173482101788067666348069906e-01
2.8085805609803060622908787991036660969257e-01
3.2847240475170952356265274829638656228781e-01
3.5827053727452229381356119120027869939804e-01
8.0492521224466040408174194453749805688858e-02
4.1451971573872803400462316858465783298016e-01
2.9170996018300399121869759255787357687950e-01
3.3222532798636000839209714285971131175756e-01
0.0000000000000000000000000000000000000000e+00
5.5944620445752657467153312609298154711723e-01
2.1828047068762448934542419465287821367383e-01
3.4027767414067583429115870785608422011137e-01
4.9258976724694603088750000097206793725491e-01
0.0000000000000000000000000000000000000000e+00
1.3869576351253135038099628673080587759614e-01
5.8555581774160103680770816936274059116840e-01
4.6232619883159731255517499448615126311779e-01
0.0000000000000000000000000000000000000000e+00
4.0045759094343091888390517851803451776505e-01
3.2554760039944241611920006107538938522339e-01
0.0000000000000000000000000000000000000000e+00
0.0000000000000000000000000000000000000000e+00
4.0644146844298173482101788067666348069906e-01
2.8085805609803060622908787991036660969257e-01
3.2847240475170952356265274829638656228781e-01
3.5827053727452229381356119120027869939804e-01
8.0492521224466040408174194453749805688858e-02
4.1451971573872803400462316858465783298016e-01
2.9170996018300399121869759255787357687950e-01
3.3222532798636000839209714285971131175756e-01
0.0000000000000000000000000000000000000000e+00
5.5944620445752657467153312609298154711723e-01
2.1828047068762448934542419465287821367383e-01
3.4027767414067583429115870785608422011137e-01
4.9258976724694603088750000097206793725491e-01
0.0000000000000000000000000000000000000000e+00
1.3869576351253135038099628673080587759614e-01
5.8555581774160103680770816936274059116840e-01
4.6232619883159731255517499448615126311779e-01
0.0000000000000000000000000000000000000000e+00
4.0045759094343091888390517851803451776505e-01
3.2554760039944241611920006107538938522339e-01
0.0000000000000000000000000000000000000000e+00
0.0000000000000000000000000000000000000000e+00
0.0000000000000000000000000000000000000000e+00
7.6561211714050145360488386359065771102905e+01
8.9233868302352392642973200054257176816463e-01
