1
0
23
5.9835560854248259765597595105646178126335e-01
4.1645292688839996575467239381396211683750e-01
4.3085849984288421277156544419995043426752e-01
7.3351228884502450711124765803106129169464e-01
3.2409430100419173159664865124796051532030e-01
7.3351228884502506222275997060933150351048e-01
7.3351228884502450711124765803106129169464e-01
3.7054645341973868610807585355360060930252e-01
1.0000000000000000000000000000000000000000e+00
7.8023724841580499589355213174712844192982e-01
7.2982493786711766237118581557297147810459e-01
3.7759790898181855300919096407596953213215e-01
7.8975115831048336989539393471204675734043e-01
6.7148102904675277535773147974396124482155e-01
1.0000000000000000000000000000000000000000e+00
1.0000000000000000000000000000000000000000e+00
1.3248421906079621557239534013206139206886e-01
8.5592236976675106774337109527550637722015e-01
6.5439023224575765258492765497067011892796e-01
8.7060044841344774724234412133228033781052e-01
6.9063896851661632503294185880804434418678e-01
5.1208548649629248572523465554695576429367e-01
4.1701996366823490536290819363784976303577e-01
6.4769259962193526103391150172683410346508e-01
6.9177622680933259502467080892529338598251e-01
7.2919300977923195983265713948640041053295e-01
7.5492791293618799475240166430012322962284e-01
7.8972830270585347989253932610154151916504e-01
7.0579976962295953857307040379964746534824e-01
3.4588493575305678806586229256936348974705e-01
7.1554589000274759769126831088215112686157e-01
9.3460018627885677044986323380726389586926e-01
8.2514043255959812483979476382955908775330e-01
7.6935692325328397522810064401710405945778e-01
9.3519874874245045859311176172923296689987e-01
8.5077686196522894768179412494646385312080e-01
7.8351696742043752674788947842898778617382e-01
4.0522897804026070112115576193900778889656e-01
7.9487778334965308868476085990550927817822e-01
7.5010213098651468133226671852753497660160e-01
6.3343904302367326497602562085376121103764e-01
8.0295135460023148166186501839547418057919e-01
7.4769925961778294087878293794346973299980e-01
9.0048033607825550550529669635579921305180e-01
6.9114602454449280966031210482469759881496e-01
8.5515910785309223740568995708599686622620e-01
0.0000000000000000000000000000000000000000e+00
8.9161479791237896463940160174388438463211e-01
9.1991270542136105436981097227544523775578e-01
8.9278927527044182888005252607399597764015e-01
9.5143036147324744344899727366282604634762e-01
7.1429612291447397431909394072135910391808e-01
8.1567351554325651097343552464735694229603e-01
8.8729551884659374483277360923239029943943e-01
9.3657149459086075360403356171445921063423e-01
9.5671980670663225865268941561225801706314e-01
5.7158402799058882770566469844197854399681e-01
7.8975115831048348091769639722770079970360e-01
7.7754525559814013924153641710290685296059e-01
8.0351189422538638051918269411544315516949e-01
8.8843840717492295055990325636230409145355e-01
6.1093798590660330916080056340433657169342e-01
9.3704574061100620596675980777945369482040e-01
9.3425626557502361446694294500048272311687e-01
9.0157556608635325279266226061736233532429e-01
9.0048033607824784496642678277567028999329e-01
7.0285571277099689879719335294794291257858e-01
4.1366177405917525788936472963541746139526e-01
7.8975115831048847692130721043213270604610e-01
6.7239213550020526799499975822982378304005e-01
6.8861531607188097847682684005121700465679e-01
8.4356219156103029455096020683413371443748e-01
6.9240862892705190567710360483033582568169e-01
6.9063896851661266129696059579146094620228e-01
7.1188827852257396955337753752246499061584e-01
8.3802166470097871897593222456634975969791e-01
7.5934441557447229786959042030503042042255e-01
8.9161479791238329450919763985439203679562e-01
8.6686719021459002210150401879218406975269e-01
4.7074691737400387037126847644685767591000e-01
7.1627269825396844282749952981248497962952e-01
1.0000000000000000000000000000000000000000e+00
8.2303303343552647319825155136641114950180e-01
1.0000000000000000000000000000000000000000e+00
8.3932546911370764508575348372687585651875e-01
8.8361240465543622324418038260773755609989e-01
1.0000000000000000000000000000000000000000e+00
9.9363999495743360323984916249173693358898e-01
6.1706919205316168586250569205731153488159e-01
7.1766729864194200860794126128894276916981e-01
7.0762830840300572354806263319915160536766e-01
7.9869221425547831660907149853301234543324e-01
6.1706919205316168586250569205731153488159e-01
8.6007426422487243122816380491713061928749e-01
7.8613534518526184680098367607570253312588e-01
9.0444134536720288686240110109793022274971e-01
9.0444134536720288686240110109793022274971e-01
7.3072148219809540670155456609791144728661e-01
6.7133696318011393255886787301278673112392e-01
8.9066064626327401398953043099027127027512e-01
8.6566648321809980259899930388201028108597e-01
6.4253728114111507974115511387935839593410e-01
6.7031592479754609215092386875767260789871e-01
6.4253728114111507974115511387935839593410e-01
8.3117888403544415432122605125186964869499e-01
8.0796811205104968056645020624273456633091e-01
3.8189896779156941308830397474594064988196e-02
7.3640541060509623338958817839738912880421e-01
8.2830649729324101748773045983398333191872e-01
7.8226443661803535256638042483245953917503e-01
8.4707677695558991626256784002180211246014e-01
7.8602132120820178418085788507596589624882e-01
7.5427123088711278686702144113951362669468e-01
7.5728172710063346162456809906871058046818e-01
7.0310792089883289435192637029103934764862e-01
6.8599487451061014198216980730649083852768e-01
8.3948099884201643483550014934735372662544e-01
8.4363188988211301744257752943667583167553e-01
7.7943086389181170936524267744971439242363e-01
8.0297803576045034823494006559485569596291e-01
9.4655377095234127793332845612894743680954e-01
2.4641296768773937597707401891966583207250e-01
7.1627269825396944202822169245337136089802e-01
9.1605293985425906289066233512130565941334e-01
7.6717360608258411414084321222617290914059e-01
7.9543726332862962902225945072132162749767e-01
8.2678561636299519044257522182306274771690e-01
7.1828758572919504388210043543949723243713e-01
7.5834885196468693191462762115406803786755e-01
7.6928629118731017832999441452557221055031e-01
9.5124438415520407019698723161127418279648e-01
9.4947406291594937943756349341128952801228e-01
9.2515650121632164726293012790847569704056e-01
7.9122289761020292431226152984891086816788e-01
7.9543726332862962902225945072132162749767e-01
9.5106778537065905787528663495322689414024e-01
7.7820077329024617274200181782362051308155e-01
6.1483958925382231619494177721207961440086e-01
7.9351634228187895025996567710535600781441e-01
8.3642484095871438842806355751235969364643e-01
7.1931170625674789587122859302326105535030e-01
8.7934889557578732599552040483104065060616e-01
7.9284925753432933248632252798415720462799e-01
7.8903772829881646533323191761155612766743e-01
8.0378936521071875365151981895905919373035e-01
8.4752090545642522201319479790981858968735e-01
7.4687534065749416889445910783251747488976e-01
7.5609955931198102874191135924775153398514e-01
7.8903772829881646533323191761155612766743e-01
7.6913038744005135516346172153134830296040e-01
7.0762830840300172674517398263560608029366e-01
8.3405692171297629577964016789337620139122e-01
7.9437013846457615873219992863596417009830e-01
7.2385059348421831870723508473020046949387e-01
5.0541767198481579725921619683504104614258e-01
7.8724797687157732628548956199665553867817e-01
9.0844726419234644865241534716915339231491e-01
9.2466835141340975035006977122975513339043e-01
9.0878008090306794386492583726067095994949e-01
7.6805922246549163112661062768893316388130e-01
9.0126340943714589037938367255264893174171e-01
7.1676915517563233315456727723358199000359e-01
8.4295477584783862212702842953149229288101e-01
5.4876578102812167969659640220925211906433e-01
8.2919897036876888396506046774447895586491e-01
6.0822668205010832487289462733315303921700e-01
8.7295504193142681170769492382532916963100e-01
7.5500331744747029016906481047044508159161e-01
5.9908805619182992074911453528329730033875e-01
8.8028237402645714837490231730043888092041e-01
8.0252980943755292120300737224170006811619e-01
9.1112541452818840426175484026316553354263e-01
0.0000000000000000000000000000000000000000e+00
7.9543726332862962902225945072132162749767e-01
6.8853215263390388223285754065727815032005e-01
7.5323538963399583323621300223749130964279e-01
7.9543726332862962902225945072132162749767e-01
8.5953153598758147424518938350956887006760e-01
7.2454704098199151918180405118619091808796e-01
7.7458645835729134088154523851699195802212e-01
1.0000000000000000000000000000000000000000e+00
7.5010213098651545848838395613711327314377e-01
8.7972751177117314291820093785645440220833e-01
7.3632317266992364235278500927961431443691e-01
8.3736127881548405582634586608037352561951e-01
7.0788403099189234346511057083262130618095e-01
7.1972668414125129388025925436522811651230e-01
8.8887319607692749645622143361833877861500e-01
7.1595485224117738631832708051661029458046e-01
7.1516039868853575889318108238512650132179e-01
7.5323538963398750656352831356343813240528e-01
4.0905002984751881456304545281454920768738e-01
7.1443507647693138551403535529971122741699e-01
9.5707441227527290106280588588560931384563e-01
8.0548343298670710410647188837174326181412e-01
1.0000000000000000000000000000000000000000e+00
5.8292117151522049312006856780499219894409e-01
7.7473252297926187281973398057743906974792e-01
8.4798886841812537440432606672402471303940e-01
8.7887087016585829779558025620644912123680e-01
7.9051694488908608171584546653321012854576e-01
6.8058265505266768435888025123858824372292e-01
6.3279185001928861531439451937330886721611e-01
8.9073622032987154195637913289829157292843e-01
7.6101457664919913703727161191636696457863e-01
6.5222293316309210009507069116807542741299e-01
8.7710428362059644769033184275031089782715e-01
9.1448057060675891349887933756690472364426e-01
7.0571610312059318559363418899010866880417e-01
6.6234719893753579711415113706607371568680e-01
7.7458645835729134088154523851699195802212e-01
4.5219517184555985123139976167294662445784e-01
4.3085849984288421277156544419995043426752e-01
3.2409430100419173159664865124796051532030e-01
3.7054645341973868610807585355360060930252e-01
3.7759790898181855300919096407596953213215e-01
1.3248421906079621557239534013206139206886e-01
4.1701996366823490536290819363784976303577e-01
3.4588493575305678806586229256936348974705e-01
4.0522897804026070112115576193900778889656e-01
0.0000000000000000000000000000000000000000e+00
5.7158402799058882770566469844197854399681e-01
4.1366177405917525788936472963541746139526e-01
4.7074691737400387037126847644685767591000e-01
6.1706919205316168586250569205731153488159e-01
3.8189896779156941308830397474594064988196e-02
2.4641296768773937597707401891966583207250e-01
6.1483958925382231619494177721207961440086e-01
5.0541767198481579725921619683504104614258e-01
0.0000000000000000000000000000000000000000e+00
4.0905002984751881456304545281454920768738e-01
4.5219517184555985123139976167294662445784e-01
0.0000000000000000000000000000000000000000e+00
4.3085849984288421277156544419995043426752e-01
3.2409430100419173159664865124796051532030e-01
3.7054645341973868610807585355360060930252e-01
3.7759790898181855300919096407596953213215e-01
1.3248421906079621557239534013206139206886e-01
4.1701996366823490536290819363784976303577e-01
3.4588493575305678806586229256936348974705e-01
4.0522897804026070112115576193900778889656e-01
0.0000000000000000000000000000000000000000e+00
5.7158402799058882770566469844197854399681e-01
4.1366177405917525788936472963541746139526e-01
4.7074691737400387037126847644685767591000e-01
6.1706919205316168586250569205731153488159e-01
3.8189896779156941308830397474594064988196e-02
2.4641296768773937597707401891966583207250e-01
6.1483958925382231619494177721207961440086e-01
5.0541767198481579725921619683504104614258e-01
0.0000000000000000000000000000000000000000e+00
4.0905002984751881456304545281454920768738e-01
4.5219517184555985123139976167294662445784e-01
0.0000000000000000000000000000000000000000e+00
0.0000000000000000000000000000000000000000e+00
4.3085849984288421277156544419995043426752e-01
3.2409430100419173159664865124796051532030e-01
3.7054645341973868610807585355360060930252e-01
3.7759790898181855300919096407596953213215e-01
1.3248421906079621557239534013206139206886e-01
4.1701996366823490536290819363784976303577e-01
3.4588493575305678806586229256936348974705e-01
4.0522897804026070112115576193900778889656e-01
0.0000000000000000000000000000000000000000e+00
5.7158402799058882770566469844197854399681e-01
4.1366177405917525788936472963541746139526e-01
4.7074691737400387037126847644685767591000e-01
6.1706919205316168586250569205731153488159e-01
3.8189896779156941308830397474594064988196e-02
2.4641296768773937597707401891966583207250e-01
6.1483958925382231619494177721207961440086e-01
5.0541767198481579725921619683504104614258e-01
0.0000000000000000000000000000000000000000e+00
4.0905002984751881456304545281454920768738e-01
4.5219517184555985123139976167294662445784e-01
0.0000000000000000000000000000000000000000e+00
0.0000000000000000000000000000000000000000e+00
0.0000000000000000000000000000000000000000e+00
7.2613012896855650524230441078543663024902e+01
1.5844362333201427173179354213061742484570e+00
