1
0
23
6.7255063199543152485659902595216408371925e-01
3.7266525767403069213656863212236203253269e-01
3.7833341168802558929229462592047639191151e-01
5.7920898325040948151354314177297055721283e-01
1.7986619099312636804732790096750250086188e-01
6.0259082550701659197756043795379810035229e-01
7.2318124986665044406919378161546774208546e-01
3.5191721874526221691681371339655015617609e-01
9.8507112603606550305102018683101050555706e-01
8.0755725933599808996632418711669743061066e-01
7.6255859075175991268480402140994556248188e-01
3.5826508683848712344399700668873265385628e-01
8.5326062795170198871375077942502684891224e-01
4.2424520866822368336812587585882283747196e-01
8.9959948783592247334439662154181860387325e-01
6.9253774871259676793044945952715352177620e-01
2.0739671733356668248404730547918006777763e-02
1.0000000000000000000000000000000000000000e+00
6.4184952334286982100763907510554417967796e-01
1.0000000000000000000000000000000000000000e+00
7.1435756879457268375688272499246522784233e-01
4.1389822724178365609404295355489011853933e-01
4.1389822724178365609404295355489011853933e-01
4.7651955755077485266113512807351071387529e-01
6.4184952334287015407454646265250630676746e-01
5.3700243755258580957701042279950343072414e-01
8.0940765192873465050382719709887169301510e-01
4.3184577544172109142550652904901653528214e-01
6.9960335854649791098580635662074200809002e-01
2.8254276572535075295888873370131477713585e-01
5.3890039615692209018504854611819609999657e-01
9.8818528715894371483585700843832455575466e-01
6.4557436100744047813293491344666108489037e-01
6.7283682762568053359331088358885608613491e-01
6.9093380860827324774220414838055148720741e-01
8.9720807743093111685794838194851763546467e-01
6.7353694145590192743355828497442416846752e-01
3.2519587093409763056683914328459650278091e-01
7.1594450245753915584856486020726151764393e-01
8.8030649041105657470751566506805829703808e-01
5.2400646549633245196986308656050823628902e-01
7.7540817561950803327164294387330301105976e-01
6.0220491969905443063737493503140285611153e-01
8.6793788184292830489852121900185011327267e-01
5.3864076417339723512611726619070395827293e-01
8.9089281163707478850000143211218528449535e-01
0.0000000000000000000000000000000000000000e+00
7.5495908915653131554535093528102152049541e-01
8.9685097402264590815690326053299941122532e-01
8.8726085550771471854858418737421743571758e-01
1.0000000000000000000000000000000000000000e+00
5.9684683959853179757715224695857614278793e-01
6.0344827408077827968213568965438753366470e-01
7.3778888181546442570635235824738629162312e-01
7.5217635837149665611889304273063316941261e-01
9.1503490001990606117487914161756634712219e-01
4.9534366605821789075747574315755628049374e-01
6.6230022035809055225286101631354540586472e-01
5.9682786294851275510353616482461802661419e-01
5.9178713018849282700983849281328730285168e-01
7.3739577023163282998297063386416994035244e-01
3.8149461084072078254081361592398025095463e-01
8.9298805519269353059286231655278243124485e-01
8.1684937767804954855677124214707873761654e-01
7.3018011748657574155885185973602347075939e-01
8.6793788184292974818845323170535266399384e-01
5.6976836601445535190890723242773674428463e-01
2.4735148148434737969125762901967391371727e-01
6.6230022035808799873990437845350243151188e-01
6.8323914730595680655511614531860686838627e-01
5.8007178891967692280218216183129698038101e-01
7.9616873041768143615115604916354641318321e-01
3.1461870567022265365864086561487056314945e-01
7.8104425789820286496478729532100260257721e-01
6.0004805602054744895212934352457523345947e-01
6.7692477634570402678093614667886868119240e-01
9.7889316285499927694502275699051097035408e-01
8.6362548480006540163600448067882098257542e-01
8.0969512058316561731174942906363867223263e-01
3.1292939221557181106447842466877773404121e-01
6.4806985212042633737183905395795591175556e-01
1.0000000000000000000000000000000000000000e+00
7.5001202138073708169940800871700048446655e-01
1.0000000000000000000000000000000000000000e+00
1.0000000000000000000000000000000000000000e+00
8.9514952591372487500365195955964736640453e-01
1.0000000000000000000000000000000000000000e+00
1.0000000000000000000000000000000000000000e+00
7.6728467716017079158774549796362407505512e-01
7.4738746129099697945719071867642924189568e-01
6.8600208652994731917118542696698568761349e-01
5.9355578167039513282077223266242071986198e-01
3.9797071124193306168592698668362572789192e-01
7.5113286387839006685851472866488620638847e-01
6.4286426722606926364989021749352104961872e-01
1.0000000000000000000000000000000000000000e+00
1.0000000000000000000000000000000000000000e+00
4.5360746113157779380031797700212337076664e-01
4.4646163475255701280630660221504513174295e-01
8.1910576765918496899843148639774881303310e-01
5.9039241703744305134193837147904559969902e-01
5.2827296194826944830680304221459664404392e-01
5.4484965142404295779243739161756820976734e-01
5.9178713018849282700983849281328730285168e-01
6.3881959681520994465131479955743998289108e-01
6.0564569321549466263121530573698692023754e-01
0.0000000000000000000000000000000000000000e+00
5.7880141296967757558178391263936646282673e-01
6.1999267988246109517547210998600348830223e-01
6.1999267988246420379994106042431667447090e-01
6.4989625633628489431714569946052506566048e-01
6.7150335241981906619912479072809219360352e-01
6.8260205596321243959323510352987796068192e-01
6.7642922590481491251779289086698554456234e-01
4.9907048412835791628694437349622603505850e-01
4.2942559336293978367038448595849331468344e-01
6.7642922590481491251779289086698554456234e-01
5.8275273381931425031865501296124421060085e-01
7.3667103526378630018456306061125360429287e-01
5.2461883642593376553264761241734959185123e-01
8.6873756310699312699341589905088767409325e-01
7.4186742543836614593999456701567396521568e-02
6.2316940874502202429852104614838026463985e-01
8.4898628696006894767123185374657623469830e-01
6.9826495861857584834808676532702520489693e-01
7.9165448018018214071389593300409615039825e-01
6.8274067104688973550707942195003852248192e-01
6.5827123736708625933999883272917941212654e-01
7.2299636757128693531626595358829945325851e-01
8.0969512058315940006281152818701229989529e-01
1.0000000000000000000000000000000000000000e+00
9.6979092242958830905052991511183790862560e-01
8.0969512058316162050886077850009314715862e-01
6.6606314106942432484714800011715851724148e-01
6.0564569321549466263121530573698692023754e-01
9.1306567629059987023509847858804278075695e-01
6.8274067104688651586030800899607129395008e-01
6.0564569321549466263121530573698692023754e-01
6.4069312427454550018524059851188212633133e-01
8.6702385527828595979116244052420370280743e-01
4.8984233945748734129210788523778319358826e-01
1.0000000000000000000000000000000000000000e+00
6.6424462274622075863561576625215820968151e-01
6.9797631320158681766940844681812450289726e-01
7.3313207650047085284228387536131776869297e-01
8.2271131759097748670228611445054411888123e-01
6.9304340550229392992065413636737503111362e-01
6.7245486696797618364485060737933963537216e-01
5.4861797433706749327342322430922649800777e-01
6.5143103571028027065636933912173844873905e-01
6.3478335574552524622760074635152705013752e-01
8.1910576765918452490922163633513264358044e-01
6.0149663158179211830400845428812317550182e-01
7.2299636757128693531626595358829945325851e-01
4.1812719151008143070313849420926999300718e-01
7.4836702134040633538347719877492636442184e-01
1.0000000000000000000000000000000000000000e+00
9.5227439411949865721851438138401135802269e-01
9.0531579901626924034019339160295203328133e-01
6.7150335241981806699840262808720581233501e-01
1.0000000000000000000000000000000000000000e+00
7.3352182576235780420148557823267765343189e-01
1.0000000000000000000000000000000000000000e+00
6.7255063199543618779330245160963386297226e-01
6.4158283994386744453208848426584154367447e-01
4.1068502869774292651783298424561507999897e-01
6.3849529908157065527518625458469614386559e-01
6.2007688209776035126452597978641279041767e-01
4.2363354635406280657150546176126226782799e-01
5.1548544105890270472514202992897480726242e-01
1.0000000000000000000000000000000000000000e+00
7.3117139603428960015207849210128188133240e-01
0.0000000000000000000000000000000000000000e+00
5.8557087020614762007397757770377211272717e-01
5.2376984612161647802963670983444899320602e-01
5.7160502113054822981297320438898168504238e-01
6.6002558743110806283027613972080871462822e-01
4.8303145099882449642336723627522587776184e-01
7.0879718694366411479990119914873503148556e-01
6.4974124854981496479666702725808136165142e-01
7.3296577043121635686162562706158496439457e-01
7.6347237167957449077704268347588367760181e-01
6.8987718680395304637897879729280248284340e-01
5.6333062401242406380674765387084335088730e-01
7.5622450508205862895749760355101898312569e-01
5.3532837059401061630126150703290477395058e-01
6.4974124854981496479666702725808136165142e-01
7.6645126343676983626806986649171449244022e-01
6.0564569321549466263121530573698692023754e-01
6.3724171326723866304320154085871763527393e-01
6.2848349790805058123766002609045244753361e-01
4.6723195240106063508278566587250679731369e-01
5.3890039615692109098432638347730971872807e-01
8.8405144984883410330667175003327429294586e-01
6.0478388290530915583076421171426773071289e-01
1.0000000000000000000000000000000000000000e+00
4.1304910710812381413603588953264988958836e-01
6.3455961783954661914464168148697353899479e-01
7.2795327750439764447065726926666684448719e-01
6.7713740182475512519033600256079807877541e-01
6.5746249586727201208447013414115644991398e-01
5.9081018801653606420387632169877178966999e-01
4.6993260884260668053258314103004522621632e-01
1.0000000000000000000000000000000000000000e+00
6.7686332832702345019271206183475442230701e-01
5.1172714557487308795202807232271879911423e-01
8.6689709708631657036903561674989759922028e-01
8.5000733901033409534164775323006324470043e-01
4.9902181836589676322546438314020633697510e-01
4.1071628629796741449808905599638819694519e-01
7.0860929710943865167394051240989938378334e-01
2.7763866771646222852965024685545358806849e-01
3.7833341168802558929229462592047639191151e-01
1.7986619099312636804732790096750250086188e-01
3.5191721874526221691681371339655015617609e-01
3.5826508683848712344399700668873265385628e-01
2.0739671733356668248404730547918006777763e-02
4.1389822724178365609404295355489011853933e-01
2.8254276572535075295888873370131477713585e-01
3.2519587093409763056683914328459650278091e-01
0.0000000000000000000000000000000000000000e+00
4.9534366605821789075747574315755628049374e-01
2.4735148148434737969125762901967391371727e-01
3.1292939221557181106447842466877773404121e-01
3.9797071124193306168592698668362572789192e-01
0.0000000000000000000000000000000000000000e+00
7.4186742543836614593999456701567396521568e-02
6.0564569321549466263121530573698692023754e-01
4.1812719151008143070313849420926999300718e-01
0.0000000000000000000000000000000000000000e+00
4.6723195240106063508278566587250679731369e-01
2.7763866771646222852965024685545358806849e-01
0.0000000000000000000000000000000000000000e+00
3.7833341168802558929229462592047639191151e-01
1.7986619099312636804732790096750250086188e-01
3.5191721874526221691681371339655015617609e-01
3.5826508683848712344399700668873265385628e-01
2.0739671733356668248404730547918006777763e-02
4.1389822724178365609404295355489011853933e-01
2.8254276572535075295888873370131477713585e-01
3.2519587093409763056683914328459650278091e-01
0.0000000000000000000000000000000000000000e+00
4.9534366605821789075747574315755628049374e-01
2.4735148148434737969125762901967391371727e-01
3.1292939221557181106447842466877773404121e-01
3.9797071124193306168592698668362572789192e-01
0.0000000000000000000000000000000000000000e+00
7.4186742543836614593999456701567396521568e-02
6.0564569321549466263121530573698692023754e-01
4.1812719151008143070313849420926999300718e-01
0.0000000000000000000000000000000000000000e+00
4.6723195240106063508278566587250679731369e-01
2.7763866771646222852965024685545358806849e-01
0.0000000000000000000000000000000000000000e+00
0.0000000000000000000000000000000000000000e+00
3.7833341168802558929229462592047639191151e-01
1.7986619099312636804732790096750250086188e-01
3.5191721874526221691681371339655015617609e-01
3.5826508683848712344399700668873265385628e-01
2.0739671733356668248404730547918006777763e-02
4.1389822724178365609404295355489011853933e-01
2.8254276572535075295888873370131477713585e-01
3.2519587093409763056683914328459650278091e-01
0.0000000000000000000000000000000000000000e+00
4.9534366605821789075747574315755628049374e-01
2.4735148148434737969125762901967391371727e-01
3.1292939221557181106447842466877773404121e-01
3.9797071124193306168592698668362572789192e-01
0.0000000000000000000000000000000000000000e+00
7.4186742543836614593999456701567396521568e-02
6.0564569321549466263121530573698692023754e-01
4.1812719151008143070313849420926999300718e-01
0.0000000000000000000000000000000000000000e+00
4.6723195240106063508278566587250679731369e-01
2.7763866771646222852965024685545358806849e-01
0.0000000000000000000000000000000000000000e+00
0.0000000000000000000000000000000000000000e+00
0.0000000000000000000000000000000000000000e+00
7.5244551663765633975344826467335224151611e+01
7.4293361420128933847450980465509928762913e-01
