1
0
23
7.2936374313225471599508864528615958988667e-01
3.4903460118062901162971911617205478250980e-01
3.0189468388491219608127380524820182472467e-01
8.9181234804331288579248848691349849104881e-01
0.0000000000000000000000000000000000000000e+00
7.6697601939651360858363204897614195942879e-01
7.9988436817014085811194945563329383730888e-01
4.3829771671401451804683802038198336958885e-01
6.2338300447799455117348088606377132236958e-01
9.0640851641854913722795572539325803518295e-01
7.4791285174161059590147715425700880587101e-01
4.1812796056433332303470251645194366574287e-01
3.1238109359258570130180032720090821385384e-01
7.1251098268828061410573582179495133459568e-01
6.0398902328912495995894005318405106663704e-01
1.0000000000000000000000000000000000000000e+00
0.0000000000000000000000000000000000000000e+00
1.0000000000000000000000000000000000000000e+00
8.3829952291142351139541233351337723433971e-01
8.8554523493856251992184525079210288822651e-01
9.6452463274131239323594400048023089766502e-01
9.2281493981576256935284163773758336901665e-01
5.2774844260493569692016535555012524127960e-01
7.4904034063796776088395290571497753262520e-01
7.5483230919283350601745041785761713981628e-01
6.4051603493928965793458019106765277683735e-01
6.4766200697194764579478487576125189661980e-01
9.3175684885222020970019229935132898390293e-01
5.2774844260493569692016535555012524127960e-01
4.9586711435195457431390764213574584573507e-01
4.9288103758653734054462347558001056313515e-01
9.8541492325052137957186459971126168966293e-01
7.5544416902965416671378307000850327312946e-01
6.5197239312794674770401570640387944877148e-01
4.3036841696447680760684306733310222625732e-01
8.1070122293441138072722651486401446163654e-01
8.7624811820942560824931888419087044894695e-01
2.5340411024720765897910723651875741779804e-01
8.9181234804331288579248848691349849104881e-01
7.9988436817014108015655438066460192203522e-01
9.9857389101858318181115237166523002088070e-01
1.0000000000000000000000000000000000000000e+00
7.1319683422183732801613587071187794208527e-01
8.1968525118341795110410430424963124096394e-01
8.7624811820942638540543612180044874548912e-01
4.9978999158279968639817525399848818778992e-01
2.3594044741358241590312161406473023816943e-01
6.6521192023441400031913417478790506720543e-01
7.4319631392342277997897781460778787732124e-01
8.2676134257184163978138258244143798947334e-01
8.6871012871468655802686953393276780843735e-01
7.5892726122632903074105570340179838240147e-01
8.0516435284780796255432733232737518846989e-01
6.3724159033907445959243887045886367559433e-01
8.2665896857839105127396805983153171837330e-01
1.0000000000000000000000000000000000000000e+00
0.0000000000000000000000000000000000000000e+00
6.1298081785949787292366863766801543533802e-01
7.9988436817014108015655438066460192203522e-01
9.3333261649937815374045158023363910615444e-01
9.0699455634588188601696856494527310132980e-01
2.7576861891914911106837848819850478321314e-01
9.4880985852196830787619319380610249936581e-01
8.0829053304061415641257326569757424294949e-01
9.6500893102220663966051006354973651468754e-01
8.1968525118341795110410430424963124096394e-01
2.7422591290188191859300559372059069573879e-01
2.1465358516721030901486244601983344182372e-01
7.9582128502107007950172601340455003082752e-01
7.2936374313225471599508864528615958988667e-01
6.5007357061561932276561037724604830145836e-01
6.5007357061561932276561037724604830145836e-01
7.6532584031173267469227994297398254275322e-01
8.9363958440406376926290477058500982820988e-01
6.5007357061561932276561037724604830145836e-01
7.5975455518565326862301390065113082528114e-01
7.0356155668806341640930668290820904076099e-01
7.0136739816700333083332452588365413248539e-01
1.0000000000000000000000000000000000000000e+00
6.5007357061561932276561037724604830145836e-01
7.6720688172032369678277063940186053514481e-01
1.0000000000000000000000000000000000000000e+00
9.3537967781305975112360329148941673338413e-01
1.0000000000000000000000000000000000000000e+00
1.0000000000000000000000000000000000000000e+00
6.1769644054370631547357106683193705976009e-01
8.8185180226433090844295747956493869423866e-01
7.7262430670827564327396430599037557840347e-01
1.0000000000000000000000000000000000000000e+00
4.7743765697411810755568239983404055237770e-01
2.1465358516720728365712034246826078742743e-01
6.5007357061561932276561037724604830145836e-01
0.0000000000000000000000000000000000000000e+00
6.4383966563279593220414653842453844845295e-01
8.7796188800161922838327654972090385854244e-01
4.6409853973360154499872010092076379805803e-01
6.0803229648622858505291333131026476621628e-01
2.0143093380795695779283960291650146245956e-01
5.2774844260493569692016535555012524127960e-01
5.4866041956511513166816484954324550926685e-01
7.7428861841810170396627199806971475481987e-01
6.4295951016495644925186070395284332334995e-01
3.7887851544825162930507644887256901711226e-01
3.1857791828610204643013048553257249295712e-01
8.4483854261307933519731250271433964371681e-01
3.1092461824826178595770898027694784104824e-01
0.0000000000000000000000000000000000000000e+00
6.4383966563279593220414653842453844845295e-01
9.0945753575307664018367859171121381223202e-01
5.5946323770035688571766741006285883486271e-01
7.8589543667964634199307738526840694248676e-01
1.0000000000000000000000000000000000000000e+00
1.0000000000000000000000000000000000000000e+00
6.3854932774393846628413484722841531038284e-01
5.3476433361863906501554311034851707518101e-01
7.2312010418685268575700320070609450340271e-01
4.8830522485870370141824992060719523578882e-01
8.4594791464502883115983422612771391868591e-01
7.2936374313225471599508864528615958988667e-01
7.2817571521868440509450692843529395759106e-01
6.2488451379558185294627037364989519119263e-01
1.3773804904100625523533096838946221396327e-01
6.2476227417442653511159278423292562365532e-01
9.5785688010090774824334403092507272958755e-01
7.4672328655426056798205536324530839920044e-01
6.9805694045444111051068603046587668359280e-01
4.8407281724782008636154273517604451626539e-01
9.2281493981575302143482986139133572578430e-01
6.7707759963851643636445487572927959263325e-01
8.0428537720997439475212331672082655131817e-01
6.6372817646033532845706304215127602219582e-01
9.4258245952230057529419582351692952215672e-01
7.5791011924192197568572737509384751319885e-01
6.7707759963851643636445487572927959263325e-01
5.4476280767491935819180071121081709861755e-01
7.1120996274017167504410963374539278447628e-01
6.1104863728949920798072525940369814634323e-01
4.8407281724782008636154273517604451626539e-01
5.7971497570484409322943974984809756278992e-01
7.2873308062020480946330280858092010021210e-01
6.7707759963851643636445487572927959263325e-01
6.4766200697194764579478487576125189661980e-01
6.0398902328912518200354497821535915136337e-01
7.9629283512019732871323185463552363216877e-01
6.2668266615601708746652320769499056041241e-01
7.7608714732211037112818985406192950904369e-01
8.0988143168261550464137599192326888442039e-01
6.0102884026638747627657721750438213348389e-01
6.5815867562051144634693855550722219049931e-01
6.5007357061561932276561037724604830145836e-01
5.2582358469081391660893132211640477180481e-01
6.9536034150604164594255962583702057600021e-01
8.5053338970062131174643127451417967677116e-01
6.7707759963851643636445487572927959263325e-01
4.7057533353260161401721006768639199435711e-01
8.7880968990791263895090423829969950020313e-01
1.0000000000000000000000000000000000000000e+00
1.0000000000000000000000000000000000000000e+00
4.8979684061067141342959985195193439722061e-01
1.0000000000000000000000000000000000000000e+00
1.0000000000000000000000000000000000000000e+00
4.9734074506136721760540808645600918680429e-01
1.0000000000000000000000000000000000000000e+00
7.9260911402072176112909573930664919316769e-01
1.0000000000000000000000000000000000000000e+00
6.0832445939522505895524773222859948873520e-01
8.5673295885103795122006431483896449208260e-01
3.1499110920876405295132371975341811776161e-01
1.5414825360870365589249786353320814669132e-01
1.0000000000000000000000000000000000000000e+00
8.3782444748272466572558414554805494844913e-01
4.9067387242727800167330087788286618888378e-01
0.0000000000000000000000000000000000000000e+00
7.6120679903130172849756718278513289988041e-01
6.0152950503689472938617655017878860235214e-01
7.3467735010439016996031114103971049189568e-01
8.7468228474059983579280697085778228938580e-01
7.4593787431687141875613633601460605859756e-01
5.2774844260493569692016535555012524127960e-01
5.7655278347688820872463111300021409988403e-01
3.6152128770055647066783421905711293220520e-01
8.0194068576045818286246458228561095893383e-01
6.4190698205054608216357792116468772292137e-01
7.3265622328725987788544671275303699076176e-01
1.0000000000000000000000000000000000000000e+00
4.9782007978080267118770052547915838658810e-01
4.4019057300039687863346671292674727737904e-01
6.4172616998935405607795701143913902342319e-01
7.3467735010439016996031114103971049189568e-01
7.7084262299991790357012177992146462202072e-01
1.5073215848457605092747257913288194686174e-01
1.5073215848457605092747257913288194686174e-01
5.3281546362099663216582712266244925558567e-01
5.0245057460116604453048694267636165022850e-01
1.0000000000000000000000000000000000000000e+00
1.0000000000000000000000000000000000000000e+00
2.5897539537329050673974961682688444852829e-01
7.1814619765806830820054074138170108199120e-01
6.0004171246096116298929246113402768969536e-01
9.1076037681565336079358985443832352757454e-01
5.2099849778512241638139812494046054780483e-01
2.7431494831456021410431844742561224848032e-01
5.2720621876978401854074718357878737151623e-01
6.5007357061561932276561037724604830145836e-01
5.7516850409405329003220685990527272224426e-01
4.6263801359806278057362760591786354780197e-01
7.3728942924757945309721662852098233997822e-01
6.3524868388209698721880158700514584779739e-01
4.7057533353260161401721006768639199435711e-01
9.1385481670919599395119803375564515590668e-01
6.5515011477115614457744641185854561626911e-01
2.5897539537329050673974961682688444852829e-01
3.0189468388491219608127380524820182472467e-01
0.0000000000000000000000000000000000000000e+00
4.3829771671401451804683802038198336958885e-01
4.1812796056433332303470251645194366574287e-01
0.0000000000000000000000000000000000000000e+00
5.2774844260493569692016535555012524127960e-01
4.9586711435195457431390764213574584573507e-01
2.5340411024720765897910723651875741779804e-01
2.3594044741358241590312161406473023816943e-01
0.0000000000000000000000000000000000000000e+00
2.1465358516721030901486244601983344182372e-01
6.5007357061561932276561037724604830145836e-01
0.0000000000000000000000000000000000000000e+00
0.0000000000000000000000000000000000000000e+00
1.3773804904100625523533096838946221396327e-01
4.8407281724782008636154273517604451626539e-01
4.7057533353260161401721006768639199435711e-01
0.0000000000000000000000000000000000000000e+00
1.5073215848457605092747257913288194686174e-01
2.5897539537329050673974961682688444852829e-01
0.0000000000000000000000000000000000000000e+00
3.0189468388491219608127380524820182472467e-01
0.0000000000000000000000000000000000000000e+00
4.3829771671401451804683802038198336958885e-01
4.1812796056433332303470251645194366574287e-01
0.0000000000000000000000000000000000000000e+00
5.2774844260493569692016535555012524127960e-01
4.9586711435195457431390764213574584573507e-01
2.5340411024720765897910723651875741779804e-01
2.3594044741358241590312161406473023816943e-01
0.0000000000000000000000000000000000000000e+00
2.1465358516721030901486244601983344182372e-01
6.5007357061561932276561037724604830145836e-01
0.0000000000000000000000000000000000000000e+00
0.0000000000000000000000000000000000000000e+00
1.3773804904100625523533096838946221396327e-01
4.8407281724782008636154273517604451626539e-01
4.7057533353260161401721006768639199435711e-01
0.0000000000000000000000000000000000000000e+00
1.5073215848457605092747257913288194686174e-01
2.5897539537329050673974961682688444852829e-01
0.0000000000000000000000000000000000000000e+00
0.0000000000000000000000000000000000000000e+00
3.0189468388491219608127380524820182472467e-01
0.0000000000000000000000000000000000000000e+00
4.3829771671401451804683802038198336958885e-01
4.1812796056433332303470251645194366574287e-01
0.0000000000000000000000000000000000000000e+00
5.2774844260493569692016535555012524127960e-01
4.9586711435195457431390764213574584573507e-01
2.5340411024720765897910723651875741779804e-01
2.3594044741358241590312161406473023816943e-01
0.0000000000000000000000000000000000000000e+00
2.1465358516721030901486244601983344182372e-01
6.5007357061561932276561037724604830145836e-01
0.0000000000000000000000000000000000000000e+00
0.0000000000000000000000000000000000000000e+00
1.3773804904100625523533096838946221396327e-01
4.8407281724782008636154273517604451626539e-01
4.7057533353260161401721006768639199435711e-01
0.0000000000000000000000000000000000000000e+00
1.5073215848457605092747257913288194686174e-01
2.5897539537329050673974961682688444852829e-01
0.0000000000000000000000000000000000000000e+00
0.0000000000000000000000000000000000000000e+00
0.0000000000000000000000000000000000000000e+00
8.6964164413946022591517248656600713729858e+01
4.5828277411574108723968379308644216507673e-01
