1
0
23
7.3320114691692694908198291159351356327534e-01
3.4506136236985812670852169503632467240095e-01
2.4492465178176447970770368556259199976921e-01
8.2639100122723763153231857359060086309910e-01
0.0000000000000000000000000000000000000000e+00
7.7257443986759821719090268743457272648811e-01
7.6287460650441907272778507831390015780926e-01
4.6810616460251175396933831507340073585510e-01
6.1832071478963634980630104109877720475197e-01
9.2024594562643224904263661301229149103165e-01
7.6801507835745463914634001412196084856987e-01
4.5472135846841044148902710730908438563347e-01
3.0187628393543963767342575010843575000763e-01
6.6771967303132417903555051452713087201118e-01
5.9271177516937656459816707865684293210506e-01
9.3766330068999681479624541680095717310905e-01
0.0000000000000000000000000000000000000000e+00
1.0000000000000000000000000000000000000000e+00
8.2466612944287076558680382731836289167404e-01
8.0974461983773915463302728312555700540543e-01
9.0295033050425155263241094871773384511471e-01
8.5230445331245396900499144976492971181870e-01
3.9140551038610588152621971858025062829256e-01
7.1951552229231308110968257096828892827034e-01
7.8033200621970089105872148138587363064289e-01
5.8450193327073096671853136285790242254734e-01
6.5983786844926117787224484345642849802971e-01
9.2321873106299479072589520001201890408993e-01
5.0672780245569370993763413935084827244282e-01
5.0403162553586855487708362488774582743645e-01
4.4712791451125560859836127747257705777884e-01
9.5597652585199233143953279068227857351303e-01
7.2681370912436182862847999786026775836945e-01
6.1791484185428846576115802236017771065235e-01
3.9929576465136362717345264172763563692570e-01
6.8632901055357731223693917854689061641693e-01
8.3411452311358014188868992278003133833408e-01
2.1976401542458745552721666172146797180176e-01
8.9580492492868557530272255462477914988995e-01
7.2719749949180201298304382362402975559235e-01
1.0000000000000000000000000000000000000000e+00
1.0000000000000000000000000000000000000000e+00
5.4323749951918154366126145760063081979752e-01
8.0614668242283205046305738505907356739044e-01
9.8452394079095351120400891886674799025059e-01
4.9024220578063837372440048056887462735176e-01
2.4094661658481886234994817641563713550568e-01
6.6507877351593092107862048578681424260139e-01
7.4939423045260800115840993385063484311104e-01
7.7424601943618864829943504446418955922127e-01
8.8994755177343209950890923209954053163528e-01
8.2762888226107189648672601833823136985302e-01
6.8397461272947679411515764513751491904259e-01
5.9775396919091816627656044147443026304245e-01
7.9429183074108578033190042333444580435753e-01
1.0000000000000000000000000000000000000000e+00
0.0000000000000000000000000000000000000000e+00
5.7915520693709998667486615886446088552475e-01
8.1432475971739926023929001530632376670837e-01
9.2075575712060331312613925547339022159576e-01
8.5064585300723294380986772011965513229370e-01
2.6097524364732560542279315995983779430389e-01
8.8749490003270614657537862512981519103050e-01
7.8561532242464371389445432214415632188320e-01
9.4596010551577969227565745313768275082111e-01
8.3160373290824929348730165656888857483864e-01
2.4843497444751472258417379634920507669449e-01
1.5975299598629622011003448278643190860748e-01
8.4120532833340555534107352286810055375099e-01
7.3320114691692694908198291159351356327534e-01
6.4002988990899800647582651436096057295799e-01
6.4002988990899800647582651436096057295799e-01
7.0055105981068255260879595880396664142609e-01
9.3074056462799670264018914167536422610283e-01
6.6121815180180121274133853148669004440308e-01
7.4800197101716503489399201498599722981453e-01
6.8931277491599962647939037196920253336430e-01
6.7824206827975019873377959811477921903133e-01
1.0000000000000000000000000000000000000000e+00
6.4002988990899800647582651436096057295799e-01
7.3900556391567118197372110444121062755585e-01
1.0000000000000000000000000000000000000000e+00
9.6769019363944197564819660328794270753860e-01
1.0000000000000000000000000000000000000000e+00
1.0000000000000000000000000000000000000000e+00
5.9517885794613178962464417054434306919575e-01
8.9560359931088984186686730026849545538425e-01
7.7778515218072241665936417120974510908127e-01
1.0000000000000000000000000000000000000000e+00
4.6306624852915900802940996072720736265182e-01
2.3484569507902655627340493538213195279241e-01
6.5650623845202482620209138985956087708473e-01
0.0000000000000000000000000000000000000000e+00
5.7509721625055065796772169051109813153744e-01
8.3929430192865861481976708091679029166698e-01
4.6810616460251175396933831507340073585510e-01
6.0260999536055737113571240115561522543430e-01
2.4871538619178268358922423431067727506161e-01
4.3926354219983032578511483734473586082458e-01
5.3484470810488859982001486059743911027908e-01
7.4823441484706110227165254400460980832577e-01
6.4528219393988495156122553453315049409866e-01
3.0380270732177799830608933007169980555773e-01
2.7146622457056684973863980303576681762934e-01
7.8951767660982952179438143502920866012573e-01
3.1149634312372653788258958229562267661095e-01
0.0000000000000000000000000000000000000000e+00
6.7780002679865480885723627579864114522934e-01
9.5597652585199233143953279068227857351303e-01
5.2994990692788157549131256018881686031818e-01
8.0492047285083612173650635668309405446053e-01
1.0000000000000000000000000000000000000000e+00
1.0000000000000000000000000000000000000000e+00
6.0376468212853751094115750674973241984844e-01
5.2260493069090219186989543231902644038200e-01
7.5608688924694522626168691203929483890533e-01
5.0556802827229052610391590860672295093536e-01
8.9229557494112277105102748464560136198997e-01
7.2822752696992476550974515703273937106133e-01
8.0905008810930190144006246555363759398460e-01
6.3867319769506403215331147293909452855587e-01
1.9383858945909240856231292582378955557942e-01
6.0376468212853751094115750674973241984844e-01
1.0000000000000000000000000000000000000000e+00
7.4767334707282606665046387206530198454857e-01
6.6523295659390990763881745806429535150528e-01
4.9504131201505929826822693939902819693089e-01
1.0000000000000000000000000000000000000000e+00
6.6121815180180121274133853148669004440308e-01
8.2389346906299210093749252337147481739521e-01
6.3203733358607094849901386623969301581383e-01
8.9396072800704706740049232394085265696049e-01
7.7699925668272418199933326832251623272896e-01
6.8561225524836411082674203498754650354385e-01
6.0254485141396885161668706132331863045692e-01
7.2690591705749763029587029450340196490288e-01
6.0376468212853751094115750674973241984844e-01
4.9504131201505929826822693939902819693089e-01
5.3734363915128413591304479268728755414486e-01
6.7441848692158645750538426000275649130344e-01
6.6913590670533484860982298414455726742744e-01
6.6055511858725468599118357815314084291458e-01
5.9271177516937656459816707865684293210506e-01
8.5834876659222247852198961481917649507523e-01
6.0235636145424376053369996952824294567108e-01
7.6010980904608438368796896611456759274006e-01
8.0870206574932723686544022712041623890400e-01
5.6496936248971074689961824333295226097107e-01
6.5989393343182667361901394542655907571316e-01
6.4002988990899800647582651436096057295799e-01
4.8589186065492395716347573397797532379627e-01
6.7799273794161662998192241502692922949791e-01
9.5267676681084823009371120861032977700233e-01
6.8561225524836166833608785964315757155418e-01
4.6067595159794794135166284831939265131950e-01
9.9589058212716807805264807029743678867817e-01
1.0000000000000000000000000000000000000000e+00
1.0000000000000000000000000000000000000000e+00
4.5472135846841044148902710730908438563347e-01
1.0000000000000000000000000000000000000000e+00
1.0000000000000000000000000000000000000000e+00
5.0403162553586855487708362488774582743645e-01
1.0000000000000000000000000000000000000000e+00
9.2664838959038220433939159192959778010845e-01
1.0000000000000000000000000000000000000000e+00
6.5557145049205556297522434761049225926399e-01
1.0000000000000000000000000000000000000000e+00
3.3593383249264252565779997894424013793468e-01
1.7378763772641747653580068799783475697041e-01
1.0000000000000000000000000000000000000000e+00
7.7643872213600173548542215939960442483425e-01
6.0235636145427018384168604825390502810478e-01
0.0000000000000000000000000000000000000000e+00
6.8206478398436853893826992134563624858856e-01
5.7688515885201774313628675372456200420856e-01
7.5011973340620452521676497781299985945225e-01
9.6496157113316571862782211610465310513973e-01
6.3770795707115679462617663375567644834518e-01
3.9140551038610588152621971858025062829256e-01
5.8351524544446387032792245008749887347221e-01
3.3150780649215444428890009476162958890200e-01
7.8729705804093841337021331128198653459549e-01
6.6570384558870066005198395941988565027714e-01
7.0387809247559329772769842747948132455349e-01
1.0000000000000000000000000000000000000000e+00
4.4662897584192734479202613329107407480478e-01
3.9176569462576671387665783186093904078007e-01
6.3275684812349486385585350944893434643745e-01
7.8364096091733004278978569345781579613686e-01
8.5221965640206998049421827090554870665073e-01
2.1051637977620635266973181387584190815687e-01
2.1051637977620635266973181387584190815687e-01
5.0821754361669901900455670329392887651920e-01
4.4873336399680646691123797609179746359587e-01
1.0000000000000000000000000000000000000000e+00
1.0000000000000000000000000000000000000000e+00
2.4189881491658171697167745151091367006302e-01
6.5843389835758436845480900956317782402039e-01
6.0329155213583574024482913955580443143845e-01
8.8749490003270614657537862512981519103050e-01
5.6004407724018934189302854065317660570145e-01
2.6838930399733901266401403518102597445250e-01
4.8822474073985833165068015659926459193230e-01
6.4002988990899800647582651436096057295799e-01
6.3881915926902654856434082830674014985561e-01
4.6981534841272659663857780287798959761858e-01
8.0894559833848156404911833305959589779377e-01
6.1446009307550664146901908679865300655365e-01
4.6067595159794794135166284831939265131950e-01
9.9874276501240200065723229272407479584217e-01
6.8072646426613181436238164678798057138920e-01
2.4189881491658171697167745151091367006302e-01
2.4492465178176447970770368556259199976921e-01
0.0000000000000000000000000000000000000000e+00
4.6810616460251175396933831507340073585510e-01
4.5472135846841044148902710730908438563347e-01
0.0000000000000000000000000000000000000000e+00
3.9140551038610588152621971858025062829256e-01
5.0403162553586855487708362488774582743645e-01
2.1976401542458745552721666172146797180176e-01
2.4094661658481886234994817641563713550568e-01
0.0000000000000000000000000000000000000000e+00
1.5975299598629622011003448278643190860748e-01
6.4002988990899800647582651436096057295799e-01
0.0000000000000000000000000000000000000000e+00
0.0000000000000000000000000000000000000000e+00
1.9383858945909240856231292582378955557942e-01
4.9504131201505929826822693939902819693089e-01
4.6067595159794794135166284831939265131950e-01
0.0000000000000000000000000000000000000000e+00
2.1051637977620635266973181387584190815687e-01
2.4189881491658171697167745151091367006302e-01
0.0000000000000000000000000000000000000000e+00
2.4492465178176447970770368556259199976921e-01
0.0000000000000000000000000000000000000000e+00
4.6810616460251175396933831507340073585510e-01
4.5472135846841044148902710730908438563347e-01
0.0000000000000000000000000000000000000000e+00
3.9140551038610588152621971858025062829256e-01
5.0403162553586855487708362488774582743645e-01
2.1976401542458745552721666172146797180176e-01
2.4094661658481886234994817641563713550568e-01
0.0000000000000000000000000000000000000000e+00
1.5975299598629622011003448278643190860748e-01
6.4002988990899800647582651436096057295799e-01
0.0000000000000000000000000000000000000000e+00
0.0000000000000000000000000000000000000000e+00
1.9383858945909240856231292582378955557942e-01
4.9504131201505929826822693939902819693089e-01
4.6067595159794794135166284831939265131950e-01
0.0000000000000000000000000000000000000000e+00
2.1051637977620635266973181387584190815687e-01
2.4189881491658171697167745151091367006302e-01
0.0000000000000000000000000000000000000000e+00
0.0000000000000000000000000000000000000000e+00
2.4492465178176447970770368556259199976921e-01
0.0000000000000000000000000000000000000000e+00
4.6810616460251175396933831507340073585510e-01
4.5472135846841044148902710730908438563347e-01
0.0000000000000000000000000000000000000000e+00
3.9140551038610588152621971858025062829256e-01
5.0403162553586855487708362488774582743645e-01
2.1976401542458745552721666172146797180176e-01
2.4094661658481886234994817641563713550568e-01
0.0000000000000000000000000000000000000000e+00
1.5975299598629622011003448278643190860748e-01
6.4002988990899800647582651436096057295799e-01
0.0000000000000000000000000000000000000000e+00
0.0000000000000000000000000000000000000000e+00
1.9383858945909240856231292582378955557942e-01
4.9504131201505929826822693939902819693089e-01
4.6067595159794794135166284831939265131950e-01
0.0000000000000000000000000000000000000000e+00
2.1051637977620635266973181387584190815687e-01
2.4189881491658171697167745151091367006302e-01
0.0000000000000000000000000000000000000000e+00
0.0000000000000000000000000000000000000000e+00
0.0000000000000000000000000000000000000000e+00
8.6876227443912995340724592097103595733643e+01
4.2113278126276465496147238809498958289623e-01
