1
0
23
7.3209577724388952280065723243751563131809e-01
3.4433438902132429415559045082773081958294e-01
2.3709413822471156474414044623699737712741e-01
8.1992274260146391640091678709723055362701e-01
0.0000000000000000000000000000000000000000e+00
7.7023475710759103929348157180356793105602e-01
7.5799830592373174109610545201576314866543e-01
4.7163397495461767405799946573097258806229e-01
6.1690296791993848302126934868283569812775e-01
9.2377171403606228583527126829721964895725e-01
7.7096782079295722578393679214059375226498e-01
4.5845319490098668246957913652295246720314e-01
3.0077288451477718345117295939417090266943e-01
6.5444527509562011591270902499672956764698e-01
5.8414185496633586058834453069721348583698e-01
9.2615203544350443998212085716659203171730e-01
0.0000000000000000000000000000000000000000e+00
1.0000000000000000000000000000000000000000e+00
8.4430336663131555496875080280005931854248e-01
7.9651388750402563054819893295643851161003e-01
9.0128218633077583632484675035811960697174e-01
8.4714538092324842555314035053015686571598e-01
3.9674338913026335751155215803009923547506e-01
7.1334862635573581535197718039853498339653e-01
7.7870814829436718618183022044831886887550e-01
5.8720415385971347355109628551872447133064e-01
6.5846700052863593732865865604253485798836e-01
8.7953170870326802255334541769116185605526e-01
5.0832971724889763898147521103965118527412e-01
4.9883239186546857180104552753618918359280e-01
4.4152722933717380993101642161491326987743e-01
9.5492853620903783706808098941110074520111e-01
7.2366701115451326220551209189579822123051e-01
6.1336152817491407240879652817966416478157e-01
3.9558467394354079882390351485810242593288e-01
6.9191501671840782705658057238906621932983e-01
8.3454074784450360535714708021259866654873e-01
2.1596470720998622860875570950156543403864e-01
8.9089220636250299190095347512396983802319e-01
7.2660490754541751101669433410279452800751e-01
1.0000000000000000000000000000000000000000e+00
1.0000000000000000000000000000000000000000e+00
5.4828642884258782519424357815296389162540e-01
8.2702136819325455796558799193007871508598e-01
1.0000000000000000000000000000000000000000e+00
4.9161729938403569972749096450570505112410e-01
2.4026928724472962350944271747721359133720e-01
6.6390262310466363615546470100525766611099e-01
7.5407026394006293479321811901172623038292e-01
7.7577696174905375059438483731355518102646e-01
9.1098655077560020121296702200197614729404e-01
8.1541149078792773963186846231110394001007e-01
6.8988467853959845044187204621266573667526e-01
5.9464869914323481570050944355898536741734e-01
7.9264435425969959059244729360216297209263e-01
1.0000000000000000000000000000000000000000e+00
0.0000000000000000000000000000000000000000e+00
5.7858717810915916146541349007748067378998e-01
8.1440892656476393529629831391503103077412e-01
9.1279219832745317475541924068238586187363e-01
8.4573330275532454525233561071217991411686e-01
2.6240199913008338539199826300318818539381e-01
8.9655964232112361766979802268906496465206e-01
7.7870814829436718618183022044831886887550e-01
9.4323742802554089159627892513526603579521e-01
8.2940044610500951449694184702821075916290e-01
2.5018307469289691180591717056813649833202e-01
1.5916391923515188500104500235465820878744e-01
8.3693225399084836269025799992959946393967e-01
7.3209577724388952280065723243751563131809e-01
6.3874465270348756984475357967312447726727e-01
6.3874465270348756984475357967312447726727e-01
6.9715389941571370702178001010906882584095e-01
9.3181193254327643327172836507088504731655e-01
6.5846700052863593732865865604253485798836e-01
7.4338935897966162968941716826520860195160e-01
6.9118209509130501544404978631064295768738e-01
6.8246360730148414308615656409529037773609e-01
1.0000000000000000000000000000000000000000e+00
6.3874465270348756984475357967312447726727e-01
7.3100413186685897493077845865627750754356e-01
1.0000000000000000000000000000000000000000e+00
9.6669813663273262971387111974763683974743e-01
1.0000000000000000000000000000000000000000e+00
1.0000000000000000000000000000000000000000e+00
6.0234052054970699252578469895524904131889e-01
8.8576686253512049162850416905712336301804e-01
7.7908049000221146762612534075742587447166e-01
1.0000000000000000000000000000000000000000e+00
4.7442278161593953722530159211601130664349e-01
2.3941520635205285061353208675427595153451e-01
6.5424927367584206905348764848895370960236e-01
0.0000000000000000000000000000000000000000e+00
5.7161123920307765899906371487304568290710e-01
8.4086202690571454354540037456899881362915e-01
4.7163397495461767405799946573097258806229e-01
6.1718726092383535686280993104446679353714e-01
2.4464633617752679084489386696077417582273e-01
4.4919658394310024718265594856347888708115e-01
5.3423737444423091691447780249291099607944e-01
7.4338935897966562649230581882875412702560e-01
6.3904034978944290745772605077945627272129e-01
3.1085700537004667953766556820482946932316e-01
2.7414612437535007538613740507571492344141e-01
7.9183515231834555869738778710598126053810e-01
3.1863089027201452196891295898240059614182e-01
0.0000000000000000000000000000000000000000e+00
6.7785309321870357290862330046365968883038e-01
9.5492853620903783706808098941110074520111e-01
5.2462070044576991634244222950655966997147e-01
8.1025336127920155604442697949707508087158e-01
1.0000000000000000000000000000000000000000e+00
1.0000000000000000000000000000000000000000e+00
5.9968074699909801328345793081098236143589e-01
5.1539537736252527544422719074646010994911e-01
7.4527613986032914539237026474438607692719e-01
5.0815164312270066915289135067723691463470e-01
8.9565783394055120680832260404713451862335e-01
7.2620776977697543141943015143624506890774e-01
8.0303404083825036252619611332193017005920e-01
6.4358599717106790283338568769977428019047e-01
1.9901828705097429628168015369737986475229e-01
5.9467461657885345438501190074020996689796e-01
1.0000000000000000000000000000000000000000e+00
7.4105152868667223398091437047696672379971e-01
6.6796432591206578166520557715557515621185e-01
4.9511877149988525737001054949359968304634e-01
1.0000000000000000000000000000000000000000e+00
6.5846700052863671448477589365211315453053e-01
8.2271548834774632652511172636877745389938e-01
6.2947189501669764677416196718695573508739e-01
9.0162665427634092196740311919711530208588e-01
7.6665894060557981948278438721899874508381e-01
6.8307400198248324763028449524426832795143e-01
6.0034066686811460300532417022623121738434e-01
7.2191876218112382979086305567761883139610e-01
5.9968074699909801328345793081098236143589e-01
4.9511877149988525737001054949359968304634e-01
5.3052375242996674398199274946819059550762e-01
6.6865033276316498955793576897121965885162e-01
6.6921404330434763885193660826189443469048e-01
6.5851045968028343313704908723593689501286e-01
5.8414185496633586058834453069721348583698e-01
8.6045000387932002450241952828946523368359e-01
5.9700563150419549973690891420119442045689e-01
7.5929164454426023578292870297445915639400e-01
8.0986631120277596807000008993782103061676e-01
5.6614566256873755101253209431888535618782e-01
6.6118696055701520197800391542841680347919e-01
6.3874465270348756984475357967312447726727e-01
4.9192701768946545115568369510583579540253e-01
6.6765293576585116319677126739406958222389e-01
9.5021718403809485309352567128371447324753e-01
6.8307400198248280354107464518165215849876e-01
4.5679703984189956589290204647113569080830e-01
9.9493844321098479088760768718202598392963e-01
1.0000000000000000000000000000000000000000e+00
1.0000000000000000000000000000000000000000e+00
4.5845319490098668246957913652295246720314e-01
1.0000000000000000000000000000000000000000e+00
1.0000000000000000000000000000000000000000e+00
4.9883239186546857180104552753618918359280e-01
1.0000000000000000000000000000000000000000e+00
9.2330168764003972547982357355067506432533e-01
1.0000000000000000000000000000000000000000e+00
6.5156235496501169190963764776824973523617e-01
1.0000000000000000000000000000000000000000e+00
3.2640666659151218453871479141525924205780e-01
1.7937248008499162565954065939877182245255e-01
1.0000000000000000000000000000000000000000e+00
7.6898658075762749142256780032766982913017e-01
5.9700563150421137592616105393972247838974e-01
0.0000000000000000000000000000000000000000e+00
6.7743197777103236756346404945361427962780e-01
5.8525339393117370434538315748795866966248e-01
7.5723771795790317806762459440506063401699e-01
9.6414650581711036636534117860719561576843e-01
6.1977234348309706568613819399615749716759e-01
3.9674338913026335751155215803009923547506e-01
5.8316186197885511166560945639503188431263e-01
3.2682693031749504575245168780384119600058e-01
7.9818203598548065347273450242937542498112e-01
6.6486276662248633417817700319574214518070e-01
7.0608291226224018100054991009528748691082e-01
1.0000000000000000000000000000000000000000e+00
4.4669900468405610016731088762753643095493e-01
3.9918586486120910539199257982545532286167e-01
6.2565084380792268525794952438445761799812e-01
7.8534162358889281208007560053374618291855e-01
8.6136332078158872604944917839020490646362e-01
2.1696299596133550302567982726031914353371e-01
2.1696299596133550302567982726031914353371e-01
5.0072430636324760655497811967507004737854e-01
4.4795613182485466419180397679156158119440e-01
1.0000000000000000000000000000000000000000e+00
1.0000000000000000000000000000000000000000e+00
2.3892583127875985371524336642323760315776e-01
6.6283641718203045734014722256688401103020e-01
5.9822657935584166999376520834630355238914e-01
8.8925071340198102998186868717311881482601e-01
5.6143845848894546879392919436213560402393e-01
2.6445593526513133664224142194143496453762e-01
4.8939826660111834799593566458497662097216e-01
6.3874465270348756984475357967312447726727e-01
6.3644655128870597504686656975536607205868e-01
4.7259044073224742987804347649216651916504e-01
8.0610799160874146984667731885565444827080e-01
6.1146734534391122828367315378272905945778e-01
4.5679703984189956589290204647113569080830e-01
9.8878623239296270508447150859865359961987e-01
6.7859297241186466997930892830481752753258e-01
2.3892583127875985371524336642323760315776e-01
2.3709413822471156474414044623699737712741e-01
0.0000000000000000000000000000000000000000e+00
4.7163397495461767405799946573097258806229e-01
4.5845319490098668246957913652295246720314e-01
0.0000000000000000000000000000000000000000e+00
3.9674338913026335751155215803009923547506e-01
4.9883239186546857180104552753618918359280e-01
2.1596470720998622860875570950156543403864e-01
2.4026928724472962350944271747721359133720e-01
0.0000000000000000000000000000000000000000e+00
1.5916391923515188500104500235465820878744e-01
6.3874465270348756984475357967312447726727e-01
0.0000000000000000000000000000000000000000e+00
0.0000000000000000000000000000000000000000e+00
1.9901828705097429628168015369737986475229e-01
4.9511877149988525737001054949359968304634e-01
4.5679703984189956589290204647113569080830e-01
0.0000000000000000000000000000000000000000e+00
2.1696299596133550302567982726031914353371e-01
2.3892583127875985371524336642323760315776e-01
0.0000000000000000000000000000000000000000e+00
2.3709413822471156474414044623699737712741e-01
0.0000000000000000000000000000000000000000e+00
4.7163397495461767405799946573097258806229e-01
4.5845319490098668246957913652295246720314e-01
0.0000000000000000000000000000000000000000e+00
3.9674338913026335751155215803009923547506e-01
4.9883239186546857180104552753618918359280e-01
2.1596470720998622860875570950156543403864e-01
2.4026928724472962350944271747721359133720e-01
0.0000000000000000000000000000000000000000e+00
1.5916391923515188500104500235465820878744e-01
6.3874465270348756984475357967312447726727e-01
0.0000000000000000000000000000000000000000e+00
0.0000000000000000000000000000000000000000e+00
1.9901828705097429628168015369737986475229e-01
4.9511877149988525737001054949359968304634e-01
4.5679703984189956589290204647113569080830e-01
0.0000000000000000000000000000000000000000e+00
2.1696299596133550302567982726031914353371e-01
2.3892583127875985371524336642323760315776e-01
0.0000000000000000000000000000000000000000e+00
0.0000000000000000000000000000000000000000e+00
2.3709413822471156474414044623699737712741e-01
0.0000000000000000000000000000000000000000e+00
4.7163397495461767405799946573097258806229e-01
4.5845319490098668246957913652295246720314e-01
0.0000000000000000000000000000000000000000e+00
3.9674338913026335751155215803009923547506e-01
4.9883239186546857180104552753618918359280e-01
2.1596470720998622860875570950156543403864e-01
2.4026928724472962350944271747721359133720e-01
0.0000000000000000000000000000000000000000e+00
1.5916391923515188500104500235465820878744e-01
6.3874465270348756984475357967312447726727e-01
0.0000000000000000000000000000000000000000e+00
0.0000000000000000000000000000000000000000e+00
1.9901828705097429628168015369737986475229e-01
4.9511877149988525737001054949359968304634e-01
4.5679703984189956589290204647113569080830e-01
0.0000000000000000000000000000000000000000e+00
2.1696299596133550302567982726031914353371e-01
2.3892583127875985371524336642323760315776e-01
0.0000000000000000000000000000000000000000e+00
0.0000000000000000000000000000000000000000e+00
0.0000000000000000000000000000000000000000e+00
8.7142302627018736416175670456141233444214e+01
4.2095074552103678433567779393342789262533e-01
