1
0
23
7.4001073012025675446068362361984327435493e-01
3.4744321442213743633686817702255211770535e-01
2.8536368949058149580011445323179941624403e-01
8.8190046842026981188666923117125406861305e-01
0.0000000000000000000000000000000000000000e+00
7.7262429508196062144520510628353804349899e-01
7.7050258924624936973657440830720588564873e-01
4.5120211237628465861249082990980241447687e-01
6.1515920251386990713626801152713596820831e-01
9.1608084033748204966229877754813060164452e-01
7.5998988172478521008201823860872536897659e-01
4.3496834290093505659413608555041719228029e-01
3.0372678436215450048507591418456286191940e-01
6.0932061467103704188730262103490531444550e-01
6.0298334796336627849910883014672435820103e-01
9.7374066336744746763542934786528348922729e-01
0.0000000000000000000000000000000000000000e+00
1.0000000000000000000000000000000000000000e+00
8.1119719562610104190980564453639090061188e-01
8.2616754638099132446171779520227573812008e-01
9.8473951136782211790432484121993184089661e-01
8.7895630829281090612425941799301654100418e-01
4.9019785385756431406178990073385648429394e-01
7.3957397983004791175432046657078899443150e-01
7.9122139141960046160306774254422634840012e-01
6.0282256337319495287374593317508697509766e-01
6.5723291881202694497687843977473676204681e-01
9.4594857963916112453262030612677335739136e-01
5.2191863297894169892998661453020758926868e-01
5.0967554224244093763473983926814980804920e-01
4.7350983573621702182876447295711841434240e-01
9.8918290323015223286517993983579799532890e-01
7.4675586089279666346385511133121326565742e-01
6.3406912540708282310930599123821593821049e-01
4.1377212024487364239178077696124091744423e-01
7.3176946809422416251322829339187592267990e-01
8.7875921958052227722646421170793473720551e-01
2.4086869377243924628118065811577253043652e-01
8.8369823511888379030665419122669845819473e-01
7.5392566284762119188656015467131510376930e-01
1.0000000000000000000000000000000000000000e+00
1.0000000000000000000000000000000000000000e+00
1.0000000000000000000000000000000000000000e+00
7.7817304663862030267296177044045180082321e-01
9.0949781062513135321268009647610597312450e-01
4.9596611795143474843428066378692165017128e-01
2.4742964679157769536388400410942267626524e-01
6.7817276789904368250461175193777307868004e-01
7.4882030585424452784337745470111258327961e-01
8.0707560904147834790478555078152567148209e-01
9.1577588856557934349211791413836181163788e-01
7.5635451666462627517972805435420013964176e-01
7.7554192010336686635696423763874918222427e-01
6.1585476158811458535780047895968891680241e-01
8.2435879536868772454738518717931583523750e-01
1.0000000000000000000000000000000000000000e+00
0.0000000000000000000000000000000000000000e+00
5.9163059414786212109049756691092625260353e-01
7.8406598669610394480855575238820165395737e-01
9.3834966744284009632082188545609824359417e-01
8.6094370538407882786913205563905648887157e-01
2.5616353634860655752447655686410143971443e-01
8.8906201997712297480092047408106736838818e-01
8.1165184931800082868136314573348499834538e-01
9.2687613905052923524152674872311763465405e-01
8.0764950065064877726683789660455659031868e-01
2.6670207585108729464451471358188427984715e-01
1.7604515089319935916556403299182420596480e-01
8.0382257832763048810420514200814068317413e-01
7.5162232378551852018944146038847975432873e-01
6.5723291881202694497687843977473676204681e-01
6.5723291881202694497687843977473676204681e-01
6.8846472895729915464357873133849352598190e-01
9.3441122732993397992373729721293784677982e-01
6.5723291881202694497687843977473676204681e-01
7.6121782396452652985630038529052399098873e-01
6.9209320274015617702190183990751393139362e-01
7.0219121519708260770187280286336317658424e-01
1.0000000000000000000000000000000000000000e+00
6.5723291881202694497687843977473676204681e-01
7.3025314828513310239088696107501164078712e-01
1.0000000000000000000000000000000000000000e+00
9.6089252240661437998170413266052491962910e-01
1.0000000000000000000000000000000000000000e+00
1.0000000000000000000000000000000000000000e+00
5.7534542969232482789720961591228842735291e-01
9.1095009679330396501484301552409306168556e-01
7.7219343976886856140140480420086532831192e-01
1.0000000000000000000000000000000000000000e+00
4.3706072931397144110121644189348444342613e-01
2.2265981137371404496860805011237971484661e-01
6.8026442686770249856920145248295739293098e-01
0.0000000000000000000000000000000000000000e+00
5.9965393057686011690776695104432292282581e-01
8.3357807448732401667257363442331552505493e-01
4.7527103440491857977434619897394441068172e-01
6.1996595290330469563144788480713032186031e-01
2.9113150597309245259936005822964943945408e-01
4.9725298155794550591934921612846665084362e-01
5.4895700468900188173648757583578117191792e-01
8.0276193975388698831352485285606235265732e-01
6.5719499405863890384438263936317525804043e-01
3.5012185964949477101626484909502323716879e-01
2.8734583155691628686412286697304807603359e-01
8.2509597174503201966189180893707089126110e-01
3.2822765620512805995190319663379341363907e-01
0.0000000000000000000000000000000000000000e+00
7.0178379524763767616235554669401608407497e-01
9.2273326550115375432881137385265901684761e-01
5.5042642045641076986584039332228712737560e-01
7.7527023490813373740593306138180196285248e-01
1.0000000000000000000000000000000000000000e+00
1.0000000000000000000000000000000000000000e+00
6.0572966874503930689854769298108294606209e-01
5.4514923580819651949269655233365483582020e-01
7.5121111711619747985935191536555066704750e-01
5.0483267048683289068833346391329541802406e-01
8.7449454298825979314813139353645965456963e-01
7.3860052981755730527879677538294345140457e-01
7.6497682988682225158072469639591872692108e-01
6.3625910072292313213182524123112671077251e-01
1.6171751622342084298011855025833938270807e-01
6.2463719926108318691859722093795426189899e-01
9.8432314226886163943675001064548268914223e-01
7.3255612662991254069311253260821104049683e-01
6.8831869625574348958707560086622834205627e-01
4.9524820882495812490731168509228155016899e-01
1.0000000000000000000000000000000000000000e+00
6.7607560551924272829182882560417056083679e-01
8.2779913202594812560164427850395441055298e-01
6.2722784472278036993486693972954526543617e-01
9.2763848759160927315292610728647559881210e-01
7.5526622862176839845460563083179295063019e-01
6.8572805079404552941468864446505904197693e-01
5.7360695772855274654489221575204282999039e-01
7.4153571338742141350053316273260861635208e-01
6.2463719926108285385168983339099213480949e-01
4.9524820882495812490731168509228155016899e-01
5.7386841957332923591650342132197692990303e-01
6.5275440861989075802540583026711829006672e-01
6.5723291881202694497687843977473676204681e-01
6.5723291881202605679845873964950442314148e-01
6.0298334796336627849910883014672435820103e-01
8.3156959664512986041273734372225590050220e-01
6.0282256337319495287374593317508697509766e-01
7.9834347065226862749653946593753062188625e-01
7.8575263257890148871354085713392123579979e-01
5.7812312973423474193879201266099698841572e-01
6.5995452408127386334513175825122743844986e-01
6.5723291881202694497687843977473676204681e-01
4.6672033454991068701644962857244536280632e-01
6.6531356634651483972220376017503440380096e-01
8.7547959056086255280604291328927502036095e-01
6.8806034250150349684815864748088642954826e-01
4.6672033454991068701644962857244536280632e-01
9.3427128161349670687485513553838245570660e-01
1.0000000000000000000000000000000000000000e+00
1.0000000000000000000000000000000000000000e+00
4.7037717425810199323166216345271095633507e-01
1.0000000000000000000000000000000000000000e+00
1.0000000000000000000000000000000000000000e+00
5.0967554224244093763473983926814980804920e-01
1.0000000000000000000000000000000000000000e+00
9.1766318950269265553032482785056345164776e-01
1.0000000000000000000000000000000000000000e+00
6.2931769994699848780328466091305017471313e-01
9.7869659502109240811762447265209630131721e-01
3.7717467547632077540242789837066084146500e-01
2.2110929839012016806520932732382789254189e-01
1.0000000000000000000000000000000000000000e+00
8.3630804885101917012235617221449501812458e-01
6.0282256337319484185144347065943293273449e-01
0.0000000000000000000000000000000000000000e+00
6.9928584547209449162608052574796602129936e-01
6.0374921064884712329501326166791841387749e-01
7.3437824000953355607634875923395156860352e-01
9.5263018902681606547844239685218781232834e-01
6.6822210526126357699183699878631159663200e-01
4.9019785385756431406178990073385648429394e-01
5.8029611553574245164099920657463371753693e-01
3.4373119085203690525887054718623403459787e-01
8.1047328525366335583157706423662602901459e-01
6.4085669824053226317772669062833301723003e-01
6.9928584547209449162608052574796602129936e-01
1.0000000000000000000000000000000000000000e+00
4.2682867869456675435912984539754688739777e-01
4.3597395008629191703874994345824234187603e-01
6.8003698243109855781085570924915373325348e-01
7.7710220613808456135984670254401862621307e-01
8.3449099478638744109559866046765819191933e-01
1.9632601218787038011015511074219830334187e-01
1.9632601218787038011015511074219830334187e-01
5.1437653162506824511268632704741321504116e-01
4.7165256549651363160435835197858978062868e-01
1.0000000000000000000000000000000000000000e+00
1.0000000000000000000000000000000000000000e+00
2.4359281212774375191543185792397707700729e-01
6.8807774186915582337320529404678381979465e-01
6.1361860978218729645305984377046115696430e-01
8.8906201997712297480092047408106736838818e-01
5.4927606668980955006986732769291847944260e-01
2.6932546885336411390809985277883242815733e-01
5.0637550564586542023448600957635790109634e-01
6.5723291881202694497687843977473676204681e-01
5.7581897028304473984405831288313493132591e-01
4.6988683271225845095031559139897581189871e-01
7.6657092497048195944842063909163698554039e-01
6.3909896013688360927318399262730963528156e-01
4.6672033454991068701644962857244536280632e-01
9.1216800629117844589899277707445435225964e-01
6.7772496845563878764551191125065088272095e-01
2.4359281212774375191543185792397707700729e-01
2.8536368949058149580011445323179941624403e-01
0.0000000000000000000000000000000000000000e+00
4.5120211237628465861249082990980241447687e-01
4.3496834290093505659413608555041719228029e-01
0.0000000000000000000000000000000000000000e+00
4.9019785385756431406178990073385648429394e-01
5.0967554224244093763473983926814980804920e-01
2.4086869377243924628118065811577253043652e-01
2.4742964679157769536388400410942267626524e-01
0.0000000000000000000000000000000000000000e+00
1.7604515089319935916556403299182420596480e-01
6.5723291881202694497687843977473676204681e-01
0.0000000000000000000000000000000000000000e+00
0.0000000000000000000000000000000000000000e+00
1.6171751622342084298011855025833938270807e-01
4.9524820882495812490731168509228155016899e-01
4.6672033454991068701644962857244536280632e-01
0.0000000000000000000000000000000000000000e+00
1.9632601218787038011015511074219830334187e-01
2.4359281212774375191543185792397707700729e-01
0.0000000000000000000000000000000000000000e+00
2.8536368949058149580011445323179941624403e-01
0.0000000000000000000000000000000000000000e+00
4.5120211237628465861249082990980241447687e-01
4.3496834290093505659413608555041719228029e-01
0.0000000000000000000000000000000000000000e+00
4.9019785385756431406178990073385648429394e-01
5.0967554224244093763473983926814980804920e-01
2.4086869377243924628118065811577253043652e-01
2.4742964679157769536388400410942267626524e-01
0.0000000000000000000000000000000000000000e+00
1.7604515089319935916556403299182420596480e-01
6.5723291881202694497687843977473676204681e-01
0.0000000000000000000000000000000000000000e+00
0.0000000000000000000000000000000000000000e+00
1.6171751622342084298011855025833938270807e-01
4.9524820882495812490731168509228155016899e-01
4.6672033454991068701644962857244536280632e-01
0.0000000000000000000000000000000000000000e+00
1.9632601218787038011015511074219830334187e-01
2.4359281212774375191543185792397707700729e-01
0.0000000000000000000000000000000000000000e+00
0.0000000000000000000000000000000000000000e+00
2.8536368949058149580011445323179941624403e-01
0.0000000000000000000000000000000000000000e+00
4.5120211237628465861249082990980241447687e-01
4.3496834290093505659413608555041719228029e-01
0.0000000000000000000000000000000000000000e+00
4.9019785385756431406178990073385648429394e-01
5.0967554224244093763473983926814980804920e-01
2.4086869377243924628118065811577253043652e-01
2.4742964679157769536388400410942267626524e-01
0.0000000000000000000000000000000000000000e+00
1.7604515089319935916556403299182420596480e-01
6.5723291881202694497687843977473676204681e-01
0.0000000000000000000000000000000000000000e+00
0.0000000000000000000000000000000000000000e+00
1.6171751622342084298011855025833938270807e-01
4.9524820882495812490731168509228155016899e-01
4.6672033454991068701644962857244536280632e-01
0.0000000000000000000000000000000000000000e+00
1.9632601218787038011015511074219830334187e-01
2.4359281212774375191543185792397707700729e-01
0.0000000000000000000000000000000000000000e+00
0.0000000000000000000000000000000000000000e+00
0.0000000000000000000000000000000000000000e+00
8.6346387560361307578205014578998088836670e+01
4.3565579065631926392043737905623856931925e-01
