1
0
23
7.4346780779365306823791570423054508864880e-01
3.4356223471993146967307097838784102350473e-01
2.6182809060498857256504834367660805583000e-01
8.4187688934383830829943917706259526312351e-01
0.0000000000000000000000000000000000000000e+00
7.6476098400497560803046326327603310346603e-01
7.4346780779365939650915606762282550334930e-01
4.6430775766171983320873550837859511375427e-01
6.1754480406381595525289185388828627765179e-01
9.2938880176705152003080456779571250081062e-01
7.7112690704285180576249558725976385176182e-01
4.3329541458675879805895192475873045623302e-01
2.8900482302912244847448164364323019981384e-01
5.9005994155086782804175982164451852440834e-01
5.9439540268465673733544463175348937511444e-01
9.9681338970156985190840259747346863150597e-01
0.0000000000000000000000000000000000000000e+00
1.0000000000000000000000000000000000000000e+00
8.3258972428591759840088570854277350008488e-01
8.3908272402540318157804222209961153566837e-01
9.1346188829661345565114061173517256975174e-01
8.8814053407600179745884361182106658816338e-01
4.4375309452103861573846188548486679792404e-01
7.1794289127901078639837351147434674203396e-01
7.8741372822569388745250762440264225006104e-01
5.8897977860535977168154886385309509932995e-01
6.4598661777470134381928801303729414939880e-01
9.5830099445994032514306582015706226229668e-01
5.0611169179397463846470373027841560542583e-01
4.9352272231034116645176368365355301648378e-01
4.5199004986315760579174138911184854805470e-01
9.8739640121140970219215660108602605760098e-01
7.2949556004991755742139503126963973045349e-01
6.2512117731760907801685789308976382017136e-01
3.9605761756911728177499298908514901995659e-01
6.9189080472928043974434331175871193408966e-01
8.5174924723887568411839765758486464619637e-01
2.3130132230091315914677352338912896811962e-01
8.9415314135613899182430941436905413866043e-01
7.4412961204680461158034177060471847653389e-01
9.9988485270679117178360684192739427089691e-01
1.0000000000000000000000000000000000000000e+00
6.7062935033435078224783865152858197689056e-01
8.2779124619304456089707855426240712404251e-01
9.7258801658765048347987658416968770325184e-01
4.8879842269459738979264784575207158923149e-01
2.4007086610616870658851951247925171628594e-01
6.6889283013063405292086827103048563003540e-01
7.4626634046438056202532607130706310272217e-01
7.6737977757008735135713095587561838328838e-01
8.5244983120842920953919019666500389575958e-01
7.7070023204356363777378646773286163806915e-01
7.3154890313322651351768399763386696577072e-01
6.0457078018850074485612822172697633504868e-01
8.1015494089731343585469858226133510470390e-01
1.0000000000000000000000000000000000000000e+00
0.0000000000000000000000000000000000000000e+00
5.7661868676314853576769792198319919407368e-01
7.7838628967897838251133180165197700262070e-01
9.1673631943195399429669123492203652858734e-01
8.5773245174983514527156103213201276957989e-01
2.5265998973784192793701208756829146295786e-01
8.8064388249308023226546993100782856345177e-01
7.8826024970189656482233431233908049762249e-01
9.4827600026865654925245507911313325166702e-01
8.4614515871756923459656718478072434663773e-01
2.4330291826675551347669568258424988016486e-01
1.4883487354089514065336175008269492536783e-01
8.0887866218939885598615546768996864557266e-01
7.4346780779365306823791570423054508864880e-01
6.4598661777470134381928801303729414939880e-01
6.4598661777470134381928801303729414939880e-01
6.4725148229302909008708866167580708861351e-01
9.3099136611777788541388645171537064015865e-01
6.4598661777470134381928801303729414939880e-01
7.5129858300595753206607696483843028545380e-01
6.8848281253297993753648142956080846488476e-01
6.8765984603856433743374054756714031100273e-01
1.0000000000000000000000000000000000000000e+00
6.4598661777470134381928801303729414939880e-01
7.2551379912016267237362399100675247609615e-01
1.0000000000000000000000000000000000000000e+00
9.3703595272638351421079505598754622042179e-01
1.0000000000000000000000000000000000000000e+00
1.0000000000000000000000000000000000000000e+00
5.3254563589301495696304300508927553892136e-01
9.0655669269691474543293452370562590658665e-01
7.8670113973958555320109553576912730932236e-01
1.0000000000000000000000000000000000000000e+00
4.2958870084319999982369608915178105235100e-01
2.1684447432756462359471072431915672495961e-01
6.6207178451072234981467090619844384491444e-01
0.0000000000000000000000000000000000000000e+00
5.9685657855019258466455767120351083576679e-01
8.4675830757022918504617337021045386791229e-01
4.7764512386237961694135378820647019892931e-01
5.8439321591951276513299262660439126193523e-01
2.8446896859077286379147153638768941164017e-01
4.8314970584892780181007765349932014942169e-01
5.5191537979483884512887925666291266679764e-01
7.5129858300595564468693510207231156527996e-01
6.4961131561379648058363045493024401366711e-01
3.1650885903382225405877647972374688833952e-01
2.7023275370538729633906882554583717137575e-01
8.0887866218939885598615546768996864557266e-01
3.0402101767557410116893379381508566439152e-01
0.0000000000000000000000000000000000000000e+00
6.8443683490037832140018281279481016099453e-01
9.2574768755908520834196906434954144060612e-01
5.4165320425299900986004786318517290055752e-01
7.8138394748257267163893402539542876183987e-01
1.0000000000000000000000000000000000000000e+00
1.0000000000000000000000000000000000000000e+00
5.8897977860535977168154886385309509932995e-01
5.3197293943601819954380971466889604926109e-01
7.6502310872797152363489203708013519644737e-01
4.9013282493621040947218148176034446805716e-01
8.9688474544362817297837864316534250974655e-01
7.2648752168028496445373320966609753668308e-01
8.0218400754469731950280220189597457647324e-01
6.4019600177054103440354992926586419343948e-01
1.7839466697363873248782795144506962969899e-01
6.1410026992560673431142959088901989161968e-01
9.8739640121140970219215660108602605760098e-01
7.2773821316101028333633848887984640896320e-01
6.7671239240765368450070127437356859445572e-01
4.8373914245824145563545926052029244601727e-01
1.0000000000000000000000000000000000000000e+00
6.5716816643619679894072760362178087234497e-01
8.2018422244153821321077657557907514274120e-01
6.1565354231674151996855925972340628504753e-01
9.0417191994221779438589692290406674146652e-01
7.5788042257446086580330302240327000617981e-01
6.8218108416583045361392123595578595995903e-01
5.8313290657286698248640277597587555646896e-01
7.4098149156679626869959065516013652086258e-01
6.1410026992560673431142959088901989161968e-01
4.8373914245824145563545926052029244601727e-01
5.4684275228110779121237783328979276120663e-01
6.4598661777470001155165846284944564104080e-01
6.6077712041963188038806720214779488742352e-01
6.4598661777470134381928801303729414939880e-01
5.9439540268465673733544463175348937511444e-01
8.4667630381026359742691056453622877597809e-01
5.9826442405641622190870521080796606838703e-01
7.7654883583308598193895022632204927504063e-01
8.0618456675183725046451854723272845149040e-01
5.6838814734845666265528052463196218013763e-01
6.4598661777470001155165846284944564104080e-01
6.4598661777470134381928801303729414939880e-01
4.9663176331761393900166012826957739889622e-01
6.5255314376286277511240996318520046770573e-01
9.3068047634024153591525418960372917354107e-01
6.7686228715565288638345009530894458293915e-01
4.5544303799987717606967407846241258084774e-01
1.0000000000000000000000000000000000000000e+00
1.0000000000000000000000000000000000000000e+00
1.0000000000000000000000000000000000000000e+00
4.3674846834556863006682192462903913110495e-01
1.0000000000000000000000000000000000000000e+00
9.7069736411087825800336759130004793405533e-01
4.9352272231034116645176368365355301648378e-01
9.7562100558401976257982823881320655345917e-01
9.2550042065473203667380630577099509537220e-01
1.0000000000000000000000000000000000000000e+00
6.4974051673658184125059733560192398726940e-01
1.0000000000000000000000000000000000000000e+00
3.1611839090375160044033009398845024406910e-01
1.9810597793288975410064267634879797697067e-01
1.0000000000000000000000000000000000000000e+00
8.1162729102795960756111526279710233211517e-01
5.9826442405644342237280852714320644736290e-01
0.0000000000000000000000000000000000000000e+00
6.6289587175698727605777094140648841857910e-01
5.8571540740106187161728712453623302280903e-01
7.2949556004991589208685809353482909500599e-01
9.6276403458157389092519906625966541469097e-01
6.7057242783449377832027948898030444979668e-01
4.5857983553926362496611091046361252665520e-01
5.6743881546197283416432810554397292435169e-01
3.2803990226016993547730749014590401202440e-01
8.1409073002929432938401532737771049141884e-01
6.6289587175699693499808518026839010417461e-01
6.9261307403478578059718984150094911456108e-01
1.0000000000000000000000000000000000000000e+00
4.3691122393647174870778826516470871865749e-01
4.1068301354148711856950626497564371675253e-01
6.3305990322231620037740640327683649957180e-01
7.7524302368618458469740062355413101613522e-01
7.9564398175567851989598011641646735370159e-01
1.8992511418332069794701055798213928937912e-01
1.8992511418332069794701055798213928937912e-01
5.1225406234145354211761969054350629448891e-01
4.6650659870518285110563283524243161082268e-01
1.0000000000000000000000000000000000000000e+00
1.0000000000000000000000000000000000000000e+00
2.4373841052225200809466798546054633334279e-01
6.7984558742509271223042333076591603457928e-01
6.0191137961819218826775568231823854148388e-01
8.8064388249308023226546993100782856345177e-01
5.3597337237839293155872155693941749632359e-01
2.6484723340177973582854065170977264642715e-01
4.9245966814160957447654709540074691176414e-01
6.4598661777470134381928801303729414939880e-01
6.5102774123962559027489760410389862954617e-01
4.5548255484121624725446508819004520773888e-01
7.9471515272812487395981406734790652990341e-01
6.2357458974001422902233571221586316823959e-01
4.5544303799987717606967407846241258084774e-01
9.9703654048872292214866774884285405278206e-01
6.8164751483234542472899875065195374190807e-01
2.4373841052225200809466798546054633334279e-01
2.6182809060498857256504834367660805583000e-01
0.0000000000000000000000000000000000000000e+00
4.6430775766171983320873550837859511375427e-01
4.3329541458675879805895192475873045623302e-01
0.0000000000000000000000000000000000000000e+00
4.4375309452103861573846188548486679792404e-01
4.9352272231034116645176368365355301648378e-01
2.3130132230091315914677352338912896811962e-01
2.4007086610616870658851951247925171628594e-01
0.0000000000000000000000000000000000000000e+00
1.4883487354089514065336175008269492536783e-01
6.4598661777470134381928801303729414939880e-01
0.0000000000000000000000000000000000000000e+00
0.0000000000000000000000000000000000000000e+00
1.7839466697363873248782795144506962969899e-01
4.8373914245824145563545926052029244601727e-01
4.5544303799987717606967407846241258084774e-01
0.0000000000000000000000000000000000000000e+00
1.8992511418332069794701055798213928937912e-01
2.4373841052225200809466798546054633334279e-01
0.0000000000000000000000000000000000000000e+00
2.6182809060498857256504834367660805583000e-01
0.0000000000000000000000000000000000000000e+00
4.6430775766171983320873550837859511375427e-01
4.3329541458675879805895192475873045623302e-01
0.0000000000000000000000000000000000000000e+00
4.4375309452103861573846188548486679792404e-01
4.9352272231034116645176368365355301648378e-01
2.3130132230091315914677352338912896811962e-01
2.4007086610616870658851951247925171628594e-01
0.0000000000000000000000000000000000000000e+00
1.4883487354089514065336175008269492536783e-01
6.4598661777470134381928801303729414939880e-01
0.0000000000000000000000000000000000000000e+00
0.0000000000000000000000000000000000000000e+00
1.7839466697363873248782795144506962969899e-01
4.8373914245824145563545926052029244601727e-01
4.5544303799987717606967407846241258084774e-01
0.0000000000000000000000000000000000000000e+00
1.8992511418332069794701055798213928937912e-01
2.4373841052225200809466798546054633334279e-01
0.0000000000000000000000000000000000000000e+00
0.0000000000000000000000000000000000000000e+00
2.6182809060498857256504834367660805583000e-01
0.0000000000000000000000000000000000000000e+00
4.6430775766171983320873550837859511375427e-01
4.3329541458675879805895192475873045623302e-01
0.0000000000000000000000000000000000000000e+00
4.4375309452103861573846188548486679792404e-01
4.9352272231034116645176368365355301648378e-01
2.3130132230091315914677352338912896811962e-01
2.4007086610616870658851951247925171628594e-01
0.0000000000000000000000000000000000000000e+00
1.4883487354089514065336175008269492536783e-01
6.4598661777470134381928801303729414939880e-01
0.0000000000000000000000000000000000000000e+00
0.0000000000000000000000000000000000000000e+00
1.7839466697363873248782795144506962969899e-01
4.8373914245824145563545926052029244601727e-01
4.5544303799987717606967407846241258084774e-01
0.0000000000000000000000000000000000000000e+00
1.8992511418332069794701055798213928937912e-01
2.4373841052225200809466798546054633334279e-01
0.0000000000000000000000000000000000000000e+00
0.0000000000000000000000000000000000000000e+00
0.0000000000000000000000000000000000000000e+00
8.4858020840553564312358503229916095733643e+01
4.2891964608584320917117338467505760490894e-01
