1
0
23
7.3396692688513198721267372093279846012592e-01
3.4560415917734543800321489470661617815495e-01
2.4303331361111246700090759986778721213341e-01
8.2482903660279727198201271676225587725639e-01
0.0000000000000000000000000000000000000000e+00
7.7515678283684641414197358244564384222031e-01
7.6828645078644552945945633837254717946053e-01
4.6853118187552988960220545777701772749424e-01
6.2109068695726965536607622198062017560005e-01
9.1941858070963133897635088942479342222214e-01
7.6682531696695110934314243422704748809338e-01
4.5736124129293381779248761631606612354517e-01
2.9838577528339083055897162921610288321972e-01
6.4202137145434423626255693307030014693737e-01
5.9394650014134497961748593297670595347881e-01
9.3632582435145339516679996449965983629227e-01
0.0000000000000000000000000000000000000000e+00
1.0000000000000000000000000000000000000000e+00
8.2377167629320924291391747829038649797440e-01
8.1030719026298925200535450130701065063477e-01
9.0400655347707692399694678897503763437271e-01
8.5909496572364718591785504031577147543430e-01
3.9752985872099377839816725099808536469936e-01
7.1706009456800945400800628704018890857697e-01
7.8350777568733298572567491646623238921165e-01
5.8132466480703803846097343921428546309471e-01
6.5775173760576843839942284830613061785698e-01
9.2281500768769220144349674228578805923462e-01
5.0634899192385651733872009572223760187626e-01
5.0492653327677849972587864613160490989685e-01
4.4686678021358455792366726200270932167768e-01
9.6378483300571926584154880401911213994026e-01
7.3093713673737426006482564844191074371338e-01
6.2109068695726943332147129694931209087372e-01
3.9480168421181016658039197864127345383167e-01
6.9039888448552400035396203747950494289398e-01
8.4139849501594421443684268524521030485630e-01
2.2235665287978662041368238533323165029287e-01
8.9496173047619564933086167002329602837563e-01
7.2837753455145315406582540163071826100349e-01
1.0000000000000000000000000000000000000000e+00
1.0000000000000000000000000000000000000000e+00
5.4068525680287304879811927094124257564545e-01
8.0024080803949360074511787388473749160767e-01
9.8364215746170535759063113800948485732079e-01
4.9231391408674241016996120379189960658550e-01
2.3877106026100544666768143997614970430732e-01
6.6542002440871939050737182697048410773277e-01
7.5098810991787789959062138223089277744293e-01
7.7712610470683851637829775427235290408134e-01
8.9578316428292925621690301341004669666290e-01
8.2647519488781151508760558499488979578018e-01
7.0017190343396817908683260611724108457565e-01
5.9618519928538948882135173334972932934761e-01
8.0953440601749149241328495918423868715763e-01
1.0000000000000000000000000000000000000000e+00
0.0000000000000000000000000000000000000000e+00
5.8164110396931212321192106173839420080185e-01
8.1637458551945663032256561564281582832336e-01
9.2329934513061129308653107727877795696259e-01
8.5136132464598091029728266221354715526104e-01
2.6248566608125933896644710330292582511902e-01
8.8861632110129284978228270119871012866497e-01
7.8350777568733454003790939168538898229599e-01
9.4780527714388684845658872291096486151218e-01
8.3882393892785034328340998399653472006321e-01
2.4825674277742712514616130192734999582171e-01
1.5888660869190224245173226336191873997450e-01
8.4020826384601576819477486424148082733154e-01
7.3396692688513198721267372093279846012592e-01
6.4232341260550440686927231581648811697960e-01
6.4232341260550407380236492826952598989010e-01
6.8745635597035670283361241672537289559841e-01
9.3427111618532343584320187801495194435120e-01
6.6224508492564948536340807550004683434963e-01
7.5085880905751933855896140812546946108341e-01
6.9420099385341538233973324167891405522823e-01
6.7860816206792096139110981312114745378494e-01
1.0000000000000000000000000000000000000000e+00
6.4232341260550407380236492826952598989010e-01
7.3358155324192608759403810836374759674072e-01
1.0000000000000000000000000000000000000000e+00
9.7831212239164022648196805675979703664780e-01
1.0000000000000000000000000000000000000000e+00
1.0000000000000000000000000000000000000000e+00
5.9693049446976020888655511953402310609818e-01
8.9026836856588631441411507694283500313759e-01
7.8981146229375176481823928043013438582420e-01
1.0000000000000000000000000000000000000000e+00
4.6197727261993892788893845136044546961784e-01
2.3742875271499480627213074512837920337915e-01
6.5652816694270910158337528628180734813213e-01
0.0000000000000000000000000000000000000000e+00
5.7167412992874011568034120500669814646244e-01
8.3610893767799665532436392823001369833946e-01
4.6853118187552988960220545777701772749424e-01
6.0567878770600747095897986582713201642036e-01
2.4817333467809737923559509908955078572035e-01
4.3602718410212903954459306987700983881950e-01
5.3492906928579564418413383464212529361248e-01
7.5192741648824601430334269025479443371296e-01
6.4326207098860543887042240385198965668678e-01
3.0884613604178273726930115117284003645182e-01
2.7218840525693943632745686045382171869278e-01
7.8981183005732680246779864319250918924809e-01
3.0605579444326269644705007522134110331535e-01
0.0000000000000000000000000000000000000000e+00
6.7932669975431270170673769825953058898449e-01
9.6378483300571926584154880401911213994026e-01
5.3467916520352931630810644492157734930515e-01
8.0365273011328519636720102425897493958473e-01
1.0000000000000000000000000000000000000000e+00
1.0000000000000000000000000000000000000000e+00
6.0304839160876766435137596999993547797203e-01
5.2456531105313497498343622282845899462700e-01
7.4903480979209480228320217065629549324512e-01
5.0640288164268287829372638952918350696564e-01
8.9918842512444219217115914943860843777657e-01
7.2792788378058359555211609404068440198898e-01
8.1502018653292784833297446311917155981064e-01
6.4026319331879932850171144309570081532001e-01
2.0010292563841741708685617595619987696409e-01
6.0126952122800880751185559347504749894142e-01
1.0000000000000000000000000000000000000000e+00
7.5114168873685727145783630476216785609722e-01
6.6946759942142208821280746633419767022133e-01
4.9543696689902860796905770257581025362015e-01
1.0000000000000000000000000000000000000000e+00
6.6224508492564948536340807550004683434963e-01
8.2371123894147102451057662619859911501408e-01
6.3515353772400096055150697793578729033470e-01
8.9978070387746345026869221328524872660637e-01
7.7568204984909927546254948538262397050858e-01
6.9029569532415646637701911458862014114857e-01
6.0542308382420095824727468425408005714417e-01
7.2992752399341742641780683698016218841076e-01
6.0847033773748415708126913159503601491451e-01
4.9543696689902860796905770257581025362015e-01
5.3958661738376234584535495741874910891056e-01
6.7317310363357840685694100102409720420837e-01
6.7044696179568319394093123264610767364502e-01
6.6143153472694105055040836305124685168266e-01
5.9394650014135141891102875888464041054249e-01
8.6138976196041971977734874599264003336430e-01
5.9801042857739128422167595999781042337418e-01
7.6310904427076620137881945993285626173019e-01
8.0810633220095051676423736353171989321709e-01
5.6535220970354371772259582940023392438889e-01
6.5894282019172834008458039534161798655987e-01
6.4232341260550407380236492826952598989010e-01
4.9399877816779497186061576030624564737082e-01
6.6536227746198273180766591394785791635513e-01
9.5035661837094576043227789341472089290619e-01
6.8465171613288788865503420311142690479755e-01
4.6001808567054408571905810276803094893694e-01
9.9554747691452338820283785025821998715401e-01
1.0000000000000000000000000000000000000000e+00
1.0000000000000000000000000000000000000000e+00
4.5736124129293381779248761631606612354517e-01
1.0000000000000000000000000000000000000000e+00
1.0000000000000000000000000000000000000000e+00
5.0492653327677849972587864613160490989685e-01
1.0000000000000000000000000000000000000000e+00
9.2863972154955543025778297305805608630180e-01
9.9119363473655863749911532067926600575447e-01
6.5069561933236330641960876164375804364681e-01
1.0000000000000000000000000000000000000000e+00
3.3551233060561558296797102229902520775795e-01
1.8157124953060993499676101237128023058176e-01
1.0000000000000000000000000000000000000000e+00
7.7347480165325721568336803102283738553524e-01
5.9452837094360455605368542819633148610592e-01
0.0000000000000000000000000000000000000000e+00
6.7944652313902764717568061314523220062256e-01
5.7294921560086264911149100953480228781700e-01
7.4736174422195289501757997641107067465782e-01
9.6727780134532115319245804130332544445992e-01
6.3685851646804270131951852818019688129425e-01
3.9752985872099377839816725099808536469936e-01
5.8132466480703848255018328927690163254738e-01
3.3395219619654592513313673407537862658501e-01
7.9067053704414469450512115145102143287659e-01
6.6387798307947532006068058763048611581326e-01
7.0814905775938252752155221969587728381157e-01
1.0000000000000000000000000000000000000000e+00
4.5038940390961162973937348397157620638609e-01
3.9873558194282587852086408020113594830036e-01
6.3638829839198784998899327547405846416950e-01
7.8696617829852655301436925583402626216412e-01
8.5848277555988861120539468174683861434460e-01
2.1306865985362066773234346328536048531532e-01
2.1306865985362066773234346328536048531532e-01
5.0662758211746028447208800571388565003872e-01
4.5160391562597923531541255215415731072426e-01
1.0000000000000000000000000000000000000000e+00
1.0000000000000000000000000000000000000000e+00
2.3946690980173185314683337310270871967077e-01
6.5678207149536993458838196602300740778446e-01
6.0327938817743742561106046196073293685913e-01
8.8861632110129284978228270119871012866497e-01
5.6186172105050335989773202527430839836597e-01
2.6831511111599726238097218811162747442722e-01
4.8673054202266313739144720784679520875216e-01
6.4232341260550407380236492826952598989010e-01
6.3197885575213941233840841960045509040356e-01
4.6853118187552988960220545777701772749424e-01
8.0646025598119996935508879687404260039330e-01
6.1791574747420030533362478308845311403275e-01
4.6001808567054408571905810276803094893694e-01
9.9564030645351631054751351257436908781528e-01
6.7677093101914431727550436335150152444839e-01
2.3946690980173185314683337310270871967077e-01
2.4303331361111246700090759986778721213341e-01
0.0000000000000000000000000000000000000000e+00
4.6853118187552988960220545777701772749424e-01
4.5736124129293381779248761631606612354517e-01
0.0000000000000000000000000000000000000000e+00
3.9752985872099377839816725099808536469936e-01
5.0492653327677849972587864613160490989685e-01
2.2235665287978662041368238533323165029287e-01
2.3877106026100544666768143997614970430732e-01
0.0000000000000000000000000000000000000000e+00
1.5888660869190224245173226336191873997450e-01
6.4232341260550407380236492826952598989010e-01
0.0000000000000000000000000000000000000000e+00
0.0000000000000000000000000000000000000000e+00
2.0010292563841741708685617595619987696409e-01
4.9543696689902860796905770257581025362015e-01
4.6001808567054408571905810276803094893694e-01
0.0000000000000000000000000000000000000000e+00
2.1306865985362066773234346328536048531532e-01
2.3946690980173185314683337310270871967077e-01
0.0000000000000000000000000000000000000000e+00
2.4303331361111246700090759986778721213341e-01
0.0000000000000000000000000000000000000000e+00
4.6853118187552988960220545777701772749424e-01
4.5736124129293381779248761631606612354517e-01
0.0000000000000000000000000000000000000000e+00
3.9752985872099377839816725099808536469936e-01
5.0492653327677849972587864613160490989685e-01
2.2235665287978662041368238533323165029287e-01
2.3877106026100544666768143997614970430732e-01
0.0000000000000000000000000000000000000000e+00
1.5888660869190224245173226336191873997450e-01
6.4232341260550407380236492826952598989010e-01
0.0000000000000000000000000000000000000000e+00
0.0000000000000000000000000000000000000000e+00
2.0010292563841741708685617595619987696409e-01
4.9543696689902860796905770257581025362015e-01
4.6001808567054408571905810276803094893694e-01
0.0000000000000000000000000000000000000000e+00
2.1306865985362066773234346328536048531532e-01
2.3946690980173185314683337310270871967077e-01
0.0000000000000000000000000000000000000000e+00
0.0000000000000000000000000000000000000000e+00
2.4303331361111246700090759986778721213341e-01
0.0000000000000000000000000000000000000000e+00
4.6853118187552988960220545777701772749424e-01
4.5736124129293381779248761631606612354517e-01
0.0000000000000000000000000000000000000000e+00
3.9752985872099377839816725099808536469936e-01
5.0492653327677849972587864613160490989685e-01
2.2235665287978662041368238533323165029287e-01
2.3877106026100544666768143997614970430732e-01
0.0000000000000000000000000000000000000000e+00
1.5888660869190224245173226336191873997450e-01
6.4232341260550407380236492826952598989010e-01
0.0000000000000000000000000000000000000000e+00
0.0000000000000000000000000000000000000000e+00
2.0010292563841741708685617595619987696409e-01
4.9543696689902860796905770257581025362015e-01
4.6001808567054408571905810276803094893694e-01
0.0000000000000000000000000000000000000000e+00
2.1306865985362066773234346328536048531532e-01
2.3946690980173185314683337310270871967077e-01
0.0000000000000000000000000000000000000000e+00
0.0000000000000000000000000000000000000000e+00
0.0000000000000000000000000000000000000000e+00
8.6511309812619813897072162944823503494263e+01
4.2136872221575194519260776360169984400272e-01
