1
0
23
6.9904172763568761528318873388343490660191e-01
3.6072126298429590951499790207890328019857e-01
2.7717157560795413484555638206074945628643e-01
7.8760140225406372049832270931801758706570e-01
0.0000000000000000000000000000000000000000e+00
7.2823760260148773237887098730425350368023e-01
7.8367732282138569122054150284384377300739e-01
4.1868341434961309222018144282628782093525e-01
6.5831685266297101932764235243666917085648e-01
7.8584023668443769850000535370782017707825e-01
6.6718637146544856886265506545896641910076e-01
4.4191214396041850198670886129548307508230e-01
3.9136877058381930316599550678802188485861e-01
6.4967974971299058406515314345597289502621e-01
5.5582108647346228913477261812658980488777e-01
1.0000000000000000000000000000000000000000e+00
0.0000000000000000000000000000000000000000e+00
1.0000000000000000000000000000000000000000e+00
7.4719590274919844841150506908888928592205e-01
8.8185633307564459393290690059075132012367e-01
7.6246642863747626783776922820834442973137e-01
1.0000000000000000000000000000000000000000e+00
4.5222182699733726174429193633841350674629e-01
7.2002272199791117479605873086256906390190e-01
7.1911844676923719621441932758898474276066e-01
6.4802182581557121743287552817491814494133e-01
6.3131132279826895903340755467070266604424e-01
8.9684424987876742996206758107291534543037e-01
5.1238873712784349656601534661604091525078e-01
4.9340676743534978010430336325953248888254e-01
4.8540912642581302005595489390543662011623e-01
8.9336105099477425284248965908773243427277e-01
7.6246642863747959850684310367796570062637e-01
6.6718637146544856886265506545896641910076e-01
5.0149559461570314411460458359215408563614e-01
8.3306952182021642983045239816419780254364e-01
8.9336105099477436386479212160338647663593e-01
2.3499632312853352411607943395210895687342e-01
8.4573719082249954048791096283821389079094e-01
7.8699908089116155096576221694704145193100e-01
9.1037928789213662383872360805980861186981e-01
8.5685970571457792388514462800230830907822e-01
6.9340639481666321852770806799526326358318e-01
8.5685970571457703570672492787707597017288e-01
7.5817841771340133139034378473297692835331e-01
4.9968792050298616036485555014223791658878e-01
1.6594133115247799992175714578479528427124e-01
7.1373791888592430510129815957043319940567e-01
7.5775038450033727066568189911777153611183e-01
1.0000000000000000000000000000000000000000e+00
9.1143606388620734826133684691740199923515e-01
9.9205726342656819216614394463249482214451e-01
7.9278159748405818696426194946980103850365e-01
6.9764911157284514864329594274749979376793e-01
8.6941489119554238307330251700477674603462e-01
1.0000000000000000000000000000000000000000e+00
7.5660486075762256596988208912080153822899e-02
6.6341598162448667252988343534525483846664e-01
8.0767573422527982884844277577940374612808e-01
9.2434346586837556891680378612363710999489e-01
9.0670938040160731219430090277455747127533e-01
4.0566116578798494529678464459720999002457e-01
9.7770717984931787558622318101697601377964e-01
9.1165262065839303140535321290371939539909e-01
1.0000000000000000000000000000000000000000e+00
8.5685970571457747979593477793969213962555e-01
3.6028697136459136851627249598095659166574e-01
2.6551015087583351714783930219709873199463e-01
7.6246642863747959850684310367796570062637e-01
6.6198500721873276830820032046176493167877e-01
6.7004735588814601232598988644895143806934e-01
6.5831685266297101932764235243666917085648e-01
8.6058427978655116508122091545374132692814e-01
7.6246642863747959850684310367796570062637e-01
6.3131132279827018027873464234289713203907e-01
7.6246642863747959850684310367796570062637e-01
7.4068839393425789374703072098782286047935e-01
8.0658530203243328227102892924449406564236e-01
1.0000000000000000000000000000000000000000e+00
6.0933560277530729454298352720797993242741e-01
7.1729399160522866463196578479255549609661e-01
1.0000000000000000000000000000000000000000e+00
9.1726090268814264305774486274458467960358e-01
1.0000000000000000000000000000000000000000e+00
1.0000000000000000000000000000000000000000e+00
6.7781025470639288954544099397026002407074e-01
9.0069834607613563637329434641287662088871e-01
7.6171596017883269613690799815231002867222e-01
1.0000000000000000000000000000000000000000e+00
4.9334804040520874313102694941335357725620e-01
2.8702601397817917305843593567260541021824e-01
6.8114700344546874610784925607731565833092e-01
0.0000000000000000000000000000000000000000e+00
6.0859602564088499665473364075296558439732e-01
7.4024940800876670721208938630297780036926e-01
5.2713937003743815967737873506848700344563e-01
5.3063742872683983264892049191985279321671e-01
2.4474100765869566398436063536792062222958e-01
4.8047198237943589127496579749276861548424e-01
6.0513836143219756902311701196595095098019e-01
7.9781201843912796789481944870203733444214e-01
7.2867340315540229944701877684565261006355e-01
3.6316715222426260156751709473610389977694e-01
3.5041778966181519328060289808490779250860e-01
9.7515648345955641129734203786938451230526e-01
3.9746741492944814844179290957981720566750e-01
0.0000000000000000000000000000000000000000e+00
6.4802182581557210561129522830015048384666e-01
8.5700855684629140274211067662690766155720e-01
5.9430587947366919632230519709992222487926e-01
8.0328109292939464669558446985320188105106e-01
9.3485275037890269711482460479601286351681e-01
8.0372591327402209682162492754287086427212e-01
6.4802182581557121743287552817491814494133e-01
5.9414678650056462760886688556638546288013e-01
7.3848581770105603538922878215089440345764e-01
5.9861620737724363650045233953278511762619e-01
7.8539098732948631198524935825844295322895e-01
7.8539098732948631198524935825844295322895e-01
7.9810139543616909207912613055668771266937e-01
6.4802182581557210561129522830015048384666e-01
1.4030710609311766723372727483365451917052e-01
6.5233960460559570204708279561600647866726e-01
8.4260405746786648517598905527847819030285e-01
7.4135913515277107599388273229124024510384e-01
6.6768876868585325112803730007726699113846e-01
5.1478808877431847523808983169146813452244e-01
7.9278159748405818696426194946980103850365e-01
6.8518933277901139522469975418061949312687e-01
7.9026201957803821063208715713699348270893e-01
7.1219486264371190120670007672742940485477e-01
1.0000000000000000000000000000000000000000e+00
8.0140014704709727766385185532271862030029e-01
6.7004735588814190450079877336975187063217e-01
6.7027477257325562831624665705021470785141e-01
6.4332412392932813993695617682533338665962e-01
6.3354453061983029282799861903185956180096e-01
5.1478808877431847523808983169146813452244e-01
6.0199235647969862039730060132569633424282e-01
7.3352103742845287115414976142346858978271e-01
6.5901534635360370373291516443714499473572e-01
6.5831685266297135239454973998363129794598e-01
6.4958495966086671202788238588254898786545e-01
7.4904561215880050006887813651701435446739e-01
6.7581741675612938546890973157132975757122e-01
7.8683107339400470969792422692989930510521e-01
8.2651259646998964658592967680306173861027e-01
6.6661693710378555621787199925165623426437e-01
6.7004735588814601232598988644895143806934e-01
6.7004735588814601232598988644895143806934e-01
5.8499813904480535420304931903956457972527e-01
6.9484148033141435174542266395292244851589e-01
7.9299067470942397051203442970290780067444e-01
6.7004735588814579028138496141764335334301e-01
4.6828671926693560267906946137372869998217e-01
7.9913514468640156618306491509429179131985e-01
9.0308854714774489114148536827997304499149e-01
1.0000000000000000000000000000000000000000e+00
6.7096367023330028001026903439196757972240e-01
1.0000000000000000000000000000000000000000e+00
1.0000000000000000000000000000000000000000e+00
6.6999805730988515328760968259302899241447e-01
1.0000000000000000000000000000000000000000e+00
8.3962923616997742204404175936360843479633e-01
1.0000000000000000000000000000000000000000e+00
6.6465346036264472129317937287851236760616e-01
6.7096367023330028001026903439196757972240e-01
3.6289162863333890296502204364514909684658e-01
1.7560601046190582597006368814618326723576e-01
1.0000000000000000000000000000000000000000e+00
6.9702054214775999163578035222599282860756e-01
6.6465346036264483231548183539416640996933e-01
0.0000000000000000000000000000000000000000e+00
8.6896283842943367048405889363493770360947e-01
5.7780346494286971559262156006298027932644e-01
7.2686400738437040303097091964446008205414e-01
9.8956589723174659400939390252460725605488e-01
6.6779602225031220452677871435298584401608e-01
6.0065155342806642035924369338317774236202e-01
6.5689134461804865594558577868156135082245e-01
4.6655889008123185845988700748421251773834e-01
6.8048454013605041978962617577053606510162e-01
7.3912922292646299204932347493013367056847e-01
7.6026152464582841261631074303295463323593e-01
9.6103041745381156957250823325011879205704e-01
5.1784645264792383834162592393113300204277e-01
4.8894011254827007828538398825912736356258e-01
6.0213715413141066790103650419041514396667e-01
6.6493971909950999599203669276903383433819e-01
6.9841172399894779765361363388365134596825e-01
2.8215618238125139694005838464363478124142e-01
2.8215618238125139694005838464363478124142e-01
5.5722292624503844127303864297573454678059e-01
4.9799001593513353425279888142540585249662e-01
1.0000000000000000000000000000000000000000e+00
1.0000000000000000000000000000000000000000e+00
3.4140992612450898890941175523039419203997e-01
7.3382616136131051387536672336864285171032e-01
6.3131132279827018027873464234289713203907e-01
1.0000000000000000000000000000000000000000e+00
5.6913094509107242657819369924254715442657e-01
3.4140992612450898890941175523039419203997e-01
5.6892931756179876412460316714714281260967e-01
7.1934579011636101686377742225886322557926e-01
6.3601015406635252880107600503833964467049e-01
5.3263840876352752662370448888395912945271e-01
7.3911028765969855047757164356880821287632e-01
6.6768876868585325112803730007726699113846e-01
5.4380210976635934283507367581478320062160e-01
8.5017072935020432389308098208857700228691e-01
7.2798673524024626324546716205077245831490e-01
3.4140992612450898890941175523039419203997e-01
2.7717157560795413484555638206074945628643e-01
0.0000000000000000000000000000000000000000e+00
4.1868341434961309222018144282628782093525e-01
4.4191214396041850198670886129548307508230e-01
0.0000000000000000000000000000000000000000e+00
4.5222182699733726174429193633841350674629e-01
4.9340676743534978010430336325953248888254e-01
2.3499632312853352411607943395210895687342e-01
1.6594133115247799992175714578479528427124e-01
7.5660486075762256596988208912080153822899e-02
2.6551015087583351714783930219709873199463e-01
6.0933560277530729454298352720797993242741e-01
0.0000000000000000000000000000000000000000e+00
0.0000000000000000000000000000000000000000e+00
1.4030710609311766723372727483365451917052e-01
5.1478808877431847523808983169146813452244e-01
4.6828671926693560267906946137372869998217e-01
0.0000000000000000000000000000000000000000e+00
2.8215618238125139694005838464363478124142e-01
3.4140992612450898890941175523039419203997e-01
0.0000000000000000000000000000000000000000e+00
2.7717157560795413484555638206074945628643e-01
0.0000000000000000000000000000000000000000e+00
4.1868341434961309222018144282628782093525e-01
4.4191214396041850198670886129548307508230e-01
0.0000000000000000000000000000000000000000e+00
4.5222182699733726174429193633841350674629e-01
4.9340676743534978010430336325953248888254e-01
2.3499632312853352411607943395210895687342e-01
1.6594133115247799992175714578479528427124e-01
7.5660486075762256596988208912080153822899e-02
2.6551015087583351714783930219709873199463e-01
6.0933560277530729454298352720797993242741e-01
0.0000000000000000000000000000000000000000e+00
0.0000000000000000000000000000000000000000e+00
1.4030710609311766723372727483365451917052e-01
5.1478808877431847523808983169146813452244e-01
4.6828671926693560267906946137372869998217e-01
0.0000000000000000000000000000000000000000e+00
2.8215618238125139694005838464363478124142e-01
3.4140992612450898890941175523039419203997e-01
0.0000000000000000000000000000000000000000e+00
0.0000000000000000000000000000000000000000e+00
2.7717157560795413484555638206074945628643e-01
0.0000000000000000000000000000000000000000e+00
4.1868341434961309222018144282628782093525e-01
4.4191214396041850198670886129548307508230e-01
0.0000000000000000000000000000000000000000e+00
4.5222182699733726174429193633841350674629e-01
4.9340676743534978010430336325953248888254e-01
2.3499632312853352411607943395210895687342e-01
1.6594133115247799992175714578479528427124e-01
7.5660486075762256596988208912080153822899e-02
2.6551015087583351714783930219709873199463e-01
6.0933560277530729454298352720797993242741e-01
0.0000000000000000000000000000000000000000e+00
0.0000000000000000000000000000000000000000e+00
1.4030710609311766723372727483365451917052e-01
5.1478808877431847523808983169146813452244e-01
4.6828671926693560267906946137372869998217e-01
0.0000000000000000000000000000000000000000e+00
2.8215618238125139694005838464363478124142e-01
3.4140992612450898890941175523039419203997e-01
0.0000000000000000000000000000000000000000e+00
0.0000000000000000000000000000000000000000e+00
0.0000000000000000000000000000000000000000e+00
8.7276356830941963949044293258339166641235e+01
5.8866178133693125573699944652616977691650e-01
