1
0
23
6.6243741762839558617770308046601712703705e-01
3.8254063347958072727195144580036867409945e-01
3.3936383088126470530809797310212161391973e-01
7.5208447669977418481579434228478930890560e-01
3.3606132890632377241413308865958242677152e-02
7.8018743821328939702652860432863235473633e-01
7.4211485726027393017290023635723628103733e-01
4.0837038889143395525849200566881336271763e-01
7.4291561080501389291441682871663942933083e-01
7.4706883335388640787755321071017533540726e-01
6.6720651189263691094311070628464221954346e-01
4.4005780217388223984897877016919665038586e-01
5.0070131904447967574611766394809819757938e-01
8.5186872580320938119768925389507785439491e-01
6.3979017469587873279124323744326829910278e-01
1.0000000000000000000000000000000000000000e+00
0.0000000000000000000000000000000000000000e+00
9.8478242793735915050490348221501335501671e-01
6.2862522878134285964080163466860540211201e-01
8.3304985704320877459849725710228085517883e-01
7.6932776367228838942935453815152868628502e-01
1.0000000000000000000000000000000000000000e+00
4.2733239312315757230109625197655986994505e-01
7.2600233862054319722290074423654004931450e-01
7.0413230023243222888140735449269413948059e-01
7.0413230023241657473676013978547416627407e-01
6.5997037150473025768349089048570021986961e-01
8.4812820458136806145432728953892365098000e-01
5.8355658563030599061960401741089299321175e-01
5.2277582815277900962769308534916490316391e-01
5.7552049284141304497097735293209552764893e-01
8.4805892302963248319258582341717556118965e-01
7.7048679299598377134827842382946982979774e-01
7.1376366389797563094532506511313840746880e-01
5.7952109260491702080742015823489055037498e-01
8.4483501438491070967273799396934919059277e-01
8.4805892302962726514437008518143557012081e-01
2.8302610393936405985826354481105227023363e-01
7.9289217883662266306288302075699903070927e-01
7.4945187322662132345385543885640799999237e-01
8.1701701724578079666372332212631590664387e-01
7.9289217883662266306288302075699903070927e-01
7.3720632736369129389686349895782768726349e-01
7.9193222862528067640397466675494797527790e-01
7.5965310330066249111524712134269066154957e-01
5.5668585314736107605426695954520255327225e-01
2.0972409709861006277265005337540060281754e-01
7.5141121715389080915059594190097413957119e-01
7.5759277450604378678633565868949517607689e-01
9.7679235867683922300841459218645468354225e-01
9.3867308059779486217877320086699910461903e-01
8.9205251075038849428722187440143898129463e-01
8.2266355241584365742824047629255801439285e-01
8.0142993839040077563851127706584520637989e-01
9.3887024977788691160185408079996705055237e-01
1.0000000000000000000000000000000000000000e+00
1.8409269711443471129186377766018267720938e-01
7.2600233862054275313369089417392387986183e-01
8.3746847053647677228127577109262347221375e-01
9.2853162996659810435318149757222272455692e-01
9.2968545596209795078834758896846324205399e-01
5.3353857671337312496007143636234104633331e-01
9.3822006633437216027715521704521961510181e-01
9.4283867716324021301943503203801810741425e-01
9.9144783544209047487782981988857500255108e-01
8.4602524689607916386080432857852429151535e-01
5.0027842457529925201953346913796849548817e-01
3.8167390253515681708407214500766713172197e-01
7.8018743821328295773298577842069789767265e-01
6.3905812536177719618279979840735904872417e-01
7.0369697179999712854936433359398506581783e-01
6.9398652180482367501923590680235065519810e-01
9.3125560935009288332508958774269558489323e-01
7.2235585780586597515195990126812830567360e-01
6.7467866768490958317983086089952848851681e-01
7.8018743821328295773298577842069789767265e-01
7.5965310330065805022314862071652896702290e-01
8.2778340081624168789176110294647514820099e-01
9.8614051566222871159084206738043576478958e-01
5.9146216275881835500172201136592775583267e-01
6.9884386866670145099789124287781305611134e-01
1.0000000000000000000000000000000000000000e+00
9.6550774433946762176361744423047639429569e-01
1.0000000000000000000000000000000000000000e+00
9.8354071445200663692531861670431680977345e-01
7.1113324097568375581346344915800727903843e-01
8.6358585183031499887817972194170579314232e-01
8.2469761843167654902231333835516124963760e-01
1.0000000000000000000000000000000000000000e+00
5.9142939032535812859947554898099042475224e-01
3.8167390253515681708407214500766713172197e-01
7.8671777664040043465121243571047671139240e-01
1.2893285228045359147586168546695262193680e-01
6.6386431215766050772941753166378475725651e-01
7.4706883335388640787755321071017533540726e-01
6.3625103113676584332125685250503011047840e-01
6.3625103113676584332125685250503011047840e-01
4.2583331845949623506442094367230311036110e-01
6.5035820983748826584758262470131739974022e-01
6.8783188888605417687927001679781824350357e-01
8.7571169243664748194078129017725586891174e-01
7.8102631247607190445592095784377306699753e-01
4.2550360448735746743409436021465808153152e-01
4.4317297379947728774851611888152547180653e-01
1.0000000000000000000000000000000000000000e+00
6.1205182560904658473077688540797680616379e-01
0.0000000000000000000000000000000000000000e+00
7.2600233862054275313369089417392387986183e-01
8.4805892302963248319258582341717556118965e-01
6.9809719614435117307493783300742506980896e-01
8.2924532507448966978103044311865232884884e-01
9.6629713787133431068809841235633939504623e-01
7.9042591033563780467119386230478994548321e-01
7.2600233862054330824520320675219409167767e-01
7.2743942773820780001159391758847050368786e-01
8.1701701724578079666372332212631590664387e-01
7.1918798357216151551085658866213634610176e-01
8.3781651049383976115336736256722360849380e-01
7.8056311400754485596564791194396093487740e-01
7.7484952378438098907764697287348099052906e-01
7.7823717220679067274602402903838083148003e-01
2.0926621697203140470833204744849354028702e-01
6.9166701943554653730927839205833151936531e-01
8.0754500384125238454657846887130290269852e-01
7.4069901507976432242230657720938324928284e-01
7.1376366389797563094532506511313840746880e-01
5.6026755261522209750069123401772230863571e-01
8.0026243667961749483907851754338480532169e-01
7.1383294544971898076823890733066946268082e-01
7.8018743821328351284449809099896810948849e-01
7.3314079956963051909468731537344865500927e-01
1.0000000000000000000000000000000000000000e+00
8.6119918719994326128386319396668113768101e-01
7.1383294544971898076823890733066946268082e-01
7.8018743821328306875528824093635194003582e-01
7.7876054368401859129278363980120047926903e-01
6.9166701943554653730927839205833151936531e-01
5.5408107616350055213416680999216623604298e-01
6.7975403887045260375998623203486204147339e-01
7.7683191771453619089982112200232222676277e-01
7.1383294544972419881645464556640945374966e-01
7.1376366389797041289710932687739841639996e-01
6.6054902013841154673201572222751565277576e-01
7.2235585780586575310735497623682022094727e-01
7.1383294544971631623297980695497244596481e-01
7.9860595915970089553326261011534370481968e-01
7.9289217883662266306288302075699903070927e-01
6.6539729005551517815320039517246186733246e-01
7.3410865463831798116700610989937558770180e-01
7.1383294544972153428119554519071243703365e-01
6.7922972768418810041168853786075487732887e-01
7.5146519707168935031660339518566615879536e-01
7.9584328474495269478694581266609020531178e-01
6.7922972768418810041168853786075487732887e-01
4.6646662002630778776079978342750109732151e-01
9.9926910938226587433064196375198662281036e-01
8.6745892542132141400657019403297454118729e-01
1.0000000000000000000000000000000000000000e+00
7.9577031566029754472424428968224674463272e-01
1.0000000000000000000000000000000000000000e+00
1.0000000000000000000000000000000000000000e+00
7.1383294544971631623297980695497244596481e-01
1.0000000000000000000000000000000000000000e+00
8.4068050548423745027548648067750036716461e-01
1.0000000000000000000000000000000000000000e+00
6.8804908419027022148384276079013943672180e-01
6.8698641698217799422820917243370786309242e-01
7.1433970244312494646266031850245781242847e-01
3.1543170978354329037074421648867428302765e-01
8.8732342867598701374731717805843800306320e-01
8.0026243667962015937433761791908182203770e-01
6.7491149079615020411893056007102131843567e-01
0.0000000000000000000000000000000000000000e+00
9.3916305277040523780129888109513558447361e-01
6.2899770386995323967482818261487409472466e-01
7.4684141518270064086237880474072881042957e-01
1.0000000000000000000000000000000000000000e+00
6.5832099640496377634946156831574626266956e-01
7.6932776367228838942935453815152868628502e-01
7.3472202285850607417216906469548121094704e-01
6.1643671523042664617264563275966793298721e-01
5.8751390400710912231829752272460609674454e-01
7.6199950520745485249562989338301122188568e-01
7.9540009028874181229440409879316575825214e-01
9.0090553845768805985017024795524775981903e-01
5.1551267121249277902705898668500594794750e-01
5.8230723622282398732608044156222604215145e-01
6.9389443104026737874079344692290760576725e-01
7.8190647490744757952541021950310096144676e-01
7.3076362690446416969791698647895827889442e-01
2.2825805016750488896093429502798244357109e-01
2.2825805016750488896093429502798244357109e-01
6.1884401423837109845749182568397372961044e-01
6.4056989873627934173327957978472113609314e-01
9.8408913112043683302232466303394176065922e-01
9.4190499010370709598305438703391700983047e-01
4.1401624820393839732091123551072087138891e-01
7.9042591033563780467119386230478994548321e-01
7.1456495747166282050955032900674268603325e-01
1.0000000000000000000000000000000000000000e+00
7.3720632736369395843212259933352470397949e-01
4.1401624820393839732091123551072087138891e-01
6.7034860339020974073775960277998819947243e-01
7.8145489236589282810996337502729147672653e-01
7.8138561081415369713454310840461403131485e-01
5.9576437897299350243685012173955328762531e-01
7.8138561081414925624244460777845233678818e-01
7.4524909190304799988524564469116739928722e-01
6.1884401423837109845749182568397372961044e-01
8.3262931511871574041805388333159498870373e-01
8.0528039653045191403890612491522915661335e-01
4.1401624820393839732091123551072087138891e-01
3.3936383088126470530809797310212161391973e-01
3.3606132890632377241413308865958242677152e-02
4.0837038889143395525849200566881336271763e-01
4.4005780217388223984897877016919665038586e-01
0.0000000000000000000000000000000000000000e+00
4.2733239312315757230109625197655986994505e-01
5.2277582815277900962769308534916490316391e-01
2.8302610393936405985826354481105227023363e-01
2.0972409709861006277265005337540060281754e-01
1.8409269711443471129186377766018267720938e-01
3.8167390253515681708407214500766713172197e-01
5.9146216275881835500172201136592775583267e-01
1.2893285228045359147586168546695262193680e-01
0.0000000000000000000000000000000000000000e+00
2.0926621697203140470833204744849354028702e-01
5.5408107616350055213416680999216623604298e-01
4.6646662002630778776079978342750109732151e-01
0.0000000000000000000000000000000000000000e+00
2.2825805016750488896093429502798244357109e-01
4.1401624820393839732091123551072087138891e-01
0.0000000000000000000000000000000000000000e+00
3.3936383088126470530809797310212161391973e-01
3.3606132890632377241413308865958242677152e-02
4.0837038889143395525849200566881336271763e-01
4.4005780217388223984897877016919665038586e-01
0.0000000000000000000000000000000000000000e+00
4.2733239312315757230109625197655986994505e-01
5.2277582815277900962769308534916490316391e-01
2.8302610393936405985826354481105227023363e-01
2.0972409709861006277265005337540060281754e-01
1.8409269711443471129186377766018267720938e-01
3.8167390253515681708407214500766713172197e-01
5.9146216275881835500172201136592775583267e-01
1.2893285228045359147586168546695262193680e-01
0.0000000000000000000000000000000000000000e+00
2.0926621697203140470833204744849354028702e-01
5.5408107616350055213416680999216623604298e-01
4.6646662002630778776079978342750109732151e-01
0.0000000000000000000000000000000000000000e+00
2.2825805016750488896093429502798244357109e-01
4.1401624820393839732091123551072087138891e-01
0.0000000000000000000000000000000000000000e+00
0.0000000000000000000000000000000000000000e+00
3.3936383088126470530809797310212161391973e-01
3.3606132890632377241413308865958242677152e-02
4.0837038889143395525849200566881336271763e-01
4.4005780217388223984897877016919665038586e-01
0.0000000000000000000000000000000000000000e+00
4.2733239312315757230109625197655986994505e-01
5.2277582815277900962769308534916490316391e-01
2.8302610393936405985826354481105227023363e-01
2.0972409709861006277265005337540060281754e-01
1.8409269711443471129186377766018267720938e-01
3.8167390253515681708407214500766713172197e-01
5.9146216275881835500172201136592775583267e-01
1.2893285228045359147586168546695262193680e-01
0.0000000000000000000000000000000000000000e+00
2.0926621697203140470833204744849354028702e-01
5.5408107616350055213416680999216623604298e-01
4.6646662002630778776079978342750109732151e-01
0.0000000000000000000000000000000000000000e+00
2.2825805016750488896093429502798244357109e-01
4.1401624820393839732091123551072087138891e-01
0.0000000000000000000000000000000000000000e+00
0.0000000000000000000000000000000000000000e+00
0.0000000000000000000000000000000000000000e+00
8.5359025900510559381473285611718893051147e+01
9.1022518816094299953789459323161281645298e-01
