1
0
23
7.4312228472504648912888569611823186278343e-01
3.4401307751867016282432132356916554272175e-01
2.5531471312745024349055711354594677686691e-01
8.2342024717261841360027574410196393728256e-01
0.0000000000000000000000000000000000000000e+00
7.7756314277642002430468437523813918232918e-01
7.6860475519136273181430851764162071049213e-01
4.7436347734317974023099395708413794636726e-01
6.1592762278546309140381254110252484679222e-01
9.2113826382869934406016909633763134479523e-01
7.8245212449957746159157068177592009305954e-01
4.3762523084878668377939447964308783411980e-01
2.9880885257725786630089714890345931053162e-01
6.2534976109539641697665501851588487625122e-01
5.9035235360265658766110163924167864024639e-01
9.6258013174003520528998478766879998147488e-01
0.0000000000000000000000000000000000000000e+00
1.0000000000000000000000000000000000000000e+00
8.1170888865190593541854013892589136958122e-01
8.3075206715343496988168681127717718482018e-01
8.7238654768761980662361565919127315282822e-01
8.5300489494382913946424196183215826749802e-01
4.1873283229444568931398862332571297883987e-01
7.1310514953347881039746880560414865612984e-01
7.8228093857084313178518186759902164340019e-01
5.8574180585896351569630269295885227620602e-01
6.4621856847332459494737122440710663795471e-01
9.4178450023243276412188151880400255322456e-01
5.0898379986442165989757313582231290638447e-01
4.9188996299218851193657542353321332484484e-01
4.4792043850644264191274146469368133693933e-01
9.6579770317850632821432554919738322496414e-01
7.3329033705054291747416073121712543070316e-01
6.2205741172964956753332899097586050629616e-01
3.9842810004815998325966575066559016704559e-01
6.9243300648615457859591515443753451108932e-01
8.4934388044048914068184785719495266675949e-01
2.2366579699375221945700786818633787333965e-01
8.7749847169396344437330981236300431191921e-01
7.3929913124718948935765183705370873212814e-01
1.0000000000000000000000000000000000000000e+00
9.9614986258518212203227903955848887562752e-01
6.6933005768948605762602710456121712923050e-01
8.3741605056593204636783411842770874500275e-01
1.0000000000000000000000000000000000000000e+00
4.9022631840113556345173151385097298771143e-01
2.4362068025791053238471306485735112801194e-01
6.7226818831167545198468360467813909053802e-01
7.5195890490960692886801552958786487579346e-01
7.6877835894127000138098537718178704380989e-01
8.6205990684703748261341615943820215761662e-01
8.1866756609460011873125040438026189804077e-01
7.3069753871598097649808778442093171179295e-01
5.9560673645936013098634020934696309268475e-01
8.1164543093216079405749496800126507878304e-01
1.0000000000000000000000000000000000000000e+00
0.0000000000000000000000000000000000000000e+00
5.7236008422155415509280373953515663743019e-01
7.9357843281369855326090601010946556925774e-01
9.2471597241219039009507696391665376722813e-01
8.5912423943945803728183818748220801353455e-01
2.3514430802390462460493836260866373777390e-01
8.8552058579583958763947748593636788427830e-01
7.8573433455393093538532411912456154823303e-01
9.4369801404140973843936990306247025728226e-01
8.5496031713059261747389427910093218088150e-01
2.4034333210726219198782871444564079865813e-01
1.4407444345631467697010918982414295896888e-01
8.3880879150589959802886141915223561227322e-01
7.3243623197434526428395429320516996085644e-01
6.4621856847332459494737122440710663795471e-01
6.4621856847332459494737122440710663795471e-01
6.7664564421697237506236888293642550706863e-01
9.1236298681703686952459975145757198333740e-01
6.5281415581549773197167496618931181728840e-01
7.4880782244217869436653245429624803364277e-01
6.9664750657266560907032726390752941370010e-01
6.7633910378807804431033900982583872973919e-01
1.0000000000000000000000000000000000000000e+00
6.4621856847332459494737122440710663795471e-01
7.3507383917287660857198261510347947478294e-01
1.0000000000000000000000000000000000000000e+00
9.7328200515100715684013721329392865300179e-01
1.0000000000000000000000000000000000000000e+00
1.0000000000000000000000000000000000000000e+00
5.5973814097412843970857920794514939188957e-01
9.1076345034924721666413915954763069748878e-01
7.9193098525673266685487305949209257960320e-01
1.0000000000000000000000000000000000000000e+00
4.3652012960237285277287355711450800299644e-01
2.2434596368302817115392144842189736664295e-01
6.4621856847332459494737122440710663795471e-01
0.0000000000000000000000000000000000000000e+00
5.8582022190528815208665491809369996190071e-01
8.0661088295647664914156393933808431029320e-01
4.7436347734317974023099395708413794636726e-01
5.7519463574948814788001527631422504782677e-01
2.5646921099423231060754346799512859433889e-01
4.4700831063546780930195723158249165862799e-01
5.4121138002545021716827022828510962426662e-01
7.4880782244217858334422999178059399127960e-01
6.6049081504528961428235334096825681626797e-01
2.9557814564104850640902100167295429855585e-01
2.6274434026057175151080969044414814561605e-01
8.0159982371779636700637183821527287364006e-01
2.9200496861682756488676204753573983907700e-01
0.0000000000000000000000000000000000000000e+00
6.8171227758911978611422455287538468837738e-01
9.6377407069633669323138747131451964378357e-01
5.3967987803761907628086191834881901741028e-01
7.8960294170823408510528906845138408243656e-01
1.0000000000000000000000000000000000000000e+00
1.0000000000000000000000000000000000000000e+00
5.8680112029065412126982437257538549602032e-01
5.2632435767629304201875584112713113427162e-01
7.8744527135628927805299781539360992610455e-01
5.0248807434303144336951163495541550219059e-01
9.0895768946735255866542502189986407756805e-01
7.2944617319533566757172593497671186923981e-01
8.1666634769154078377084715611999854445457e-01
6.3673350342459134054706737515516579151154e-01
1.8483177539087164431563792277302127331495e-01
6.1572298784291501494436715802294202148914e-01
1.0000000000000000000000000000000000000000e+00
7.3004892027283996291942003153963014483452e-01
6.7792362660031757481959857614128850400448e-01
4.8912545078746061388841326333931647241116e-01
1.0000000000000000000000000000000000000000e+00
6.5564041900758129877146984654245898127556e-01
8.2016228532087087632618249699589796364307e-01
6.1881124167794188117852627328829839825630e-01
8.8345289300533436094298167517990805208683e-01
7.7088515622346975852963169018039479851723e-01
6.9192727220503491558645237091695889830589e-01
5.8748317684315409792361606378108263015747e-01
7.3429844255634169059021587600000202655792e-01
6.1572298784291290552062037022551521658897e-01
4.8912545078746061388841326333931647241116e-01
5.5049562320822120753405215509701520204544e-01
6.6180126737292765959352891513844951987267e-01
6.6854813186589701068385238613700494170189e-01
6.4621856847332459494737122440710663795471e-01
5.9035235360265658766110163924167864024639e-01
8.4635769484003997575882749515585601329803e-01
6.0181743710910906575151102515519596636295e-01
7.6620600885360290455139420373598113656044e-01
8.0883363429592758375719085961463861167431e-01
5.6385500249216202739432901580585166811943e-01
6.5100391936245793900184253288898617029190e-01
6.4621856847332459494737122440710663795471e-01
5.0127435954928467598534780336194671690464e-01
6.7392937337268632447262461937498301267624e-01
9.5877388973982391462413943372666835784912e-01
6.8106496137656780121005795081146061420441e-01
4.6396726185132669550981177053472492843866e-01
1.0000000000000000000000000000000000000000e+00
1.0000000000000000000000000000000000000000e+00
1.0000000000000000000000000000000000000000e+00
4.3762523084878668377939447964308783411980e-01
1.0000000000000000000000000000000000000000e+00
1.0000000000000000000000000000000000000000e+00
4.9188996299218851193657542353321332484484e-01
1.0000000000000000000000000000000000000000e+00
9.4413378512933199271373041483457200229168e-01
9.7796285357618828459891346938093192875385e-01
6.4124891547260776114569580386159941554070e-01
1.0000000000000000000000000000000000000000e+00
3.3105414264587618156099324551178142428398e-01
1.4920848511034523475871083064703270792961e-01
1.0000000000000000000000000000000000000000e+00
8.1171768170431923827834452822571620345116e-01
6.0181743710911150824216520049958489835262e-01
0.0000000000000000000000000000000000000000e+00
6.6225813776870512405992030835477635264397e-01
5.7657560423231923873998994167777709662914e-01
7.3173777261287398232525447383522987365723e-01
9.6426516874019441161181021016091108322144e-01
6.5666647481062867530710036589880473911762e-01
4.1873283229444568931398862332571297883987e-01
5.6734698047024012534933490314870141446590e-01
3.2990875813733755439471906356629915535450e-01
7.8734856194968694254043839464429765939713e-01
6.6225813776870912086280895891832187771797e-01
6.9408606546087492361607473867479711771011e-01
1.0000000000000000000000000000000000000000e+00
4.4337383111674566471549496782245114445686e-01
3.8135730822905955506030295509845018386841e-01
6.1758361374177039859745264038792811334133e-01
7.7555344344103294140779780718730762600899e-01
7.9791359081210733172895288589643314480782e-01
1.9692669201004545098676601355691673234105e-01
1.9692669201004545098676601355691673234105e-01
5.0320951980664319069802559170057065784931e-01
4.4990491650428765524338814429938793182373e-01
1.0000000000000000000000000000000000000000e+00
1.0000000000000000000000000000000000000000e+00
2.4101399547924742816640275577810825780034e-01
6.6472680038232201393810782974469475448132e-01
5.9937492329399277846135873915045522153378e-01
8.8552058579583958763947748593636788427830e-01
5.4616488261536477732960292996722273528576e-01
2.6007485782920075623181332957756239920855e-01
4.8583172286465969857971458623069338500500e-01
6.4621856847332459494737122440710663795471e-01
6.6729111281823927370737692399416118860245e-01
4.5050384174139002091408201522426679730415e-01
8.0421476064423202956277236808091402053833e-01
6.1630747108350281138200443820096552371979e-01
4.6396726185132669550981177053472492843866e-01
9.7802102150844771877302719076396897435188e-01
6.8428757131734130325639853253960609436035e-01
2.4101399547924742816640275577810825780034e-01
2.5531471312745024349055711354594677686691e-01
0.0000000000000000000000000000000000000000e+00
4.7436347734317974023099395708413794636726e-01
4.3762523084878668377939447964308783411980e-01
0.0000000000000000000000000000000000000000e+00
4.1873283229444568931398862332571297883987e-01
4.9188996299218851193657542353321332484484e-01
2.2366579699375221945700786818633787333965e-01
2.4362068025791053238471306485735112801194e-01
0.0000000000000000000000000000000000000000e+00
1.4407444345631467697010918982414295896888e-01
6.4621856847332459494737122440710663795471e-01
0.0000000000000000000000000000000000000000e+00
0.0000000000000000000000000000000000000000e+00
1.8483177539087164431563792277302127331495e-01
4.8912545078746061388841326333931647241116e-01
4.6396726185132669550981177053472492843866e-01
0.0000000000000000000000000000000000000000e+00
1.9692669201004545098676601355691673234105e-01
2.4101399547924742816640275577810825780034e-01
0.0000000000000000000000000000000000000000e+00
2.5531471312745024349055711354594677686691e-01
0.0000000000000000000000000000000000000000e+00
4.7436347734317974023099395708413794636726e-01
4.3762523084878668377939447964308783411980e-01
0.0000000000000000000000000000000000000000e+00
4.1873283229444568931398862332571297883987e-01
4.9188996299218851193657542353321332484484e-01
2.2366579699375221945700786818633787333965e-01
2.4362068025791053238471306485735112801194e-01
0.0000000000000000000000000000000000000000e+00
1.4407444345631467697010918982414295896888e-01
6.4621856847332459494737122440710663795471e-01
0.0000000000000000000000000000000000000000e+00
0.0000000000000000000000000000000000000000e+00
1.8483177539087164431563792277302127331495e-01
4.8912545078746061388841326333931647241116e-01
4.6396726185132669550981177053472492843866e-01
0.0000000000000000000000000000000000000000e+00
1.9692669201004545098676601355691673234105e-01
2.4101399547924742816640275577810825780034e-01
0.0000000000000000000000000000000000000000e+00
0.0000000000000000000000000000000000000000e+00
2.5531471312745024349055711354594677686691e-01
0.0000000000000000000000000000000000000000e+00
4.7436347734317974023099395708413794636726e-01
4.3762523084878668377939447964308783411980e-01
0.0000000000000000000000000000000000000000e+00
4.1873283229444568931398862332571297883987e-01
4.9188996299218851193657542353321332484484e-01
2.2366579699375221945700786818633787333965e-01
2.4362068025791053238471306485735112801194e-01
0.0000000000000000000000000000000000000000e+00
1.4407444345631467697010918982414295896888e-01
6.4621856847332459494737122440710663795471e-01
0.0000000000000000000000000000000000000000e+00
0.0000000000000000000000000000000000000000e+00
1.8483177539087164431563792277302127331495e-01
4.8912545078746061388841326333931647241116e-01
4.6396726185132669550981177053472492843866e-01
0.0000000000000000000000000000000000000000e+00
1.9692669201004545098676601355691673234105e-01
2.4101399547924742816640275577810825780034e-01
0.0000000000000000000000000000000000000000e+00
0.0000000000000000000000000000000000000000e+00
0.0000000000000000000000000000000000000000e+00
8.5046140338716753603875986300408840179443e+01
4.2432367488968997237819280599069315940142e-01
