1
0
23
7.1679658302814941439606855055899359285831e-01
3.5166400408992548598519078950630500912666e-01
3.0724778334345870245414289456675760447979e-01
8.1875037524187677107079252891708165407181e-01
0.0000000000000000000000000000000000000000e+00
7.3339227059904199546025438394281081855297e-01
7.4779769002198670513337219745153561234474e-01
4.2509938282475839832486030900327023118734e-01
6.3028236622549060896858463820535689592361e-01
8.2323850873864279353853135035024024546146e-01
7.0060210537628286875388994303648360073566e-01
4.0755691227111412455741401572595350444317e-01
3.1754803799755482174305143416859209537506e-01
6.3900103650729678239628128721960820257664e-01
5.5712520429304546176751955499639734625816e-01
1.0000000000000000000000000000000000000000e+00
0.0000000000000000000000000000000000000000e+00
1.0000000000000000000000000000000000000000e+00
7.9226805076306350272830059111583977937698e-01
9.3048950021442689006789805716834962368011e-01
8.0044846883696452177758828838705085217953e-01
8.7226175230881797251214493371662683784962e-01
4.7430853144129092591185781202511861920357e-01
7.4791975708435909364624194495263509452343e-01
7.5754522916260735865279229983570985496044e-01
6.3544177297080672861540051599149592220783e-01
6.2237323921973053408862597279949113726616e-01
8.9747192440735956697750452804029919207096e-01
4.7891074395367411176138716655259486287832e-01
4.7583132626393992437030533437791746109724e-01
4.9021204895233377873964286663976963609457e-01
9.1247629703158272818086516053881496191025e-01
7.6012141608533578818196474458090960979462e-01
6.4851192214421626847098423240822739899158e-01
4.4996967206309634867977820249507203698158e-01
8.0044846883696740835745231379405595362186e-01
8.6922539636208751012702578009339049458504e-01
2.2797656568111268615695053085801191627979e-01
8.4557380275575155792466830462217330932617e-01
8.2099398195810480149958721085567958652973e-01
9.8518134021037195857672941201599314808846e-01
9.3610475603352394369238709259661845862865e-01
7.0033949755725410923901108617428690195084e-01
8.5925115905277515970794866007054224610329e-01
8.4641759162333440880132684469572268426418e-01
5.0941537750327359201918397957342676818371e-01
2.1930817300537408520710869197500869631767e-01
6.6548577236512418409120073192752897739410e-01
7.4151120426797800799789683878771029412746e-01
8.9544270511721180128006380982697010040283e-01
9.1756334473339729029817135597113519906998e-01
8.9535521416229046920420842070598155260086e-01
7.6762195165416480246989294755621813237667e-01
6.8101898327178245207136342287412844598293e-01
8.3097944902474030204331256754812784492970e-01
1.0000000000000000000000000000000000000000e+00
1.2341266897120655582353876411616511177272e-02
6.3028236622549060896858463820535689592361e-01
7.8687197950147691472011501900851726531982e-01
9.2901439794424245377513216226361691951752e-01
9.4878943305162577459554995584767311811447e-01
3.0494486824860356222188784158788621425629e-01
9.6015046762325373386204319103853777050972e-01
8.6922539636208751012702578009339049458504e-01
1.0000000000000000000000000000000000000000e+00
8.5925115905277482664104127252358011901379e-01
3.1055318204173487650621154898544773459435e-01
2.4640788063148513775679759874037699773908e-01
7.6012141608533578818196474458090960979462e-01
7.0815677077585448273566726129502058029175e-01
6.6468615827417520947051343682687729597092e-01
6.4312053501281851719539872647146694362164e-01
8.5192565255586349959315839441842399537563e-01
7.8820429650353129868989299211534671485424e-01
6.3544177297080850497223991624196060001850e-01
7.6012141608533578818196474458090960979462e-01
7.2490268636926014078625257752719335258007e-01
7.5961763912988100599932295153848826885223e-01
1.0000000000000000000000000000000000000000e+00
6.3544177297080850497223991624196060001850e-01
7.3339227059904199546025438394281081855297e-01
1.0000000000000000000000000000000000000000e+00
9.4481398801109139906628797689336352050304e-01
1.0000000000000000000000000000000000000000e+00
1.0000000000000000000000000000000000000000e+00
6.0130804302967433283555465095560066401958e-01
8.8497434640792138615950079838512465357780e-01
7.7091306487084720888702804586500860750675e-01
1.0000000000000000000000000000000000000000e+00
4.6075708033525353268800017758621834218502e-01
2.4640788063148513775679759874037699773908e-01
6.7570923944156668916605212871218100190163e-01
0.0000000000000000000000000000000000000000e+00
6.3617583791300069684382378909504041075706e-01
7.6125331470301982328408030298305675387383e-01
5.0583755178972156230088330630678683519363e-01
5.7104801822530482091622161533450707793236e-01
2.1754088028390861087046914690290577709675e-01
4.7430853144129092591185781202511861920357e-01
5.8911540015445673645899660186842083930969e-01
7.7473219346942845398018562264041975140572e-01
6.7147318316011839200996291765477508306503e-01
3.7962352267441434872097261177259497344494e-01
3.1983206029372196477211787168926093727350e-01
9.2862531485396759833861324295867234468460e-01
3.4647341947826432173584976226266007870436e-01
0.0000000000000000000000000000000000000000e+00
6.3028236622548927670095508801750838756561e-01
8.7124897239308651819555961992591619491577e-01
5.7696202088493819815084862057119607925415e-01
7.9479363492220678200084194031660445034504e-01
1.0000000000000000000000000000000000000000e+00
8.3848234597685400437683256313903257250786e-01
6.3028236622548938772325755053316242992878e-01
5.5323746355023839527120799175463616847992e-01
7.5978556271034780600359681557165458798409e-01
4.9798109925491523819474082301894668489695e-01
7.7225927236031299827345719677396118640900e-01
7.6012141608533578818196474458090960979462e-01
7.5436423504485983215772648691199719905853e-01
6.1551871014575232354815170765505172312260e-01
1.0659805349331963331138695139088667929173e-01
6.2769978201979303999991088858223520219326e-01
9.1247629703157806524416173488134518265724e-01
7.4137056219508401522233498326386325061321e-01
6.8974883079488980008875387284206226468086e-01
4.6739204603219253186807691236026585102081e-01
8.0250594001162112167691020658821798861027e-01
6.7294720171964006460996188252465799450874e-01
7.8225201744211003695994577356032095849514e-01
6.8062596376164952172160838017589412629604e-01
9.3793620190442661410656910447869449853897e-01
7.6597346395151699738335082656703889369965e-01
6.6653247183948549636767211268306709825993e-01
5.7920273779505482281138029065914452075958e-01
6.7672029095306840407175741347600705921650e-01
6.2769978201979270693300350103527307510376e-01
4.6739204603219253186807691236026585102081e-01
6.0355322073919559500154718989506363868713e-01
7.2372996079051010731575388490455225110054e-01
6.5781501596426139588658088541706092655659e-01
6.4312053501282029355223812672193162143230e-01
6.2529556318881340803983448495273478329182e-01
7.6796176204934152309533601510338485240936e-01
6.5858795419625126843499174356111325323582e-01
7.7370772987036628975943131081294268369675e-01
8.0988314946940531680041885920218192040920e-01
6.5830622321813780928323467378504574298859e-01
6.5876142352027189375007765193004161119461e-01
6.6653247183948693965760412538656964898109e-01
5.3143840099276817845463938283501192927361e-01
6.9237550206358444704335397545946761965752e-01
8.2441399908689372288961294543696567416191e-01
6.6653247183948549636767211268306709825993e-01
4.7393622157232478953048371295153629034758e-01
1.0000000000000000000000000000000000000000e+00
1.0000000000000000000000000000000000000000e+00
1.0000000000000000000000000000000000000000e+00
5.7271741079947502406355397397419437766075e-01
1.0000000000000000000000000000000000000000e+00
9.4344727998772182075981618254445493221283e-01
5.4279249653011019116632951408973895013332e-01
1.0000000000000000000000000000000000000000e+00
7.7976784596688741846293169146520085632801e-01
9.6985525993962085067323641851544380187988e-01
6.1460894648509301063654675090219825506210e-01
8.9135703404551991368975905061233788728714e-01
2.6641314846535846250219492503674700856209e-01
2.3804590461939395540369446280237752944231e-01
1.0000000000000000000000000000000000000000e+00
8.6031024468878269928495683416258543729782e-01
5.7271741079947457997434412391157820820808e-01
0.0000000000000000000000000000000000000000e+00
7.9669799360388549036571248507243581116199e-01
6.0436749094409558669127591201686300337315e-01
7.3794732971609244831512341988855041563511e-01
9.7009825325557663688869070028886198997498e-01
7.4830936655614510577549935987917706370354e-01
5.3900925215872785845050429998082108795643e-01
5.9138872806722464492423796400544233620167e-01
3.9516223195092287090446347974648233503103e-01
7.3620250246718921260935530881397426128387e-01
7.1276804467986820679215043128351680934429e-01
7.6137015359857529439580048347124829888344e-01
8.7084028643169308914195880788611248135567e-01
5.0902316160213456619487715215655043721199e-01
4.5063533148623358126627636011107824742794e-01
6.1334789925607857696832070359960198402405e-01
6.7677163326750056082659057210548780858517e-01
7.3549889497799059157046031032223254442215e-01
2.2031311788227858627919886203017085790634e-01
2.2031311788227858627919886203017085790634e-01
5.3889688306969441011773369609727524220943e-01
4.8929243487818580016224245810008142143488e-01
1.0000000000000000000000000000000000000000e+00
1.0000000000000000000000000000000000000000e+00
2.8954751274210199785130726013449020683765e-01
7.0158620515677527773590327342390082776546e-01
6.1440095215907863934745591905084438621998e-01
9.2599387922725751032260177453281357884407e-01
5.0435897444226962527125124324811622500420e-01
2.8954751274210199785130726013449020683765e-01
5.3939867849038591884891502559185028076172e-01
6.7841657912594544033169086105772294104099e-01
5.8467227181751546538635011529549956321716e-01
4.8053618126518710118588728619215544313192e-01
7.0926496719878528995906208365340717136860e-01
6.3774379558000737766576548892771825194359e-01
5.1319383984681299359920103597687557339668e-01
8.4403654035847341940979049468296580016613e-01
7.2318122476769686191033770228386856615543e-01
2.8954751274210199785130726013449020683765e-01
3.0724778334345870245414289456675760447979e-01
0.0000000000000000000000000000000000000000e+00
4.2509938282475839832486030900327023118734e-01
4.0755691227111412455741401572595350444317e-01
0.0000000000000000000000000000000000000000e+00
4.7430853144129092591185781202511861920357e-01
4.7583132626393992437030533437791746109724e-01
2.2797656568111268615695053085801191627979e-01
2.1930817300537408520710869197500869631767e-01
1.2341266897120655582353876411616511177272e-02
2.4640788063148513775679759874037699773908e-01
6.3544177297080850497223991624196060001850e-01
0.0000000000000000000000000000000000000000e+00
0.0000000000000000000000000000000000000000e+00
1.0659805349331963331138695139088667929173e-01
4.6739204603219253186807691236026585102081e-01
4.7393622157232478953048371295153629034758e-01
0.0000000000000000000000000000000000000000e+00
2.2031311788227858627919886203017085790634e-01
2.8954751274210199785130726013449020683765e-01
0.0000000000000000000000000000000000000000e+00
3.0724778334345870245414289456675760447979e-01
0.0000000000000000000000000000000000000000e+00
4.2509938282475839832486030900327023118734e-01
4.0755691227111412455741401572595350444317e-01
0.0000000000000000000000000000000000000000e+00
4.7430853144129092591185781202511861920357e-01
4.7583132626393992437030533437791746109724e-01
2.2797656568111268615695053085801191627979e-01
2.1930817300537408520710869197500869631767e-01
1.2341266897120655582353876411616511177272e-02
2.4640788063148513775679759874037699773908e-01
6.3544177297080850497223991624196060001850e-01
0.0000000000000000000000000000000000000000e+00
0.0000000000000000000000000000000000000000e+00
1.0659805349331963331138695139088667929173e-01
4.6739204603219253186807691236026585102081e-01
4.7393622157232478953048371295153629034758e-01
0.0000000000000000000000000000000000000000e+00
2.2031311788227858627919886203017085790634e-01
2.8954751274210199785130726013449020683765e-01
0.0000000000000000000000000000000000000000e+00
0.0000000000000000000000000000000000000000e+00
3.0724778334345870245414289456675760447979e-01
0.0000000000000000000000000000000000000000e+00
4.2509938282475839832486030900327023118734e-01
4.0755691227111412455741401572595350444317e-01
0.0000000000000000000000000000000000000000e+00
4.7430853144129092591185781202511861920357e-01
4.7583132626393992437030533437791746109724e-01
2.2797656568111268615695053085801191627979e-01
2.1930817300537408520710869197500869631767e-01
1.2341266897120655582353876411616511177272e-02
2.4640788063148513775679759874037699773908e-01
6.3544177297080850497223991624196060001850e-01
0.0000000000000000000000000000000000000000e+00
0.0000000000000000000000000000000000000000e+00
1.0659805349331963331138695139088667929173e-01
4.6739204603219253186807691236026585102081e-01
4.7393622157232478953048371295153629034758e-01
0.0000000000000000000000000000000000000000e+00
2.2031311788227858627919886203017085790634e-01
2.8954751274210199785130726013449020683765e-01
0.0000000000000000000000000000000000000000e+00
0.0000000000000000000000000000000000000000e+00
0.0000000000000000000000000000000000000000e+00
8.8026940227813568640158337075263261795044e+01
5.0782959037881825192783935563056729733944e-01
