1
0
23
8.7228025817961785115528527967398986220360e-01
3.4485116458891318380608481675153598189354e-01
2.8064478247781277087113949164631776511669e-01
5.5651157302575104957043095055269077420235e-01
0.0000000000000000000000000000000000000000e+00
6.0109692683345716801568414666689932346344e-01
5.3180190265891902345885000613634474575520e-01
3.5398965812592725344032373868685681372881e-01
6.7131914550965610111177284125005826354027e-01
4.8383010296712797293494645600731018930674e-01
5.7319698077257252855076785635901615023613e-01
8.9624192262368632122537803752493346109986e-02
5.4219212743484668237670121015980839729309e-01
1.0000000000000000000000000000000000000000e+00
7.4108496416741953538576126447878777980804e-01
6.4432115093925690363363401047536171972752e-01
0.0000000000000000000000000000000000000000e+00
5.0224647328095295417682564220740459859371e-01
4.1331991076865692846808997273910790681839e-01
4.6736147605085465173146985762286931276321e-01
5.2564862820820079658545864731422625482082e-01
6.1982972374753075861519846512237563729286e-01
2.6365517165843038727146563360292930155993e-01
6.0952043417533052771517532164580188691616e-01
3.4287080366012184784452188068826217204332e-01
5.8760628473242537683773889511940069496632e-01
5.2438967484505460969756995837087742984295e-01
6.5116146983224887367924793579732067883015e-01
6.0035263724151610720269900411949492990971e-01
1.2087272316763271462480844320452888496220e-01
6.0692891773202661820363346123485825955868e-01
7.2503617164919642590348303201608359813690e-01
7.4775914243169827599899690540041774511337e-01
7.9702627448129659271103264472912997007370e-01
1.0000000000000000000000000000000000000000e+00
6.0035263724151610720269900411949492990971e-01
7.3904707271545566626969048229511827230453e-01
5.3596128635793793826280762004898861050606e-01
6.7269379430451836654469843779224902391434e-01
7.2503617164919620385887810698477551341057e-01
8.4903345119452755529465548534062691032887e-01
9.9434572427916168013695141780772246420383e-01
9.3642129585822075910073181148618459701538e-01
5.6324043675714285939193359808996319770813e-01
7.1914053194000915336658863452612422406673e-01
8.9498370578165464817033125655143521726131e-01
0.0000000000000000000000000000000000000000e+00
5.4407007289000042238313881171052344143391e-01
6.4460831982464927847331637167371809482574e-01
8.2348555288449631905933756570448167622089e-01
5.2438967484506027183499554666923359036446e-01
8.3380166496464513947728391940472647547722e-01
6.2592396261782889954616848626756109297276e-01
6.6796598550763974788679888661135919392109e-01
5.7680612275543519107401380097144283354282e-01
8.2367384444253421982296003989176824688911e-01
0.0000000000000000000000000000000000000000e+00
6.8593691332186113029933949292171746492386e-01
5.0165350615117798582787145278416574001312e-01
6.3087788632457331150504842298687435686588e-01
6.5571812576449950427104340633377432823181e-01
7.6547863486344580596920650350512005388737e-01
4.9144906982842090359397957399778533726931e-01
7.1203739755998729510366729300585575401783e-01
9.8010158411906733721963291827705688774586e-01
5.0435634983668808928314319928176701068878e-01
2.1326520603281473587031769056920893490314e-01
1.8290524404557861881670532966381870210171e-01
5.4407007288999920113781172403832897543907e-01
3.9067589356874571349109714901715051382780e-01
7.9069753167664680315596115178777836263180e-01
5.8130570419628535550060632886015810072422e-01
8.6054383514554244616334699458093382418156e-01
5.3582678434103037101721156432176940143108e-01
5.4407007288999920113781172403832897543907e-01
6.3804780360508417391685043185134418308735e-01
8.2705592025532581601510173641145229339600e-01
5.4407007288999920113781172403832897543907e-01
6.2838950921942560157162915857043117284775e-01
1.2699192395792832654954906956845661625266e-01
5.5302609735481211838958870430360548198223e-01
7.2503617164919675897039041956304572522640e-01
1.0000000000000000000000000000000000000000e+00
1.0000000000000000000000000000000000000000e+00
1.0000000000000000000000000000000000000000e+00
6.5488793211470064381529709862661547958851e-01
8.7719315723143576057907466747565194964409e-01
7.6958943504272170343938341829925775527954e-01
7.1064547899710428513486704105162061750889e-01
4.5322344203190162437167032294382806867361e-01
4.1061947596724124309730541426688432693481e-01
4.5912709597877865430604060748009942471981e-01
2.9106661181818027639423007713048718869686e-01
7.2058627755925686031446275592315942049026e-01
7.3815325430744893608903112180996686220169e-01
7.7093081584016531770942037837812677025795e-01
6.7349605002649959306637583722476847469807e-01
1.0000000000000000000000000000000000000000e+00
7.5680678857835292916433900245465338230133e-01
7.2229742309365119190545101446332409977913e-01
8.2845965949154920515695721405791118741035e-01
7.1914053194000915336658863452612422406673e-01
4.3249841656449328208822180386050604283810e-01
5.0435634983668820030544566179742105305195e-01
8.7252424992411625748189862861181609332561e-01
4.8651385084965559357783604355063289403915e-01
1.4645963364258937633444190851150779053569e-01
5.4219212743485012406807754814508371055126e-01
8.3332803041549918798835960842552594840527e-01
8.1458923864192300801079227312584407627583e-01
6.9784381210451862376231702000950463116169e-01
5.5075489950243738945800942019559442996979e-01
5.4758767127859397927380769033334217965603e-01
7.1332627643855284205187672341708093881607e-01
6.5116146983225564603969814925221726298332e-01
6.3154573293095828123711044099763967096806e-01
4.7218487558839983275760232572793029248714e-01
1.0000000000000000000000000000000000000000e+00
9.3337518026422783279372197284828871488571e-01
7.0640795497093133992194680104148574173450e-01
1.0000000000000000000000000000000000000000e+00
3.4040982995030788504919883052934892475605e-01
6.3830875295626399168469333744724281132221e-01
6.0123707844454554738433671445818617939949e-01
7.1447198378683118846765864873304963111877e-01
6.6316716946243925434600896551273763179779e-01
7.7737403129321314132482712011551484465599e-01
6.9796522779156056071059310852433554828167e-01
6.8633884287090174414203147534863092005253e-01
6.8633884287090496378880288830259814858437e-01
9.9434572427915834946787754233810119330883e-01
6.2694067799657227091358890902483835816383e-01
6.9741651794858505741814269640599377453327e-01
7.5768672066987452495823163189925253391266e-01
8.2107468665204608182506262892275117337704e-01
8.7673789497376497514835591573501005768776e-01
8.3532844334492717397466776674264110624790e-01
4.6262029336191068384920299649820663034916e-01
6.7131914550965610111177284125005826354027e-01
6.8484786961847843311801398158422671258450e-01
7.6735067718478366938228418803191743791103e-01
6.3143659001419571996649438005988486111164e-01
7.3980618143452459012365807211608625948429e-01
5.6726030937279570132147910044295713305473e-01
8.3520597587064815403579132180311717092991e-01
7.7093081584016087681732187775196507573128e-01
9.9302427424902695030084487370913848280907e-01
6.0086592814068773282798474610899575054646e-01
6.4645628737544458264352442711242474615574e-01
7.9133863139904303540816954409820027649403e-01
9.2656445591108194115292917558690533041954e-01
7.7093081584016431850869821573724038898945e-01
8.4806212021969717973490787699120119214058e-01
6.8633884287090496378880288830259814858437e-01
4.2649598402013982889613430415920447558165e-01
9.5869494229816754060635730638750828802586e-01
1.0000000000000000000000000000000000000000e+00
1.0000000000000000000000000000000000000000e+00
1.0000000000000000000000000000000000000000e+00
1.0000000000000000000000000000000000000000e+00
9.9096848548282745472448596046888269484043e-01
3.6817496297458307541461408618488349020481e-01
1.0000000000000000000000000000000000000000e+00
3.2773074658473599907182460810872726142406e-01
4.3036661565615430546927200339268893003464e-01
3.1346371354067809056331839201448019593954e-01
1.0000000000000000000000000000000000000000e+00
9.8471216004583694836327367738704197108746e-01
2.3211076434339755758529122431355062872171e-01
5.3115794003133443013098258234094828367233e-01
7.1992796505415312946496442236821167171001e-01
8.8932747668376910255005896033253520727158e-01
0.0000000000000000000000000000000000000000e+00
9.0685051366935798267121526805567555129528e-01
7.1310752747251604510836386907612904906273e-01
6.8339558225474028585466612639720551669598e-01
1.0000000000000000000000000000000000000000e+00
8.5134395654889793991770829961751587688923e-01
5.4290905415147383550333870516624301671982e-01
4.7103898592254456190175915253348648548126e-01
1.0000000000000000000000000000000000000000e+00
6.3552167366129652670281302562216296792030e-01
7.7212419961008982305372683185851201415062e-01
6.6077747097830763500780903996201232075691e-01
7.9133863139904692118875573214609175920486e-01
4.8290944456889262070831136952619999647141e-01
3.4406239532462601360407461470458656549454e-01
1.0000000000000000000000000000000000000000e+00
7.4878721396530367737653932636021636426449e-01
8.2993232514481307671161403050064109265804e-01
6.7706451409532242280420177849009633064270e-01
1.8441136440875771640435232257004827260971e-01
5.4219212743484668237670121015980839729309e-01
6.1438061702384094697748651014990173280239e-01
8.1059640138922428587164858981850557029247e-01
6.4029829139541050153638934716582298278809e-01
1.0000000000000000000000000000000000000000e+00
6.5716743591122162015949470514897257089615e-01
1.0000000000000000000000000000000000000000e+00
8.9601860303285507658443975742557086050510e-01
3.8340564114552055929863172423210926353931e-01
4.5322344203190001454828461646684445440769e-01
4.1061947596723874509550000766466837376356e-01
7.5159047608580786814513885474298149347305e-01
6.8060872839160779790290689561516046524048e-01
3.9908914935902495280117818765575066208839e-01
6.5759137392599398275194744201144203543663e-01
7.1040092534142218472226204539765603840351e-01
6.0017132920068694268422859749989584088326e-01
3.3466828132441373000460771436337381601334e-01
7.0060357126263395066700923052849248051643e-01
1.5827038785484598415465029574988875538111e-01
2.8064478247781277087113949164631776511669e-01
0.0000000000000000000000000000000000000000e+00
3.5398965812592725344032373868685681372881e-01
8.9624192262368632122537803752493346109986e-02
0.0000000000000000000000000000000000000000e+00
2.6365517165843038727146563360292930155993e-01
1.2087272316763271462480844320452888496220e-01
5.3596128635793793826280762004898861050606e-01
0.0000000000000000000000000000000000000000e+00
0.0000000000000000000000000000000000000000e+00
1.8290524404557861881670532966381870210171e-01
1.2699192395792832654954906956845661625266e-01
2.9106661181818027639423007713048718869686e-01
1.4645963364258937633444190851150779053569e-01
3.4040982995030788504919883052934892475605e-01
4.6262029336191068384920299649820663034916e-01
4.2649598402013982889613430415920447558165e-01
0.0000000000000000000000000000000000000000e+00
1.8441136440875771640435232257004827260971e-01
1.5827038785484598415465029574988875538111e-01
0.0000000000000000000000000000000000000000e+00
2.8064478247781277087113949164631776511669e-01
0.0000000000000000000000000000000000000000e+00
3.5398965812592725344032373868685681372881e-01
8.9624192262368632122537803752493346109986e-02
0.0000000000000000000000000000000000000000e+00
2.6365517165843038727146563360292930155993e-01
1.2087272316763271462480844320452888496220e-01
5.3596128635793793826280762004898861050606e-01
0.0000000000000000000000000000000000000000e+00
0.0000000000000000000000000000000000000000e+00
1.8290524404557861881670532966381870210171e-01
1.2699192395792832654954906956845661625266e-01
2.9106661181818027639423007713048718869686e-01
1.4645963364258937633444190851150779053569e-01
3.4040982995030788504919883052934892475605e-01
4.6262029336191068384920299649820663034916e-01
4.2649598402013982889613430415920447558165e-01
0.0000000000000000000000000000000000000000e+00
1.8441136440875771640435232257004827260971e-01
1.5827038785484598415465029574988875538111e-01
0.0000000000000000000000000000000000000000e+00
0.0000000000000000000000000000000000000000e+00
2.8064478247781277087113949164631776511669e-01
0.0000000000000000000000000000000000000000e+00
3.5398965812592725344032373868685681372881e-01
8.9624192262368632122537803752493346109986e-02
0.0000000000000000000000000000000000000000e+00
2.6365517165843038727146563360292930155993e-01
1.2087272316763271462480844320452888496220e-01
5.3596128635793793826280762004898861050606e-01
0.0000000000000000000000000000000000000000e+00
0.0000000000000000000000000000000000000000e+00
1.8290524404557861881670532966381870210171e-01
1.2699192395792832654954906956845661625266e-01
2.9106661181818027639423007713048718869686e-01
1.4645963364258937633444190851150779053569e-01
3.4040982995030788504919883052934892475605e-01
4.6262029336191068384920299649820663034916e-01
4.2649598402013982889613430415920447558165e-01
0.0000000000000000000000000000000000000000e+00
1.8441136440875771640435232257004827260971e-01
1.5827038785484598415465029574988875538111e-01
0.0000000000000000000000000000000000000000e+00
0.0000000000000000000000000000000000000000e+00
0.0000000000000000000000000000000000000000e+00
8.9611067299128578156341973226517438888550e+01
1.0440728554404274941447283708839677274227e+00
