1
0
23
9.1613614693396194788022057764464989304543e-01
3.5093820872750619566105001467803958803415e-01
2.5865212409698629114629397918179165571928e-01
5.8175298586634616171409106755163520574570e-01
0.0000000000000000000000000000000000000000e+00
5.9307578196363563982629329984774813055992e-01
5.2814596143995140575810864902450703084469e-01
4.0917416021675706572224839874252211302519e-01
6.4150478149380507630894499015994369983673e-01
4.9801360423325036208552774041891098022461e-01
5.9110732295309698081098304101033136248589e-01
9.5894792846112242301614969619549810886383e-02
5.0450655881269368396857544212252832949162e-01
1.0000000000000000000000000000000000000000e+00
9.7762123595162109257472593526472337543964e-01
6.2900328801057159289200626517413184046745e-01
0.0000000000000000000000000000000000000000e+00
4.4519831182189223417466905630135443061590e-01
4.2246347436668696406769640816492028534412e-01
4.6323684296568323759402119321748614311218e-01
4.8503009630975701949040512772626243531704e-01
5.7305132507566514110664002146222628653049e-01
2.4471107274187453572977801741217263042927e-01
6.7316971004544323697871277545345947146416e-01
3.3865201079098855574400772638909984380007e-01
6.2783530509534790642334201038465835154057e-01
5.7538245671373600131914827215950936079025e-01
7.1894652485422083643129553820472210645676e-01
6.5349185407044962925482423088396899402142e-01
1.2874914617062641064570982507575536146760e-01
6.2264257924257548904023451541434042155743e-01
7.2432010033959459693875260200002230703831e-01
7.9109256148529061292151709494646638631821e-01
8.8615115261693500059436701121740043163300e-01
9.4633229023667420065635269565973430871964e-01
6.2874442882152803413475794513942673802376e-01
7.9109256148529416563519589544739574193954e-01
5.9986540820603839740954299486475065350533e-01
6.8228655991437836547675033216364681720734e-01
7.5851560405245188611900175601476803421974e-01
8.8435593179245919337461145914858207106590e-01
8.0410389810019911038807549630291759967804e-01
1.0000000000000000000000000000000000000000e+00
5.6591983910937515567241007374832406640053e-01
7.7759993539068461565477718977490440011024e-01
8.5804046438547643127492392522981390357018e-01
0.0000000000000000000000000000000000000000e+00
5.4586374970265061357110880635445937514305e-01
6.8092532128862248708145443742978386580944e-01
8.6758100133679560972410627073259092867374e-01
5.3018262190051057558548563974909484386444e-01
9.2415388646108787007449336670106276869774e-01
6.5349185407044962925482423088396899402142e-01
7.5803997475651474502456039772368967533112e-01
5.9986540820603839740954299486475065350533e-01
7.8636399305399218295775654041790403425694e-01
0.0000000000000000000000000000000000000000e+00
7.0707703016931600092931375911575742065907e-01
4.9801360423325780057979272896773181855679e-01
6.1105245620732306921496501672663725912571e-01
6.7539154923982724909592434414662420749664e-01
7.8137019042719235706329072854714468121529e-01
5.0276411948105270699471702755545265972614e-01
7.6204613558693212738148758944589644670486e-01
9.5936820627891616908300420618616044521332e-01
4.8370007059828101780851739022182300686836e-01
2.2055316145790346271660098409483907744288e-01
1.8123808836354318718697697931929724290967e-01
5.2365667723613273931704270580667071044445e-01
3.9193024173700846679579967712925281375647e-01
8.1036447909337316897193659315234981477261e-01
5.9835572245096946275566551776137202978134e-01
8.2724714938529941843370352216879837214947e-01
5.6966391032366758828686670312890782952309e-01
4.8243480145148215365580313118698541074991e-01
6.0754201611490465939624527891282923519611e-01
8.1466818217223835318918645498342812061310e-01
5.8148380271512112305032360382028855383396e-01
6.7221600396340164262909411263535730540752e-01
1.3619546003637128528396260662702843546867e-01
5.9307578196364729716805186399142257869244e-01
7.0663064389470742199250707926694303750992e-01
1.0000000000000000000000000000000000000000e+00
1.0000000000000000000000000000000000000000e+00
1.0000000000000000000000000000000000000000e+00
6.5437543722134006163315689263981766998768e-01
8.4507644161966977147670831982395611703396e-01
7.4482909371399008691128074133303016424179e-01
7.1344941048843313335936500152456574141979e-01
3.9017033090791042315714776123058982193470e-01
4.0718104460589421567107137889252044260502e-01
5.8273398998490288924756441701902076601982e-01
2.7438521343114863348944254539674147963524e-01
6.5127640406168130216002509769168682396412e-01
7.5544682606497925991817510293913073837757e-01
8.6973842405606283101349163189297541975975e-01
6.8713144892893196491456819785526022315025e-01
1.0000000000000000000000000000000000000000e+00
7.5400427877097775386516786966240033507347e-01
7.4854634406344944252964523911941796541214e-01
8.1025082679875060076568615841097198426723e-01
6.8165314620747174956250091781839728355408e-01
4.2651325849167404102857403813686687499285e-01
4.8370007059828101780851739022182300686836e-01
8.6715243657633278573371171660255640745163e-01
5.1445876668726353564409237151267006993294e-01
1.2810838425100462556471825337212067097425e-01
5.1223934759559985874233234426355920732021e-01
7.9578248557745057123469223370193503797054e-01
8.0473854485752471799031582122552208602428e-01
6.9646976203727783971686449149274267256260e-01
5.0450655881269368396857544212252832949162e-01
5.1627375084430571217097849512356333434582e-01
7.1894652485422150256511031329864636063576e-01
6.4465015280715953771561999019468203186989e-01
5.7952000552325566573586002050433307886124e-01
4.7573375224560981999744058157375548034906e-01
1.0000000000000000000000000000000000000000e+00
9.8197137873975759436717680728179402649403e-01
7.1208497966365158493573517262120731174946e-01
1.0000000000000000000000000000000000000000e+00
3.3406419559098671223651422224065754562616e-01
6.6113655516972502645955955813406035304070e-01
6.5322916149636578442283507683896459639072e-01
8.4092092973537224676050527705228887498379e-01
8.1776655152675636895054367414559237658978e-01
8.4092092973537224676050527705228887498379e-01
7.4851315627830117271912513388087972998619e-01
7.5026898467425306993305866853916086256504e-01
7.1655572335371442438400890750926919281483e-01
9.9331256924758204451819665337097831070423e-01
6.8092532128862248708145443742978386580944e-01
7.2357598747253293325343292963225394487381e-01
7.8896876406874272280589366346248425543308e-01
8.8523326965187565384951540181646123528481e-01
9.3758623729318713024838416458806023001671e-01
8.7952270231769458241899428685428574681282e-01
5.2928057167956588102697423892095685005188e-01
6.9201928082307861966882001070189289748669e-01
7.4782038708342446486909693703637458384037e-01
8.0473854485752471799031582122552208602428e-01
6.5053374089722670881030808232026174664497e-01
7.8805001537722807469776853395160287618637e-01
5.0581955296541769584450776164885610342026e-01
8.8962929596226780759593566472176462411880e-01
7.5338366768581033205975927558029070496559e-01
9.8560095037199313416920176678104326128960e-01
5.8428942722511434393339868620387278497219e-01
6.4962492197354526624053505656775087118149e-01
8.2498646596287139587388992367777973413467e-01
9.3792328185011397678749744954984635114670e-01
7.2676939924818073635037762869615107774734e-01
8.5391080983184353137005473399767652153969e-01
7.0887533826048265694907968281768262386322e-01
4.6451490649419147072052282965159974992275e-01
7.4661139195084891273523908239440061151981e-01
1.0000000000000000000000000000000000000000e+00
1.0000000000000000000000000000000000000000e+00
1.0000000000000000000000000000000000000000e+00
1.0000000000000000000000000000000000000000e+00
1.0000000000000000000000000000000000000000e+00
1.5489360006185370899345343786990270018578e-01
1.0000000000000000000000000000000000000000e+00
1.9353177648030228663600382787990383803844e-01
3.2158495613888238295885457773692905902863e-01
2.1977322604070423373023857038788264617324e-01
1.0000000000000000000000000000000000000000e+00
9.3868494221358689255652052452205680310726e-01
1.2810838425100462556471825337212067097425e-01
4.9009579593070529135445667634485289454460e-01
6.8965562160807170055676351694273762404919e-01
7.3850685278525984855946262541692703962326e-01
0.0000000000000000000000000000000000000000e+00
8.7109965146545809133726834261324256658554e-01
8.1118404467508631316974287983612157404423e-01
6.2952810201544506796267341997008770704269e-01
1.0000000000000000000000000000000000000000e+00
6.7705911089443882033833688183221966028214e-01
4.8503009630975701949040512772626243531704e-01
4.2962134135579560512141483741288539022207e-01
1.0000000000000000000000000000000000000000e+00
8.8304347641097835630574763854383490979671e-01
8.2794642392986461665316255675861611962318e-01
6.2952810201544084911517984437523409724236e-01
9.8741868923792142087592083044000901281834e-01
5.3530473660692956539008946492685936391354e-01
2.6623968015584292823305645470099989324808e-01
9.9294624258423658247352250327821820974350e-01
7.9679359236257951693005452398210763931274e-01
8.3148916020817464911374372604768723249435e-01
5.6974155122159597652853335603140294551849e-01
1.3506759722660119371617781780514633283019e-01
4.8784394415226373098448675591498613357544e-01
5.0315824202749204197004928573733195662498e-01
7.3448474846150257899779489889624528586864e-01
5.1673206560639417528335570750641636550426e-01
1.0000000000000000000000000000000000000000e+00
5.7293657006660225761152105405926704406738e-01
1.0000000000000000000000000000000000000000e+00
8.2480582280583458754108505672775208950043e-01
3.1864679602754908405159994799760170280933e-01
3.9450822471319485496010770475550089031458e-01
3.6875215344505268832975275472563225775957e-01
7.2786022519238013916975660322350449860096e-01
6.0453742422406064882522969128331169486046e-01
3.2047847365186532542224995268043130636215e-01
6.1546723468898822950734484038548544049263e-01
7.1050706688840481461966192000545561313629e-01
5.9062602651149020971388381440192461013794e-01
3.1954906311774511351586625096388161182404e-01
5.5925130709610149093435893519199453294277e-01
3.2247593520929158927845747939500142820179e-02
2.5865212409698629114629397918179165571928e-01
0.0000000000000000000000000000000000000000e+00
4.0917416021675706572224839874252211302519e-01
9.5894792846112242301614969619549810886383e-02
0.0000000000000000000000000000000000000000e+00
2.4471107274187453572977801741217263042927e-01
1.2874914617062641064570982507575536146760e-01
5.9986540820603839740954299486475065350533e-01
0.0000000000000000000000000000000000000000e+00
0.0000000000000000000000000000000000000000e+00
1.8123808836354318718697697931929724290967e-01
1.3619546003637128528396260662702843546867e-01
2.7438521343114863348944254539674147963524e-01
1.2810838425100462556471825337212067097425e-01
3.3406419559098671223651422224065754562616e-01
5.2928057167956588102697423892095685005188e-01
4.6451490649419147072052282965159974992275e-01
0.0000000000000000000000000000000000000000e+00
1.3506759722660119371617781780514633283019e-01
3.2247593520929158927845747939500142820179e-02
0.0000000000000000000000000000000000000000e+00
2.5865212409698629114629397918179165571928e-01
0.0000000000000000000000000000000000000000e+00
4.0917416021675706572224839874252211302519e-01
9.5894792846112242301614969619549810886383e-02
0.0000000000000000000000000000000000000000e+00
2.4471107274187453572977801741217263042927e-01
1.2874914617062641064570982507575536146760e-01
5.9986540820603839740954299486475065350533e-01
0.0000000000000000000000000000000000000000e+00
0.0000000000000000000000000000000000000000e+00
1.8123808836354318718697697931929724290967e-01
1.3619546003637128528396260662702843546867e-01
2.7438521343114863348944254539674147963524e-01
1.2810838425100462556471825337212067097425e-01
3.3406419559098671223651422224065754562616e-01
5.2928057167956588102697423892095685005188e-01
4.6451490649419147072052282965159974992275e-01
0.0000000000000000000000000000000000000000e+00
1.3506759722660119371617781780514633283019e-01
3.2247593520929158927845747939500142820179e-02
0.0000000000000000000000000000000000000000e+00
0.0000000000000000000000000000000000000000e+00
2.5865212409698629114629397918179165571928e-01
0.0000000000000000000000000000000000000000e+00
4.0917416021675706572224839874252211302519e-01
9.5894792846112242301614969619549810886383e-02
0.0000000000000000000000000000000000000000e+00
2.4471107274187453572977801741217263042927e-01
1.2874914617062641064570982507575536146760e-01
5.9986540820603839740954299486475065350533e-01
0.0000000000000000000000000000000000000000e+00
0.0000000000000000000000000000000000000000e+00
1.8123808836354318718697697931929724290967e-01
1.3619546003637128528396260662702843546867e-01
2.7438521343114863348944254539674147963524e-01
1.2810838425100462556471825337212067097425e-01
3.3406419559098671223651422224065754562616e-01
5.2928057167956588102697423892095685005188e-01
4.6451490649419147072052282965159974992275e-01
0.0000000000000000000000000000000000000000e+00
1.3506759722660119371617781780514633283019e-01
3.2247593520929158927845747939500142820179e-02
0.0000000000000000000000000000000000000000e+00
0.0000000000000000000000000000000000000000e+00
0.0000000000000000000000000000000000000000e+00
8.8341508845443058817181736230850219726562e+01
9.7544897416894060793168819145648740231991e-01
