1
0
23
8.6582266909310567903901301178848370909691e-01
3.4332647625860512885509479019674472510815e-01
3.0866411047110897669654150377027690410614e-01
5.6043944074517515474553874810226261615753e-01
0.0000000000000000000000000000000000000000e+00
6.1197468438536206658540095304488204419613e-01
5.6289010704937014750726120837498456239700e-01
3.2830170410112552437098543123283889144659e-01
6.7577551118051304435141446447232738137245e-01
4.8383923768234443629765451078128535300493e-01
5.6357668259837678803592098120134323835373e-01
1.0083910347973228105455945069479639641941e-01
5.5757543806936882280211875695385970175266e-01
1.0000000000000000000000000000000000000000e+00
7.1703800607520729037958062690449878573418e-01
6.6706389338859284343641320447204634547234e-01
0.0000000000000000000000000000000000000000e+00
5.1512951186981714712942448386456817388535e-01
4.2315692931027526491050139156868681311607e-01
4.5734319213541230197961340309120714664459e-01
5.1866855820852297842549205597606487572193e-01
6.2653842763349842925890698097646236419678e-01
2.6043884674122630418224844106589443981647e-01
6.2643361916518658372154959579347632825375e-01
3.5419491726185714508545743228751234710217e-01
5.8690640724412102002816027379594743251801e-01
5.2803300340705738857849382839049212634563e-01
6.6371329363986042437772994162514805793762e-01
5.9724239979878002149149551769369281828403e-01
1.2813406801460539008452599318843567743897e-01
5.9151837786364724891541300166863948106766e-01
7.0524061337868237941961524484213441610336e-01
7.3507950954940004528737063083099201321602e-01
7.8950801193731956484356260261847637593746e-01
1.0000000000000000000000000000000000000000e+00
5.9724239979878002149149551769369281828403e-01
7.3507950954940004528737063083099201321602e-01
5.0703438593916383414494930548244155943394e-01
6.7634238539337976359178128404892049729824e-01
7.1559291698624050148680453276028856635094e-01
7.9790581139571781221775381709448993206024e-01
9.8005801585264906705674547993112355470657e-01
9.5001036934827665092484494380187243223190e-01
5.5652281835045869229361414909362792968750e-01
7.2922863928823489221286990868975408375263e-01
8.8304529576441104232742418389534577727318e-01
0.0000000000000000000000000000000000000000e+00
5.6860798754726804560277741984464228153229e-01
6.6598235759276458445299340382916852831841e-01
8.0382582289855886159557485370896756649017e-01
5.2803300340705661142237659078091382980347e-01
8.6565227351249984799608228058787062764168e-01
6.3615718294448631020543416525470092892647e-01
6.7357310365925748829596386713092215359211e-01
5.9151837786364858118304255185648798942566e-01
7.9666210749700405724382790140225552022457e-01
1.6213859175057028505495537729075294919312e-02
6.8449461595492644416793837081058882176876e-01
5.0767502616669824000439348310464993119240e-01
6.3258097388261314009128000179771333932877e-01
6.4419334997629240646688231208827346563339e-01
7.4622431124149990466776216635480523109436e-01
4.9457460300879252379502304393099620938301e-01
7.2331448632086814409802855152520351111889e-01
9.9315133740627614677975998347392305731773e-01
5.0448364457767569390966855280566960573196e-01
2.3974249196659674909781756468873936682940e-01
1.9478597975115133356105445727735059335828e-01
5.5893683965891993725705333417863585054874e-01
3.9181141952649006787723351408203598111868e-01
7.5487426049574368747130392875988036394119e-01
5.8394303453487328425808300380595028400421e-01
8.4294621667619562543904976337216794490814e-01
5.1023635831758240577471497090300545096397e-01
5.5370325154394328670548475201940163969994e-01
6.4171061181479394086579759459709748625755e-01
8.4882269827792300453950247174361720681190e-01
5.5242241768234734422549081500619649887085e-01
6.4171061181479471802191483220667578279972e-01
1.0957122893937230878602662187404348514974e-01
5.5757543806936882280211875695385970175266e-01
7.7639110036612790644028336828341707587242e-01
1.0000000000000000000000000000000000000000e+00
1.0000000000000000000000000000000000000000e+00
1.0000000000000000000000000000000000000000e+00
6.3752205419889684812062569108093157410622e-01
8.9596171477305586172690254898043349385262e-01
7.7793771435472258701793180080130696296692e-01
7.7371675543887619141969480551779270172119e-01
4.4279221385248263009870584028249140828848e-01
4.2178567519731646751068865341949276626110e-01
4.6263788784995485414697213855106383562088e-01
3.1053109711319448749122784647624939680099e-01
7.4022248029239823274849641165928915143013e-01
7.2603286798178534588998900289880111813545e-01
7.4780279131481941501391474957927130162716e-01
6.7577551118051304435141446447232738137245e-01
9.9418910078023658982715460297185927629471e-01
7.7262421140270620689705083350418135523796e-01
7.3937061934188152978464358966448344290257e-01
8.1879075479922824865042230157996527850628e-01
7.2922863928823533630207975875237025320530e-01
4.4279221385248263009870584028249140828848e-01
5.0448364457767647106578579041524790227413e-01
8.5405396846635117658053104605642147362232e-01
4.8840922322452523518521161349781323224306e-01
1.6121590184554790425863757263869047164917e-01
5.5757543806936926689132860701647587120533e-01
8.2181579986022923467459122548461891710758e-01
7.9790581139571925550768582979799248278141e-01
6.9504803361053890675691491196630522608757e-01
5.6746534947903870538254977873293682932854e-01
5.3067007153163703314646681974409148097038e-01
7.1450557534564362871520870612584985792637e-01
6.5077688176069292680381295213010162115097e-01
6.2529070238874062681588839041069149971008e-01
4.8274123065283852662687991141865495592356e-01
1.0000000000000000000000000000000000000000e+00
8.9890886681999859764147231544484384357929e-01
7.2724210027027447189595932286465540528297e-01
1.0000000000000000000000000000000000000000e+00
3.3924621347303601792688709792855661362410e-01
6.2729473252869627497574356311815790832043e-01
6.0184478172126520956197737177717499434948e-01
7.0522475508887561002069332971586845815182e-01
6.6550606056904504370663744339253753423691e-01
8.0393595413813090377885828274884261190891e-01
7.1746442012595390558260532998247072100639e-01
6.9083677895354600462241023706155829131603e-01
6.7141823070161632536212437116773799061775e-01
9.8005801585265117648049226772855035960674e-01
6.6598235759276458445299340382916852831841e-01
6.8731593664543655375354092029738239943981e-01
7.4614366824399269706447057615150697529316e-01
8.1072682650368899093251684462302364408970e-01
9.0696637516378308951914277713513001799583e-01
8.2826057868213154300462974788388237357140e-01
4.6981455566654822808558833457936998456717e-01
6.7634238539337443452126308329752646386623e-01
6.8312820882559999180472232183092273771763e-01
7.3845306351499417907291444862494245171547e-01
6.4754609930377604598561447346583008766174e-01
7.2191445516816132865756117098499089479446e-01
5.7011858651310642898124569910578429698944e-01
8.1794361333480336551104983300319872796535e-01
7.6041022793389501099881044865469448268414e-01
9.7929170977304658141093796075438149273396e-01
6.1270080623282308085464364921790547668934e-01
6.5062247735680500682065030559897422790527e-01
7.4674681008136201132430187499267049133778e-01
8.7700121681883547175573312415508553385735e-01
7.6202270968455498856286567388451658189297e-01
8.3439562289578661502531531368731521070004e-01
6.8312820882559999180472232183092273771763e-01
4.0781340200048521449360805490869097411633e-01
9.6583590883692238548974273726344108581543e-01
1.0000000000000000000000000000000000000000e+00
1.0000000000000000000000000000000000000000e+00
1.0000000000000000000000000000000000000000e+00
1.0000000000000000000000000000000000000000e+00
1.0000000000000000000000000000000000000000e+00
3.8142713266892891432746637292439118027687e-01
1.0000000000000000000000000000000000000000e+00
3.1808522990563831145394146915350575000048e-01
4.8936625357418161996747585362754762172699e-01
3.4033930844061655029975099751027300953865e-01
1.0000000000000000000000000000000000000000e+00
1.0000000000000000000000000000000000000000e+00
2.2406775746039797603259557945420965552330e-01
5.5059262977485889933859652956016361713409e-01
6.9511734331797536690089600597275421023369e-01
8.3904001997521016065206822531763464212418e-01
0.0000000000000000000000000000000000000000e+00
9.1548585826215733707300614696578122675419e-01
7.5284750328492244797473631479078903794289e-01
6.9381429457631760282509958415175788104534e-01
1.0000000000000000000000000000000000000000e+00
8.4079729091436372634404960990650579333305e-01
5.9724239979877735695623641731799580156803e-01
4.9541267606704153525498668386717326939106e-01
1.0000000000000000000000000000000000000000e+00
6.3941632377667001474463859267416410148144e-01
7.5936255643424210859393497230485081672668e-01
6.9381429457632259882871039735618978738785e-01
7.7193523875690195357179845814243890345097e-01
5.2475670900920734496253317047376185655594e-01
3.7501814211967865464458782298606820404530e-01
1.0000000000000000000000000000000000000000e+00
7.7537527698503538875485219250549562275410e-01
8.1047488970296888144417835064814426004887e-01
6.6468415049059648147533607698278501629829e-01
2.2630899245637081662607670295983552932739e-01
5.5122138286024757736214496617321856319904e-01
6.5181642864469013787243056867737323045731e-01
8.0908279870887733764561744465027004480362e-01
6.4133812808954471229583305103005841374397e-01
1.0000000000000000000000000000000000000000e+00
6.5355724572692419638286764893564395606518e-01
1.0000000000000000000000000000000000000000e+00
9.0167675169006411550753909978084266185760e-01
3.7810792614053401194951220531947910785675e-01
4.8512491186347334037876066759054083377123e-01
4.2417161273903669638229985139332711696625e-01
7.6941342476251362025863045346341095864773e-01
6.5809598840265326469278761578607372939587e-01
4.2975593061009659257010184774117078632116e-01
6.7468697205698746621749251062283292412758e-01
7.0522475508887561002069332971586845815182e-01
6.0564988524816809611905910060158930718899e-01
3.3583462007128028758984328305814415216446e-01
7.2238612276202129880431357378256507217884e-01
1.9218543464350912319815734008443541824818e-01
3.0866411047110897669654150377027690410614e-01
0.0000000000000000000000000000000000000000e+00
3.2830170410112552437098543123283889144659e-01
1.0083910347973228105455945069479639641941e-01
0.0000000000000000000000000000000000000000e+00
2.6043884674122630418224844106589443981647e-01
1.2813406801460539008452599318843567743897e-01
5.0703438593916383414494930548244155943394e-01
0.0000000000000000000000000000000000000000e+00
1.6213859175057028505495537729075294919312e-02
1.9478597975115133356105445727735059335828e-01
1.0957122893937230878602662187404348514974e-01
3.1053109711319448749122784647624939680099e-01
1.6121590184554790425863757263869047164917e-01
3.3924621347303601792688709792855661362410e-01
4.6981455566654822808558833457936998456717e-01
4.0781340200048521449360805490869097411633e-01
0.0000000000000000000000000000000000000000e+00
2.2630899245637081662607670295983552932739e-01
1.9218543464350912319815734008443541824818e-01
0.0000000000000000000000000000000000000000e+00
3.0866411047110897669654150377027690410614e-01
0.0000000000000000000000000000000000000000e+00
3.2830170410112552437098543123283889144659e-01
1.0083910347973228105455945069479639641941e-01
0.0000000000000000000000000000000000000000e+00
2.6043884674122630418224844106589443981647e-01
1.2813406801460539008452599318843567743897e-01
5.0703438593916383414494930548244155943394e-01
0.0000000000000000000000000000000000000000e+00
1.6213859175057028505495537729075294919312e-02
1.9478597975115133356105445727735059335828e-01
1.0957122893937230878602662187404348514974e-01
3.1053109711319448749122784647624939680099e-01
1.6121590184554790425863757263869047164917e-01
3.3924621347303601792688709792855661362410e-01
4.6981455566654822808558833457936998456717e-01
4.0781340200048521449360805490869097411633e-01
0.0000000000000000000000000000000000000000e+00
2.2630899245637081662607670295983552932739e-01
1.9218543464350912319815734008443541824818e-01
0.0000000000000000000000000000000000000000e+00
0.0000000000000000000000000000000000000000e+00
3.0866411047110897669654150377027690410614e-01
0.0000000000000000000000000000000000000000e+00
3.2830170410112552437098543123283889144659e-01
1.0083910347973228105455945069479639641941e-01
0.0000000000000000000000000000000000000000e+00
2.6043884674122630418224844106589443981647e-01
1.2813406801460539008452599318843567743897e-01
5.0703438593916383414494930548244155943394e-01
0.0000000000000000000000000000000000000000e+00
1.6213859175057028505495537729075294919312e-02
1.9478597975115133356105445727735059335828e-01
1.0957122893937230878602662187404348514974e-01
3.1053109711319448749122784647624939680099e-01
1.6121590184554790425863757263869047164917e-01
3.3924621347303601792688709792855661362410e-01
4.6981455566654822808558833457936998456717e-01
4.0781340200048521449360805490869097411633e-01
0.0000000000000000000000000000000000000000e+00
2.2630899245637081662607670295983552932739e-01
1.9218543464350912319815734008443541824818e-01
0.0000000000000000000000000000000000000000e+00
0.0000000000000000000000000000000000000000e+00
0.0000000000000000000000000000000000000000e+00
8.8321572758624739662991487421095371246338e+01
1.0689279422498996208190646939328871667385e+00
