1
0
23
9.0543058601253656458851537536247633397579e-01
3.4695848768488540825316590598959010094404e-01
2.4818356344585759676313330146513180807233e-01
5.7333877677156153129800486567546613514423e-01
0.0000000000000000000000000000000000000000e+00
5.8319090873840051525434091672650538384914e-01
5.2483351672526301623378230942762456834316e-01
3.6511112372187198849005085321550723165274e-01
6.4178497723516636508378496728255413472652e-01
4.8646622994738081269261442685092333704233e-01
5.7887260975712484523114653711672872304916e-01
6.3799961247714281897813748400949407368898e-02
5.1537326491075841072841967616113834083080e-01
1.0000000000000000000000000000000000000000e+00
1.0000000000000000000000000000000000000000e+00
6.3187861154672086971828548485063947737217e-01
0.0000000000000000000000000000000000000000e+00
4.6491894892173707409810390345228370279074e-01
4.1405806234041980795623771882674191147089e-01
4.9185120991469399864826073098811320960522e-01
5.0496379735381102804581132659222930669785e-01
6.1888971081280574892957702104467898607254e-01
2.7492480483120940171204438229324296116829e-01
6.4443129956776135092155755046405829489231e-01
3.1626780929200226655240157924708910286427e-01
6.0648741446824816492267018475104123353958e-01
5.3484853561854106551720633433433249592781e-01
6.9416137659072307819485558866290375590324e-01
6.4106974900269442230182903585955500602722e-01
1.0400965030112610532064820745290489867330e-01
6.2522071711341553612584220900316722691059e-01
7.0602260701439967238712824837421067059040e-01
7.8139348441790446031518513336777687072754e-01
8.4748729333336103586304943746654316782951e-01
9.4028261238129628996063047452480532228947e-01
6.4106974900269442230182903585955500602722e-01
7.3800777039176101990136658059782348573208e-01
5.7994968149488723696549641317687928676605e-01
6.6401241193909166238285024519427679479122e-01
7.5050732113452411908838257659226655960083e-01
8.3052904908406610662296998270903714001179e-01
9.3663750247791421887910701116197742521763e-01
1.0000000000000000000000000000000000000000e+00
5.9627532014688988670769731470500119030476e-01
7.9053329349711887186202829980175010859966e-01
8.5822932644462135431950855490867979824543e-01
0.0000000000000000000000000000000000000000e+00
5.3241648522830076206702187846531160175800e-01
6.4530782476393522273383496212773025035858e-01
8.2945627697855139892624265485210344195366e-01
5.2725078805757863431580290125566534698009e-01
8.6482621342501042605022121279034763574600e-01
6.6882188062344727352837026046472601592541e-01
6.9398545221987506526062361444928683340549e-01
5.7994968149488723696549641317687928676605e-01
8.3830454657516118022186901725945062935352e-01
0.0000000000000000000000000000000000000000e+00
6.8028251580447229862613767181755974888802e-01
4.8140774867388608226903556897013913840055e-01
6.1065317619941961169161004363559186458588e-01
6.4968952577836736050898025496280752122402e-01
7.3098087276076917362388485344126820564270e-01
5.0763055213493890605036540364380925893784e-01
7.3466576163159058587837080267490819096565e-01
9.4041716244769002486236786353401839733124e-01
4.6266182768562674754164731893979478627443e-01
1.9646321559549043134218493378284620121121e-01
1.7329062766531000416847518863505683839321e-01
5.1670550504316392625980824959697201848030e-01
4.0249801556642711419797819871746469289064e-01
7.8873209030441937539279706470551900565624e-01
5.9050168170849459681193138749222271144390e-01
8.4255062596289131970905827984097413718700e-01
5.7180568522092012351265566394431516528130e-01
4.8204985163435171147128244228952098637819e-01
6.2522071711341198341216340850223787128925e-01
8.5797925483771853016889963328139856457710e-01
5.7449732039012157969182226224802434444427e-01
6.4843451817863084762905145908007398247719e-01
1.3837244866857517644476160967315081506968e-01
5.8319090873839862787519905396038666367531e-01
7.0602260701439967238712824837421067059040e-01
1.0000000000000000000000000000000000000000e+00
1.0000000000000000000000000000000000000000e+00
9.9165604232571236131832392857177183032036e-01
6.8018921165887891167045609108754433691502e-01
8.4705913202038840559282562026055529713631e-01
7.2872385452730270571919390931725502014160e-01
7.6855979380043859539028971994412131607533e-01
4.0992318832000979034191345817816909402609e-01
4.0378377783346269813691264971566852182150e-01
5.3833144477498129365500290077761746942997e-01
2.8404123893872590400633271201513707637787e-01
6.6059087572289454382001849808148108422756e-01
7.2264423023636648046874597639543935656548e-01
8.1341171221085617482060570182511582970619e-01
6.8175749584359290889068461183342151343822e-01
9.7532755341226218259720326386741362512112e-01
7.6566478104850366204203737652278505265713e-01
7.1497906233712882340114447288215160369873e-01
8.1308225768670916444591512117767706513405e-01
6.7569652208877439836243183890474028885365e-01
4.0992318832000979034191345817816909402609e-01
4.9619524737292780569575256777170579880476e-01
8.6364527670677038173607797943986952304840e-01
5.1848336040179188177745572829735465347767e-01
1.2846871844653476313347084669658215716481e-01
5.1537326491075652334927781339501962065697e-01
8.0727137459877174041622538425144739449024e-01
8.0841287334626643623636255142628215253353e-01
6.8250042249692821627604644163511693477631e-01
5.1916001230003849808980476154829375445843e-01
5.5174617089013633375316203455440700054169e-01
6.9824983522623174092558429038035683333874e-01
6.4194749534262729451228324251133017241955e-01
5.9627532014689055284151208979892544448376e-01
4.5461784982146902223121287534013390541077e-01
1.0000000000000000000000000000000000000000e+00
9.7052831566701525112250692473025992512703e-01
6.7405081258226440255043598881457000970840e-01
1.0000000000000000000000000000000000000000e+00
3.4354090218693844605013509863056242465973e-01
6.4178497723516769735141451747040264308453e-01
6.4310526263006351221918066585203632712364e-01
7.8359785364263878637558491391246207058430e-01
7.4907833846435378788441994402091950178146e-01
8.2757736813296411959584020223701372742653e-01
7.4935467878192485446930959369638003408909e-01
6.9824983522623174092558429038035683333874e-01
7.0486996466179863141121586522785946726799e-01
9.8922868155585685912001281394623219966888e-01
6.4530782476393522273383496212773025035858e-01
7.0266559543706330615009392204228788614273e-01
7.7582972571172481579537816287484019994736e-01
8.6521892386286369802661511130281724035740e-01
9.2009004732349175537109431388671509921551e-01
8.5442260253072366271709370266762562096119e-01
4.9055824520712448810755290651286486536264e-01
6.7963406986036412060769862364395521581173e-01
6.9026567160922480681506385735701769590378e-01
7.8359785364263878637558491391246207058430e-01
6.4178497723516580997227265470428392291069e-01
7.6838848760715494634609967761207371950150e-01
5.3742299491956502244249804789433255791664e-01
8.6521892386286380904891757381847128272057e-01
7.4489593702440304312517582729924470186234e-01
9.4822588277582986471259118843590840697289e-01
5.7935162410321061621232274774229153990746e-01
6.5396640819782403397653069987427443265915e-01
8.2721346906609982685409931946196593344212e-01
9.0661391871316932000723909368389286100864e-01
7.3780524059041996398633500575670041143894e-01
8.6521892386286380904891757381847128272057e-01
6.8961383074931426051534799626097083091736e-01
4.4840595038372021985395576848532073199749e-01
8.2329043296849968580630729775293730199337e-01
1.0000000000000000000000000000000000000000e+00
1.0000000000000000000000000000000000000000e+00
1.0000000000000000000000000000000000000000e+00
1.0000000000000000000000000000000000000000e+00
8.9063044354775544597657699341652914881706e-01
1.7853058744001215618624200942576862871647e-01
1.0000000000000000000000000000000000000000e+00
2.4295188426496022726652768142230343073606e-01
3.2895482868068026682806248572887852787971e-01
2.3161881801960748639146459026960656046867e-01
1.0000000000000000000000000000000000000000e+00
8.2630713005148426208990031227585859596729e-01
1.2846871844653476313347084669658215716481e-01
5.2839068723193793886139246751554310321808e-01
6.7359021174504996043452820231323130428791e-01
8.8533264931679644949014118537888862192631e-01
0.0000000000000000000000000000000000000000e+00
8.8797510960634173926564471912570297718048e-01
7.9554303034734363819779900950379669666290e-01
6.0876024824364349807837015760014764964581e-01
1.0000000000000000000000000000000000000000e+00
7.9482068518241755228359579632524400949478e-01
5.3771197915693147439952781496685929596424e-01
4.3985545709875240039110622092266567051411e-01
1.0000000000000000000000000000000000000000e+00
7.5050732113452411908838257659226655960083e-01
8.2165984485704146589313268123078159987926e-01
6.1836657675270956247004505712538957595825e-01
9.7323047927830863557119300821796059608459e-01
5.1078032070296597311198638635687530040741e-01
2.9250529436452771259169480799755547195673e-01
1.0000000000000000000000000000000000000000e+00
8.1208893744050836271952675815555267035961e-01
8.0056414144874232796667001821333542466164e-01
5.5159473004061110312790106036118231713772e-01
1.5097602727350789564297883771359920501709e-01
5.0801278433280272484040551717043854296207e-01
5.1934145476913384786854521735222078859806e-01
7.8139348441790346111446297072689048945904e-01
5.7546738620923210127955371717689558863640e-01
1.0000000000000000000000000000000000000000e+00
6.1331907342917002523563496652059257030487e-01
1.0000000000000000000000000000000000000000e+00
8.4748729333336036972923466237261891365051e-01
3.4806344632631519564469613214896526187658e-01
4.2899723963629426970456393064523581415415e-01
3.8919143540515144241709322159294970333576e-01
7.2958913125919166997590536993811838328838e-01
6.3171388085099422493584597759763710200787e-01
3.5138618916440789163857516541611403226852e-01
6.3353811605664722694797319491044618189335e-01
6.8961383074931414949304553374531678855419e-01
6.0548996385312348067486709624063223600388e-01
3.2931490425499099217176990350708365440369e-01
6.1185481064339297674337103671859949827194e-01
9.4746870372407240856738042111828690394759e-02
2.4818356344585759676313330146513180807233e-01
0.0000000000000000000000000000000000000000e+00
3.6511112372187198849005085321550723165274e-01
6.3799961247714281897813748400949407368898e-02
0.0000000000000000000000000000000000000000e+00
2.7492480483120940171204438229324296116829e-01
1.0400965030112610532064820745290489867330e-01
5.7994968149488723696549641317687928676605e-01
0.0000000000000000000000000000000000000000e+00
0.0000000000000000000000000000000000000000e+00
1.7329062766531000416847518863505683839321e-01
1.3837244866857517644476160967315081506968e-01
2.8404123893872590400633271201513707637787e-01
1.2846871844653476313347084669658215716481e-01
3.4354090218693844605013509863056242465973e-01
4.9055824520712448810755290651286486536264e-01
4.4840595038372021985395576848532073199749e-01
0.0000000000000000000000000000000000000000e+00
1.5097602727350789564297883771359920501709e-01
9.4746870372407240856738042111828690394759e-02
0.0000000000000000000000000000000000000000e+00
2.4818356344585759676313330146513180807233e-01
0.0000000000000000000000000000000000000000e+00
3.6511112372187198849005085321550723165274e-01
6.3799961247714281897813748400949407368898e-02
0.0000000000000000000000000000000000000000e+00
2.7492480483120940171204438229324296116829e-01
1.0400965030112610532064820745290489867330e-01
5.7994968149488723696549641317687928676605e-01
0.0000000000000000000000000000000000000000e+00
0.0000000000000000000000000000000000000000e+00
1.7329062766531000416847518863505683839321e-01
1.3837244866857517644476160967315081506968e-01
2.8404123893872590400633271201513707637787e-01
1.2846871844653476313347084669658215716481e-01
3.4354090218693844605013509863056242465973e-01
4.9055824520712448810755290651286486536264e-01
4.4840595038372021985395576848532073199749e-01
0.0000000000000000000000000000000000000000e+00
1.5097602727350789564297883771359920501709e-01
9.4746870372407240856738042111828690394759e-02
0.0000000000000000000000000000000000000000e+00
0.0000000000000000000000000000000000000000e+00
2.4818356344585759676313330146513180807233e-01
0.0000000000000000000000000000000000000000e+00
3.6511112372187198849005085321550723165274e-01
6.3799961247714281897813748400949407368898e-02
0.0000000000000000000000000000000000000000e+00
2.7492480483120940171204438229324296116829e-01
1.0400965030112610532064820745290489867330e-01
5.7994968149488723696549641317687928676605e-01
0.0000000000000000000000000000000000000000e+00
0.0000000000000000000000000000000000000000e+00
1.7329062766531000416847518863505683839321e-01
1.3837244866857517644476160967315081506968e-01
2.8404123893872590400633271201513707637787e-01
1.2846871844653476313347084669658215716481e-01
3.4354090218693844605013509863056242465973e-01
4.9055824520712448810755290651286486536264e-01
4.4840595038372021985395576848532073199749e-01
0.0000000000000000000000000000000000000000e+00
1.5097602727350789564297883771359920501709e-01
9.4746870372407240856738042111828690394759e-02
0.0000000000000000000000000000000000000000e+00
0.0000000000000000000000000000000000000000e+00
0.0000000000000000000000000000000000000000e+00
8.8156640261773276279200217686593532562256e+01
9.9810369172082313848903822872671298682690e-01
