1
0
23
8.8747605243784710715715391415869817137718e-01
3.4936359577245601482076153843081556260586e-01
2.5729779390626844604028633511916268616915e-01
5.5687966203519601027238650203798897564411e-01
0.0000000000000000000000000000000000000000e+00
6.0252749099768954099687334746704436838627e-01
5.3585327600699372840864498357404954731464e-01
3.6108303124764246083699958944635000079870e-01
6.4819626552386522266857582508237101137638e-01
4.9694735010236329442179226134612690657377e-01
5.8805448060215315120302648210781626403332e-01
7.3637677231829540280827472997771110385656e-02
5.2347742304212463437806945876218378543854e-01
1.0000000000000000000000000000000000000000e+00
1.0000000000000000000000000000000000000000e+00
6.2607743904077173269229206198360770940781e-01
0.0000000000000000000000000000000000000000e+00
4.8368290621217602254233725034282542765141e-01
4.0647809947750801473631554472376592457294e-01
4.8103479487412670323465135879814624786377e-01
4.8652803472889671887458007404347881674767e-01
6.2387708782411377406162955594481900334358e-01
2.6252193044305810465388617558346595615149e-01
6.4084070355888744785488597699441015720367e-01
3.2922559356921521356298399041406810283661e-01
6.1478107781443502855012184227234683930874e-01
5.4151636001542158282973105087876319885254e-01
6.8018838199870412797309882080298848450184e-01
6.3024494672383701843187964186654426157475e-01
1.1650495628225637778641043951211031526327e-01
6.2957141236653724192251502245198935270309e-01
7.0519566789501086923053208010969683527946e-01
7.8304297843597059358700107623008079826832e-01
8.4367602964418864086582061645458452403545e-01
9.6133338639969445615918175462866201996803e-01
6.3024494672383757354339195444481447339058e-01
7.3780137958424574229354675480863079428673e-01
5.7580927543360949094619627430802211165428e-01
6.8257742624907824513513787678675726056099e-01
7.2431267405929422587007593392627313733101e-01
8.2963872324340437458545238769147545099258e-01
9.7147805430280653737895590893458575010300e-01
9.4244383001453591042206880956655368208885e-01
6.0198859887170108606824214803054928779602e-01
7.8208808936588058990935223846463486552238e-01
8.8385083723563950819368528755148872733116e-01
0.0000000000000000000000000000000000000000e+00
5.3493125383706108255665867545758374035358e-01
6.3895976183833103068110403910395689308643e-01
8.2531574274200592000738652131985872983932e-01
5.2777715219515741740252678937395103275776e-01
8.5536591168786579864047325827414169907570e-01
6.6986040429190141232140831561991944909096e-01
6.8641016258891118795304464583750814199448e-01
5.7580927543360949094619627430802211165428e-01
8.4523610419229833201626433947240002453327e-01
0.0000000000000000000000000000000000000000e+00
6.9554211390318176899683066949364729225636e-01
4.9694735010236684713547106184705626219511e-01
6.2220991916637724550298571557505056262016e-01
6.7337393371375242612231204475392587482929e-01
7.3999630584463793603333670034771785140038e-01
4.8652803472890709945986031925713177770376e-01
7.3780137958424285571368272940162569284439e-01
9.6985208772143605138182920200051739811897e-01
4.8413065242076536165427569358143955469131e-01
2.1176699847680746646716443137847818434238e-01
1.8662659704611353483905133998632663860917e-01
5.2609013980177565805718131741741672158241e-01
4.1720898878901874207159039542602840811014e-01
7.8718164840835824769271766854217275977135e-01
5.9839752791406430887377609906252473592758e-01
8.5099435188960703690952414035564288496971e-01
5.5848293114293900973876816351548768579960e-01
5.0688319034057194301112758694216609001160e-01
6.3649134237924265278252278221771121025085e-01
8.6824349074090512168311306595569476485252e-01
5.6824834220921394134506954287644475698471e-01
6.3930932484870384158170963928569108247757e-01
1.3504850351336847302796684289205586537719e-01
6.0252749099768565521628715941915288567543e-01
7.0519566789501086923053208010969683527946e-01
1.0000000000000000000000000000000000000000e+00
1.0000000000000000000000000000000000000000e+00
1.0000000000000000000000000000000000000000e+00
6.6061368316671487121993777691386640071869e-01
8.7089060263987350118952690536389127373695e-01
7.6261576285938748043236046214587986469269e-01
7.9052169637441593863513844553381204605103e-01
4.1084945042747000876204310770845040678978e-01
4.2047702024427946465578997958800755441189e-01
5.5615362054318417950327102516894228756428e-01
3.2597455142630527014091512683080509305000e-01
6.7821696049441271281210674715111963450909e-01
7.3009518599292655416377328947419300675392e-01
8.2531574274201413565776874747825786471367e-01
6.9547843295075040259689558297395706176758e-01
1.0000000000000000000000000000000000000000e+00
7.9007456410586884842928157013375312089920e-01
7.1524518521097957268750633375020697712898e-01
8.3926274919920940131845554788014851510525e-01
6.8565989135165394952053929955582134425640e-01
4.1068727839521851352699854942329693585634e-01
5.0745641072183633735193097891169600188732e-01
8.3926274919920940131845554788014851510525e-01
5.1208428927036664379812691549886949360371e-01
1.3990199888735491140501210338698001578450e-01
5.2347742304212618869030393398134037852287e-01
8.2740011602296714698923096875660121440887e-01
8.2531574274201446872467613502521999180317e-01
6.9512779484619702241587901880848221480846e-01
5.3532230113903922497087251031189225614071e-01
5.5427197338537814719217067249701358377934e-01
7.0465340704013534889327274868264794349670e-01
6.4635497670980857076727943422156386077404e-01
6.1301852777838616859185094654094427824020e-01
4.7525584479102539470218857786676380783319e-01
1.0000000000000000000000000000000000000000e+00
9.5916104057644924196779356861952692270279e-01
6.9195117908170156173497389318072237074375e-01
1.0000000000000000000000000000000000000000e+00
3.5674538650669129768999709995114244520664e-01
6.4798679253498592256477195405750535428524e-01
6.2021591104997342291937911795685067772865e-01
7.8338071942686493542851167148910462856293e-01
7.0989571720270372434669070571544580161572e-01
8.2299508272008048415102621220285072922707e-01
7.2037407380003704027160438272403553128242e-01
6.9644784210215859854287145935813896358013e-01
7.0125706763575068602989404098480008542538e-01
1.0000000000000000000000000000000000000000e+00
6.4287552396239822094514693162636831402779e-01
7.0019308648152112084517284529283642768860e-01
7.8061597592366838149757768405834212899208e-01
8.6480007426344362997383541369345039129257e-01
9.4493009419832829642871274700155481696129e-01
8.5120504309686317867544858017936348915100e-01
4.8154239972697160387937742598296608775854e-01
6.8257742624907824513513787678675726056099e-01
6.9776949306788971227888396242633461952209e-01
7.8338071942686493542851167148910462856293e-01
6.3696748323590035578689594331081025302410e-01
7.8711657859630579370247005499550141394138e-01
5.4450003242864652985844031718443147838116e-01
8.6232438357216711910524509221431799232960e-01
7.5301597829709687736965406656963750720024e-01
9.9392801897216509487975599768105894327164e-01
5.9203400852278598165412404341623187065125e-01
6.7103299854017772752001746994210407137871e-01
8.1400080117612660934867108153412118554115e-01
9.2294326768015877426876159006496891379356e-01
7.5170196271857403491623017544043250381947e-01
8.7300563920141993623502685295534320175648e-01
6.9644784210215859854287145935813896358013e-01
4.6620695653001908986823309533065184950829e-01
8.7552517648234995384370904503157362341881e-01
1.0000000000000000000000000000000000000000e+00
1.0000000000000000000000000000000000000000e+00
1.0000000000000000000000000000000000000000e+00
1.0000000000000000000000000000000000000000e+00
9.0986108987180180918130645295605063438416e-01
2.2599631290713539932824005518341436982155e-01
1.0000000000000000000000000000000000000000e+00
2.6049099929440328038410257249779533594847e-01
3.5311937082579736291165772854583337903023e-01
2.6189336866234441680845179689640644937754e-01
1.0000000000000000000000000000000000000000e+00
8.4947126458380473046361203159904107451439e-01
1.5204697856407922706978297355817630887032e-01
5.4587397002365811715662857750430703163147e-01
6.8862855332005012964913248652010224759579e-01
8.0584480229958665997713751494302414357662e-01
0.0000000000000000000000000000000000000000e+00
8.9327655253053739325963533701724372804165e-01
7.9297667249212167028815656522056087851524e-01
6.2501827400995380035197968027205206453800e-01
1.0000000000000000000000000000000000000000e+00
8.0109399463130170904179294666391797363758e-01
5.3077487613009122213725277106277644634247e-01
4.5998481776089938932727818610146641731262e-01
1.0000000000000000000000000000000000000000e+00
7.1808743483765136161878217535559087991714e-01
8.2531574274200536489587420874158851802349e-01
6.5235925212947987184008979966165497899055e-01
8.6621674277936167030134129163343459367752e-01
5.2249118049866238866485446123988367617130e-01
3.3823872328173659740357948066957760602236e-01
1.0000000000000000000000000000000000000000e+00
8.1533089380889489650172663459670729935169e-01
8.0724540080213869064351683846325613558292e-01
6.1844157831115453838322082447120919823647e-01
1.6812126751033529270529243149212561547756e-01
5.2347742304212396824425468366825953125954e-01
5.4521409209369664505828723122249357402325e-01
7.9791839933650599014924864604836329817772e-01
6.3537996814852648608251683981507085263729e-01
1.0000000000000000000000000000000000000000e+00
6.3537996814852881755086855264380574226379e-01
9.9689919572395935265518573942244984209538e-01
8.5139936288383266660417802995652891695499e-01
3.5761630891069862148157199044362641870975e-01
4.4202601821297116124753756594145670533180e-01
4.1100328259732038516105490089103113859892e-01
7.4729194898208206598866354397614486515522e-01
6.5239306154996323794392765194061212241650e-01
3.8820503424402902359346967386954929679632e-01
6.6348864147841279947925841042888350784779e-01
6.9705409926021721922495544276898726820946e-01
6.1328161611418041676557777464040555059910e-01
3.1856231613059227125717143280780874192715e-01
6.4767920581945404023826995398849248886108e-01
1.3161459058330751692444948730553733184934e-01
2.5729779390626844604028633511916268616915e-01
0.0000000000000000000000000000000000000000e+00
3.6108303124764246083699958944635000079870e-01
7.3637677231829540280827472997771110385656e-02
0.0000000000000000000000000000000000000000e+00
2.6252193044305810465388617558346595615149e-01
1.1650495628225637778641043951211031526327e-01
5.7580927543360949094619627430802211165428e-01
0.0000000000000000000000000000000000000000e+00
0.0000000000000000000000000000000000000000e+00
1.8662659704611353483905133998632663860917e-01
1.3504850351336847302796684289205586537719e-01
3.2597455142630527014091512683080509305000e-01
1.3990199888735491140501210338698001578450e-01
3.5674538650669129768999709995114244520664e-01
4.8154239972697160387937742598296608775854e-01
4.6620695653001908986823309533065184950829e-01
0.0000000000000000000000000000000000000000e+00
1.6812126751033529270529243149212561547756e-01
1.3161459058330751692444948730553733184934e-01
0.0000000000000000000000000000000000000000e+00
2.5729779390626844604028633511916268616915e-01
0.0000000000000000000000000000000000000000e+00
3.6108303124764246083699958944635000079870e-01
7.3637677231829540280827472997771110385656e-02
0.0000000000000000000000000000000000000000e+00
2.6252193044305810465388617558346595615149e-01
1.1650495628225637778641043951211031526327e-01
5.7580927543360949094619627430802211165428e-01
0.0000000000000000000000000000000000000000e+00
0.0000000000000000000000000000000000000000e+00
1.8662659704611353483905133998632663860917e-01
1.3504850351336847302796684289205586537719e-01
3.2597455142630527014091512683080509305000e-01
1.3990199888735491140501210338698001578450e-01
3.5674538650669129768999709995114244520664e-01
4.8154239972697160387937742598296608775854e-01
4.6620695653001908986823309533065184950829e-01
0.0000000000000000000000000000000000000000e+00
1.6812126751033529270529243149212561547756e-01
1.3161459058330751692444948730553733184934e-01
0.0000000000000000000000000000000000000000e+00
0.0000000000000000000000000000000000000000e+00
2.5729779390626844604028633511916268616915e-01
0.0000000000000000000000000000000000000000e+00
3.6108303124764246083699958944635000079870e-01
7.3637677231829540280827472997771110385656e-02
0.0000000000000000000000000000000000000000e+00
2.6252193044305810465388617558346595615149e-01
1.1650495628225637778641043951211031526327e-01
5.7580927543360949094619627430802211165428e-01
0.0000000000000000000000000000000000000000e+00
0.0000000000000000000000000000000000000000e+00
1.8662659704611353483905133998632663860917e-01
1.3504850351336847302796684289205586537719e-01
3.2597455142630527014091512683080509305000e-01
1.3990199888735491140501210338698001578450e-01
3.5674538650669129768999709995114244520664e-01
4.8154239972697160387937742598296608775854e-01
4.6620695653001908986823309533065184950829e-01
0.0000000000000000000000000000000000000000e+00
1.6812126751033529270529243149212561547756e-01
1.3161459058330751692444948730553733184934e-01
0.0000000000000000000000000000000000000000e+00
0.0000000000000000000000000000000000000000e+00
0.0000000000000000000000000000000000000000e+00
8.9157147369123137536917056422680616378784e+01
1.0084068187757311285679406864801421761513e+00
