1
0
23
8.8389908878610468079273232433479279279709e-01
3.4576657739719041106951635811128653585911e-01
2.6179461181469537711663519985449966043234e-01
5.4946421500559050610235090061905793845654e-01
0.0000000000000000000000000000000000000000e+00
6.0010448463498256010950626659905537962914e-01
5.0637578950908046504508774887653999030590e-01
3.5601698733015740838681040258961729705334e-01
6.7328318250430752023305558395804837346077e-01
4.8184092464867961380647898295137565582991e-01
5.7853631931402726973345806982251815497875e-01
8.6358775838120169221490129984886152669787e-02
5.2777686125391165550269079176359809935093e-01
1.0000000000000000000000000000000000000000e+00
9.4056104840135923428334763229941017925739e-01
6.0047567951149016796108526250463910400867e-01
0.0000000000000000000000000000000000000000e+00
4.9675626794696381427485221138340421020985e-01
3.9606433676629859697015945130260661244392e-01
4.5607123759834394816081726276024710386992e-01
4.9941635991251881465657902481325436383486e-01
6.0614140292796225839566659487900324165821e-01
2.6227423293782747837354918374330736696720e-01
6.2595558992560929034709715779172256588936e-01
3.1474667266066924664613679851754568517208e-01
5.9843145158130639504889813906629569828510e-01
5.3425568476923623872920643407269380986691e-01
6.5870997179915136143790732603520154953003e-01
6.0547153469288073068810263066552579402924e-01
1.1328010783361963653703696763841435313225e-01
6.3384149361398423039304361736867576837540e-01
7.0164729860756103185792653675889596343040e-01
7.5207195626015188594237770303152501583099e-01
8.0431335479962418055777106928871944546700e-01
9.8974710833991130787268275526002980768681e-01
6.0547153469288073068810263066552579402924e-01
7.4090091661259682709328444616403430700302e-01
5.4919850612551057711385738002718426287174e-01
6.7328318250430752023305558395804837346077e-01
7.1804786569975975751844998740125447511673e-01
8.7212232377444831588064744209987111389637e-01
9.8816014277664965259617702031391672790051e-01
8.1341316096517080058703186296042986214161e-01
5.9661252184184343505535252916160970926285e-01
7.1053883342930790334435187105555087327957e-01
8.8685367945235660247504938524798490107059e-01
0.0000000000000000000000000000000000000000e+00
5.2838442435010668507544551175669766962528e-01
6.3177107779224095374104308575624600052834e-01
8.1201858670709170517909569753101095557213e-01
5.1884313892515432353746973603847436606884e-01
8.2236637921712474330604436545399948954582e-01
6.4537329544083166243950699936249293386936e-01
6.7649431352269484563066725968383252620697e-01
5.6361230834652553678409958592965267598629e-01
8.5333470059893812287299397212336771190166e-01
0.0000000000000000000000000000000000000000e+00
6.8702880991140835575947676261421293020248e-01
4.8662723895431836407254877485684119164944e-01
6.2129724691011367632142992079025134444237e-01
6.6252723388022949357889501698082312941551e-01
7.1545169579922951452743973277392797172070e-01
4.8180320255605552093314258854661602526903e-01
7.2225410010600676891101556975627318024635e-01
9.7380570579446579237981040932936593890190e-01
5.0307028271199105695643538638250902295113e-01
2.0078153868271270132694894527958240360022e-01
1.7711069444760016433626503840059740468860e-01
5.3650804362661297375325375469401478767395e-01
4.0359214931115877655898316334059927612543e-01
8.0288410780122065890651583686121739447117e-01
5.9051740863824397909098706804797984659672e-01
8.9352615234339305416710885765496641397476e-01
5.3708723349969755833654971866053529083729e-01
5.1369355002107108809639157698256894946098e-01
6.2625652398918296714924736079410649836063e-01
8.1657174998978021562834328506141901016235e-01
5.4713054102878511120167104309075511991978e-01
6.3579101105809188165807199766277335584164e-01
1.3579983883925872412135049671633169054985e-01
5.4564720678378575424716245834133587777615e-01
7.0999266500162239168503219843842089176178e-01
1.0000000000000000000000000000000000000000e+00
1.0000000000000000000000000000000000000000e+00
9.7568180622648981170641491189599037170410e-01
6.6560217829654910737247064389521256089211e-01
8.7227947243778536368097320519154891371727e-01
7.6635449945555433881594353806576691567898e-01
7.5304637070553881450507560657570138573647e-01
4.3592936358709777344699887180468067526817e-01
4.1397554655965629333280730861588381230831e-01
4.7436794159180961649724395101657137274742e-01
3.0150327267789489571470085138571448624134e-01
7.0698321464122704238519645514315925538540e-01
7.3971397879222988702707652919343672692776e-01
8.0818932125661502308133776750764809548855e-01
6.8279494610238922192024801915977150201797e-01
1.0000000000000000000000000000000000000000e+00
7.8511922804564815425720780694973655045033e-01
7.1818133631007308181892767606768757104874e-01
8.3678481875652177546243137840065173804760e-01
6.8122926507419467867521234438754618167877e-01
4.2251025852561513440619478387816343456507e-01
5.0817019582587286130603843048447743058205e-01
8.3678481875652810373367174179293215274811e-01
4.9110132819965013339924553292803466320038e-01
1.4709173919457615986594589685410028323531e-01
5.2777686125391165550269079176359809935093e-01
8.0952579215749542740354627312626689672470e-01
8.1201858670709170517909569753101095557213e-01
6.9031746804473947953795232024276629090309e-01
5.3489767426520118398514114232966676354408e-01
5.5306341407034154133981473933090455830097e-01
7.1659763446778557138827636663336306810379e-01
6.4654155296931881125033214630093425512314e-01
6.0028339406247321896614721481455489993095e-01
4.7061860037291164404749110872216988354921e-01
1.0000000000000000000000000000000000000000e+00
9.6228521256465715527639304127660579979420e-01
7.2818551337175752014019280977663584053516e-01
1.0000000000000000000000000000000000000000e+00
3.3274936327028997729016168705129530280828e-01
6.3977853220171776449376466189278289675713e-01
5.9084931563675624488496396224945783615112e-01
7.4756141392150143865080735849915072321892e-01
6.6796087099021250743646760383853688836098e-01
8.0492198320402075228940930173848755657673e-01
7.2125085330144567130616906069917604327202e-01
6.7782851599824900379331893418566323816776e-01
6.7888038678110740331561601124121807515621e-01
9.8816014277665775722425678395666182041168e-01
6.3246580632484805661874815996270626783371e-01
6.7734465136249111250066334832808934152126e-01
7.7450364501340396294892798323417082428932e-01
8.4241742130425212309319249470718204975128e-01
9.3010160934796992648898594779893755912781e-01
8.3081079113678568681677916174521669745445e-01
4.6331968846832327635354431549785658717155e-01
6.7328318250430752023305558395804837346077e-01
6.8037677157986409248735526489326730370522e-01
7.7694431979171640900716511168866418302059e-01
6.2873444736343220284879862447269260883331e-01
7.7562014874459705993103852961212396621704e-01
5.6072957212374252566888799265143461525440e-01
8.5440623479782595861564686856581829488277e-01
7.6056587888513182971195192294544540345669e-01
9.9401147587279936601589724887162446975708e-01
5.8941919371037454489226092846365645527840e-01
6.5341535962015162564142656265175901353359e-01
8.0376461654499553599606542775291018188000e-01
9.0796986350114106123498913802905008196831e-01
7.8658375757251608462183867231942713260651e-01
8.5997273155038744807399098135647363960743e-01
6.7734465136249111250066334832808934152126e-01
4.2840776659283030802782832324737682938576e-01
9.3531595912135268022780110186431556940079e-01
1.0000000000000000000000000000000000000000e+00
1.0000000000000000000000000000000000000000e+00
1.0000000000000000000000000000000000000000e+00
1.0000000000000000000000000000000000000000e+00
9.8811192864750885256341916829114779829979e-01
2.8376938505301696480387363408226519823074e-01
1.0000000000000000000000000000000000000000e+00
2.8272556522383673893727973336353898048401e-01
3.7005362498704397200555149538558907806873e-01
2.7246749573127670984717951796483248472214e-01
1.0000000000000000000000000000000000000000e+00
9.1721219571587564445280804648064076900482e-01
2.0394057238600935000327751822624122723937e-01
5.2477111372766360730679480184335261583328e-01
6.9634578437223859648241841568960808217525e-01
8.1446444236364423652219102223170921206474e-01
0.0000000000000000000000000000000000000000e+00
9.0548156667784063245107972761616110801697e-01
7.0421622184374232933379289534059353172779e-01
6.1888203341935277279617366730235517024994e-01
1.0000000000000000000000000000000000000000e+00
8.5761117748192350340730172320036217570305e-01
5.0846128099767862185132116792374290525913e-01
4.5988954953254279622854028275469318032265e-01
1.0000000000000000000000000000000000000000e+00
6.5974499914069606454347649560077115893364e-01
8.1033856613880561603480146004585549235344e-01
6.5138628690409761112789510661968961358070e-01
8.5412793430556821494548103146371431648731e-01
4.8999855631153443891179222191567532718182e-01
3.2275861448934506370278540998697280883789e-01
1.0000000000000000000000000000000000000000e+00
7.5262918664865585682832715974655002355576e-01
8.0053404798117433482929072852130047976971e-01
6.2479435850893216830570509046083316206932e-01
1.6157632745455008382862160942750051617622e-01
5.2777686125391165550269079176359809935093e-01
5.5385877516871795389619137495174072682858e-01
8.0882055905821592656224083839333616197109e-01
6.3649212799983156951810769896837882697582e-01
1.0000000000000000000000000000000000000000e+00
6.2511759219694329470229376966017298400402e-01
9.9516858008586117634308720880653709173203e-01
8.6602282407468211822276771272299811244011e-01
3.5996334370877547392808537551900371909142e-01
4.2944621031474422556684089613554533571005e-01
4.0020282534370477112162234334391541779041e-01
7.3465566711012697531657522631576284766197e-01
6.4839790293363652740055158574250526726246e-01
3.7837046196107015916254567855503410100937e-01
6.4656505965324706508567942364607006311417e-01
6.8895004505316403964343408006243407726288e-01
5.9920343815304855095149605404003523290157e-01
2.8022004980581227684410805522929877042770e-01
6.6926145695094119147938727110158652067184e-01
1.1928268714635867353557330261537572368979e-01
2.6179461181469537711663519985449966043234e-01
0.0000000000000000000000000000000000000000e+00
3.5601698733015740838681040258961729705334e-01
8.6358775838120169221490129984886152669787e-02
0.0000000000000000000000000000000000000000e+00
2.6227423293782747837354918374330736696720e-01
1.1328010783361963653703696763841435313225e-01
5.4919850612551057711385738002718426287174e-01
0.0000000000000000000000000000000000000000e+00
0.0000000000000000000000000000000000000000e+00
1.7711069444760016433626503840059740468860e-01
1.3579983883925872412135049671633169054985e-01
3.0150327267789489571470085138571448624134e-01
1.4709173919457615986594589685410028323531e-01
3.3274936327028997729016168705129530280828e-01
4.6331968846832327635354431549785658717155e-01
4.2840776659283030802782832324737682938576e-01
0.0000000000000000000000000000000000000000e+00
1.6157632745455008382862160942750051617622e-01
1.1928268714635867353557330261537572368979e-01
0.0000000000000000000000000000000000000000e+00
2.6179461181469537711663519985449966043234e-01
0.0000000000000000000000000000000000000000e+00
3.5601698733015740838681040258961729705334e-01
8.6358775838120169221490129984886152669787e-02
0.0000000000000000000000000000000000000000e+00
2.6227423293782747837354918374330736696720e-01
1.1328010783361963653703696763841435313225e-01
5.4919850612551057711385738002718426287174e-01
0.0000000000000000000000000000000000000000e+00
0.0000000000000000000000000000000000000000e+00
1.7711069444760016433626503840059740468860e-01
1.3579983883925872412135049671633169054985e-01
3.0150327267789489571470085138571448624134e-01
1.4709173919457615986594589685410028323531e-01
3.3274936327028997729016168705129530280828e-01
4.6331968846832327635354431549785658717155e-01
4.2840776659283030802782832324737682938576e-01
0.0000000000000000000000000000000000000000e+00
1.6157632745455008382862160942750051617622e-01
1.1928268714635867353557330261537572368979e-01
0.0000000000000000000000000000000000000000e+00
0.0000000000000000000000000000000000000000e+00
2.6179461181469537711663519985449966043234e-01
0.0000000000000000000000000000000000000000e+00
3.5601698733015740838681040258961729705334e-01
8.6358775838120169221490129984886152669787e-02
0.0000000000000000000000000000000000000000e+00
2.6227423293782747837354918374330736696720e-01
1.1328010783361963653703696763841435313225e-01
5.4919850612551057711385738002718426287174e-01
0.0000000000000000000000000000000000000000e+00
0.0000000000000000000000000000000000000000e+00
1.7711069444760016433626503840059740468860e-01
1.3579983883925872412135049671633169054985e-01
3.0150327267789489571470085138571448624134e-01
1.4709173919457615986594589685410028323531e-01
3.3274936327028997729016168705129530280828e-01
4.6331968846832327635354431549785658717155e-01
4.2840776659283030802782832324737682938576e-01
0.0000000000000000000000000000000000000000e+00
1.6157632745455008382862160942750051617622e-01
1.1928268714635867353557330261537572368979e-01
0.0000000000000000000000000000000000000000e+00
0.0000000000000000000000000000000000000000e+00
0.0000000000000000000000000000000000000000e+00
8.8756439380563918462030414957553148269653e+01
1.0211112709611107618457026546820998191833e+00
