1
0
23
7.8827958257888930404533311957493424415588e-01
3.6689952419659632720794206761638633906841e-01
3.9722026326910631066624546292587183415890e-01
6.3282665203097299144729959152755327522755e-01
7.0118865070903771408161730960273416712880e-02
7.0897930617127180585868018170003779232502e-01
6.2979359939336321261293960560578852891922e-01
3.5539885620432964952186694063129834830761e-01
7.2049809697919475759420038230018690228462e-01
5.8422029655730256525458798932959325611591e-01
6.0069660673349556390121506410650908946991e-01
1.7580255791240717577750274358550086617470e-01
6.3269347563709676940391091193305328488350e-01
1.0000000000000000000000000000000000000000e+00
6.5587483080355157838425839145202189683914e-01
7.4092844195899010273365092871244996786118e-01
0.0000000000000000000000000000000000000000e+00
6.5901298232870197946198231875314377248287e-01
5.4972549616271748629259263907442800700665e-01
5.9361091994331172116972084040753543376923e-01
6.3455272882791913247046977630816400051117e-01
7.7301067220613317587663004815112799406052e-01
3.9564111813356855895662533839640673249960e-01
7.0897930617127979946445748282712884247303e-01
4.3613024794228882896618415543343871831894e-01
6.6614906885938007796710280672414228320122e-01
6.0975984274780992144826541334623470902443e-01
7.3186258744864363112725413884618319571018e-01
6.5716193407297840423098023165948688983917e-01
2.4566635784157173083563918680738424882293e-01
6.4930296220716599009392666630446910858154e-01
7.1516413163839598343685111103695817291737e-01
7.5002061722227375550886563360108993947506e-01
7.8152567654997739943212309299269691109657e-01
1.0000000000000000000000000000000000000000e+00
7.0514249621864255601622062386013567447662e-01
8.0849626137301111583610691013745963573456e-01
4.6763870377932820199262664573325309902430e-01
6.3709421835291746294416270757210440933704e-01
6.9327007077237601251340493035968393087387e-01
7.3393900720877358612170837659505195915699e-01
9.6965711450141756078124899431713856756687e-01
1.0000000000000000000000000000000000000000e+00
6.0720617430887924292903790046693757176399e-01
6.5062091125048748807557785767130553722382e-01
8.1657149839273102109871160791954025626183e-01
0.0000000000000000000000000000000000000000e+00
6.5295564731676036807073160161962732672691e-01
7.2858381671469440998833988487604074180126e-01
9.4232078234213756395831751433433964848518e-01
5.6004142033708348424880796301295049488544e-01
9.7718073178217368379705476399976760149002e-01
7.4739857447055535466517994791502133011818e-01
7.8709368571303528483440459240227937698364e-01
7.1379028117624143678909831578494049608707e-01
8.2434826105853231670295144795090891420841e-01
1.7936801996063739261799696578236762434244e-01
7.5679533653988861896522166716749779880047e-01
5.8524687249370910269163914563250727951527e-01
7.0897930617127180585868018170003779232502e-01
7.0726136082566115614866930627613328397274e-01
7.1919851168351844883375179051654413342476e-01
6.2435495881606795087748196237953379750252e-01
7.8699789257065377867661482014227658510208e-01
9.8652418278222819836287271755281835794449e-01
4.9583389075987460703487386126653291285038e-01
3.5624503204793228627877965664083603769541e-01
2.8793375366349821531386510287120472639799e-01
6.5548323092479876539329097795416601002216e-01
4.6073205109705916981965856393799185752869e-01
7.9826986291687018759688498903415165841579e-01
6.9499997113257183656287452322430908679962e-01
8.3583991821893022233780357055366039276123e-01
5.9112717710918760705141039579757489264011e-01
6.6614906885938007796710280672414228320122e-01
7.1372082821393711959956362989032641053200e-01
8.0396242647214177790004896451137028634548e-01
6.3913316617989035517410911779734306037426e-01
7.0531073131233612549806366587290540337563e-01
2.1188887371859080333003078067122260108590e-01
6.2693180799086301036027180089149624109268e-01
8.7403326634909528358718944218708202242851e-01
1.0000000000000000000000000000000000000000e+00
1.0000000000000000000000000000000000000000e+00
1.0000000000000000000000000000000000000000e+00
7.6828643896338499885700912273023277521133e-01
9.4368199226855531414059896633261814713478e-01
7.4612557723594030711922187037998810410500e-01
7.2888900611600060397421430025133304297924e-01
5.5480641564855925906840639072470366954803e-01
5.2442960256119364181870423635700717568398e-01
5.6076137540923554070104728452861309051514e-01
3.6905274655292563679154227429535239934921e-01
7.9528741666631186379987639156752265989780e-01
7.1516413163839598343685111103695817291737e-01
7.5827085715948960853438620688393712043762e-01
7.2049809697919764417406440770719200372696e-01
9.5171531625083782834906287462217733263969e-01
8.4969392018636069607850913598667830228806e-01
7.7696487062668495582329342141747474670410e-01
8.2897088545176123020041814015712589025497e-01
6.7268696528435711901039439908345229923725e-01
5.6162896226849845504602853907272219657898e-01
5.7395136110495525993968612965545617043972e-01
8.5264799304859750783691652031848207116127e-01
5.7995258705518692998737151356181129813194e-01
2.2296567790901164474171025631221709772944e-01
6.3709421835291579760962576983729377388954e-01
7.8858477379412295071858807204989716410637e-01
8.1337713150219737023860488989157602190971e-01
7.0286298472905706091751198982819914817810e-01
6.9804073165995672578532094121328555047512e-01
6.5486942179857199342052354040788486599922e-01
7.3739710980667172446345603020745329558849e-01
6.9546665638955296184775534129585139453411e-01
6.1027210826699151979823909641709178686142e-01
5.5480641564855970315761624078731983900070e-01
1.0000000000000000000000000000000000000000e+00
8.6680644432262365928210101628792472183704e-01
8.0143575082170648293811154871946200728416e-01
1.0000000000000000000000000000000000000000e+00
3.4856255189896606649924137855123262852430e-01
6.4930296220716599009392666630446910858154e-01
6.3521996778924627591322860098443925380707e-01
6.9934716655224327119810823205625638365746e-01
6.9934716655223272407937429306912235915661e-01
8.1415954981747018504023571949801407754421e-01
7.6553140406051045641078189873951487243176e-01
7.3626333016446210422145668417215347290039e-01
6.9496502376489333041575946481316350400448e-01
9.1111722708751763377676979871466755867004e-01
7.1379028117624143678909831578494049608707e-01
7.0726136082566959384365645746584050357342e-01
7.6078548758177644284472762592486105859280e-01
8.7539657995022757130954005333478562533855e-01
9.0891096634963908229565276997163891792297e-01
8.1415954981748062113666719596949405968189e-01
4.7034534174334868827926925405336078256369e-01
7.0897930617127369323782204446615651249886e-01
7.3303849154948419464261633038404397666454e-01
7.5002061722227375550886563360108993947506e-01
7.3303849154948386157570894283708184957504e-01
7.0763817616240876073874233043170534074306e-01
6.6873390030540236228517869676579721271992e-01
8.1599081079808211125481420822325162589550e-01
7.8693678083450324667325048721977509558201e-01
1.0000000000000000000000000000000000000000e+00
6.4949735786143958371496864856453612446785e-01
7.2917835264103603165608546987641602754593e-01
7.9826986291687429542207610211335122585297e-01
8.6642716362940719321272808883804827928543e-01
8.0924182251723153491695939010242000222206e-01
8.7653035959243741359614432440139353275299e-01
6.9934716655223227999016444300650618970394e-01
4.2676058994587112715990429023804608732462e-01
7.5690807040376895109545785089721903204918e-01
8.8432623001607713053573434081044979393482e-01
1.0000000000000000000000000000000000000000e+00
1.0000000000000000000000000000000000000000e+00
1.0000000000000000000000000000000000000000e+00
9.5859699839545864374912298444542102515697e-01
4.4861666339966910221903617639327421784401e-01
1.0000000000000000000000000000000000000000e+00
5.2491403997155261507145951327402144670486e-01
5.9442834953162582145580472570145502686501e-01
4.3978222785279874607056171953445300459862e-01
9.4678630249611317459823567332932725548744e-01
8.3855418787309099482030205763294361531734e-01
2.7096334655596771012753265495121013373137e-01
5.9596979531260840801110134634654968976974e-01
7.0593015338845011008572782884584739804268e-01
7.7079169774455835728588226629653945565224e-01
0.0000000000000000000000000000000000000000e+00
9.4425546111528757542430412286194041371346e-01
8.3742501552139170239996701639029197394848e-01
6.8429826778494540207020691013894975185394e-01
1.0000000000000000000000000000000000000000e+00
8.6606046241710066269092749280389398336411e-01
7.2124606326649076670776139508234336972237e-01
6.2727033901044559893733776334556750953197e-01
9.9004372472576940289457070321077480912209e-01
5.8029629097975676810250433845794759690762e-01
8.8428618853322604742572821123758330941200e-01
7.6994275698902270299583960877498611807823e-01
8.5612488144213427787576620175968855619431e-01
5.4237119684017542908804898615926504135132e-01
4.5516880084088912061801579511666204780340e-01
9.4097900672479850570084636274259537458420e-01
8.4966829790694653468108299421146512031555e-01
8.9991483276172323790831342193996533751488e-01
6.8234226794760155510033428072347305715084e-01
2.3682172499426878964357001677853986620903e-01
6.2484270870638114470096979857771657407284e-01
7.4799545823088653406784942490048706531525e-01
8.8838892908993782882021150726359337568283e-01
7.5874666554457259604049568224581889808178e-01
1.0000000000000000000000000000000000000000e+00
7.2221108523568666726077935891225934028625e-01
1.0000000000000000000000000000000000000000e+00
9.0920368163698661589933180948719382286072e-01
6.8210778766145052642855262092780321836472e-01
5.6835264708467791994195295046665705740452e-01
5.1545560849684091131450713874073699116707e-01
8.0396242647214177790004896451137028634548e-01
7.0289037266010268023563867245684377849102e-01
4.9378060236242188318911416899936739355326e-01
7.7454490546966514585847107809968292713165e-01
7.5874666554458203293620499607641249895096e-01
6.8210778766145074847315754595911130309105e-01
3.8972369619143398811189626940176822245121e-01
7.7581297185893138834700266670552082359791e-01
3.1268169133356626954167722942656837403774e-01
3.9722026326910631066624546292587183415890e-01
7.0118865070903771408161730960273416712880e-02
3.5539885620432964952186694063129834830761e-01
1.7580255791240717577750274358550086617470e-01
0.0000000000000000000000000000000000000000e+00
3.9564111813356855895662533839640673249960e-01
2.4566635784157173083563918680738424882293e-01
4.6763870377932820199262664573325309902430e-01
0.0000000000000000000000000000000000000000e+00
1.7936801996063739261799696578236762434244e-01
2.8793375366349821531386510287120472639799e-01
2.1188887371859080333003078067122260108590e-01
3.6905274655292563679154227429535239934921e-01
2.2296567790901164474171025631221709772944e-01
3.4856255189896606649924137855123262852430e-01
4.7034534174334868827926925405336078256369e-01
4.2676058994587112715990429023804608732462e-01
0.0000000000000000000000000000000000000000e+00
2.3682172499426878964357001677853986620903e-01
3.1268169133356626954167722942656837403774e-01
0.0000000000000000000000000000000000000000e+00
3.9722026326910631066624546292587183415890e-01
7.0118865070903771408161730960273416712880e-02
3.5539885620432964952186694063129834830761e-01
1.7580255791240717577750274358550086617470e-01
0.0000000000000000000000000000000000000000e+00
3.9564111813356855895662533839640673249960e-01
2.4566635784157173083563918680738424882293e-01
4.6763870377932820199262664573325309902430e-01
0.0000000000000000000000000000000000000000e+00
1.7936801996063739261799696578236762434244e-01
2.8793375366349821531386510287120472639799e-01
2.1188887371859080333003078067122260108590e-01
3.6905274655292563679154227429535239934921e-01
2.2296567790901164474171025631221709772944e-01
3.4856255189896606649924137855123262852430e-01
4.7034534174334868827926925405336078256369e-01
4.2676058994587112715990429023804608732462e-01
0.0000000000000000000000000000000000000000e+00
2.3682172499426878964357001677853986620903e-01
3.1268169133356626954167722942656837403774e-01
0.0000000000000000000000000000000000000000e+00
0.0000000000000000000000000000000000000000e+00
3.9722026326910631066624546292587183415890e-01
7.0118865070903771408161730960273416712880e-02
3.5539885620432964952186694063129834830761e-01
1.7580255791240717577750274358550086617470e-01
0.0000000000000000000000000000000000000000e+00
3.9564111813356855895662533839640673249960e-01
2.4566635784157173083563918680738424882293e-01
4.6763870377932820199262664573325309902430e-01
0.0000000000000000000000000000000000000000e+00
1.7936801996063739261799696578236762434244e-01
2.8793375366349821531386510287120472639799e-01
2.1188887371859080333003078067122260108590e-01
3.6905274655292563679154227429535239934921e-01
2.2296567790901164474171025631221709772944e-01
3.4856255189896606649924137855123262852430e-01
4.7034534174334868827926925405336078256369e-01
4.2676058994587112715990429023804608732462e-01
0.0000000000000000000000000000000000000000e+00
2.3682172499426878964357001677853986620903e-01
3.1268169133356626954167722942656837403774e-01
0.0000000000000000000000000000000000000000e+00
0.0000000000000000000000000000000000000000e+00
0.0000000000000000000000000000000000000000e+00
8.7621455643310284244762442540377378463745e+01
1.2754187238814356231131341701257042586803e+00
