1
0
23
9.0754237977510321400131942937150597572327e-01
3.4661737448568469277532244632311630994081e-01
2.4408095551165992498354739836941007524729e-01
5.7022998957356929583539795203250832855701e-01
0.0000000000000000000000000000000000000000e+00
5.7922789210149339123034906151588074862957e-01
5.1411104177608490939377361428341828286648e-01
4.0082875064036765921926530609198380261660e-01
6.3948220712009040678225346709950827062130e-01
4.8424622875562300938767634761461522430182e-01
5.7693504562061259655081357777817174792290e-01
6.0656108447607250122590727414717548526824e-02
4.9211416798202295419528695674671325832605e-01
1.0000000000000000000000000000000000000000e+00
1.0000000000000000000000000000000000000000e+00
6.3409091147534590859891068248543888330460e-01
0.0000000000000000000000000000000000000000e+00
4.5045849000926346805684374885458964854479e-01
4.3034485619273776801918529599788598716259e-01
4.6911766755386541394301502805319614708424e-01
4.8997154644549656410390525707043707370758e-01
5.9411712579911635234708455755026079714298e-01
2.6451744183169928481547117371519561856985e-01
6.5277635385977561544024183604051358997822e-01
3.2158679544753415724400724684528540819883e-01
6.1155020426838813119019278019550256431103e-01
5.4616617986092674819076364656211808323860e-01
7.0377671442758327202682266943156719207764e-01
6.4165303993265343507346187834627926349640e-01
1.0385567105161752632369598359218798577785e-01
6.1080507978621501052884923410601913928986e-01
7.0725909144696164077004141290672123432159e-01
7.7531763956218602285019869668758474290371e-01
8.7030197725976643496892393159214407205582e-01
9.7094464213386932893712355507886968553066e-01
6.4080142616375912467674424988217651844025e-01
7.5460282844191983731008122049388475716114e-01
5.9148581502586183855640911133377812802792e-01
6.7528020527732213196259181131608784198761e-01
7.7924611614432892636727956414688378572464e-01
8.7352591159285142285995107158669270575047e-01
8.4751921460071777403300075093284249305725e-01
1.0000000000000000000000000000000000000000e+00
5.8334667856185073997465906359138898551464e-01
7.9159192476326700749211795482551679015160e-01
8.7838162407422037958326654916163533926010e-01
0.0000000000000000000000000000000000000000e+00
5.3971796272843175490407929828506894409657e-01
6.5898121508161200399200652100262232124805e-01
8.3573025687838164987653044590842910110950e-01
5.2771827886749378411224142837454564869404e-01
9.1598927568070387383869501718436367809772e-01
6.9234545948967662898354546996415592730045e-01
7.3119291394063101741096488694893196225166e-01
5.9148581502586183855640911133377812802792e-01
8.2063120630360320006957408622838556766510e-01
0.0000000000000000000000000000000000000000e+00
6.9181336392429060300202081634779460728168e-01
4.8424622875562395307724727899767458438873e-01
5.9846478027625504836350955883972346782684e-01
6.4636794436493660853670917276758700609207e-01
7.5746924053287256750621736500761471688747e-01
4.9625808938063392661277362094551790505648e-01
7.4835481325794639406723263164167292416096e-01
9.3785374287204459342603968252660706639290e-01
4.8246779875214623745094399964727926999331e-01
2.0094566287109677515942962600092869251966e-01
1.6156335372636887459663057597936131060123e-01
4.9815755783257575917133408438530750572681e-01
3.8044305208613182767152238739072345197201e-01
7.9796774531749736780739112873561680316925e-01
5.7910936580226923808822903083637356758118e-01
8.2340946867486319860063304076902568340302e-01
5.5497650792615438319899112684652209281921e-01
4.6842015400274217284959377138875424861908e-01
5.9663846260694775036625969732995145022869e-01
8.2585729247520278661909287620801478624344e-01
5.7741006089609270279794372981996275484562e-01
6.4876240660926898229377002280671149492264e-01
1.1076306787706971523910226551379309967160e-01
5.7922789210149339123034906151588074862957e-01
7.0224898369249666441049839704646728932858e-01
1.0000000000000000000000000000000000000000e+00
1.0000000000000000000000000000000000000000e+00
1.0000000000000000000000000000000000000000e+00
6.5514184525491625521453897817991673946381e-01
8.3224673867895926360205294258776120841503e-01
7.3387528204730356762297560635488480329514e-01
7.2915467131665145927854609908536076545715e-01
4.2106560809280563217882331628061365336180e-01
3.8828080341421744581253960859612561762333e-01
5.9742629506472455513943486948846839368343e-01
2.6527149551743189892505370153230614960194e-01
6.5277635385977561544024183604051358997822e-01
7.4014002811508960988362559874076396226883e-01
8.5092793110761943964348574809264391660690e-01
6.7155763160263326483345736050978302955627e-01
1.0000000000000000000000000000000000000000e+00
7.5265636612242514669190995846292935311794e-01
7.3998830783417590684081233121105469763279e-01
8.1812937434402177583336879251874051988125e-01
6.7551850179535977147793346375692635774612e-01
4.2106560809280563217882331628061365336180e-01
4.8246779875214623745094399964727926999331e-01
8.6433774411732877673841812793398275971413e-01
5.1263078466351164053094180417247116565704e-01
1.2594436654496543592784973952802829444408e-01
4.9533637735910629462665610844851471483707e-01
7.8619628884390180267871528485557064414024e-01
7.9508274758579167151850697337067686021328e-01
6.7847225618159234805659707490121945738792e-01
4.9471384862716816233074723641038872301579e-01
5.3075963333700604263043487662798725068569e-01
7.0377671442758182873689065672806464135647e-01
6.3700530565360735657520763197680935263634e-01
5.8334667856185096201926398862269707024097e-01
4.7254965492804240634328039050160441547632e-01
1.0000000000000000000000000000000000000000e+00
9.7340429322720778415600761945825070142746e-01
6.6891084750315044082924487156560644507408e-01
1.0000000000000000000000000000000000000000e+00
3.4214287903700696391595670320384670048952e-01
6.4313949756856747530520124200847931206226e-01
6.5353655159579671085623431281419470906258e-01
8.1477248195848850365052840061252936720848e-01
7.9606588228006358587407476079533807933331e-01
8.3801177523100356392404819416697137057781e-01
7.3857106349894008356926633496186695992947e-01
7.2913277549367661034551701959571801126003e-01
7.0725909144696186281464633793802931904793e-01
9.7031668475523136230265208723722025752068e-01
6.5898121508161200399200652100262232124805e-01
7.0734721197312222518149837924283929169178e-01
7.6903493664773281413005179274477995932102e-01
8.5917292997827987566239471561857499182224e-01
9.2852279831358341954938850903999991714954e-01
8.6234846767028106029329137527383863925934e-01
5.0945367217823511740704134354018606245518e-01
6.8212916240132670520068813857506029307842e-01
7.2412736459044668713147530070273205637932e-01
7.9508274758579167151850697337067686021328e-01
6.3652546938847864854693625602521933615208e-01
7.9846902320179857781567989150062203407288e-01
5.2136022055348163473098566100816242396832e-01
8.6471852841736140948825095620122738182545e-01
7.5460282844191806095324182024342007935047e-01
9.8302768723891797986169649448129348456860e-01
5.7741006089609270279794372981996275484562e-01
6.4312998462989889869589887894107960164547e-01
8.1264750882830727451988650500425137579441e-01
8.8169625579445543017698128096526488661766e-01
7.2437229856334373057080711078015156090260e-01
8.4352230148194373704484405607217922806740e-01
7.0148260920979377264217191623174585402012e-01
4.5870299576713435829589116110582835972309e-01
7.6432475873586158687800207189866341650486e-01
1.0000000000000000000000000000000000000000e+00
1.0000000000000000000000000000000000000000e+00
1.0000000000000000000000000000000000000000e+00
1.0000000000000000000000000000000000000000e+00
8.8412333596649661515698426228482276201248e-01
1.5204397378108061578139142966392682865262e-01
1.0000000000000000000000000000000000000000e+00
1.8823442718752403379767201840877532958984e-01
3.3155001191755484324374947391333989799023e-01
2.3414656048548876388082362609566189348698e-01
1.0000000000000000000000000000000000000000e+00
9.3659712266555239512655361977522261440754e-01
1.2594436654496543592784973952802829444408e-01
4.9775658689848101268182745116064324975014e-01
6.7095602325822878420069628191413357853889e-01
7.3609382441151083309449631997267715632915e-01
0.0000000000000000000000000000000000000000e+00
8.4829837434239518945133795568835921585560e-01
8.0554510053284988924104936813819222152233e-01
6.2997826477850338289243836698005907237530e-01
1.0000000000000000000000000000000000000000e+00
6.6533048489083590482096042251214385032654e-01
5.0161677980072738591843517497181892395020e-01
4.1799857896066328066808637231588363647461e-01
1.0000000000000000000000000000000000000000e+00
8.0232720421623737738769932548166252672672e-01
7.9462478827021887362036522972630336880684e-01
6.1996032336003681351144223299343138933182e-01
9.8209030205460523532678962510544806718826e-01
5.0398095053309965862808894598856568336487e-01
2.6534673704515504555345728476822841912508e-01
9.9114246332246935811127741544623859226704e-01
7.8627013132225243019490790175041183829308e-01
8.3379342501907438567343433533096686005592e-01
5.7088561599445641903116666071582585573196e-01
1.1674917316139343803627070883521810173988e-01
4.8286279397992321049670749744109343737364e-01
5.0686605971761677924547484508366324007511e-01
7.4037168874806513763076054601697251200676e-01
5.2029518890192905100633424808620475232601e-01
1.0000000000000000000000000000000000000000e+00
5.8154015794614932755024483412853442132473e-01
1.0000000000000000000000000000000000000000e+00
8.3651959844177137259890741916024126112461e-01
3.2222248364285038801924088147643487900496e-01
4.1312123317557869484062393894419074058533e-01
3.6366592680473913690164522449776995927095e-01
7.1781988687599251885984585896949283778667e-01
6.0838596215825702095969518268248066306114e-01
3.2300790669154699763510052434867247939110e-01
6.1919683743497255790089184301905333995819e-01
7.0148260920979377264217191623174585402012e-01
5.8655026570061463697669523753575049340725e-01
3.2300790669154699763510052434867247939110e-01
5.6983499309359975093514094623969867825508e-01
5.6694641611326770935797014772106194868684e-02
2.4408095551165992498354739836941007524729e-01
0.0000000000000000000000000000000000000000e+00
4.0082875064036765921926530609198380261660e-01
6.0656108447607250122590727414717548526824e-02
0.0000000000000000000000000000000000000000e+00
2.6451744183169928481547117371519561856985e-01
1.0385567105161752632369598359218798577785e-01
5.9148581502586183855640911133377812802792e-01
0.0000000000000000000000000000000000000000e+00
0.0000000000000000000000000000000000000000e+00
1.6156335372636887459663057597936131060123e-01
1.1076306787706971523910226551379309967160e-01
2.6527149551743189892505370153230614960194e-01
1.2594436654496543592784973952802829444408e-01
3.4214287903700696391595670320384670048952e-01
5.0945367217823511740704134354018606245518e-01
4.5870299576713435829589116110582835972309e-01
0.0000000000000000000000000000000000000000e+00
1.1674917316139343803627070883521810173988e-01
5.6694641611326770935797014772106194868684e-02
0.0000000000000000000000000000000000000000e+00
2.4408095551165992498354739836941007524729e-01
0.0000000000000000000000000000000000000000e+00
4.0082875064036765921926530609198380261660e-01
6.0656108447607250122590727414717548526824e-02
0.0000000000000000000000000000000000000000e+00
2.6451744183169928481547117371519561856985e-01
1.0385567105161752632369598359218798577785e-01
5.9148581502586183855640911133377812802792e-01
0.0000000000000000000000000000000000000000e+00
0.0000000000000000000000000000000000000000e+00
1.6156335372636887459663057597936131060123e-01
1.1076306787706971523910226551379309967160e-01
2.6527149551743189892505370153230614960194e-01
1.2594436654496543592784973952802829444408e-01
3.4214287903700696391595670320384670048952e-01
5.0945367217823511740704134354018606245518e-01
4.5870299576713435829589116110582835972309e-01
0.0000000000000000000000000000000000000000e+00
1.1674917316139343803627070883521810173988e-01
5.6694641611326770935797014772106194868684e-02
0.0000000000000000000000000000000000000000e+00
0.0000000000000000000000000000000000000000e+00
2.4408095551165992498354739836941007524729e-01
0.0000000000000000000000000000000000000000e+00
4.0082875064036765921926530609198380261660e-01
6.0656108447607250122590727414717548526824e-02
0.0000000000000000000000000000000000000000e+00
2.6451744183169928481547117371519561856985e-01
1.0385567105161752632369598359218798577785e-01
5.9148581502586183855640911133377812802792e-01
0.0000000000000000000000000000000000000000e+00
0.0000000000000000000000000000000000000000e+00
1.6156335372636887459663057597936131060123e-01
1.1076306787706971523910226551379309967160e-01
2.6527149551743189892505370153230614960194e-01
1.2594436654496543592784973952802829444408e-01
3.4214287903700696391595670320384670048952e-01
5.0945367217823511740704134354018606245518e-01
4.5870299576713435829589116110582835972309e-01
0.0000000000000000000000000000000000000000e+00
1.1674917316139343803627070883521810173988e-01
5.6694641611326770935797014772106194868684e-02
0.0000000000000000000000000000000000000000e+00
0.0000000000000000000000000000000000000000e+00
0.0000000000000000000000000000000000000000e+00
8.9272546169328705900625209324061870574951e+01
9.8107177638102183170332182271522469818592e-01
