1
0
23
7.2469041095468778035382229063543491065502e-01
3.8866289698762679361010441425605677068233e-01
4.3822816331748071227991658815881237387657e-01
6.7935419703547739178617348443367518484592e-01
1.9236486213301751124760130551294423639774e-01
7.7730703552409829981684197264257818460464e-01
7.2901482579409926376712292039883323013783e-01
3.9439757477141612618254384869942441582680e-01
7.8754682345167870138880061858799308538437e-01
6.7935419703547916814301288468413986265659e-01
6.5890666707504397248129635045188479125500e-01
2.2686863072982207945038624075095867738128e-01
6.7998303445527052968344605687889270484447e-01
9.6966233803434043192481794903869740664959e-01
6.9255297402433657616427353787003085017204e-01
8.7259287604315449726755105075426399707794e-01
3.7512906422456804289566889565321616828442e-02
7.5307622641307692124001960110035724937916e-01
6.0896033416404504734487090900074690580368e-01
6.5069305978230473908041631148080341517925e-01
7.1311361608098011721779130311915650963783e-01
8.9744429296955896546705844230018556118011e-01
4.2273138666532994456304095365339890122414e-01
7.7168191491141768789674415529589168727398e-01
5.6624491222341832852293919131625443696976e-01
7.2901482579409926376712292039883323013783e-01
6.6192232977889164935447752213804051280022e-01
7.8232564653834635315376999642467126250267e-01
6.8522314320986776881028390562278218567371e-01
3.2692061647011294578391016329987905919552e-01
6.7998303445527052968344605687889270484447e-01
7.4837104586831215691233865072717890143394e-01
7.7732970852540361761384701821953058242798e-01
7.8639256725681250248527476287563331425190e-01
9.5020100250754058190949535855907015502453e-01
7.7224583682732073075527523542405106127262e-01
8.4089097117725497554374669562093913555145e-01
4.3217304871877987304529256107343826442957e-01
6.7136266936552602135890310819377191364765e-01
7.1312556713920127737793563937884755432606e-01
7.5047616980332798597430610243463888764381e-01
8.6520076841650028764973967554396949708462e-01
8.8715181508313067926252415418275631964207e-01
6.0307219105091114386141271097585558891296e-01
7.0285530107193439075530250192969106137753e-01
8.4089097117725497554374669562093913555145e-01
0.0000000000000000000000000000000000000000e+00
7.5307622641307725430692698864731937646866e-01
7.5553621408808180337501880785566754639149e-01
9.8670818184527742111811221548123285174370e-01
6.7487575513241637725769805911113508045673e-01
1.0000000000000000000000000000000000000000e+00
7.9993795361149266920364198085735552012920e-01
8.3150493118969026618003681505797430872917e-01
7.9463947650739596983981982702971436083317e-01
9.2522883657957777359115425497293472290039e-01
2.5988273017758617422501288274361286312342e-01
7.8652093949172463549501799207064323127270e-01
6.9189480088073085362054825964150950312614e-01
7.8652093949172352527199336691410280764103e-01
7.8610568699509963952465341208153404295444e-01
7.8654361249302851000209102494409307837486e-01
7.2962364582255279099598510583746246993542e-01
8.4089097117725497554374669562093913555145e-01
1.0000000000000000000000000000000000000000e+00
5.8933572161351388540850848585250787436962e-01
4.5715718236568758658933120386791415512562e-01
3.7460862670096489734916644920303951948881e-01
7.4469923078595168242088675469858571887016e-01
5.5791561825399615948128939635353162884712e-01
7.8652093949172352527199336691410280764103e-01
7.5904121703815774502288604708155617117882e-01
8.6055606469926337886988676473265513777733e-01
6.5272457165972874726378449850017204880714e-01
7.2901482579409848661100568278925493359566e-01
7.7138069803817865821571331252926029264927e-01
7.7138069803816389224948579794727265834808e-01
7.4469923078595179344318921721423976123333e-01
7.8394606488577678327089870435884222388268e-01
3.3986176908980886279820765594195108860731e-01
7.0700599157706645048193649927270598709583e-01
9.0732176109527262752862952766008675098419e-01
1.0000000000000000000000000000000000000000e+00
1.0000000000000000000000000000000000000000e+00
9.6966233803434365157158936199266463518143e-01
7.9501514648070381596767219889443367719650e-01
1.0000000000000000000000000000000000000000e+00
8.1477058207956831736851199821103364229202e-01
8.1459896150669575121128218597732484340668e-01
6.1615325894538985895820815130718983709812e-01
5.7761632832531240033802077959990128874779e-01
6.8526194702697695859683335584122687578201e-01
3.7935791074266900224642995453905314207077e-01
8.0757065983090969840674233637400902807713e-01
7.5214466357807796548229362088022753596306e-01
7.8754682345169912949245372146833688020706e-01
7.8754682345169912949245372146833688020706e-01
9.3936198176823237915300524036865681409836e-01
8.9613755347554313601676767575554549694061e-01
8.6425981136126550641307630939991213381290e-01
8.4385356181001702768895711415098048746586e-01
6.9207081995344166269745755926123820245266e-01
6.1142474270055258145362131472211331129074e-01
6.1444040540440025832680248640826903283596e-01
9.1521632820427012422470625097048468887806e-01
6.4126660900296172940215910784900188446045e-01
2.6400047037441326525097906596784014254808e-01
7.1676802190967336958493660858948715031147e-01
7.8937726660842688630737029598094522953033e-01
8.0456176725928174597868292039493098855019e-01
7.2901482579410170625777709574322216212749e-01
7.9002468433120487389942354639060795307159e-01
7.5695733207293269817483860606444068253040e-01
7.8030870267960650288330270996084436774254e-01
7.7393132591947766396600627558655105531216e-01
6.7136266936551991513226766983279958367348e-01
6.5990393008688774667547249919152818620205e-01
9.3696131810313920684762933888123370707035e-01
8.2197778462912529651163140442804433405399e-01
8.5067154248873988464652029506396502256393e-01
9.6473985263179240501330014012637548148632e-01
3.4680538088355639114723771854187361896038e-01
6.7935419703547850200919810959021560847759e-01
6.9674418553043981905403825294342823326588e-01
7.2901482579409926376712292039883323013783e-01
7.2901482579410170625777709574322216212749e-01
8.0698306161042032691455005988245829939842e-01
7.6557618130456772664871323286206461489201e-01
7.7615547914335192292156762050581164658070e-01
7.2973751463754632506919506340636871755123e-01
8.6520076841650028764973967554396949708462e-01
7.7266374274124904886207332310732454061508e-01
7.7615547914336313617411633458686992526054e-01
7.7266374274125038112970287329517304897308e-01
8.6071834835236726846119381661992520093918e-01
9.1363680341008124408119783765869215130806e-01
8.1318855502747100505445132512249983847141e-01
4.8360915822828309806880042742704972624779e-01
7.3029210598774063623039864978636614978313e-01
7.5728630153887277476343342641484923660755e-01
7.5728630153887277476343342641484923660755e-01
7.8141978666061640002027388618444092571735e-01
7.4809819798964183323874976849765516817570e-01
7.2510450884487398504063548898557201027870e-01
7.8030870267960650288330270996084436774254e-01
8.0148768956594274026627999774063937366009e-01
9.5109682080608737297922061770805157721043e-01
7.0398649398139578892141798860393464565277e-01
7.5728630153887399600876051408704370260239e-01
8.2197778462912529651163140442804433405399e-01
8.6920519335479895506324510279227979481220e-01
8.0235397630164995153023710372508503496647e-01
8.5300465094903910046042483372730202972889e-01
6.8596733056931114003162974768201820552349e-01
4.0482929565841418995120193358161486685276e-01
7.9177730434595117170459843691787682473660e-01
1.0000000000000000000000000000000000000000e+00
1.0000000000000000000000000000000000000000e+00
1.0000000000000000000000000000000000000000e+00
1.0000000000000000000000000000000000000000e+00
1.0000000000000000000000000000000000000000e+00
6.1462086622276856928692723158746957778931e-01
1.0000000000000000000000000000000000000000e+00
6.0229983157740218935316534043522551655769e-01
6.5990393008688730258626264912891201674938e-01
6.2776659492578146259944560370058752596378e-01
8.8400150862153725750403054917114786803722e-01
8.4257272887666279093110688336309976875782e-01
3.9134686089214687498838429746683686971664e-01
7.1115461252673350944775165771716274321079e-01
7.6414949773454254877691482761292718350887e-01
8.6891403282847234912367184733739122748375e-01
0.0000000000000000000000000000000000000000e+00
8.9537149427451900862706679617986083030701e-01
9.0268211587397029216361943326774053275585e-01
7.7336851188911914789514412404969334602356e-01
9.4906800063513563348038815092877484858036e-01
8.3924656226031013606103670099400915205479e-01
7.7591452815459727165858794251107610762119e-01
6.6932379544704945217858949035871773958206e-01
9.1422487673076724412624116666847839951515e-01
5.7004222920480374092733200086513534188271e-01
8.7882416584910616474957123500644229352474e-01
8.2802005372645015590649109071819111704826e-01
7.9278629794928601182135707858833484351635e-01
6.0058213284310602020354963315185159444809e-01
4.1635759724204568499317247187718749046326e-01
9.1593089333210608860014190213405527174473e-01
8.5505979938141640772641949297394603490829e-01
8.6658918042475363563426071777939796447754e-01
6.9949635914098984290632188276504166424274e-01
2.4033209559093143825592164830595720559359e-01
6.7935419703547850200919810959021560847759e-01
7.8937726660841400772028464416507631540298e-01
8.8017786823637345072768312093103304505348e-01
7.9761163266546131200840363817405886948109e-01
9.8945823161552537428065079438965767621994e-01
7.6432729748084526910645308817038312554359e-01
1.0000000000000000000000000000000000000000e+00
8.4517232797618557782470816164277493953705e-01
8.4351566124657995082714023737935349345207e-01
6.0581458519435205101189012566464953124523e-01
5.8140392017424979975714904867345467209816e-01
8.0471531855740752181560537792393006384373e-01
7.1178878109322263334490799024933949112892e-01
5.6735156213958182203072055926895700395107e-01
8.3772897737876295121139946786570362746716e-01
7.8657266857579610785933255101554095745087e-01
7.3539717422838002391927147982642054557800e-01
5.4519494389060152439441253591212444007397e-01
7.9761163266546131200840363817405886948109e-01
3.9295926061593233757918142146081663668156e-01
4.3822816331748071227991658815881237387657e-01
1.9236486213301751124760130551294423639774e-01
3.9439757477141612618254384869942441582680e-01
2.2686863072982207945038624075095867738128e-01
3.7512906422456804289566889565321616828442e-02
4.2273138666532994456304095365339890122414e-01
3.2692061647011294578391016329987905919552e-01
4.3217304871877987304529256107343826442957e-01
0.0000000000000000000000000000000000000000e+00
2.5988273017758617422501288274361286312342e-01
3.7460862670096489734916644920303951948881e-01
3.3986176908980886279820765594195108860731e-01
3.7935791074266900224642995453905314207077e-01
2.6400047037441326525097906596784014254808e-01
3.4680538088355639114723771854187361896038e-01
4.8360915822828309806880042742704972624779e-01
4.0482929565841418995120193358161486685276e-01
0.0000000000000000000000000000000000000000e+00
2.4033209559093143825592164830595720559359e-01
3.9295926061593233757918142146081663668156e-01
0.0000000000000000000000000000000000000000e+00
4.3822816331748071227991658815881237387657e-01
1.9236486213301751124760130551294423639774e-01
3.9439757477141612618254384869942441582680e-01
2.2686863072982207945038624075095867738128e-01
3.7512906422456804289566889565321616828442e-02
4.2273138666532994456304095365339890122414e-01
3.2692061647011294578391016329987905919552e-01
4.3217304871877987304529256107343826442957e-01
0.0000000000000000000000000000000000000000e+00
2.5988273017758617422501288274361286312342e-01
3.7460862670096489734916644920303951948881e-01
3.3986176908980886279820765594195108860731e-01
3.7935791074266900224642995453905314207077e-01
2.6400047037441326525097906596784014254808e-01
3.4680538088355639114723771854187361896038e-01
4.8360915822828309806880042742704972624779e-01
4.0482929565841418995120193358161486685276e-01
0.0000000000000000000000000000000000000000e+00
2.4033209559093143825592164830595720559359e-01
3.9295926061593233757918142146081663668156e-01
0.0000000000000000000000000000000000000000e+00
0.0000000000000000000000000000000000000000e+00
4.3822816331748071227991658815881237387657e-01
1.9236486213301751124760130551294423639774e-01
3.9439757477141612618254384869942441582680e-01
2.2686863072982207945038624075095867738128e-01
3.7512906422456804289566889565321616828442e-02
4.2273138666532994456304095365339890122414e-01
3.2692061647011294578391016329987905919552e-01
4.3217304871877987304529256107343826442957e-01
0.0000000000000000000000000000000000000000e+00
2.5988273017758617422501288274361286312342e-01
3.7460862670096489734916644920303951948881e-01
3.3986176908980886279820765594195108860731e-01
3.7935791074266900224642995453905314207077e-01
2.6400047037441326525097906596784014254808e-01
3.4680538088355639114723771854187361896038e-01
4.8360915822828309806880042742704972624779e-01
4.0482929565841418995120193358161486685276e-01
0.0000000000000000000000000000000000000000e+00
2.4033209559093143825592164830595720559359e-01
3.9295926061593233757918142146081663668156e-01
0.0000000000000000000000000000000000000000e+00
0.0000000000000000000000000000000000000000e+00
0.0000000000000000000000000000000000000000e+00
8.5695183362955376082936709281057119369507e+01
1.8008872035947693923674250982003286480904e+00
