1
0
23
8.2734350345374318980162797743105329573154e-01
3.5464854340591178694097607149160467088223e-01
3.4854995467204297199259599437937140464783e-01
6.0034304409567040838879847797215916216373e-01
0.0000000000000000000000000000000000000000e+00
6.3813948184169699828771626926027238368988e-01
5.8971994234650260136021415746654383838177e-01
3.2894861925801305302385912909812759608030e-01
6.8574455922289212495002175273839384317398e-01
5.0556407802346159385820101306308060884476e-01
5.7070131433465587367237503713113255798817e-01
1.2748310150575145605067461929138517007232e-01
5.9841639799513135500319549464620649814606e-01
1.0000000000000000000000000000000000000000e+00
6.5564704102442639133130342088406905531883e-01
6.7494459813007012805030626623192802071571e-01
0.0000000000000000000000000000000000000000e+00
5.9993172530879623760569074875093065202236e-01
4.9300021020052769982200402409944217652082e-01
5.3738649967439189314433178878971375524998e-01
5.8657546952144312690791139175416901707649e-01
6.9760928138087408001410949509590864181519e-01
3.6066088128737677775959014070394914597273e-01
6.6941008730138484850158420158550143241882e-01
3.8666336108674115301653273490956053137779e-01
6.1906504142712126537162475869990885257721e-01
5.5817138158871226760737727090599946677685e-01
6.7400996843861182838963941321708261966705e-01
6.5068207154017454474370651951176114380360e-01
1.8733150858781433267807869924581609666348e-01
6.2325962220723352125162364245625212788582e-01
7.0366153171614564953983972372952848672867e-01
7.3613032928239707786133294575847685337067e-01
7.6966536430023879677975173763115890324116e-01
1.0000000000000000000000000000000000000000e+00
6.5068207154017454474370651951176114380360e-01
7.7167159152008812927903136369423009455204e-01
4.7898964800012189257927275320980697870255e-01
6.7129571737829263344821129066986031830311e-01
7.0095889825995005839587292939540930092335e-01
7.6937602127469351120936380539205856621265e-01
9.5280217524052623900843173032626509666443e-01
1.0000000000000000000000000000000000000000e+00
6.1785590814026114525603361471439711749554e-01
7.1042084727072385419432976050302386283875e-01
8.7065797989364090980757282522972673177719e-01
0.0000000000000000000000000000000000000000e+00
6.2325962220723862827753691817633807659149e-01
7.0095889825994994737357046687975525856018e-01
8.3365320065345249744837019534315913915634e-01
5.4408459171449119473606970132095739245415e-01
9.2926457149687236025670244998764246702194e-01
7.1533541878688833293153948034159839153290e-01
7.1533541878688822190923701782594434916973e-01
6.5189712108092723319430206174729391932487e-01
8.2624869867942840606644949730252847075462e-01
1.0852852884458294435710001835104776546359e-01
7.0937143141781988653349344531306996941566e-01
5.3333435862822575757036247523501515388489e-01
6.4575486666566084270613146145478822290897e-01
6.6165509824580581721420458052307367324829e-01
7.4945035034802698348244121007155627012253e-01
5.6598466288031623605547792976722121238708e-01
7.5014001302140498328441253761411644518375e-01
9.9503494512783685621570839430205523967743e-01
5.1383853488385622387824014367652125656605e-01
2.8734009475033561731294184937723912298679e-01
2.4472662767940112082953874050872400403023e-01
6.1383471828079871901451269877725280821323e-01
4.1426972796646799324093990435358136892319e-01
7.6936212615060495245700167288305237889290e-01
6.2684472023522708195031327704782597720623e-01
8.4197328840551843853745594969950616359711e-01
5.6264025553330787587924532999750226736069e-01
6.1906504142712126537162475869990885257721e-01
6.6400289349297503260771691202535293996334e-01
8.1029672272819841527535800196346826851368e-01
5.8168880452719839979636162752285599708557e-01
6.6858014976037094534433435910614207386971e-01
1.4211832760771472838889906142867403104901e-01
5.9841639799513135500319549464620649814606e-01
8.4506892678596645662736364101874642074108e-01
1.0000000000000000000000000000000000000000e+00
1.0000000000000000000000000000000000000000e+00
1.0000000000000000000000000000000000000000e+00
7.2722396604899997019089141758740879595280e-01
9.6493436822507105965485152410110458731651e-01
7.3665031103222278208164652824052609503269e-01
7.5092847806200568872014855514862574636936e-01
5.2710817025985168271517977700568735599518e-01
4.7226248149092786565717005942133255302906e-01
4.8508495977719712222153702896321192383766e-01
3.1331045909845212094069211161695420742035e-01
7.6073761369258552367256243087467737495899e-01
7.1880926479395612638256807258585467934608e-01
7.4770270429248775201358512276783585548401e-01
6.7799127630522793008793769331532530486584e-01
9.7820515988964928943971699482062831521034e-01
7.8474302776217619292964400301571004092693e-01
7.5698499620030301748840884101809933781624e-01
8.1660944358594045322519150431617163121700e-01
7.0260246887691968353806259983684867620468e-01
5.2279996639067671804212977804127149283886e-01
5.3333435862822575757036247523501515388489e-01
8.5266144578610825188746957792318426072598e-01
5.3699459189070142262067975025274790823460e-01
1.8974580900163984242823289605439640581608e-01
6.0814796944586102522833925831946544349194e-01
8.1679711102201857375604276967351324856281e-01
8.2626671629293813037264726517605595290661e-01
6.9166650641584781489257238717982545495033e-01
6.2158144807768811457293622879660688340664e-01
6.1030806797989844980634188686963170766830e-01
7.4202124955629833458203847840195521712303e-01
6.7252713681490694508369188042706809937954e-01
6.1785590814026114525603361471439711749554e-01
5.4550133372049092184141727557289414107800e-01
1.0000000000000000000000000000000000000000e+00
8.9007909583059507951929845148697495460510e-01
7.2548275271476347914045845755026675760746e-01
1.0000000000000000000000000000000000000000e+00
3.4628362607896340241708799112529959529638e-01
6.2918156940018921119417427689768373966217e-01
6.1127639256553867319610162667231634259224e-01
6.9357482457318464508233546439441852271557e-01
6.7431154348945432364104135558591224253178e-01
8.2626671629293813037264726517605595290661e-01
7.4808228633690898590202777995727956295013e-01
7.1042084727071441729862044667243026196957e-01
6.7252713681490949859664851828711107373238e-01
9.3587385204545103789541826699860394001007e-01
7.0289238289094180256455501876189373433590e-01
6.9197823369334088283721939660608768463135e-01
7.4059765928428511472247919300571084022522e-01
8.6341812683592167321222632381250150501728e-01
8.8231350306345790457385191984940320253372e-01
8.2626671629293813037264726517605595290661e-01
4.7545607772610609664809544483432546257973e-01
6.8574455922289212495002175273839384317398e-01
7.0095889825995005839587292939540930092335e-01
7.4934688493192946889820404976489953696728e-01
6.8574455922289212495002175273839384317398e-01
6.8950206948337400270077068853424862027168e-01
6.5068207154017454474370651951176114380360e-01
8.2771418300328125638998244539834558963776e-01
7.7167159152008812927903136369423009455204e-01
9.8849153610148532411727728685946203768253e-01
6.2013543837940965364197154485736973583698e-01
6.9457366179690804841584395035170018672943e-01
7.6933627771908885684126744308741763234138e-01
9.3110007776057956974113949399907141923904e-01
7.8516209798163094646383797226008027791977e-01
8.4191221601079979652837437242851592600346e-01
6.9197823369334088283721939660608768463135e-01
4.2797741944367062583154392996220849454403e-01
9.0825812317379206461964713525958359241486e-01
1.0000000000000000000000000000000000000000e+00
1.0000000000000000000000000000000000000000e+00
1.0000000000000000000000000000000000000000e+00
1.0000000000000000000000000000000000000000e+00
1.0000000000000000000000000000000000000000e+00
4.0589737720018681521594317018752917647362e-01
1.0000000000000000000000000000000000000000e+00
3.4275838462072394374757777768536470830441e-01
5.6624450671558868020127874842728488147259e-01
4.0137243617880724588786733875167556107044e-01
1.0000000000000000000000000000000000000000e+00
8.6214784627892948609684253824525512754917e-01
2.3413121467696684785408933748840354382992e-01
5.8307152943359508157072923495434224605560e-01
7.3707824222206275166513478325214236974716e-01
7.9691456939926386127126534120179712772369e-01
0.0000000000000000000000000000000000000000e+00
9.3378910238648793473714704305166378617287e-01
7.6767695495225352075863156642299145460129e-01
6.6098915335634744749881974712479859590530e-01
1.0000000000000000000000000000000000000000e+00
7.8915830862712743609677090717013925313950e-01
6.5695457360113218570063509105239063501358e-01
5.6833595866010822028613347356440499424934e-01
9.8090975568426730379911759882816113531590e-01
6.5413757284078477560740338958567008376122e-01
8.1665725333120975371059557801345363259315e-01
7.0519373002888363632933987901196815073490e-01
8.2846969344133425394716141454409807920456e-01
5.1828142313466973867264186992542818188667e-01
4.0703868775777207744681618351023644208908e-01
1.0000000000000000000000000000000000000000e+00
7.9927674908439982903729514873703010380268e-01
8.4610217192485792647715925340889953076839e-01
7.1041686977279028258891457880963571369648e-01
2.5482139861121799739862581191118806600571e-01
5.8319091028764424855523884616559371352196e-01
6.9078462569172649487825310643529519438744e-01
8.2626671629293813037264726517605595290661e-01
6.7413321750237842344688488083193078637123e-01
1.0000000000000000000000000000000000000000e+00
6.9198079606919249417984474348486401140690e-01
1.0000000000000000000000000000000000000000e+00
8.9706605456621202332456732619903050363064e-01
4.5786942638818806106115744114504195749760e-01
5.3243547648192668386712966821505688130856e-01
4.6667419734907039652327398471243213862181e-01
8.1029672272819841527535800196346826851368e-01
6.9561293671238044744598028046311810612679e-01
4.5147728133793807447915469310828484594822e-01
7.0407412557599080571435479214414954185486e-01
7.3146965042479772378669622412417083978653e-01
6.5891820986796223458270560513483360409737e-01
3.5173813189361347042449779110029339790344e-01
7.5530476850136052391349039680790156126022e-01
2.7011113259915486839446430167299695312977e-01
3.4854995467204297199259599437937140464783e-01
0.0000000000000000000000000000000000000000e+00
3.2894861925801305302385912909812759608030e-01
1.2748310150575145605067461929138517007232e-01
0.0000000000000000000000000000000000000000e+00
3.6066088128737677775959014070394914597273e-01
1.8733150858781433267807869924581609666348e-01
4.7898964800012189257927275320980697870255e-01
0.0000000000000000000000000000000000000000e+00
1.0852852884458294435710001835104776546359e-01
2.4472662767940112082953874050872400403023e-01
1.4211832760771472838889906142867403104901e-01
3.1331045909845212094069211161695420742035e-01
1.8974580900163984242823289605439640581608e-01
3.4628362607896340241708799112529959529638e-01
4.7545607772610609664809544483432546257973e-01
4.2797741944367062583154392996220849454403e-01
0.0000000000000000000000000000000000000000e+00
2.5482139861121799739862581191118806600571e-01
2.7011113259915486839446430167299695312977e-01
0.0000000000000000000000000000000000000000e+00
3.4854995467204297199259599437937140464783e-01
0.0000000000000000000000000000000000000000e+00
3.2894861925801305302385912909812759608030e-01
1.2748310150575145605067461929138517007232e-01
0.0000000000000000000000000000000000000000e+00
3.6066088128737677775959014070394914597273e-01
1.8733150858781433267807869924581609666348e-01
4.7898964800012189257927275320980697870255e-01
0.0000000000000000000000000000000000000000e+00
1.0852852884458294435710001835104776546359e-01
2.4472662767940112082953874050872400403023e-01
1.4211832760771472838889906142867403104901e-01
3.1331045909845212094069211161695420742035e-01
1.8974580900163984242823289605439640581608e-01
3.4628362607896340241708799112529959529638e-01
4.7545607772610609664809544483432546257973e-01
4.2797741944367062583154392996220849454403e-01
0.0000000000000000000000000000000000000000e+00
2.5482139861121799739862581191118806600571e-01
2.7011113259915486839446430167299695312977e-01
0.0000000000000000000000000000000000000000e+00
0.0000000000000000000000000000000000000000e+00
3.4854995467204297199259599437937140464783e-01
0.0000000000000000000000000000000000000000e+00
3.2894861925801305302385912909812759608030e-01
1.2748310150575145605067461929138517007232e-01
0.0000000000000000000000000000000000000000e+00
3.6066088128737677775959014070394914597273e-01
1.8733150858781433267807869924581609666348e-01
4.7898964800012189257927275320980697870255e-01
0.0000000000000000000000000000000000000000e+00
1.0852852884458294435710001835104776546359e-01
2.4472662767940112082953874050872400403023e-01
1.4211832760771472838889906142867403104901e-01
3.1331045909845212094069211161695420742035e-01
1.8974580900163984242823289605439640581608e-01
3.4628362607896340241708799112529959529638e-01
4.7545607772610609664809544483432546257973e-01
4.2797741944367062583154392996220849454403e-01
0.0000000000000000000000000000000000000000e+00
2.5482139861121799739862581191118806600571e-01
2.7011113259915486839446430167299695312977e-01
0.0000000000000000000000000000000000000000e+00
0.0000000000000000000000000000000000000000e+00
0.0000000000000000000000000000000000000000e+00
8.8687631681163836105952213983982801437378e+01
1.1334731219060008022836427699076011776924e+00
