1
0
23
9.1218370312534124977332794514950364828110e-01
3.4927903951815580940731820192013401538134e-01
2.5056048156012744598797326034400612115860e-01
5.7577535712231275866201940516475588083267e-01
0.0000000000000000000000000000000000000000e+00
5.7926199552880830445644733117660507559776e-01
5.0639137164865843931949029865791089832783e-01
3.9913450327845101384127701749093830585480e-01
6.4417456965397090762337484193267300724983e-01
4.8927417366092113004683028520958032459021e-01
5.7926199552880830445644733117660507559776e-01
7.6834705741834083414509848353191046044230e-02
4.9811625646011337131824348034569993615150e-01
1.0000000000000000000000000000000000000000e+00
9.8826495549248694061361675267107784748077e-01
6.2113158981396254798568179467110894620419e-01
0.0000000000000000000000000000000000000000e+00
4.4560252235329977921196586976293474435806e-01
4.2563096232600583501692881327471695840359e-01
4.7647329676688321420385818782960996031761e-01
4.8466310444515470212678565076203085482121e-01
5.8842355696804515829967385798227041959763e-01
2.5567917214613267162803822429850697517395e-01
6.6314584005683629985838933862396515905857e-01
3.3614146214089490882770405733026564121246e-01
6.2690420177812389290750161308096721768379e-01
5.5716655100260359390063058526720851659775e-01
7.1971690914754204992931363449315540492535e-01
6.4459157620468143790048998198471963405609e-01
1.1839606263831561894228627807024167850614e-01
6.1801889382086483415434940980048850178719e-01
7.1704670686563132253610319821746088564396e-01
7.8171977687953353441940862467163242399693e-01
8.7980929046133904414261905913008376955986e-01
9.4879103741242476477424361291923560202122e-01
6.2556260734424662395269933767849579453468e-01
7.8171977687953353441940862467163242399693e-01
6.0354954103849911550838669427321292459965e-01
6.8280873967739341701133071182994171977043e-01
7.6648142559935550366390089038759469985962e-01
9.0303400569276504050719722727080807089806e-01
8.3257913360427238114169767868588678538799e-01
1.0000000000000000000000000000000000000000e+00
5.6115787281501439132114228414138779044151e-01
7.9372628092937502763959400908788666129112e-01
8.8807198097015338511539539467776194214821e-01
0.0000000000000000000000000000000000000000e+00
5.4036618560966709345905201189452782273293e-01
6.7832771589206386497750145281315781176090e-01
8.5330873150425645690120290964841842651367e-01
5.2561334654313174308271072732168249785900e-01
9.1424389334860722833298041223315522074699e-01
6.7824087659883691703299746222910471260548e-01
7.4730694732028690729919162549776956439018e-01
6.0354954103849911550838669427321292459965e-01
8.0629571121719145754269675308023579418659e-01
0.0000000000000000000000000000000000000000e+00
6.9303314002916782676777529559331014752388e-01
4.8927417366092068595762043514696415513754e-01
5.9553082628785947161276226324844174087048e-01
6.6293123705479628515746526318253017961979e-01
7.6142251899283330818235526749049313366413e-01
4.9662617001495140689470986217202153056860e-01
7.5344655516932379502037520069279707968235e-01
9.4896576237667606967818301200168207287788e-01
4.7935796276530034942808811138093005865812e-01
2.0554817594342397746309814010601257905364e-01
1.6524116459040574800276601763471262529492e-01
5.0352366272522530721289513166993856430054e-01
3.8400504224566278654862117036827839910984e-01
8.0154005119483162644655749318189918994904e-01
5.8534284488164212145733245051815174520016e-01
8.3743279527085379143613863561768084764481e-01
5.4726292115421470985126006780774332582951e-01
4.7668416344861869182736313632631208747625e-01
6.0354954103849911550838669427321292459965e-01
8.3089178679162589702400509850122034549713e-01
5.7904965972316546629627964648534543812275e-01
6.5569579206956751793455850929603911936283e-01
1.1103937317271989071443272223405074328184e-01
5.7407302200785248480485734035028144717216e-01
7.0722494859180895510064601694466546177864e-01
1.0000000000000000000000000000000000000000e+00
1.0000000000000000000000000000000000000000e+00
1.0000000000000000000000000000000000000000e+00
6.5088376210954912437500752275809645652771e-01
8.3445792013302977352395828347653150558472e-01
7.2813376997680445690264150471193715929985e-01
7.4894307288456718474378703831462189555168e-01
4.1648973914199760582022236121702007949352e-01
3.9818742427649223003527367836795747280121e-01
5.8790801777613266310140716086607426404953e-01
2.6230840298438773405820256812148727476597e-01
6.5397952925292546222379996834206394851208e-01
7.5188825857339636193898968485882505774498e-01
8.5763829256465007322418614421621896326542e-01
6.7771537735810216673826289479620754718781e-01
1.0000000000000000000000000000000000000000e+00
7.6123932338508781825225923967082053422928e-01
7.6061889228014833985724862941424362361431e-01
8.2030940406822894228611176004051230847836e-01
6.8915512989354010819909035490127280354500e-01
4.3279310529086167935730600220267660915852e-01
4.7935796276530034942808811138093005865812e-01
8.7384734494282523264985229616286233067513e-01
5.2157272165838186595010483870282769203186e-01
1.1594755182075285049325685804433305747807e-01
4.9811625646011298274018486154091078788042e-01
7.9433170689916154927345814940053969621658e-01
7.9842648072347455201480670439195819199085e-01
6.8956159847962728015602351661073043942451e-01
4.9811625646011337131824348034569993615150e-01
5.3085289857931172718963352963328361511230e-01
7.1971690914754293810773333461838774383068e-01
6.4164073905842733402948852017289027571678e-01
5.8409816481831833279159127414459362626076e-01
4.7877058469479949476266256169765256345272e-01
1.0000000000000000000000000000000000000000e+00
9.8425124285822784830912723919027484953403e-01
6.7464847611660250237264335737563669681549e-01
1.0000000000000000000000000000000000000000e+00
3.4025391844497493432086798748059663921595e-01
6.4847541765560268167689628171501681208611e-01
6.5601738356347294445214402003330178558826e-01
8.3845022921169876095603967769420705735683e-01
8.0511169098628554419150304966024123132229e-01
8.3845022921169876095603967769420705735683e-01
7.3188831877532045666612248169258236885071e-01
7.4704157967812012675068444877979345619678e-01
7.1486207820595759621085107937688007950783e-01
9.7823802753926469844003577236435376107693e-01
6.7824087659883691703299746222910471260548e-01
7.0996790509431617621771692938636988401413e-01
7.7861683519946445208859131525969132781029e-01
8.7481845840883676324040152394445613026619e-01
9.2380382288647822086602445779135450720787e-01
8.6860149910421724506193186243763193488121e-01
5.2039233629536973957385725952917709946632e-01
6.8671755447533755489786244652350433170795e-01
7.2816590483965915048258921160595491528511e-01
7.9842648072347455201480670439195819199085e-01
6.4353176575552695215520770943840034306049e-01
7.8829157182261400116374261415330693125725e-01
5.1630578874414179146867809322429820895195e-01
8.6994633656514452901831191411474719643593e-01
7.5453534724096504859858214331325143575668e-01
9.9059941795487005400389080023160204291344e-01
5.7980373010153862800564183999085798859596e-01
6.4353176575552695215520770943840034306049e-01
8.2094043676364525374822278536157682538033e-01
9.1320426379440000630438589723780751228333e-01
7.2816590483965915048258921160595491528511e-01
8.4749378787825957459745040978305041790009e-01
7.0996790509431617621771692938636988401413e-01
4.5922043798659872848588747729081660509109e-01
7.7116946805670050224534861627034842967987e-01
1.0000000000000000000000000000000000000000e+00
1.0000000000000000000000000000000000000000e+00
1.0000000000000000000000000000000000000000e+00
1.0000000000000000000000000000000000000000e+00
9.2073088788341228561051821088767610490322e-01
1.6206617254583152720748273623030399903655e-01
1.0000000000000000000000000000000000000000e+00
1.7851214035296769644389769382541999220848e-01
3.2391895530377734502280873130075633525848e-01
2.2607866647602387066839924045780207961798e-01
1.0000000000000000000000000000000000000000e+00
9.2515822861135144083988279817276634275913e-01
1.1594755182075285049325685804433305747807e-01
4.9636186686852434846173309779260307550430e-01
6.5800610245581525603597583540249615907669e-01
7.3891510155369599655017509576282463967800e-01
0.0000000000000000000000000000000000000000e+00
8.5336745555629978099432264571078121662140e-01
7.9316855015434284403852416289737448096275e-01
6.4219831583405140307263536669779568910599e-01
1.0000000000000000000000000000000000000000e+00
6.5646349831598693747025663469685241580009e-01
4.8989027039743948677141816006042063236237e-01
4.3025376113846874881474491303379181772470e-01
1.0000000000000000000000000000000000000000e+00
8.1889629217847770270566343242535367608070e-01
8.1450413230526597097025387483881786465645e-01
6.1903279416479173313803130440646782517433e-01
9.6739883287709060866177424031775444746017e-01
5.1511348856175964705528258491540327668190e-01
2.5934078304905261447288467024918645620346e-01
9.8115889809228429285781203361693769693375e-01
7.8701475410744792249317924870410934090614e-01
8.2755708843524866669127959539764560759068e-01
5.6551723245408969109604413461056537926197e-01
1.2033965314476213759320444296463392674923e-01
4.8459796842566565944210310590278822928667e-01
5.0608522574379244396425292507046833634377e-01
7.3395251294469410208165527365054003894329e-01
5.2660881557516681095165722581441514194012e-01
1.0000000000000000000000000000000000000000e+00
5.7286572373363886523378596393740735948086e-01
1.0000000000000000000000000000000000000000e+00
8.4071568314668021493218930118018761277199e-01
3.1445465368383795912166078778682276606560e-01
4.0079210148059296603406664871727116405964e-01
3.6494672624888246925678458865149877965450e-01
7.1576649710932738202018299489282071590424e-01
6.0692395905593099492136843764455989003181e-01
3.2351890516558379218281515932176262140274e-01
6.0907672938090007264122505148407071828842e-01
7.1026863685072150200738860803539864718914e-01
5.8268748200745856813398404483450576663017e-01
3.2351890516558351462705900303262751549482e-01
5.6017519434407780920537334168329834938049e-01
5.1184849995124931387735500720737036317587e-02
2.5056048156012744598797326034400612115860e-01
0.0000000000000000000000000000000000000000e+00
3.9913450327845101384127701749093830585480e-01
7.6834705741834083414509848353191046044230e-02
0.0000000000000000000000000000000000000000e+00
2.5567917214613267162803822429850697517395e-01
1.1839606263831561894228627807024167850614e-01
6.0354954103849911550838669427321292459965e-01
0.0000000000000000000000000000000000000000e+00
3.7878036518890181741841083997433152886740e-20
1.6524116459040574800276601763471262529492e-01
1.1103937317271989071443272223405074328184e-01
2.6230840298438773405820256812148727476597e-01
1.1594755182075285049325685804433305747807e-01
3.4025391844497493432086798748059663921595e-01
5.2039233629536973957385725952917709946632e-01
4.5922043798659872848588747729081660509109e-01
0.0000000000000000000000000000000000000000e+00
1.2033965314476213759320444296463392674923e-01
5.1184849995124931387735500720737036317587e-02
0.0000000000000000000000000000000000000000e+00
2.5056048156012744598797326034400612115860e-01
0.0000000000000000000000000000000000000000e+00
3.9913450327845101384127701749093830585480e-01
7.6834705741834083414509848353191046044230e-02
0.0000000000000000000000000000000000000000e+00
2.5567917214613267162803822429850697517395e-01
1.1839606263831561894228627807024167850614e-01
6.0354954103849911550838669427321292459965e-01
0.0000000000000000000000000000000000000000e+00
3.7878036518890181741841083997433152886740e-20
1.6524116459040574800276601763471262529492e-01
1.1103937317271989071443272223405074328184e-01
2.6230840298438773405820256812148727476597e-01
1.1594755182075285049325685804433305747807e-01
3.4025391844497493432086798748059663921595e-01
5.2039233629536973957385725952917709946632e-01
4.5922043798659872848588747729081660509109e-01
0.0000000000000000000000000000000000000000e+00
1.2033965314476213759320444296463392674923e-01
5.1184849995124931387735500720737036317587e-02
0.0000000000000000000000000000000000000000e+00
0.0000000000000000000000000000000000000000e+00
2.5056048156012744598797326034400612115860e-01
0.0000000000000000000000000000000000000000e+00
3.9913450327845101384127701749093830585480e-01
7.6834705741834083414509848353191046044230e-02
0.0000000000000000000000000000000000000000e+00
2.5567917214613267162803822429850697517395e-01
1.1839606263831561894228627807024167850614e-01
6.0354954103849911550838669427321292459965e-01
0.0000000000000000000000000000000000000000e+00
3.7878036518890181741841083997433152886740e-20
1.6524116459040574800276601763471262529492e-01
1.1103937317271989071443272223405074328184e-01
2.6230840298438773405820256812148727476597e-01
1.1594755182075285049325685804433305747807e-01
3.4025391844497493432086798748059663921595e-01
5.2039233629536973957385725952917709946632e-01
4.5922043798659872848588747729081660509109e-01
0.0000000000000000000000000000000000000000e+00
1.2033965314476213759320444296463392674923e-01
5.1184849995124931387735500720737036317587e-02
0.0000000000000000000000000000000000000000e+00
0.0000000000000000000000000000000000000000e+00
0.0000000000000000000000000000000000000000e+00
8.8634566869509555431250191759318113327026e+01
9.7948074740048163278061110759153962135315e-01
