1
0
23
5.3883201862326379760759209602838382124901e-01
4.4759060069127792891308104117342736572027e-01
6.5111462657657459551785450457828119397163e-01
8.9655834940707790359226692089578136801720e-01
5.3967865476127530044436753087211400270462e-01
8.3589127034650445580155064817517995834351e-01
7.4059484622296667399865555125870741903782e-01
5.8811887647814364843412704431102611124516e-01
7.3589579370776680988797124882694333791733e-01
8.8176322280529606523202801326988264918327e-01
7.4059484622295113087631079906714148819447e-01
3.8147956564775642451792236897745169699192e-01
9.6772150938632928163229962592595256865025e-01
1.0000000000000000000000000000000000000000e+00
9.1312591014742117145885913487290963530540e-01
8.6929421534821227357525685874861665070057e-01
0.0000000000000000000000000000000000000000e+00
9.8347560578217008142587474139872938394547e-01
7.7665657283366318353046153788454830646515e-01
9.4530142287896845587624738982412964105606e-01
7.7665657283366318353046153788454830646515e-01
1.0000000000000000000000000000000000000000e+00
4.6233673374223621665990435758430976420641e-01
8.0658809907196193922374050089274533092976e-01
8.4594144588276432017437400645576417446136e-01
8.3589127034650445580155064817517995834351e-01
8.3232360250722814409840566440834663808346e-01
1.0000000000000000000000000000000000000000e+00
8.3589127034650445580155064817517995834351e-01
4.7042042868404626565492776535393204540014e-01
8.3589127034649979286484722251771017909050e-01
9.7369187476709495587812170924735255539417e-01
7.8733316349840476444654768783948384225368e-01
6.6684343172626292517435331319575197994709e-01
8.4148184148972826612578046479029580950737e-01
1.0000000000000000000000000000000000000000e+00
1.0000000000000000000000000000000000000000e+00
4.4134078707049928524952520092483609914780e-01
9.1761066683962122514373049853020347654819e-01
8.1258324699967232618291745893657207489014e-01
9.0202524643720471964059015590464696288109e-01
6.5318107161958405271207084297202527523041e-01
1.0000000000000000000000000000000000000000e+00
8.6003182518776277731831214623525738716125e-01
8.4289298833281200984401948517188429832458e-01
7.4697370988060474150671552706626243889332e-01
0.0000000000000000000000000000000000000000e+00
8.3106599060877628382115744898328557610512e-01
8.3832739645250653470753832152695395052433e-01
8.1060410256477632984228876011911779642105e-01
8.4368505020443174124977758765453472733498e-01
8.5979932891126376048873680701944977045059e-01
7.6839330568616737160425600450253114104271e-01
8.4594144588276432017437400645576417446136e-01
8.3117451778712747589850096119334921240807e-01
7.1016445982035736328441544173983857035637e-01
2.2607471221602054578525553552026394754648e-01
8.2539166220032733622957721308921463787556e-01
7.3240999102795556474632121535250917077065e-01
8.4924658931453833599078961924533359706402e-01
9.0509301971537126085820545995375141501427e-01
8.4191605641815669969219015911221504211426e-01
8.4191605641815292493390643357997760176659e-01
9.9723136857298710911123862388194538652897e-01
9.4775035926961526122624945855932310223579e-01
9.0207224844854161371898726429208181798458e-01
4.8890332646783762893250013803481124341488e-01
3.3326591081970430296976815043308306485415e-01
9.3575518947848412842915877263294532895088e-01
6.9368315514744072203257019282318651676178e-01
9.7333970253488699686528207166702486574650e-01
9.4868922232249652815028184704715386033058e-01
1.0000000000000000000000000000000000000000e+00
9.2211170184174495734197307683643884956837e-01
8.9167028859451424871451763465302065014839e-01
9.9760857985622841681561112636700272560120e-01
9.7276682767011102281884404874290339648724e-01
8.3567114998354330435148540345835499465466e-01
8.4191605641815292493390643357997760176659e-01
6.9368315514744072203257019282318651676178e-01
9.2239799009519329864303927024593576788902e-01
8.2067419685195908130026509752497076988220e-01
9.0917291550830214852396693459013476967812e-01
1.0000000000000000000000000000000000000000e+00
1.0000000000000000000000000000000000000000e+00
7.2747636392106396208134810876799747347832e-01
9.3997833893863824705761089717270806431770e-01
9.2686959315956396476821055330219678580761e-01
9.3428728279666217737542410759488120675087e-01
6.4224956316065306971552217873977497220039e-01
5.6418430411347653130604840043815784156322e-01
8.5236255350883072257062167409458197653294e-01
3.9853259366777094019340665909112431108952e-01
1.0000000000000000000000000000000000000000e+00
7.5842877528065977266180652804905548691750e-01
8.8913413933489526819187176442937925457954e-01
1.0000000000000000000000000000000000000000e+00
5.7159218592879978970699994533788412809372e-01
6.2876457384361528202276758747757412493229e-01
8.8689364450964780495212380628800019621849e-01
6.4005551062407517459718064856133423745632e-01
7.4302701597983633607924502939567901194096e-01
4.9919581802186052676972849440062418580055e-01
5.9521779425880949609961589885642752051353e-01
9.3675670396010490836857798058190383017063e-01
7.2031054161782748224140959791839122772217e-01
0.0000000000000000000000000000000000000000e+00
9.9999999999999944488848768742172978818417e-01
8.4594144588276432017437400645576417446136e-01
8.6151984645575641064141336755710653960705e-01
8.6079838330630642495577831141417846083641e-01
7.5440855117064908874624507006956264376640e-01
9.1098230410286573643929841637145727872849e-01
9.1996824896620343903208549818373285233974e-01
8.3737341714128099567915342049673199653625e-01
9.4450907176402398857106845753150992095470e-01
7.5071525253428850188441856516874395310879e-01
8.4612188365759766206508629693416878581047e-01
1.0000000000000000000000000000000000000000e+00
1.0000000000000000000000000000000000000000e+00
9.0399674733858059738622614531777799129486e-01
3.0710942725950046705563067916955333203077e-01
9.5273541771145431322764807191560976207256e-01
8.9615379663046446090390872996067628264427e-01
8.8515988939108714017578449784195981919765e-01
8.3372691850660152201868413612828589975834e-01
8.7730566926550712647525642751134000718594e-01
8.4151150364153948224554824264487251639366e-01
9.0045536240641277370144734959467314183712e-01
8.6422970417911926244158848930965177714825e-01
1.0000000000000000000000000000000000000000e+00
9.1986105129260287149861596844857558608055e-01
9.0509301971537126085820545995375141501427e-01
9.4439953300415990788962972146691754460335e-01
8.8052859789454096528515947284176945686340e-01
8.2871051189677824577728415533783845603466e-01
8.8515988939108714017578449784195981919765e-01
8.2871051189677824577728415533783845603466e-01
9.8902552341707827832095745179685764014721e-01
9.1240547470084198966588928669807501137257e-01
1.0000000000000000000000000000000000000000e+00
7.8229394762211656999539854950853623449802e-01
1.0000000000000000000000000000000000000000e+00
8.0362037767936256305034703473211266100407e-01
9.2116750541816361241842514573363587260246e-01
9.1395980723646619292566128933685831725597e-01
9.8389558751619343723859856254421174526215e-01
7.6507888187105521637931815348565578460693e-01
8.8562719820065249898277670581592246890068e-01
9.7323117535653580478793855945696122944355e-01
8.5513003656353114845245499964221380650997e-01
1.0000000000000000000000000000000000000000e+00
9.1098230410286573643929841637145727872849e-01
9.4367281571267325190888186625670641660690e-01
7.6507888187105521637931815348565578460693e-01
8.3461957314381440831141389935510233044624e-01
1.0000000000000000000000000000000000000000e+00
7.8977348806458058660950882767792791128159e-01
9.0508244427986705993305349693400785326958e-01
9.2552299531320492143038336507743224501610e-01
1.0000000000000000000000000000000000000000e+00
7.6660045917639219048567156278295442461967e-01
8.5317186011228385300597665263921953737736e-01
5.7878516688780701215932822378817945718765e-01
8.4908488192159103924439023103332147002220e-01
9.7987947817747578227454141597263514995575e-01
1.0000000000000000000000000000000000000000e+00
1.0000000000000000000000000000000000000000e+00
2.7820058119960228149025738275668118149042e-01
8.2631557307444558624354158382629975676537e-01
9.7262269073747709136057437717681750655174e-01
9.7987947817747578227454141597263514995575e-01
0.0000000000000000000000000000000000000000e+00
8.9111496669598977415915896926890127360821e-01
7.6245474565258830601521822245558723807335e-01
8.1893732105045635716322749431128613650799e-01
6.9966473911106186189812206066562794148922e-01
7.7525132536351981649147546704625710844994e-01
7.1654494114772160351378715859027579426765e-01
7.0040623762339904168072735046735033392906e-01
7.1869581710717911349206588056404143571854e-01
1.0000000000000000000000000000000000000000e+00
7.6328154605050024805734665278578177094460e-01
6.9966473911106186189812206066562794148922e-01
7.9827001403671060675293347230763174593449e-01
6.8345688605287102657115383408381603658199e-01
7.7525132536352603374041336792288348078728e-01
9.0399887626052954914257497875951230525970e-01
9.0663597670571172137954363279277458786964e-01
9.8902552341707761218714267670293338596821e-01
6.9203976926860577556510634167352691292763e-01
4.1443148988116262909642273370991460978985e-01
7.6971866784957332363603654812322929501534e-01
6.6329003506917227905859135717037133872509e-01
7.7586895927245469462008031769073568284512e-01
1.0000000000000000000000000000000000000000e+00
6.5522824840964122294906246679602190852165e-01
8.7933578150575175680359052421408705413342e-01
9.3012503255222633846699409332359209656715e-01
7.0354606535264685440722587372874841094017e-01
9.4116588459635353025589665776351466774940e-01
5.7256668156476719921954554592957720160484e-01
5.8657778343476263405165127551299519836903e-01
7.3596962837191315376372813261696137487888e-01
6.2189225985227258863830002155737020075321e-01
7.9403750572979381328053705146885477006435e-01
8.4598293721181150317534047644585371017456e-01
8.3438188559404091737548014862113632261753e-01
8.1053045781178345574602417400456033647060e-01
7.8309810367911480977198834807495586574078e-01
6.6424869482749915317043587492662481963634e-01
3.8009235211273217913685584790073335170746e-01
6.5111462657657459551785450457828119397163e-01
5.3967865476127530044436753087211400270462e-01
5.8811887647814364843412704431102611124516e-01
3.8147956564775642451792236897745169699192e-01
0.0000000000000000000000000000000000000000e+00
4.6233673374223621665990435758430976420641e-01
4.7042042868404626565492776535393204540014e-01
4.4134078707049928524952520092483609914780e-01
0.0000000000000000000000000000000000000000e+00
2.2607471221602054578525553552026394754648e-01
3.3326591081970430296976815043308306485415e-01
6.9368315514744072203257019282318651676178e-01
3.9853259366777094019340665909112431108952e-01
0.0000000000000000000000000000000000000000e+00
3.0710942725950046705563067916955333203077e-01
8.2871051189677824577728415533783845603466e-01
7.6507888187105521637931815348565578460693e-01
0.0000000000000000000000000000000000000000e+00
4.1443148988116262909642273370991460978985e-01
3.8009235211273217913685584790073335170746e-01
0.0000000000000000000000000000000000000000e+00
6.5111462657657459551785450457828119397163e-01
5.3967865476127530044436753087211400270462e-01
5.8811887647814364843412704431102611124516e-01
3.8147956564775642451792236897745169699192e-01
0.0000000000000000000000000000000000000000e+00
4.6233673374223621665990435758430976420641e-01
4.7042042868404626565492776535393204540014e-01
4.4134078707049928524952520092483609914780e-01
0.0000000000000000000000000000000000000000e+00
2.2607471221602054578525553552026394754648e-01
3.3326591081970430296976815043308306485415e-01
6.9368315514744072203257019282318651676178e-01
3.9853259366777094019340665909112431108952e-01
0.0000000000000000000000000000000000000000e+00
3.0710942725950046705563067916955333203077e-01
8.2871051189677824577728415533783845603466e-01
7.6507888187105521637931815348565578460693e-01
0.0000000000000000000000000000000000000000e+00
4.1443148988116262909642273370991460978985e-01
3.8009235211273217913685584790073335170746e-01
0.0000000000000000000000000000000000000000e+00
0.0000000000000000000000000000000000000000e+00
6.5111462657657459551785450457828119397163e-01
5.3967865476127530044436753087211400270462e-01
5.8811887647814364843412704431102611124516e-01
3.8147956564775642451792236897745169699192e-01
0.0000000000000000000000000000000000000000e+00
4.6233673374223621665990435758430976420641e-01
4.7042042868404626565492776535393204540014e-01
4.4134078707049928524952520092483609914780e-01
0.0000000000000000000000000000000000000000e+00
2.2607471221602054578525553552026394754648e-01
3.3326591081970430296976815043308306485415e-01
6.9368315514744072203257019282318651676178e-01
3.9853259366777094019340665909112431108952e-01
0.0000000000000000000000000000000000000000e+00
3.0710942725950046705563067916955333203077e-01
8.2871051189677824577728415533783845603466e-01
7.6507888187105521637931815348565578460693e-01
0.0000000000000000000000000000000000000000e+00
4.1443148988116262909642273370991460978985e-01
3.8009235211273217913685584790073335170746e-01
0.0000000000000000000000000000000000000000e+00
0.0000000000000000000000000000000000000000e+00
0.0000000000000000000000000000000000000000e+00
8.0032386414775714911229442805051803588867e+01
8.3525726028042002191398296417901292443275e-01
