1
0
23
5.4007207457691641661057246892596594989300e-01
4.4717709136887279219862989521061535924673e-01
6.5073833821039317459877793226041831076145e-01
8.9435081371242008962951786088524386286736e-01
5.3920963936294385998593270414858125150204e-01
8.3538749109214238686149656132329255342484e-01
7.4463862140103731501739048326271586120129e-01
5.8880373168119382043528275971766561269760e-01
7.3454535694029809977934064590954221785069e-01
8.7723716103218341011427128250943496823311e-01
7.4463862140103731501739048326271586120129e-01
3.8327145656828270903204725073010195046663e-01
9.5994849611675470146820998706971295177937e-01
1.0000000000000000000000000000000000000000e+00
9.0657771006766663113296544906916096806526e-01
8.6462437502442235359723099463735707104206e-01
0.0000000000000000000000000000000000000000e+00
9.8169609909721400331505947178811766207218e-01
7.7443272968702736580581813541357405483723e-01
9.3855597139024626862635614088503643870354e-01
7.6704679532584507661852057935902848839760e-01
1.0000000000000000000000000000000000000000e+00
4.5845481030494039664802130573661997914314e-01
8.1335033156757741146236639906419441103935e-01
8.4167002041161675940372788318200036883354e-01
8.3538749109214238686149656132329255342484e-01
8.3538749109215149069029848760692402720451e-01
1.0000000000000000000000000000000000000000e+00
8.4022822441832034634501269465545192360878e-01
4.6804124428560328619042252284998539835215e-01
8.3142389756764911723507793794851750135422e-01
9.7363589667760586099376496349577791988850e-01
7.8729378804018013138232845449238084256649e-01
6.6756615884628722756843899333034642040730e-01
8.2545492875364090412659834328223951160908e-01
1.0000000000000000000000000000000000000000e+00
1.0000000000000000000000000000000000000000e+00
4.4026007337230904647995544110017362982035e-01
9.1468039250196342404564120442955754697323e-01
8.0982804224603821552364024682901799678802e-01
9.0371868006864330968852527803392149507999e-01
6.5948159179470888791030347420019097626209e-01
1.0000000000000000000000000000000000000000e+00
8.6238846770543819975074484318611212074757e-01
8.4598922323120306909771670689224265515804e-01
7.4928119200477527606096828094450756907463e-01
0.0000000000000000000000000000000000000000e+00
8.2652253383497864547280187252908945083618e-01
8.3946165974839648260541480340179987251759e-01
8.0271267679004509876250494926352985203266e-01
8.4150557964254246723356800430337898433208e-01
8.5984237703373189720679192760144360363483e-01
7.6360102641693483604967696010135114192963e-01
8.4235199399371196715691212375531904399395e-01
8.3142389756764911723507793794851750135422e-01
7.1796732336243052063906588955433107912540e-01
2.2636116899229424825890077954682055860758e-01
8.2572185841811662765366008898126892745495e-01
7.2653334923106716036755869936314411461353e-01
8.5465069680304150967486975787323899567127e-01
9.0516973125647037790031390613876283168793e-01
8.4022822441832289985796933251549489796162e-01
8.4022822441832201167954963239026255905628e-01
9.9513902263896714117663577781058847904205e-01
9.4496421622752024838121087668696418404579e-01
9.0312869005580675985100924663129262626171e-01
4.8967543871792845733281751563481520861387e-01
3.3886555409336288624544408776273485273123e-01
9.3537035054377359877264552778797224164009e-01
6.8881856668236296492580095218727365136147e-01
9.7467665739333109176101288539939559996128e-01
9.4913022529773583002565828792285174131393e-01
1.0000000000000000000000000000000000000000e+00
9.1918750783253000413708377891452983021736e-01
8.9060904952090802488839926809305325150490e-01
9.9723339209405270633368445487576536834240e-01
9.8235537238946868399125378346070647239685e-01
8.2545138283784624810834884556243196129799e-01
8.4022822441832201167954963239026255905628e-01
6.8881856668236296492580095218727365136147e-01
9.2320731325148019941195798310218378901482e-01
8.2298921271929059706451425881823524832726e-01
9.0801025527010925664228579989867284893990e-01
1.0000000000000000000000000000000000000000e+00
1.0000000000000000000000000000000000000000e+00
7.2660274939292435192328412085771560668945e-01
9.3924431583974210546728045301279053092003e-01
9.3267986414003201112166152597637847065926e-01
9.4140332712452845509432108883629553020000e-01
6.4349335113444616762734540316159836947918e-01
5.6228665967698110428329982823925092816353e-01
8.5896103291868397544561730683199129998684e-01
3.6947455321645938930430475011235103011131e-01
1.0000000000000000000000000000000000000000e+00
7.5584812485118357816560319406562484800816e-01
8.9751393312596694507021766185062006115913e-01
1.0000000000000000000000000000000000000000e+00
5.7064542984514687873343063984066247940063e-01
6.2235365563079902972987156317685730755329e-01
8.9150905641907052245898057662998326122761e-01
6.4213241335867776715673471699119545519352e-01
7.5210270641413756731452622261713258922100e-01
5.0410252028630186948987557116197422146797e-01
5.9534929409130687982809604363865219056606e-01
9.2435751557007961309864185750484466552734e-01
7.2276544742935566745245523634366691112518e-01
1.0138410502858907769052621006267145276070e-02
9.9162207425676729410923826435464434325695e-01
8.4167002041161675940372788318200036883354e-01
8.6920580033034589018114957070793025195599e-01
8.5931248118660830126458449740312062203884e-01
7.4731738512558487652626126873656176030636e-01
9.1117804131825996805105205567087978124619e-01
9.1551566473893686293195059988647699356079e-01
8.3841787604130024735837878324673511087894e-01
9.5335951295573828634388746650074608623981e-01
7.4688102018466939746588195703225210309029e-01
8.5030779495849717619648799882270395755768e-01
1.0000000000000000000000000000000000000000e+00
1.0000000000000000000000000000000000000000e+00
9.0878126430611905206546907720621675252914e-01
3.0159794583470944662195734053966589272022e-01
9.5300825021636847989014995619072578847408e-01
8.9435081371242008962951786088524386286736e-01
8.8616326214824203688635861908551305532455e-01
8.3538749109215149069029848760692402720451e-01
8.8611978812289138307534130944986827671528e-01
8.4137769102091997108772147839772514998913e-01
9.0214322692266246672687657337519340217113e-01
8.6536408715205237474066279901308007538319e-01
1.0000000000000000000000000000000000000000e+00
9.2569706213587799048525539546972140669823e-01
9.0516973125647037790031390613876283168793e-01
9.4465698856187529930394930488546378910542e-01
8.8084803339719064396717840281780809164047e-01
8.2940458153286467091191980216535739600658e-01
8.8616326214824203688635861908551305532455e-01
8.2940458153286467091191980216535739600658e-01
9.8809561647417709639995564430137164890766e-01
9.0797321373973760572084756859112530946732e-01
1.0000000000000000000000000000000000000000e+00
7.8461172003607870806263235863298177719116e-01
1.0000000000000000000000000000000000000000e+00
8.0503975882802591979015005563269369304180e-01
9.2299843422665295289419873370206914842129e-01
9.1922543824191593753170081981807015836239e-01
9.8757890035591577859719336629495956003666e-01
7.6153596904378517695732853098888881504536e-01
8.8264826639573701339003264365601353347301e-01
9.6977529366066061999873681997996754944324e-01
8.5076651517247114941966401602257974445820e-01
1.0000000000000000000000000000000000000000e+00
9.1117804131825996805105205567087978124619e-01
9.4465698856187318988020251708803698420525e-01
7.6153596904378517695732853098888881504536e-01
8.2004185750320712777750031818868592381477e-01
1.0000000000000000000000000000000000000000e+00
8.0271267679004221218264092385652475059032e-01
9.1556698732395458417698819175711832940578e-01
9.2416356559345946841688146378146484494209e-01
1.0000000000000000000000000000000000000000e+00
7.7384883283264205289242454455234110355377e-01
8.5181250304683553409290652780327945947647e-01
5.9112368710062757060086369165219366550446e-01
8.4866983003098672710962091514375060796738e-01
9.8465436641106451887139883183408528566360e-01
1.0000000000000000000000000000000000000000e+00
1.0000000000000000000000000000000000000000e+00
2.7697378135750200245368546347890514880419e-01
8.2486629193608340671062251203693449497223e-01
9.7058392788246872218138605603598989546299e-01
9.8465436641106474091600375686539337038994e-01
0.0000000000000000000000000000000000000000e+00
8.9784902508023434197781398324877955019474e-01
7.7269638191866862886314493152895011007786e-01
8.2295827794511178243652693709009326994419e-01
7.0078334200919978336230542481644079089165e-01
7.7032304259530293144564438989618793129921e-01
7.1090806152612240342847371721290983259678e-01
7.0815103340557716826708656299160793423653e-01
7.2025563059164077195362096972530707716942e-01
1.0000000000000000000000000000000000000000e+00
7.7108401726492170613624921315931715071201e-01
7.0680538075385723750798661058070138096809e-01
7.9595763511395967171324627997819334268570e-01
6.7843955686823564921184015474864281713963e-01
7.7521808954464610508239275077357888221741e-01
9.1050000415450704771558321226621046662331e-01
9.1050000415450704771558321226621046662331e-01
9.8809561647417709639995564430137164890766e-01
6.8170100217002149722844706047908402979374e-01
4.2312120535351815941993436354096047580242e-01
7.6998725280691737715699218824738636612892e-01
6.7166652212786670528288368586800061166286e-01
7.7914188070876344571757954327040351927280e-01
1.0000000000000000000000000000000000000000e+00
6.5536151158880606715229077963158488273621e-01
8.8044567311109367402366387977963313460350e-01
9.5099420347674679110383522129268385469913e-01
7.0855060804618563707890643854625523090363e-01
9.3876374083289582106459647548035718500614e-01
5.7279905411087628230859536415664479136467e-01
5.9151464419899946189929096362902782857418e-01
7.3944427241746768508789955376414582133293e-01
6.3036972379867106663908771224669180810452e-01
7.9657098631210665473645349266007542610168e-01
8.5030779495849717619648799882270395755768e-01
8.3763560712239493177833082881988957524300e-01
8.2033026413819887245892914506839588284492e-01
7.8419737858693649990016183437546715140343e-01
6.6741758518855420767579289531568065285683e-01
3.8600470640964623658675236583803780376911e-01
6.5073833821039317459877793226041831076145e-01
5.3920963936294385998593270414858125150204e-01
5.8880373168119382043528275971766561269760e-01
3.8327145656828270903204725073010195046663e-01
0.0000000000000000000000000000000000000000e+00
4.5845481030494039664802130573661997914314e-01
4.6804124428560328619042252284998539835215e-01
4.4026007337230904647995544110017362982035e-01
0.0000000000000000000000000000000000000000e+00
2.2636116899229424825890077954682055860758e-01
3.3886555409336288624544408776273485273123e-01
6.8881856668236296492580095218727365136147e-01
3.6947455321645938930430475011235103011131e-01
1.0138410502858907769052621006267145276070e-02
3.0159794583470944662195734053966589272022e-01
8.2940458153286467091191980216535739600658e-01
7.6153596904378517695732853098888881504536e-01
0.0000000000000000000000000000000000000000e+00
4.2312120535351815941993436354096047580242e-01
3.8600470640964623658675236583803780376911e-01
0.0000000000000000000000000000000000000000e+00
6.5073833821039317459877793226041831076145e-01
5.3920963936294385998593270414858125150204e-01
5.8880373168119382043528275971766561269760e-01
3.8327145656828270903204725073010195046663e-01
0.0000000000000000000000000000000000000000e+00
4.5845481030494039664802130573661997914314e-01
4.6804124428560328619042252284998539835215e-01
4.4026007337230904647995544110017362982035e-01
0.0000000000000000000000000000000000000000e+00
2.2636116899229424825890077954682055860758e-01
3.3886555409336288624544408776273485273123e-01
6.8881856668236296492580095218727365136147e-01
3.6947455321645938930430475011235103011131e-01
1.0138410502858907769052621006267145276070e-02
3.0159794583470944662195734053966589272022e-01
8.2940458153286467091191980216535739600658e-01
7.6153596904378517695732853098888881504536e-01
0.0000000000000000000000000000000000000000e+00
4.2312120535351815941993436354096047580242e-01
3.8600470640964623658675236583803780376911e-01
0.0000000000000000000000000000000000000000e+00
0.0000000000000000000000000000000000000000e+00
6.5073833821039317459877793226041831076145e-01
5.3920963936294385998593270414858125150204e-01
5.8880373168119382043528275971766561269760e-01
3.8327145656828270903204725073010195046663e-01
0.0000000000000000000000000000000000000000e+00
4.5845481030494039664802130573661997914314e-01
4.6804124428560328619042252284998539835215e-01
4.4026007337230904647995544110017362982035e-01
0.0000000000000000000000000000000000000000e+00
2.2636116899229424825890077954682055860758e-01
3.3886555409336288624544408776273485273123e-01
6.8881856668236296492580095218727365136147e-01
3.6947455321645938930430475011235103011131e-01
1.0138410502858907769052621006267145276070e-02
3.0159794583470944662195734053966589272022e-01
8.2940458153286467091191980216535739600658e-01
7.6153596904378517695732853098888881504536e-01
0.0000000000000000000000000000000000000000e+00
4.2312120535351815941993436354096047580242e-01
3.8600470640964623658675236583803780376911e-01
0.0000000000000000000000000000000000000000e+00
0.0000000000000000000000000000000000000000e+00
0.0000000000000000000000000000000000000000e+00
8.0655259779290233268511656206101179122925e+01
8.3665820074823993302004510042024776339531e-01
