1
0
23
5.6128389651954713190917800602619536221027e-01
4.6947864549306816961404820176539942622185e-01
6.8331645575118327151642461103620007634163e-01
9.0615438586604080128950045036617666482925e-01
4.6821733207685811706255663011688739061356e-01
9.0519581799092829754727063118480145931244e-01
8.5216274910414446797091159169212915003300e-01
6.1030995104201535284005331050138920545578e-01
8.7675854373861528134881382356979884207249e-01
8.8189476537699207359111142068286426365376e-01
7.7975311726607399176458557121804915368557e-01
4.8191047933657171764565418925485573709011e-01
9.0782509763054786144920171864214353263378e-01
1.0000000000000000000000000000000000000000e+00
9.0431972736683086111497686943039298057556e-01
9.2930889334600397244656733164447359740734e-01
0.0000000000000000000000000000000000000000e+00
9.1394765650280485047574074997100979089737e-01
7.7182908559566998363266066007781773805618e-01
8.5911884880443556422591200316674076020718e-01
8.3140932935756073351996064957347698509693e-01
9.5142684187267445583557901045423932373524e-01
4.6195354671273891611349426966626197099686e-01
8.7205393527432162326107345506898127496243e-01
8.7513287036736020496618948527611792087555e-01
8.7167711442652351383486575286951847374439e-01
8.6439345934293809747828163381200283765793e-01
1.0000000000000000000000000000000000000000e+00
8.2670472089326707543222028107265941798687e-01
5.0895106143950608057480167190078645944595e-01
8.9219849065312784031078763291588984429836e-01
9.6072809836446904085960341035388410091400e-01
8.7003778164951928175696593825705349445343e-01
8.6907921377440677801473611907567828893661e-01
9.1927004083415519986033359600696712732315e-01
9.8147333250931323433974284853320568799973e-01
1.0000000000000000000000000000000000000000e+00
4.7659565882991783425381981942337006330490e-01
9.0519581799092829754727063118480145931244e-01
8.6369358002316731770520163991022855043411e-01
8.2614447425385972856304306333186104893684e-01
8.1082737161230855615912105349707417190075e-01
1.0000000000000000000000000000000000000000e+00
7.9136365193628033232187135581625625491142e-01
8.6138352296707731969860333265387453138828e-01
8.6907921377442876043062369717517867684364e-01
0.0000000000000000000000000000000000000000e+00
9.0898355703145850004176509173703379929066e-01
8.7305181871502179902222451346460729837418e-01
9.4236897467089064672762788177351467311382e-01
9.6241313527771166214108689018758013844490e-01
8.7675854373861672463874583627330139279366e-01
8.6442223431463904859128888347186148166656e-01
1.0000000000000000000000000000000000000000e+00
9.9853789310162932579828520829323679208755e-01
7.6962358175344269817230724584078416228294e-01
3.4563228276401858352073759306222200393677e-01
9.0478912180802784082089829098549671471119e-01
8.6369358002316709566059671487892046570778e-01
1.0000000000000000000000000000000000000000e+00
1.0000000000000000000000000000000000000000e+00
8.5002773044595414386748188917408697307110e-01
8.9387018896294412328984435589518398046494e-01
9.8552786139170045487389870686456561088562e-01
1.0000000000000000000000000000000000000000e+00
9.2905078801165597024436237916233949363232e-01
6.3047137973860145621074480004608631134033e-01
4.3838511676176133979865312539914157241583e-01
8.8775869247718830479243479203432798385620e-01
7.1794292122628156072039473656332120299339e-01
9.0269276010122623254972040740540251135826e-01
9.1699141813083562269071080663707107305527e-01
1.0000000000000000000000000000000000000000e+00
8.6710038335835670775253447573049925267696e-01
9.0786352431358952053130906278965994715691e-01
9.6979943788179967523177538168965838849545e-01
9.4812515805041930327945465251104906201363e-01
9.3039434268565124330763183024828322231770e-01
9.0478912180802784082089829098549671471119e-01
6.3981395018534092944406665992573834955692e-01
9.6245591669296648440479202690767124295235e-01
9.2908670789185165972412505652755498886108e-01
9.5603742355129517349610068777110427618027e-01
1.0000000000000000000000000000000000000000e+00
1.0000000000000000000000000000000000000000e+00
7.5848747137540351026530061062658205628395e-01
9.8160497008168068333588962559588253498077e-01
9.5500286796444378012438392033800482749939e-01
1.0000000000000000000000000000000000000000e+00
7.5786792415792403332375215541105717420578e-01
6.4993242598016787159309615162783302366734e-01
8.0234247438734285218231434555491432547569e-01
5.5147687782895071784139418014092370867729e-01
1.0000000000000000000000000000000000000000e+00
8.3009673012478224496391021602903492748737e-01
9.0519581799092774243575831860653124749660e-01
1.0000000000000000000000000000000000000000e+00
6.5265000170646647603689416428096592426300e-01
7.9114826052166398184795070847030729055405e-01
9.3840223668302558124310053244698792695999e-01
8.6053086184803717628710728604346513748169e-01
7.5148794752231429239230919847614131867886e-01
6.1427913865775551904846452089259400963783e-01
6.2121942367036619980780187688651494681835e-01
9.3680630917885698849545406119432300329208e-01
8.0714594497486957802578899645595811307430e-01
7.7162341062922745749119712854735553264618e-02
8.7675854373861605850493106117937713861465e-01
8.7998852560503015851622876652982085943222e-01
9.0269276010122623254972040740540251135826e-01
8.8208798997923176798963140754494816064835e-01
8.2154295631664764343327078677248209714890e-01
9.7161301994198168152649941475829109549522e-01
9.3680630917885698849545406119432300329208e-01
9.1234629681351009367062943056225776672363e-01
1.0000000000000000000000000000000000000000e+00
8.7675854373861605850493106117937713861465e-01
8.8230363651334631214240289409644901752472e-01
9.3680630917885698849545406119432300329208e-01
9.3687518032225192143869207939133048057556e-01
8.6741006245602569890706945443525910377502e-01
3.4140886358168032188586948905140161514282e-01
8.7205393527432162326107345506898127496243e-01
8.7801931620344042528358841082081198692322e-01
8.7003778164951928175696593825705349445343e-01
8.6907921377440711108164350662264041602612e-01
9.0589720542841212225226854570792056620121e-01
8.6907921377440788823776074423221871256828e-01
9.0786352431358952053130906278965994715691e-01
8.7045041038179959969056653790175914764404e-01
8.7003778164951928175696593825705349445343e-01
9.7197544061388174707616371961194090545177e-01
9.6204922051005148375679709715768694877625e-01
8.8254820472242001550000622955849394202232e-01
9.3111820642707598949527891818434000015259e-01
8.5582625338374351819936691754264757037163e-01
8.8208798997923176798963140754494816064835e-01
7.4805709785295970704055434907786548137665e-01
9.3417993964396417450046783415018580853939e-01
8.7305181871502490764669346390292048454285e-01
9.0269276010122623254972040740540251135826e-01
8.6832567772603241884610270062694326043129e-01
1.0000000000000000000000000000000000000000e+00
8.3140932935756073351996064957347698509693e-01
9.1256813277788273452983958122786134481430e-01
9.2887103186650266106738627058803103864193e-01
9.5951018019759648502997606556164100766182e-01
8.2361177388499007268052309882477857172489e-01
9.1256813277788273452983958122786134481430e-01
9.1947782647955689228069786622654646635056e-01
8.8663316662897662112641228304710239171982e-01
9.4181637863948841626893226930405944585800e-01
9.1256813277788384475286420638440176844597e-01
8.6832567772603241884610270062694326043129e-01
7.1592446040392321293666100245900452136993e-01
8.7675854373861528134881382356979884207249e-01
9.0531410164213510505248905246844515204430e-01
9.2568973422135836237600869935704395174980e-01
9.4553200972842210703106502478476613759995e-01
8.6166531004339164123706495956867001950741e-01
9.1486931866413057079512327618431299924850e-01
8.2370575564053116757179395790444687008858e-01
8.4755269652554698911472996769589371979237e-01
8.0630841300173672347995079690008424222469e-01
8.7597186275683003309211471787421032786369e-01
1.0000000000000000000000000000000000000000e+00
1.0000000000000000000000000000000000000000e+00
9.7340975885863678662701659050071612000465e-01
3.1564492348659911602481997761060483753681e-01
8.7675854373863937318844818946672603487968e-01
9.2568973422135836237600869935704395174980e-01
9.5740269960292323503381339833140373229980e-01
0.0000000000000000000000000000000000000000e+00
9.3319983609866485885220299678621813654900e-01
8.6806180939316512912284906633431091904640e-01
9.2741128501695002661620037542888894677162e-01
8.6907921377440711108164350662264041602612e-01
8.6575166030738470723804312001448124647141e-01
7.9136365193628033232187135581625625491142e-01
8.6924768385421491423414863675134256482124e-01
9.1646378941404849083340877768932841718197e-01
1.0000000000000000000000000000000000000000e+00
8.8117298710953573248616521595977246761322e-01
8.6369358002316709566059671487892046570778e-01
9.0269276010122623254972040740540251135826e-01
7.1164174265391322293794473807793110609055e-01
7.4639763168783612723444775838288478553295e-01
9.0508152380715622964402200523181818425655e-01
9.3867775818715337710074209098820574581623e-01
9.6024400721626546051368222833843901753426e-01
7.2302328763742473860531845275545492768288e-01
5.0408062489846106046798013267107307910919e-01
8.7675854373861528134881382356979884207249e-01
8.3353550465216597054052272142143920063972e-01
9.0269276010122623254972040740540251135826e-01
1.0000000000000000000000000000000000000000e+00
7.0290311352690815205335184145951643586159e-01
9.5142684187267456685788147296989336609840e-01
1.0000000000000000000000000000000000000000e+00
9.2887103186650266106738627058803103864193e-01
1.0000000000000000000000000000000000000000e+00
7.0290311352690815205335184145951643586159e-01
7.5380936121434183316836197263910435140133e-01
8.8725281318671367358774659805931150913239e-01
7.1164174265391322293794473807793110609055e-01
7.6642376816965196439923602156341075897217e-01
9.1746167285475577202191743708681315183640e-01
8.7003778164951928175696593825705349445343e-01
8.7003778164951928175696593825705349445343e-01
8.4998623593340216775260387294110842049122e-01
8.0401157586316474024101808026898652315140e-01
5.5282144870916893886203524743905290961266e-01
6.8331645575118327151642461103620007634163e-01
4.6821733207685811706255663011688739061356e-01
6.1030995104201535284005331050138920545578e-01
4.8191047933657171764565418925485573709011e-01
0.0000000000000000000000000000000000000000e+00
4.6195354671273891611349426966626197099686e-01
5.0895106143950608057480167190078645944595e-01
4.7659565882991783425381981942337006330490e-01
0.0000000000000000000000000000000000000000e+00
3.4563228276401858352073759306222200393677e-01
4.3838511676176133979865312539914157241583e-01
6.3981395018534092944406665992573834955692e-01
5.5147687782895071784139418014092370867729e-01
7.7162341062922745749119712854735553264618e-02
3.4140886358168032188586948905140161514282e-01
7.4805709785295970704055434907786548137665e-01
7.1592446040392321293666100245900452136993e-01
0.0000000000000000000000000000000000000000e+00
5.0408062489846106046798013267107307910919e-01
5.5282144870916893886203524743905290961266e-01
0.0000000000000000000000000000000000000000e+00
6.8331645575118327151642461103620007634163e-01
4.6821733207685811706255663011688739061356e-01
6.1030995104201535284005331050138920545578e-01
4.8191047933657171764565418925485573709011e-01
0.0000000000000000000000000000000000000000e+00
4.6195354671273891611349426966626197099686e-01
5.0895106143950608057480167190078645944595e-01
4.7659565882991783425381981942337006330490e-01
0.0000000000000000000000000000000000000000e+00
3.4563228276401858352073759306222200393677e-01
4.3838511676176133979865312539914157241583e-01
6.3981395018534092944406665992573834955692e-01
5.5147687782895071784139418014092370867729e-01
7.7162341062922745749119712854735553264618e-02
3.4140886358168032188586948905140161514282e-01
7.4805709785295970704055434907786548137665e-01
7.1592446040392321293666100245900452136993e-01
0.0000000000000000000000000000000000000000e+00
5.0408062489846106046798013267107307910919e-01
5.5282144870916893886203524743905290961266e-01
0.0000000000000000000000000000000000000000e+00
0.0000000000000000000000000000000000000000e+00
6.8331645575118327151642461103620007634163e-01
4.6821733207685811706255663011688739061356e-01
6.1030995104201535284005331050138920545578e-01
4.8191047933657171764565418925485573709011e-01
0.0000000000000000000000000000000000000000e+00
4.6195354671273891611349426966626197099686e-01
5.0895106143950608057480167190078645944595e-01
4.7659565882991783425381981942337006330490e-01
0.0000000000000000000000000000000000000000e+00
3.4563228276401858352073759306222200393677e-01
4.3838511676176133979865312539914157241583e-01
6.3981395018534092944406665992573834955692e-01
5.5147687782895071784139418014092370867729e-01
7.7162341062922745749119712854735553264618e-02
3.4140886358168032188586948905140161514282e-01
7.4805709785295970704055434907786548137665e-01
7.1592446040392321293666100245900452136993e-01
0.0000000000000000000000000000000000000000e+00
5.0408062489846106046798013267107307910919e-01
5.5282144870916893886203524743905290961266e-01
0.0000000000000000000000000000000000000000e+00
0.0000000000000000000000000000000000000000e+00
0.0000000000000000000000000000000000000000e+00
7.7326612932426655788731295615434646606445e+01
1.2051480765342874601486755636869929730892e+00
