1
0
23
5.4075755669822422877501821858459152281284e-01
4.5028215086740236428042294392071198672056e-01
6.5353613375488484038555725419428199529648e-01
8.9620201404282950896629245107760652899742e-01
5.4503267518513476286301511208876036107540e-01
8.4173744789308790892334855016088113188744e-01
7.4502362051026815858989493790431879460812e-01
5.9153744733448454518054404616123065352440e-01
7.4560143967942016374195191019680351018906e-01
8.8718380694109144624093232778250239789486e-01
7.4560143967943892651106807534233666956425e-01
3.9749221763151221242793553756200708448887e-01
9.5424236436309206599304388873861171305180e-01
1.0000000000000000000000000000000000000000e+00
8.8660270638611871074630244038417004048824e-01
8.6918791486052471295664645367651246488094e-01
0.0000000000000000000000000000000000000000e+00
9.7564792089305174549451749044237658381462e-01
7.6793980022738383972580322733847424387932e-01
9.3073225099659417924868876070831902325153e-01
7.5975457305681537434338679304346442222595e-01
1.0000000000000000000000000000000000000000e+00
4.5366473230701104268902668081864248961210e-01
8.2392236103788074608189617720199748873711e-01
8.4268179744708215928028494090540334582329e-01
8.3895983802166373966002765882876701653004e-01
8.3866886873281032421800773590803146362305e-01
1.0000000000000000000000000000000000000000e+00
8.4310213763640273754162990371696650981903e-01
4.7141432262131971464569346608186606317759e-01
8.3914248023803650333718451292952522635460e-01
9.7702939375755759598973781976383179426193e-01
7.9379903668757179069359608547529205679893e-01
6.8103669019908485982028878424898721277714e-01
8.4229240594935361752249036726425401866436e-01
9.8750344011406165911637344834161922335625e-01
1.0000000000000000000000000000000000000000e+00
4.4855018325972828563408256741240620613098e-01
9.0880707789256087725249244613223709166050e-01
8.1179157877364271911346804699860513210297e-01
8.8852043293313498484309320701868273317814e-01
6.5078384712325521022080465627368539571762e-01
1.0000000000000000000000000000000000000000e+00
8.6278599072567740968509042431833222508430e-01
8.6296494486185004735290249300305731594563e-01
7.6297249482027051925570049206726253032684e-01
0.0000000000000000000000000000000000000000e+00
8.3914248023803650333718451292952522635460e-01
8.5542044357762070383444097387837246060371e-01
8.1018133644490031297635823648306541144848e-01
8.5474664233640162969152243022108450531960e-01
8.6394402633539013613983570394339039921761e-01
7.7727986595344333853319085392286069691181e-01
8.6994230966917518443892731738742440938950e-01
8.5609053415071334480757059282041154801846e-01
7.1261636022144059232630297628929838538170e-01
2.4998951707409533540271695528645068407059e-01
8.2358604419796987983204417105298489332199e-01
7.2933046133487489104396672701113857328892e-01
8.8476187887438573209664127716678194701672e-01
9.0674905363004298930462709904531948268414e-01
8.4436495972339153937014089024160057306290e-01
8.4310213763640273754162990371696650981903e-01
9.7525586593158797299452089646365493535995e-01
9.6048578517030147594368827412836253643036e-01
8.9594589642962185749297532311175018548965e-01
4.9947641075745413674624728628259617835283e-01
3.4589110718956850298866356752114370465279e-01
9.4006428840014621961529428517678752541542e-01
6.9020731825048819985113368602469563484192e-01
9.8010087791074051999373750732047483325005e-01
9.5009908941344389798899783272645436227322e-01
1.0000000000000000000000000000000000000000e+00
9.3073225099659417924868876070831902325153e-01
9.0319431922447435123757486508111469447613e-01
1.0000000000000000000000000000000000000000e+00
9.5697219085825246942533794936025515198708e-01
8.3907294669725329683274139824789017438889e-01
8.4310213763640273754162990371696650981903e-01
6.9020731825048819985113368602469563484192e-01
9.2892976482626166134792811135412193834782e-01
8.4671239990989588530823084511212073266506e-01
9.0660802815202912174896709984750486910343e-01
1.0000000000000000000000000000000000000000e+00
1.0000000000000000000000000000000000000000e+00
7.4141934885231197682742276811040937900543e-01
9.3917910988537833816280908649787306785583e-01
9.4566851275417029842884630852495320141315e-01
9.6097351668792840850841230349033139646053e-01
6.4784593412186486371950877583003602921963e-01
5.7833697820552543156225056009134277701378e-01
8.2982326694569819025559809233527630567551e-01
3.5132770777044952659196042077383026480675e-01
1.0000000000000000000000000000000000000000e+00
7.5629654273449875567791877983836457133293e-01
8.9808966310126547849534972556284628808498e-01
1.0000000000000000000000000000000000000000e+00
5.5573757854265504185775625956011936068535e-01
6.3527694050672045555927525128936395049095e-01
8.7870545824341339535834549678838811814785e-01
6.5623379771592194042995060954126529395580e-01
7.6724900624142067240285314255743287503719e-01
5.2126978709165816550097360959625802934170e-01
6.0438602261483143074372037517605349421501e-01
9.4963487604267848851691269373986870050430e-01
7.4505890588538647989480523392558097839355e-01
1.0210398468390224913093788927653804421425e-02
9.9642683641847340503261420963099226355553e-01
8.4268179744708215928028494090540334582329e-01
8.8441509632431192233781303002615459263325e-01
8.6801298844317253955438218326889909803867e-01
7.5530913685615863606415132380789145827293e-01
9.1596942080484411441432257561245933175087e-01
9.1596942080482268710994731009122915565968e-01
8.4774843316180581442864649943658150732517e-01
9.6342426706946548975452060403767973184586e-01
7.5928379601119777575490843446459621191025e-01
8.4393826514322278775637187209213152527809e-01
1.0000000000000000000000000000000000000000e+00
9.7843447276580775007204238136182539165020e-01
9.0867102332797278219089776030159555375576e-01
3.0318070844499861449250488476536702364683e-01
9.4901682629928407752828434240655042231083e-01
8.9620201404282950896629245107760652899742e-01
8.8476187887438573209664127716678194701672e-01
8.4230588340349399345541314687579870223999e-01
9.0065103519917133478855930661666207015514e-01
8.4310213763640273754162990371696650981903e-01
9.0319431922447179772461822722107172012329e-01
8.6540311991601970298404467030195519328117e-01
9.9832912383488325858138523472007364034653e-01
9.4302726611601417339159070252208039164543e-01
9.0674905363004298930462709904531948268414e-01
9.4006428840014488734766473498893901705742e-01
9.0319431922449489036353043047711253166199e-01
8.1631012094926824751439653482520952820778e-01
8.8476187887438573209664127716678194701672e-01
8.1631012094926824751439653482520952820778e-01
9.9291584142564925929974606333416886627674e-01
9.0991261662825773104401605451130308210850e-01
1.0000000000000000000000000000000000000000e+00
8.0056681768896431616866493641282431781292e-01
1.0000000000000000000000000000000000000000e+00
8.0130451644289857338065985459252260625362e-01
9.2450318778818130205365832807729020714760e-01
9.2450318778818130205365832807729020714760e-01
9.9291584142564925929974606333416886627674e-01
7.6729902728713905712965015482041053473949e-01
8.8664866388779273176368178610573522746563e-01
9.7093752435394609090479889346170239150524e-01
8.5163684302851438978620990383205935359001e-01
1.0000000000000000000000000000000000000000e+00
9.1596942080484411441432257561245933175087e-01
9.3247274991549233824628117872634902596474e-01
7.6729902728713905712965015482041053473949e-01
8.2358604419797509788025990928872488439083e-01
1.0000000000000000000000000000000000000000e+00
7.8788433094658327782155993190826848149300e-01
8.5314786300583211886561230130610056221485e-01
9.2278472020715529566814439021982252597809e-01
1.0000000000000000000000000000000000000000e+00
7.8252327503471541536583799825166352093220e-01
8.5158712330962771375197917222976684570312e-01
5.8464375559102665924626762716798111796379e-01
8.1685514832493266723645319871138781309128e-01
9.6246722287435371168129449870320968329906e-01
1.0000000000000000000000000000000000000000e+00
1.0000000000000000000000000000000000000000e+00
2.6641953938383022837399494164856150746346e-01
8.3393243655541382519658100136439315974712e-01
9.5452465477960013462421784424805082380772e-01
9.6741724987678590075290685490472242236137e-01
0.0000000000000000000000000000000000000000e+00
9.0773212421647697656368336538434959948063e-01
7.8356910893461662048764537757961079478264e-01
8.4851031821730893422994768116041086614132e-01
7.2533898634821425410734718752792105078697e-01
7.7551832286960764584193839255021885037422e-01
7.1245184099885738859825323743280023336411e-01
7.2581299587034175946342884344630874693394e-01
7.4418304078181463090402303350856527686119e-01
1.0000000000000000000000000000000000000000e+00
7.8479178982037489653578177239978685975075e-01
7.2172546356781785981127086415654048323631e-01
7.9725373510919284036901899526128545403481e-01
7.0512183285501650598092737709521315991879e-01
7.9085928262065996463547890016343444585800e-01
9.2070552944179029353222176723647862672806e-01
9.2070552944178163379262969101546332240105e-01
9.9291584142564925929974606333416886627674e-01
6.8812420065739954289085744676413014531136e-01
4.4982233433723800564152384140470530837774e-01
7.8490726451163672638955404181615449488163e-01
6.7459105040014200049824921734398230910301e-01
7.8626973890779638942660767497727647423744e-01
1.0000000000000000000000000000000000000000e+00
6.5922094791195018359530877205543220043182e-01
8.8700115276276780829078916212893091142178e-01
9.4916469134668024487666571076260879635811e-01
7.3067204878523694944192357070278376340866e-01
9.6575503428212416956455399486003443598747e-01
5.8752641161828200733197036242927424609661e-01
6.1043071403663073937195804319344460964203e-01
7.4646481611759540886197328291018493473530e-01
6.3153023665855267942959017091197893023491e-01
8.1583409526892003427178678975906223058701e-01
8.5431084481903163396765421566669829189777e-01
8.4099889933102645045437384396791458129883e-01
8.3190925295305984121796427643857896327972e-01
7.9271343792490966961850062943994998931885e-01
6.7549977515084969059699915305827744305134e-01
3.9399342788540392401586132109514437615871e-01
6.5353613375488484038555725419428199529648e-01
5.4503267518513476286301511208876036107540e-01
5.9153744733448454518054404616123065352440e-01
3.9749221763151221242793553756200708448887e-01
0.0000000000000000000000000000000000000000e+00
4.5366473230701104268902668081864248961210e-01
4.7141432262131971464569346608186606317759e-01
4.4855018325972828563408256741240620613098e-01
0.0000000000000000000000000000000000000000e+00
2.4998951707409533540271695528645068407059e-01
3.4589110718956850298866356752114370465279e-01
6.9020731825048819985113368602469563484192e-01
3.5132770777044952659196042077383026480675e-01
1.0210398468390224913093788927653804421425e-02
3.0318070844499861449250488476536702364683e-01
8.1631012094926824751439653482520952820778e-01
7.6729902728713905712965015482041053473949e-01
0.0000000000000000000000000000000000000000e+00
4.4982233433723800564152384140470530837774e-01
3.9399342788540392401586132109514437615871e-01
0.0000000000000000000000000000000000000000e+00
6.5353613375488484038555725419428199529648e-01
5.4503267518513476286301511208876036107540e-01
5.9153744733448454518054404616123065352440e-01
3.9749221763151221242793553756200708448887e-01
0.0000000000000000000000000000000000000000e+00
4.5366473230701104268902668081864248961210e-01
4.7141432262131971464569346608186606317759e-01
4.4855018325972828563408256741240620613098e-01
0.0000000000000000000000000000000000000000e+00
2.4998951707409533540271695528645068407059e-01
3.4589110718956850298866356752114370465279e-01
6.9020731825048819985113368602469563484192e-01
3.5132770777044952659196042077383026480675e-01
1.0210398468390224913093788927653804421425e-02
3.0318070844499861449250488476536702364683e-01
8.1631012094926824751439653482520952820778e-01
7.6729902728713905712965015482041053473949e-01
0.0000000000000000000000000000000000000000e+00
4.4982233433723800564152384140470530837774e-01
3.9399342788540392401586132109514437615871e-01
0.0000000000000000000000000000000000000000e+00
0.0000000000000000000000000000000000000000e+00
6.5353613375488484038555725419428199529648e-01
5.4503267518513476286301511208876036107540e-01
5.9153744733448454518054404616123065352440e-01
3.9749221763151221242793553756200708448887e-01
0.0000000000000000000000000000000000000000e+00
4.5366473230701104268902668081864248961210e-01
4.7141432262131971464569346608186606317759e-01
4.4855018325972828563408256741240620613098e-01
0.0000000000000000000000000000000000000000e+00
2.4998951707409533540271695528645068407059e-01
3.4589110718956850298866356752114370465279e-01
6.9020731825048819985113368602469563484192e-01
3.5132770777044952659196042077383026480675e-01
1.0210398468390224913093788927653804421425e-02
3.0318070844499861449250488476536702364683e-01
8.1631012094926824751439653482520952820778e-01
7.6729902728713905712965015482041053473949e-01
0.0000000000000000000000000000000000000000e+00
4.4982233433723800564152384140470530837774e-01
3.9399342788540392401586132109514437615871e-01
0.0000000000000000000000000000000000000000e+00
0.0000000000000000000000000000000000000000e+00
0.0000000000000000000000000000000000000000e+00
8.0342542848245727782341418787837028503418e+01
8.4179681284253571327269582980079576373100e-01
