1
0
23
5.4704191941158308853943026406341232359409e-01
4.5018477608483342677914151863660663366318e-01
6.6362066129258501234744471730664372444153e-01
8.9626325710670329272033995948731899261475e-01
5.4026574855182474266257486306130886077881e-01
8.4824763933403291016333014340489171445370e-01
7.4576917859332780835757148452103137969971e-01
5.9389930714671346212440994349890388548374e-01
7.4895303237914678806674828592804260551929e-01
8.9302929727452584618418995887623168528080e-01
7.4411165622582342571433855482609942555428e-01
4.0053372210818238841056881938129663467407e-01
9.6400195424514101283364198025083169341087e-01
1.0000000000000000000000000000000000000000e+00
8.7843444573871176661583604072802700102329e-01
8.8086073002521358965566378174116834998131e-01
0.0000000000000000000000000000000000000000e+00
9.6351444171624911483320374827599152922630e-01
7.6003732567879023207524369354359805583954e-01
9.1124903593063610873770130638149566948414e-01
7.5613850693469919495015574284479953348637e-01
1.0000000000000000000000000000000000000000e+00
4.3416173429489773871736701948975678533316e-01
8.3215478493689309935632536507910117506981e-01
8.4780160917274793863640525160008110105991e-01
8.4053379701400809942413161479635164141655e-01
8.3546971253169011184525061253225430846214e-01
1.0000000000000000000000000000000000000000e+00
8.4300514887663346996760083129629492759705e-01
4.7119838179230172370282048177614342421293e-01
8.3807496345384302482983684967621229588985e-01
9.7627320958418761787100947913131676614285e-01
7.9598340772245190777312018326483666896820e-01
6.9296223934503231589587812777608633041382e-01
8.6716512991824667988538521967711858451366e-01
9.7627320958418761787100947913131676614285e-01
9.9926966475138878642781037342501804232597e-01
4.4551111099559920214474573185725603252649e-01
9.0120885725550481382128964469302445650101e-01
8.1782688624347987804696913372026756405830e-01
8.8251621645723987708009872221737168729305e-01
6.4329662995665060076788677179138176143169e-01
1.0000000000000000000000000000000000000000e+00
8.6037455320063149777354283287422731518745e-01
8.5315416855920456207229563005967065691948e-01
7.6211690836146006589046919543761759996414e-01
0.0000000000000000000000000000000000000000e+00
8.3824911991323647342255753756035119295120e-01
8.5119411883828155485076649711118079721928e-01
7.9799730931090606667055453726788982748985e-01
8.4176745978319988950033803121186792850494e-01
8.4814817760034744154040708963293582201004e-01
7.7091656255701224154108786024153232574463e-01
9.0197230148003781913246257317950949072838e-01
8.6716512991824656886308275716146454215050e-01
7.2200821651887148178161623945925384759903e-01
2.4842355775608671031307039811508730053902e-01
8.1380250420204425232384437549626454710960e-01
7.3010985994130006559998946613632142543793e-01
8.9163050852771519316775084007531404495239e-01
9.0961519768007026431888562001404352486134e-01
8.4476467944397537479517268366180360317230e-01
8.4176745978319988950033803121186792850494e-01
9.5986120683583986412656940956367179751396e-01
9.6031347397231492379887640709057450294495e-01
9.0961519768007703667933583346894010901451e-01
4.9333944606848229019746554513403680175543e-01
3.4219603626716554867215336344088427722454e-01
9.3144505701796520558133352096774615347385e-01
6.8825580437591682425590988714247941970825e-01
9.8243075812643088084996634279377758502960e-01
9.5398190221357936913193498185137286782265e-01
1.0000000000000000000000000000000000000000e+00
9.1675926600624824125418399489717558026314e-01
8.9301321995974136669360632367897778749466e-01
9.8243075812643088084996634279377758502960e-01
9.5398190221357936913193498185137286782265e-01
8.3961899733750289254174958841758780181408e-01
8.4176745978319988950033803121186792850494e-01
6.8825580437591682425590988714247941970825e-01
9.1385846223117050968198782356921583414078e-01
8.2561440042524270044310696903266943991184e-01
9.0949369579293160015254215977620333433151e-01
1.0000000000000000000000000000000000000000e+00
1.0000000000000000000000000000000000000000e+00
7.1362117546833814252238425979157909750938e-01
9.3556802030273267245519264179165475070477e-01
9.2387034517118271637059478962328284978867e-01
9.3738551345633491784781199385179206728935e-01
6.4775792923504738052287166283349506556988e-01
5.7130429238478697140379836127976886928082e-01
8.0431465500937604495845789642771705985069e-01
3.6324680922713969977166925673373043537140e-01
1.0000000000000000000000000000000000000000e+00
7.6012506676107216563309521006885915994644e-01
9.0892656288581408219329205167014151811600e-01
1.0000000000000000000000000000000000000000e+00
5.5882460555717239358841652574483305215836e-01
6.4464788843509024385269867707393132150173e-01
8.9724474037272983206747767326305620372295e-01
6.7162204402936032110460473631974309682846e-01
8.0402204674140875795274041593074798583984e-01
5.1898969501786051949920874903909862041473e-01
6.0868765430168625396589732190477661788464e-01
9.5915995102853335296799741627182811498642e-01
7.5369299474214557221785071305930614471436e-01
1.2517155880389528935237031248561834217981e-02
9.8390714560286018919299522167420946061611e-01
8.4780160917274804965870771411573514342308e-01
8.7752627401771055026813428412424400448799e-01
8.6359297408231427972680194216081872582436e-01
7.5446632692034876210840366184129379689693e-01
9.1437104715149919442751524911727756261826e-01
9.0197230148003781913246257317950949072838e-01
8.5233362480554364370988196242251433432102e-01
9.7357035271404768206338076197425834834576e-01
7.6365605169533745666399227047804743051529e-01
8.4601901118094446907491601450601592659950e-01
1.0000000000000000000000000000000000000000e+00
9.2831693650510305193535032231011427938938e-01
9.0597913603132429471997966174967586994171e-01
2.9897709176936138053548575044260360300541e-01
9.4383318516043601675846730358898639678955e-01
8.9896439586693177581366853701183572411537e-01
8.7937759116567726369595447977189905941486e-01
8.4176745978319988950033803121186792850494e-01
9.2012634783971680718650532071478664875031e-01
8.4176745978319988950033803121186792850494e-01
9.0961519768007026431888562001404352486134e-01
8.6716512991824667988538521967711858451366e-01
9.7956252849119795911292385426349937915802e-01
9.3360028007457385168521568630239926278591e-01
9.0961519768007026431888562001404352486134e-01
9.3808703230021395214066615153569728136063e-01
9.1385846223117050968198782356921583414078e-01
8.0791190540933777164411822013789787888527e-01
8.7937759116567726369595447977189905941486e-01
8.0791190540933777164411822013789787888527e-01
9.8931501656945286526934069115668535232544e-01
9.0895048684443069397786985064158216118813e-01
1.0000000000000000000000000000000000000000e+00
8.0339104292096474857487464760197326540947e-01
1.0000000000000000000000000000000000000000e+00
8.0057437687646637591853959747822955250740e-01
9.2012634783971580798578315807390026748180e-01
9.2012634783971580798578315807390026748180e-01
9.9473065888761935671169567285687662661076e-01
7.6175411194438957807051338022574782371521e-01
8.8683320269031473692677991493837907910347e-01
9.7112935190238558469388863159110769629478e-01
8.3828206327157250843384872496244497597218e-01
1.0000000000000000000000000000000000000000e+00
9.1248345163968491711159458645852282643318e-01
9.2012634783971725127571517077740281820297e-01
7.6175411194438957807051338022574782371521e-01
8.0958810990120411155146484816214069724083e-01
1.0000000000000000000000000000000000000000e+00
7.9027460622567513581770981545560061931610e-01
8.2653416754665987031813756402698345482349e-01
8.9893499196819914853762156781158410012722e-01
1.0000000000000000000000000000000000000000e+00
7.6951804759709596659433827881002798676491e-01
8.2653416754665987031813756402698345482349e-01
6.2557010467468832093373976022121496498585e-01
8.3826755171899502983023921842686831951141e-01
9.6117109878902162733993463916704058647156e-01
1.0000000000000000000000000000000000000000e+00
1.0000000000000000000000000000000000000000e+00
2.6268710053582960961549019884841982275248e-01
8.1170266243395683414263430677237920463085e-01
9.4990189938862479301917574048275128006935e-01
9.6162865988395851424286320252576842904091e-01
0.0000000000000000000000000000000000000000e+00
9.0802427584259071124961337773129343986511e-01
7.7993395287411981797731641563586890697479e-01
8.7924894949386978026950600906275212764740e-01
7.4400345330010841937706800308660604059696e-01
8.0019580814887625308529095491394400596619e-01
7.0612295108806399923651042627170681953430e-01
7.4597729344932972583848140857298858463764e-01
7.6539329368003705678091819208930246531963e-01
1.0000000000000000000000000000000000000000e+00
7.8349921395931854117833381678792648017406e-01
7.2211019080798977132218396945972926914692e-01
8.0805376681272678140999232709873467683792e-01
7.2844305107066698035112040088279172778130e-01
8.0759531260038852629179473296971991658211e-01
8.9894959464034873697357852506684139370918e-01
9.2012634783971725127571517077740281820297e-01
9.9473065888761935671169567285687662661076e-01
7.1586086837669826721253230061847716569901e-01
4.5751037890806989238967616984155029058456e-01
7.8971823875589586272383257892215624451637e-01
6.8303127137133690105486039101378992199898e-01
7.8971823875589586272383257892215624451637e-01
1.0000000000000000000000000000000000000000e+00
6.7470884551385590377492462721420451998711e-01
8.8724929119221673801121141877956688404083e-01
9.3788362895720267520260904348106123507023e-01
7.4193804867410328984789202877436764538288e-01
9.9771451456716397920843064639484509825706e-01
5.9321158498981108042613641373463906347752e-01
6.1556517245717812247818301329971291124821e-01
7.4811050649027999170925795624498277902603e-01
6.1399819528497889820073396549560129642487e-01
8.3488127395382505380183602028409950435162e-01
8.5186879019810879398733050038572400808334e-01
8.3783948523155393761641107630566693842411e-01
8.2393297700234446878653216117527335882187e-01
7.9896820944535029695998673560097813606262e-01
6.9120771563555916117138622212223708629608e-01
4.0002527048473734971878457145066931843758e-01
6.6362066129258501234744471730664372444153e-01
5.4026574855182474266257486306130886077881e-01
5.9389930714671346212440994349890388548374e-01
4.0053372210818238841056881938129663467407e-01
0.0000000000000000000000000000000000000000e+00
4.3416173429489773871736701948975678533316e-01
4.7119838179230172370282048177614342421293e-01
4.4551111099559920214474573185725603252649e-01
0.0000000000000000000000000000000000000000e+00
2.4842355775608671031307039811508730053902e-01
3.4219603626716554867215336344088427722454e-01
6.8825580437591682425590988714247941970825e-01
3.6324680922713969977166925673373043537140e-01
1.2517155880389528935237031248561834217981e-02
2.9897709176936138053548575044260360300541e-01
8.0791190540933777164411822013789787888527e-01
7.6175411194438957807051338022574782371521e-01
0.0000000000000000000000000000000000000000e+00
4.5751037890806989238967616984155029058456e-01
4.0002527048473734971878457145066931843758e-01
0.0000000000000000000000000000000000000000e+00
6.6362066129258501234744471730664372444153e-01
5.4026574855182474266257486306130886077881e-01
5.9389930714671346212440994349890388548374e-01
4.0053372210818238841056881938129663467407e-01
0.0000000000000000000000000000000000000000e+00
4.3416173429489773871736701948975678533316e-01
4.7119838179230172370282048177614342421293e-01
4.4551111099559920214474573185725603252649e-01
0.0000000000000000000000000000000000000000e+00
2.4842355775608671031307039811508730053902e-01
3.4219603626716554867215336344088427722454e-01
6.8825580437591682425590988714247941970825e-01
3.6324680922713969977166925673373043537140e-01
1.2517155880389528935237031248561834217981e-02
2.9897709176936138053548575044260360300541e-01
8.0791190540933777164411822013789787888527e-01
7.6175411194438957807051338022574782371521e-01
0.0000000000000000000000000000000000000000e+00
4.5751037890806989238967616984155029058456e-01
4.0002527048473734971878457145066931843758e-01
0.0000000000000000000000000000000000000000e+00
0.0000000000000000000000000000000000000000e+00
6.6362066129258501234744471730664372444153e-01
5.4026574855182474266257486306130886077881e-01
5.9389930714671346212440994349890388548374e-01
4.0053372210818238841056881938129663467407e-01
0.0000000000000000000000000000000000000000e+00
4.3416173429489773871736701948975678533316e-01
4.7119838179230172370282048177614342421293e-01
4.4551111099559920214474573185725603252649e-01
0.0000000000000000000000000000000000000000e+00
2.4842355775608671031307039811508730053902e-01
3.4219603626716554867215336344088427722454e-01
6.8825580437591682425590988714247941970825e-01
3.6324680922713969977166925673373043537140e-01
1.2517155880389528935237031248561834217981e-02
2.9897709176936138053548575044260360300541e-01
8.0791190540933777164411822013789787888527e-01
7.6175411194438957807051338022574782371521e-01
0.0000000000000000000000000000000000000000e+00
4.5751037890806989238967616984155029058456e-01
4.0002527048473734971878457145066931843758e-01
0.0000000000000000000000000000000000000000e+00
0.0000000000000000000000000000000000000000e+00
0.0000000000000000000000000000000000000000e+00
8.0180740092426134424385963939130306243896e+01
8.4870515670178858780303698949865065515041e-01
