1
0
23
7.1031134289666075787295085319783538579941e-01
4.4323362980861596982506966924120206385851e-01
3.7480240728945712902486775419674813747406e-01
7.6988736112820255197419783144141547381878e-01
0.0000000000000000000000000000000000000000e+00
6.6568010433668300951381979757570661604404e-01
5.1459436511248923817873901498387567698956e-01
2.9826022747435365634061099626705981791019e-01
1.0000000000000000000000000000000000000000e+00
7.5522155523655454256726216044626198709011e-01
7.0653602707241058844545023021055385470390e-01
2.0003919830102790539116952572840091306716e-02
6.6568010433668300951381979757570661604404e-01
6.8604068135064055766747515008319169282913e-01
9.4040992153278890608447682097903452813625e-01
6.3313742641961212598289421293884515762329e-01
0.0000000000000000000000000000000000000000e+00
8.4624324100348891075640267445123754441738e-01
5.7974445905989724359130832453956827521324e-01
7.5647607787276627266948025862802751362324e-01
8.0003752623310375735599109248141758143902e-01
9.2808523827354061364047765891882590949535e-01
5.7974445905989724359130832453956827521324e-01
7.0969962720181178905676233625854365527630e-01
6.9727618304001726112772985288756899535656e-01
8.0003752623310375735599109248141758143902e-01
8.0003752623310375735599109248141758143902e-01
1.0000000000000000000000000000000000000000e+00
7.1683846237202908380226062945439480245113e-01
5.7916785528639158631136751864687539637089e-01
7.4746447151542261266854438872542232275009e-01
6.8238762745832493017417164082871749997139e-01
7.6483104100132381919507906786748208105564e-01
4.5166147460264144397612540160480421036482e-01
9.1009191589814830702920289695612154901028e-01
7.4746447151542350084696408885065466165543e-01
7.3482003067890455660915449698222801089287e-01
4.2489057923876594191625599705730564892292e-01
7.0969962720180224113875055991229601204395e-01
8.9962422398180519333976690177223645150661e-01
5.6751104807779162442216147610452026128769e-01
8.0854626009472696512858647110988385975361e-01
7.5305382587569802410598640562966465950012e-01
6.1409089304559028033025924742105416953564e-01
6.9385378119114660133703864630660973489285e-01
6.1409089304559505428926513559417799115181e-01
0.0000000000000000000000000000000000000000e+00
7.3983692545796586603756850308855064213276e-01
5.4716894898109424971721637120936065912247e-01
5.9266898809200108111383542563999071717262e-01
8.4894529488926906424239859916269779205322e-01
9.3863079084871414714541515422752127051353e-01
6.3110325487120200182999951721285469830036e-01
6.9523470046753188533728007314493879675865e-01
5.0990775019534351208960742951603606343269e-01
7.6863512504905684430411838548025116324425e-01
3.2359752938102981367762822628719732165337e-01
6.1958085205290192032379081865656189620495e-01
7.6988736112820255197419783144141547381878e-01
5.8282196752329717970297906504129059612751e-01
1.0000000000000000000000000000000000000000e+00
4.8844300056163802992159617133438587188721e-01
9.6486592186354125377789614503853954374790e-01
8.6481113225829986390635895077139139175415e-01
1.0000000000000000000000000000000000000000e+00
8.8965398684783425498068254455574788153172e-01
3.2359752938102981367762822628719732165337e-01
2.1004869550296406677247773586714174598455e-01
8.1592320849344568411964928600355051457882e-01
5.1654293983769983267251291181310079991817e-01
5.7842389900889956688700976883410476148129e-01
8.2436045987918549204920282136299647390842e-01
1.0000000000000000000000000000000000000000e+00
7.5498250741777717109926015837118029594421e-01
6.5767895255450803393415526443277485668659e-01
5.7196881336882077206951180414762347936630e-01
8.6486352723782711215960716799600049853325e-01
8.6172017595895178398990310597582720220089e-01
9.1707321300108823880492536773090250790119e-01
4.9785032495846420763641049234138336032629e-01
5.4815522078937106709162208062480203807354e-01
1.0000000000000000000000000000000000000000e+00
9.3344261516220372598695576016325503587723e-01
1.0000000000000000000000000000000000000000e+00
8.1073654901754310664330205327132716774940e-01
1.0000000000000000000000000000000000000000e+00
1.0000000000000000000000000000000000000000e+00
8.8118779612642217369256059100735001266003e-01
7.4430659692502632029942333247163332998753e-01
6.3772875389859895456368121813284233212471e-01
5.7827783913141439509075780733837746083736e-01
7.2914068931844777665673973388038575649261e-01
5.1767938161374882355403315159492194652557e-01
9.7351357587282638661463352036662399768829e-01
7.1259474265277789051253876095870509743690e-01
8.8607714668016845926956648327177390456200e-01
7.8055181454317135170128949539503082633018e-01
9.1122621880268117600110144849168136715889e-01
1.0000000000000000000000000000000000000000e+00
9.4351404941681105142947671993169933557510e-01
8.8189826480895650018254627866554073989391e-01
5.7470909752337528964005741727305576205254e-01
6.4992938801573030271896413978538475930691e-01
5.4174417722889423032484046416357159614563e-01
8.7847628050247550390849937684834003448486e-01
8.7748467617023573339452013897243887186050e-01
0.0000000000000000000000000000000000000000e+00
6.6698004260801568854333254421362653374672e-01
7.9422041013042377066710741928545758128166e-01
6.8752828784092645530989784674602560698986e-01
8.0547729198580597653744916897267103195190e-01
6.7511572070452419147557066025910899043083e-01
7.1683846237202908380226062945439480245113e-01
8.0003752623310375735599109248141758143902e-01
8.8189826480895872062859552897862158715725e-01
6.5636580979754954867644300975371152162552e-01
5.4716894898109424971721637120936065912247e-01
7.9187599082143655948584637371823191642761e-01
7.8035688850870954524907574523240327835083e-01
8.8189826480895527893721919099334627389908e-01
9.2947949919565509002694625451113097369671e-01
3.4764963151617106484891905893164221197367e-01
7.0969962720181178905676233625854365527630e-01
8.4492224422789707904968281582114286720753e-01
6.5347718602112292440864393938682042062283e-01
8.4644095810981823113650079903891310095787e-01
6.1069230347823477700330840889364480972290e-01
6.5347718602112292440864393938682042062283e-01
7.7491712275601098980359893175773322582245e-01
8.1618134102400818896683176717488095164299e-01
5.9662741362196713978960360691417008638382e-01
6.7555406274314366843469770174124278128147e-01
8.0206679041107431515911230235360562801361e-01
6.8719731339777911927058084984309971332550e-01
7.8021136465492590961190444431849755346775e-01
7.7276216159481336820391561559517867863178e-01
7.6327864170350023798050642653834074735641e-01
5.7715759879020211986500044076819904148579e-01
7.0969962720181178905676233625854365527630e-01
8.3242057152959181287599221832351759076118e-01
6.7712490416790505065591787570156157016754e-01
8.0361730958279364855911808263044804334641e-01
6.8604068135062656885736487311078235507011e-01
8.2797596380729865384040522258146665990353e-01
9.5955617732509923545336505412706173956394e-01
8.6712290627014043664644304953981190919876e-01
5.1821480165338817958087247461662627756596e-01
6.7555406274314366843469770174124278128147e-01
6.4010852941399876137040791945764794945717e-01
7.8035688850871398614117424585856497287750e-01
8.3610376603414204854658464682870544493198e-01
9.7168772627127308894046109344344586133957e-01
8.2971657640740459349615321116289123892784e-01
7.7491712275601098980359893175773322582245e-01
5.1821480165338817958087247461662627756596e-01
1.0000000000000000000000000000000000000000e+00
8.9599736801867968516432938486104831099510e-01
9.0555004869909438980357663240283727645874e-01
9.5805662407934666369158094312297180294991e-01
1.0000000000000000000000000000000000000000e+00
1.0000000000000000000000000000000000000000e+00
6.4300729849933369042247477409546263515949e-01
1.0000000000000000000000000000000000000000e+00
5.4190184894370185819667540272348560392857e-01
9.3360628897692732319768538218340836465359e-01
4.2315640574209545388129072307492606341839e-01
6.8719731339777911927058084984309971332550e-01
1.0000000000000000000000000000000000000000e+00
1.5835041230350244134683634911198168992996e-01
1.0000000000000000000000000000000000000000e+00
7.8512927141866173386119953647721558809280e-01
1.0000000000000000000000000000000000000000e+00
0.0000000000000000000000000000000000000000e+00
8.2641354850288906153110701779951341450214e-01
5.1459436511248979329025132756214588880539e-01
7.8013214608960468332554683001944795250893e-01
7.9031809644589490204680259921588003635406e-01
1.0000000000000000000000000000000000000000e+00
7.7606182063335982235230403603054583072662e-01
6.5767895255450803393415526443277485668659e-01
9.6598637438205336991359217790886759757996e-01
6.2637966441218306812288574292324483394623e-01
5.9266898809200030395771818803041242063046e-01
5.8419673139685135421217410112149082124233e-01
7.5498250741778083483524142138776369392872e-01
6.2761587326524359564672295164200477302074e-01
5.4605268635110359998208195975166745483875e-01
8.3429609390125092360790404200088232755661e-01
6.7555406274314366843469770174124278128147e-01
6.7555406274314366843469770174124278128147e-01
7.1093707566675434783576292829820886254311e-01
3.6445900943852432840586175188946072012186e-01
6.9385378119114660133703864630660973489285e-01
6.6727277265427553665233517676824703812599e-01
6.8752828784092645530989784674602560698986e-01
8.0317342880125497384113941734540276229382e-01
5.9191521842888505933188980634440667927265e-01
6.8680167193249563872825547150569036602974e-01
8.9635756795336274382890451306593604385853e-01
7.4746447151542572129301333916373550891876e-01
6.1409089304559028033025924742105416953564e-01
5.0990775019534351208960742951603606343269e-01
4.5057943827883434328995804207806941121817e-01
6.3090805719063247636313462862744927406311e-01
7.7352034530330016082189104054123163223267e-01
3.7531283490423800186519542876339983195066e-01
7.9303089249371616631378856254741549491882e-01
6.6441595647127327239900296262931078672409e-01
6.8432779412592636969492332355002872645855e-01
4.4844087380052677360708912601694464683533e-01
6.2761587326524304053521063906373456120491e-01
2.9881405372609948223328046879032626748085e-01
3.7480240728945712902486775419674813747406e-01
0.0000000000000000000000000000000000000000e+00
2.9826022747435365634061099626705981791019e-01
2.0003919830102790539116952572840091306716e-02
0.0000000000000000000000000000000000000000e+00
5.7974445905989724359130832453956827521324e-01
5.7916785528639158631136751864687539637089e-01
4.2489057923876594191625599705730564892292e-01
0.0000000000000000000000000000000000000000e+00
3.2359752938102981367762822628719732165337e-01
2.1004869550296406677247773586714174598455e-01
4.9785032495846420763641049234138336032629e-01
5.1767938161374882355403315159492194652557e-01
0.0000000000000000000000000000000000000000e+00
3.4764963151617106484891905893164221197367e-01
5.7715759879020211986500044076819904148579e-01
5.1821480165338817958087247461662627756596e-01
0.0000000000000000000000000000000000000000e+00
3.6445900943852432840586175188946072012186e-01
2.9881405372609948223328046879032626748085e-01
0.0000000000000000000000000000000000000000e+00
3.7480240728945712902486775419674813747406e-01
0.0000000000000000000000000000000000000000e+00
2.9826022747435365634061099626705981791019e-01
2.0003919830102790539116952572840091306716e-02
0.0000000000000000000000000000000000000000e+00
5.7974445905989724359130832453956827521324e-01
5.7916785528639158631136751864687539637089e-01
4.2489057923876594191625599705730564892292e-01
0.0000000000000000000000000000000000000000e+00
3.2359752938102981367762822628719732165337e-01
2.1004869550296406677247773586714174598455e-01
4.9785032495846420763641049234138336032629e-01
5.1767938161374882355403315159492194652557e-01
0.0000000000000000000000000000000000000000e+00
3.4764963151617106484891905893164221197367e-01
5.7715759879020211986500044076819904148579e-01
5.1821480165338817958087247461662627756596e-01
0.0000000000000000000000000000000000000000e+00
3.6445900943852432840586175188946072012186e-01
2.9881405372609948223328046879032626748085e-01
0.0000000000000000000000000000000000000000e+00
0.0000000000000000000000000000000000000000e+00
3.7480240728945712902486775419674813747406e-01
0.0000000000000000000000000000000000000000e+00
2.9826022747435365634061099626705981791019e-01
2.0003919830102790539116952572840091306716e-02
0.0000000000000000000000000000000000000000e+00
5.7974445905989724359130832453956827521324e-01
5.7916785528639158631136751864687539637089e-01
4.2489057923876594191625599705730564892292e-01
0.0000000000000000000000000000000000000000e+00
3.2359752938102981367762822628719732165337e-01
2.1004869550296406677247773586714174598455e-01
4.9785032495846420763641049234138336032629e-01
5.1767938161374882355403315159492194652557e-01
0.0000000000000000000000000000000000000000e+00
3.4764963151617106484891905893164221197367e-01
5.7715759879020211986500044076819904148579e-01
5.1821480165338817958087247461662627756596e-01
0.0000000000000000000000000000000000000000e+00
3.6445900943852432840586175188946072012186e-01
2.9881405372609948223328046879032626748085e-01
0.0000000000000000000000000000000000000000e+00
0.0000000000000000000000000000000000000000e+00
0.0000000000000000000000000000000000000000e+00
9.4475236069122530579988961108028888702393e+01
2.6731250354284907810864524435601197183132e-01
