1
0
23
7.3027504165866441443455414628260768949986e-01
4.4430606298621888594624351753736846148968e-01
3.0518694929852152597504755249246954917908e-01
7.6314572286679405177522994563332758843899e-01
0.0000000000000000000000000000000000000000e+00
6.4825222154688522113730186902103014290333e-01
5.1995702045400138402442280494142323732376e-01
3.3882395365819695243203568679746240377426e-01
9.9665448909267573274206597488955594599247e-01
7.8192047234560801971525734188617207109928e-01
7.2502412702754015505490770010510459542274e-01
4.2233837413321725570702902530229039257392e-03
6.0470889690203710742366638442035764455795e-01
6.8089878722020913404122666179318912327290e-01
9.8141138886938839025475544985965825617313e-01
7.1546154937146855257168454045313410460949e-01
0.0000000000000000000000000000000000000000e+00
9.0511790990210472251931150822201743721962e-01
5.0893300311428102400412853967281989753246e-01
7.5211242818642765062264743392006494104862e-01
7.3390078418985671415697424890822730958462e-01
1.0000000000000000000000000000000000000000e+00
5.0893300311428102400412853967281989753246e-01
7.3288106842256628414844499275204725563526e-01
7.0188373736040843287042889642179943621159e-01
8.0762746210091984622181371378246694803238e-01
7.7910649855216018710990510953706689178944e-01
1.0000000000000000000000000000000000000000e+00
6.4884639496035478867241863554227165877819e-01
6.3797261712433706026814661527168937027454e-01
7.3390078418984994179652403545333072543144e-01
7.4401551028781021113189808602328412234783e-01
7.5678911578825569517192661805893294513226e-01
4.2491429750802722775659958642791025340557e-01
8.6214903231926920401662073345505632460117e-01
7.3390078418985660313467178639257326722145e-01
7.5678911578824903383377886711969040334225e-01
4.2491429750802722775659958642791025340557e-01
7.2334179769882789301504999457392841577530e-01
8.3084209671598663327074518747394904494286e-01
5.3042349572422631265311565584852360188961e-01
7.7664897671612809215702100118505768477917e-01
7.7238730500736663131533532578032463788986e-01
6.0113493122652394973215450590942054986954e-01
7.2334179769882789301504999457392841577530e-01
5.3313433583661817838361685062409378588200e-01
0.0000000000000000000000000000000000000000e+00
7.3134507331536580121422730371705256402493e-01
4.7254662284716786313509828687529079616070e-01
6.0027695807361014512792962705134414136410e-01
7.9397356788875927957604972107219509780407e-01
8.0387439280454331402836487541208043694496e-01
6.3731570052844799256774876994313672184944e-01
6.7797568999472601625200240960111841559410e-01
4.6016017843370915496592488125315867364407e-01
6.8969971358575066222584837305475957691669e-01
2.4710026529321132970906660375476349145174e-01
5.4790198803735956634142212351434864103794e-01
7.6314572286679249746299547041417099535465e-01
5.3376862189978746542351473181042820215225e-01
1.0000000000000000000000000000000000000000e+00
4.5051787053646585867738849628949537873268e-01
9.9471255066840869041300265962490811944008e-01
9.2836560274886681387584985714056529104710e-01
9.8416810819448008462728694212273694574833e-01
8.6406275198196813569495589035796001553535e-01
2.4710026529321132970906660375476349145174e-01
1.1213472136052095307068299234742880798876e-01
7.9781906754660103509024793311255052685738e-01
5.4176137829871817697124924961826764047146e-01
6.1214292777462553374334675027057528495789e-01
8.9545494598777308770110039404244162142277e-01
1.0000000000000000000000000000000000000000e+00
7.3406278149482895312161190304323099553585e-01
6.8326213486706743882592718364321626722813e-01
5.8841706124060633165129274857463315129280e-01
8.0519842391193785502423452271614223718643e-01
7.4346325924350564751108549899072386324406e-01
8.4404628419462490729330284011666662991047e-01
5.4176137829871817697124924961826764047146e-01
4.8571443081710485856206105381716042757034e-01
1.0000000000000000000000000000000000000000e+00
7.9785485331695604749313588399672880768776e-01
1.0000000000000000000000000000000000000000e+00
9.9798359208695075484030212464858777821064e-01
1.0000000000000000000000000000000000000000e+00
1.0000000000000000000000000000000000000000e+00
9.0603163028434652304099472530651837587357e-01
7.0354627072431286105569370192824862897396e-01
5.7836983213081549770606670790584757924080e-01
5.3511968132038800760597041517030447721481e-01
6.7963033042303155895069721736945211887360e-01
3.4361020206674008914404794268193654716015e-01
9.4434713774457312851495771610643714666367e-01
7.3249350700914694911602964566554874181747e-01
9.2043771829985943089269539996166713535786e-01
7.6150618629029820372267067796201445162296e-01
8.6397981448418736949435015048948116600513e-01
1.0000000000000000000000000000000000000000e+00
9.8187578676081832540489813254680484533310e-01
8.7853380229483080121610782953212037682533e-01
5.9131436447033924874716603881097398698330e-01
6.0027695807360959001641731447307392954826e-01
5.1570718453450836715745708715985529124737e-01
8.9545494598777308770110039404244162142277e-01
7.5889437057542441511515107777086086571217e-01
0.0000000000000000000000000000000000000000e+00
7.2267570751046650290305706221261061728001e-01
9.1022961484280173749539244454354047775269e-01
7.0207936265059600611238010969827882945538e-01
8.9660061398815160682573832673369906842709e-01
6.5805841861662950353917267420911230146885e-01
6.0708831773435578682551749807316809892654e-01
8.0762746210091984622181371378246694803238e-01
8.7853380229482924690387335431296378374100e-01
5.7240226898574786407181136382860131561756e-01
5.2630883049593646383357281592907384037971e-01
7.8371941473523742960338722696178592741489e-01
7.7578596715840197894920038379495963454247e-01
7.8572033615812530982225325715262442827225e-01
9.2043771829985532306750428688246756792068e-01
4.0959678628659212940021916438126936554909e-01
6.9876766014478564059686505061108618974686e-01
8.6212724547615315895399135115440003573895e-01
6.1214292777462597783255660033319145441055e-01
8.9016271789992074126018906099488958716393e-01
5.6919359490275611701548541532247327268124e-01
6.5673033950813997083884032690548337996006e-01
7.8371941473523698551417737689916975796223e-01
8.2214103163803353702121512469602748751640e-01
6.9134776199726688528102158670662902295589e-01
6.5113364405744433849321239904384128749371e-01
7.8371941473523698551417737689916975796223e-01
7.0445537458284412934972351649776101112366e-01
6.9640285338876484200199001861619763076305e-01
7.6882099345104526477712170162703841924667e-01
7.8371941473523742960338722696178592741489e-01
5.6302253993027151501848948100814595818520e-01
7.3288106842256628414844499275204725563526e-01
8.1964618240170761254148601437918841838837e-01
6.9709468236507932115131325190304778516293e-01
7.7910649855216018710990510953706689178944e-01
6.8089878722021701662470150040462613105774e-01
7.3876076895890119278220709020388312637806e-01
1.0000000000000000000000000000000000000000e+00
8.7861922117135882182026307418709620833397e-01
5.2571146837075111157844276021933183073997e-01
6.9165735309769338368113267279113642871380e-01
6.4473890116664944738289477754733525216579e-01
7.9283039994818260698394851715420372784138e-01
8.3229360233701321636345937804435379803181e-01
9.8187578676082021278403999531292356550694e-01
8.0762746210091784782036938850069418549538e-01
7.8371941473523887289331923966528847813606e-01
5.2571146837075111157844276021933183073997e-01
7.5726772681106113704885274273692630231380e-01
7.6687690637634287060819815451395697891712e-01
8.7187309930953160730382478504907339811325e-01
1.0000000000000000000000000000000000000000e+00
9.9549852634441604593007468793075531721115e-01
1.0000000000000000000000000000000000000000e+00
6.3797261712433706026814661527168937027454e-01
1.0000000000000000000000000000000000000000e+00
4.3281829438225849493449004512513056397438e-01
1.0000000000000000000000000000000000000000e+00
3.7511307254910397634972696323529817163944e-01
7.0445537458284412934972351649776101112366e-01
1.0000000000000000000000000000000000000000e+00
7.1394552415439238579608627333072945475578e-02
1.0000000000000000000000000000000000000000e+00
7.2280709002370679971960498733096756041050e-01
1.0000000000000000000000000000000000000000e+00
0.0000000000000000000000000000000000000000e+00
8.1160280075777391228797341682366095483303e-01
5.1995702045400993274171241864678449928761e-01
8.0938935052383043089463399155647493898869e-01
7.8192047234560801971525734188617207109928e-01
1.0000000000000000000000000000000000000000e+00
7.3390078418985671415697424890822730958462e-01
6.7206281830417780032149721591849811375141e-01
9.8304978491937111684251249243970960378647e-01
6.8780593496206632320166818317375145852566e-01
6.0027695807360959001641731447307392954826e-01
5.3376862189978746542351473181042820215225e-01
7.3406278149482895312161190304323099553585e-01
5.6163800697249410820433013213914819061756e-01
5.6163800697249544047195968232699669897556e-01
8.3969708739447335155148266494506970047951e-01
6.2743721994782131190504514961503446102142e-01
6.2114513805665527712562834494747221469879e-01
6.6758433048211596183563187878462485969067e-01
3.9478517440528515525244301898055709898472e-01
5.5796945297239253225285438020364381372929e-01
5.5015237100389524638188731842092238366604e-01
6.3935693202234045173781851190142333507538e-01
7.2265812552754127295884245540946722030640e-01
4.7916230176065877088831257424317300319672e-01
6.1871644568745520764707634953083470463753e-01
9.5795087625380115348150411591632291674614e-01
7.0323379637143146325684028852265328168869e-01
6.0113493122652394973215450590942054986954e-01
4.6317529564967152566623553866520524024963e-01
3.8640627550826295300012702682579401880503e-01
5.9483884677775167304503156628925353288651e-01
6.8886978455621095118743824059492908418179e-01
3.0858823472662377795927568513434380292892e-01
7.3192820086729060147234804389881901443005e-01
6.5113364405744433849321239904384128749371e-01
7.0323379637143146325684028852265328168869e-01
2.1945369219726629239630710799247026443481e-01
5.0424080133105397827364413387840613722801e-01
2.1539888792767486469514892633014824241400e-01
3.0518694929852152597504755249246954917908e-01
0.0000000000000000000000000000000000000000e+00
3.3882395365819695243203568679746240377426e-01
4.2233837413321725570702902530229039257392e-03
0.0000000000000000000000000000000000000000e+00
5.0893300311428102400412853967281989753246e-01
6.3797261712433706026814661527168937027454e-01
4.2491429750802722775659958642791025340557e-01
0.0000000000000000000000000000000000000000e+00
2.4710026529321132970906660375476349145174e-01
1.1213472136052095307068299234742880798876e-01
5.4176137829871817697124924961826764047146e-01
3.4361020206674008914404794268193654716015e-01
0.0000000000000000000000000000000000000000e+00
4.0959678628659212940021916438126936554909e-01
5.6302253993027151501848948100814595818520e-01
5.2571146837075111157844276021933183073997e-01
0.0000000000000000000000000000000000000000e+00
3.9478517440528515525244301898055709898472e-01
2.1539888792767486469514892633014824241400e-01
0.0000000000000000000000000000000000000000e+00
3.0518694929852152597504755249246954917908e-01
0.0000000000000000000000000000000000000000e+00
3.3882395365819695243203568679746240377426e-01
4.2233837413321725570702902530229039257392e-03
0.0000000000000000000000000000000000000000e+00
5.0893300311428102400412853967281989753246e-01
6.3797261712433706026814661527168937027454e-01
4.2491429750802722775659958642791025340557e-01
0.0000000000000000000000000000000000000000e+00
2.4710026529321132970906660375476349145174e-01
1.1213472136052095307068299234742880798876e-01
5.4176137829871817697124924961826764047146e-01
3.4361020206674008914404794268193654716015e-01
0.0000000000000000000000000000000000000000e+00
4.0959678628659212940021916438126936554909e-01
5.6302253993027151501848948100814595818520e-01
5.2571146837075111157844276021933183073997e-01
0.0000000000000000000000000000000000000000e+00
3.9478517440528515525244301898055709898472e-01
2.1539888792767486469514892633014824241400e-01
0.0000000000000000000000000000000000000000e+00
0.0000000000000000000000000000000000000000e+00
3.0518694929852152597504755249246954917908e-01
0.0000000000000000000000000000000000000000e+00
3.3882395365819695243203568679746240377426e-01
4.2233837413321725570702902530229039257392e-03
0.0000000000000000000000000000000000000000e+00
5.0893300311428102400412853967281989753246e-01
6.3797261712433706026814661527168937027454e-01
4.2491429750802722775659958642791025340557e-01
0.0000000000000000000000000000000000000000e+00
2.4710026529321132970906660375476349145174e-01
1.1213472136052095307068299234742880798876e-01
5.4176137829871817697124924961826764047146e-01
3.4361020206674008914404794268193654716015e-01
0.0000000000000000000000000000000000000000e+00
4.0959678628659212940021916438126936554909e-01
5.6302253993027151501848948100814595818520e-01
5.2571146837075111157844276021933183073997e-01
0.0000000000000000000000000000000000000000e+00
3.9478517440528515525244301898055709898472e-01
2.1539888792767486469514892633014824241400e-01
0.0000000000000000000000000000000000000000e+00
0.0000000000000000000000000000000000000000e+00
0.0000000000000000000000000000000000000000e+00
9.4278159849292947569665557239204645156860e+01
2.3387159010893759925053814185957890003920e-01
