1
0
23
7.3548718834826898316237020480912178754807e-01
4.3452505649229927753296465198218356817961e-01
2.4675631928921978874846843154955422505736e-01
7.5639870599969416531394017511047422885895e-01
0.0000000000000000000000000000000000000000e+00
6.3659355985533427890743496391223743557930e-01
4.8886177889159404541530307142238598316908e-01
4.0109091139414365656534755544271320104599e-01
9.9709648471358214294468780281022191047668e-01
7.9677012499497756881083887492422945797443e-01
7.7700603262609879706701576651539653539658e-01
0.0000000000000000000000000000000000000000e+00
6.3659355985533361277362018881831318140030e-01
8.6214434178746268688797727008932270109653e-01
1.0000000000000000000000000000000000000000e+00
8.4967674422874495121504878625273704528809e-01
0.0000000000000000000000000000000000000000e+00
8.6724188511917321697808347380487248301506e-01
4.0938343626611339853837989721796475350857e-01
7.0222970190126676737207844780641607940197e-01
7.3548718834826565249329632933950051665306e-01
1.0000000000000000000000000000000000000000e+00
4.0938343626611339853837989721796475350857e-01
7.5639870599969472042545248768874444067478e-01
7.1712552528524720063529684921377338469028e-01
7.7186538955227212976950568190659396350384e-01
7.7700603262609957422313300412497483193874e-01
8.1233255368804135887472739341319538652897e-01
6.3290751585963267444867597077973186969757e-01
6.3290751585963200831486119568580761551857e-01
7.2558716651591914637009494981612078845501e-01
8.0619949009388836014267099017160944640636e-01
7.4133274931626425008346359390998259186745e-01
4.2608606840886492639342009169922675937414e-01
7.4133274931625559034387151768896728754044e-01
6.5516419018476945712592396375839598476887e-01
7.4133274931625570136617398020462132990360e-01
4.0110893716870366088045329888700507581234e-01
1.0000000000000000000000000000000000000000e+00
8.7827458177126105365317698669969104230404e-01
5.5667609849429422474997863901080563664436e-01
7.3140362642558498507128206256311386823654e-01
7.3702864987787397588192561670439317822456e-01
6.0985593761273604318517982392222620546818e-01
6.6975337017310621057220032525947317481041e-01
5.1844792623366542372309595521073788404465e-01
0.0000000000000000000000000000000000000000e+00
5.9397161745642257368871241851593367755413e-01
4.1699944626368889988299315518816001713276e-01
5.4225081012968223692638503052876330912113e-01
8.4104771174644776809969926034682430326939e-01
9.4343284916917102833622266189195215702057e-01
5.4222919831720961525434177019633352756500e-01
6.7725841813957055048689426257624290883541e-01
4.0949919740199430817639836277521681040525e-01
5.9002344214604429684101205566548742353916e-01
1.8432525675630542782990062278258847072721e-01
5.2746652538179039648724710787064395844936e-01
8.0937345156881113084068601892795413732529e-01
5.0342385461774874499951692996546626091003e-01
1.0000000000000000000000000000000000000000e+00
3.2288751717314445599527061858680099248886e-01
1.0000000000000000000000000000000000000000e+00
9.3582072850832409560695168693200685083866e-01
1.0000000000000000000000000000000000000000e+00
9.7760798349897204406744322113809175789356e-01
1.8432525675630992423315035466657718643546e-01
4.6506502812431273208293447396499686874449e-02
7.9975486534820650064148139790631830692291e-01
5.7021027263881030044956332858419045805931e-01
6.1299909496041149470357822792720980942249e-01
8.6122195164832093805529211749671958386898e-01
1.0000000000000000000000000000000000000000e+00
7.1091819269525746705085111898370087146759e-01
7.1021728783399651341312619479140266776085e-01
5.7021027263881030044956332858419045805931e-01
8.6752677450525716995599623260204680263996e-01
5.4222919831720406413921864441363140940666e-01
6.7125568328579177102000130616943351924419e-01
5.2890041378870666921585552699980325996876e-01
3.9861189295488919093202184740221127867699e-01
1.0000000000000000000000000000000000000000e+00
7.5117471318140638381066764850402250885963e-01
1.0000000000000000000000000000000000000000e+00
8.9022972583570458837698424758855253458023e-01
9.3908354026612839149379396985750645399094e-01
1.0000000000000000000000000000000000000000e+00
8.6296711009654769597432277805637568235397e-01
7.3140362642558487404897960004745982587337e-01
5.3085839018027936031529634419712238013744e-01
4.4871117452403735947896734614914748817682e-01
7.1696088533217428029331586003536358475685e-01
2.0178432283589020634906319173751398921013e-01
8.1397823948234593327555330688483081758022e-01
6.6081387242973532725187624237150885164738e-01
8.7230023209373297454760631808312609791756e-01
7.6187038305617105216072104667546227574348e-01
9.1196020515590903166014413727680221199989e-01
1.0000000000000000000000000000000000000000e+00
8.5905440256072862492686681434861384332180e-01
8.3713367682075567888233535995823331177235e-01
4.9256678344298832072922778024803847074509e-01
5.0680898896947879084251553649664856493473e-01
4.9256678344298382432597804836404975503683e-01
8.8484867442246062374522352911299094557762e-01
7.0582371545169886317694363242480903863907e-01
0.0000000000000000000000000000000000000000e+00
6.5356230139815696400518163500237278640270e-01
9.5592490402614038735862322937464341521263e-01
6.7765714247115260704390493629034608602524e-01
1.0000000000000000000000000000000000000000e+00
8.1218305345022245855801656944095157086849e-01
6.0985593761273604318517982392222620546818e-01
7.6366086580168979214278124345582909882069e-01
8.8738250653946537660488047549733892083168e-01
5.4598749740172225486389834259171038866043e-01
4.3358738056048307107914752123178914189339e-01
7.3731476285431396533454062591772526502609e-01
6.9407185663495540861589461201219819486141e-01
7.9342462737389207738658569724066182971001e-01
8.7507723881418864042558425353490747511387e-01
3.9885343212577101246196775718999560922384e-01
7.2910611938189962000222976712393574416637e-01
8.7827458177126116467547944921534508466721e-01
5.9245968480594124461191540831350721418858e-01
8.7271712887019003979105491453083232045174e-01
5.6252780730402429654191109875682741403580e-01
6.1659171644046117943815943363006226718426e-01
7.8694766399800109013540350133553147315979e-01
7.8694766399800430978217491428949870169163e-01
6.5486079325505952564157041706494055688381e-01
6.8247354238522617286832883110037073493004e-01
7.7033039611754128284104581325664184987545e-01
7.1685822267249177386361225217115134000778e-01
6.3443700692954330122574901906773447990417e-01
7.9963787960108401176029246926191262900829e-01
7.7033039611754472453242215124191716313362e-01
5.3198104945780821939393945285701192915440e-01
7.4305353917528693674654505230137147009373e-01
7.5272434975975410775816953901085071265697e-01
7.7451793697645676672891568159684538841248e-01
7.6366086580169179054422556873760186135769e-01
7.2984933108707272797488485593930818140507e-01
7.7113398653830012019483319818391464650631e-01
9.8436633370119397401509786504902876913548e-01
8.3814426383901474704174461294314824044704e-01
5.4536698966636709684507877682335674762726e-01
6.6317926981177766077024671176332049071789e-01
6.1393545186943554448077975393971428275108e-01
7.6366086580168945907587385590886697173119e-01
8.5218143427171000325870409142225980758667e-01
8.5905440256072518323549047636333853006363e-01
7.6366086580169179054422556873760186135769e-01
7.8694766399800109013540350133553147315979e-01
5.4536698966636709684507877682335674762726e-01
6.3195875670433432347294910869095474481583e-01
5.5189504980885839557913641328923404216766e-01
8.3161388268578484428417141316458582878113e-01
1.0000000000000000000000000000000000000000e+00
1.0000000000000000000000000000000000000000e+00
8.9364800259128063242286543754744343459606e-01
6.3290751585963200831486119568580761551857e-01
1.0000000000000000000000000000000000000000e+00
2.9241590462458200150308584852609783411026e-01
7.6186430586787845520291284628910943865776e-01
2.0899084837916809265223605507344473153353e-01
7.1685822267249177386361225217115134000778e-01
1.0000000000000000000000000000000000000000e+00
0.0000000000000000000000000000000000000000e+00
1.0000000000000000000000000000000000000000e+00
5.3198104945780821939393945285701192915440e-01
8.8363513520950354163119300210382789373398e-01
0.0000000000000000000000000000000000000000e+00
8.2482141144782017416758890249184332787991e-01
4.9139767402222955805513038285425864160061e-01
7.4411953375503148144787246565101668238640e-01
7.9677012499497756881083887492422945797443e-01
1.0000000000000000000000000000000000000000e+00
6.5516419018476945712592396375839598476887e-01
7.1021728783399651341312619479140266776085e-01
1.0000000000000000000000000000000000000000e+00
8.8298226395292889190358209816622547805309e-01
5.4225081012968401328322443077922798693180e-01
5.0865952695438698683005895873066037893295e-01
7.1685822267249488248808120260946452617645e-01
5.6857814113472071593236023545614443719387e-01
5.2729496806193421054587133767199702560902e-01
7.9677012499497756881083887492422945797443e-01
6.4589166620533955409655391122214496135712e-01
5.8572872345189752607552691188175231218338e-01
5.7158307398174412750080364276072941720486e-01
4.5420116298934243292961809856933541595936e-01
5.1041314094398160250420914962887763977051e-01
5.5825667815389046211294044042006134986877e-01
6.3497475025420135885667605180060490965843e-01
7.3409413200038498015231880344799719750881e-01
4.4097984847759541526812654410605318844318e-01
5.8572249761828465430824053328251466155052e-01
8.3897077606338033017863153872895054519176e-01
6.9013589464687896679606637917459011077881e-01
6.0200726125743964090020199364516884088516e-01
3.5665892319927755549358039388607721775770e-01
3.3110814631199547708462205264368094503880e-01
5.8414667512713236430244023722480051219463e-01
6.4261654096246689782390149048296734690666e-01
2.9904727548157589156474500668991822749376e-01
7.3409413200038442504080649086972698569298e-01
5.9245968480594124461191540831350721418858e-01
7.3112174320306122510260138369631022214890e-01
1.7062526054997251279132797208148986101151e-01
5.2675409797821193258471339504467323422432e-01
1.6559248920290070561378570346278138458729e-01
2.4675631928921978874846843154955422505736e-01
0.0000000000000000000000000000000000000000e+00
4.0109091139414365656534755544271320104599e-01
0.0000000000000000000000000000000000000000e+00
0.0000000000000000000000000000000000000000e+00
4.0938343626611339853837989721796475350857e-01
6.3290751585963200831486119568580761551857e-01
4.0110893716870366088045329888700507581234e-01
0.0000000000000000000000000000000000000000e+00
1.8432525675630542782990062278258847072721e-01
4.6506502812431273208293447396499686874449e-02
5.2890041378870666921585552699980325996876e-01
2.0178432283589020634906319173751398921013e-01
0.0000000000000000000000000000000000000000e+00
3.9885343212577101246196775718999560922384e-01
5.3198104945780821939393945285701192915440e-01
5.4536698966636709684507877682335674762726e-01
0.0000000000000000000000000000000000000000e+00
4.5420116298934243292961809856933541595936e-01
1.6559248920290070561378570346278138458729e-01
0.0000000000000000000000000000000000000000e+00
2.4675631928921978874846843154955422505736e-01
0.0000000000000000000000000000000000000000e+00
4.0109091139414365656534755544271320104599e-01
0.0000000000000000000000000000000000000000e+00
0.0000000000000000000000000000000000000000e+00
4.0938343626611339853837989721796475350857e-01
6.3290751585963200831486119568580761551857e-01
4.0110893716870366088045329888700507581234e-01
0.0000000000000000000000000000000000000000e+00
1.8432525675630542782990062278258847072721e-01
4.6506502812431273208293447396499686874449e-02
5.2890041378870666921585552699980325996876e-01
2.0178432283589020634906319173751398921013e-01
0.0000000000000000000000000000000000000000e+00
3.9885343212577101246196775718999560922384e-01
5.3198104945780821939393945285701192915440e-01
5.4536698966636709684507877682335674762726e-01
0.0000000000000000000000000000000000000000e+00
4.5420116298934243292961809856933541595936e-01
1.6559248920290070561378570346278138458729e-01
0.0000000000000000000000000000000000000000e+00
0.0000000000000000000000000000000000000000e+00
2.4675631928921978874846843154955422505736e-01
0.0000000000000000000000000000000000000000e+00
4.0109091139414365656534755544271320104599e-01
0.0000000000000000000000000000000000000000e+00
0.0000000000000000000000000000000000000000e+00
4.0938343626611339853837989721796475350857e-01
6.3290751585963200831486119568580761551857e-01
4.0110893716870366088045329888700507581234e-01
0.0000000000000000000000000000000000000000e+00
1.8432525675630542782990062278258847072721e-01
4.6506502812431273208293447396499686874449e-02
5.2890041378870666921585552699980325996876e-01
2.0178432283589020634906319173751398921013e-01
0.0000000000000000000000000000000000000000e+00
3.9885343212577101246196775718999560922384e-01
5.3198104945780821939393945285701192915440e-01
5.4536698966636709684507877682335674762726e-01
0.0000000000000000000000000000000000000000e+00
4.5420116298934243292961809856933541595936e-01
1.6559248920290070561378570346278138458729e-01
0.0000000000000000000000000000000000000000e+00
0.0000000000000000000000000000000000000000e+00
0.0000000000000000000000000000000000000000e+00
9.5192381356481561738291929941624402999878e+01
2.0323925915814602949360789807542460039258e-01
