1
0
23
7.4126858942408668795565063192043453454971e-01
4.3754448861535616410733950942812953144312e-01
2.7083539316679811070898153957386966794729e-01
7.6180838173464626716935299555188976228237e-01
0.0000000000000000000000000000000000000000e+00
6.1563444277649703728627628152025863528252e-01
4.9986811446521017820998622482875362038612e-01
3.7358625056791061602723402756964787840843e-01
1.0000000000000000000000000000000000000000e+00
7.9468063800889054970610914097051136195660e-01
7.8875747330204115659313401920371688902378e-01
0.0000000000000000000000000000000000000000e+00
6.4812299882027801789519116937299259006977e-01
8.1939880180306867707429319125367328524590e-01
9.4076662973572833248425695273908786475658e-01
7.7124500625772507422794888043426908552647e-01
0.0000000000000000000000000000000000000000e+00
8.9781510399505126684971401118673384189606e-01
4.0254735065443170149990237405290827155113e-01
7.3495786995698830779133459145668894052505e-01
7.1626625422092204953372629461227916181087e-01
1.0000000000000000000000000000000000000000e+00
4.0254735065443170149990237405290827155113e-01
7.6180838173464626716935299555188976228237e-01
7.1598672714469513422841373539995402097702e-01
7.6180838173464626716935299555188976228237e-01
7.8019646648384621823169027265976183116436e-01
8.5096825327756109302868026134092360734940e-01
6.3090008815541009923322235408704727888107e-01
6.3090008815541009923322235408704727888107e-01
7.5695698984573467349434849893441423773766e-01
7.7430987638868864486596521601313725113869e-01
7.6976708277936056745716086879838258028030e-01
4.2297996327611214750774593085225205868483e-01
7.1060558417126962194032557817990891635418e-01
6.6283368298725575673557841582805849611759e-01
7.6865092673264356903928273823112249374390e-01
4.2297996327611081524011638066440355032682e-01
9.9451044129081844769046938381507061421871e-01
8.6580802204415374667689775378676131367683e-01
5.4571388105783280586535965994698926806450e-01
7.4334961136703003869996564390021376311779e-01
6.9346369311565680959574820008128881454468e-01
5.8157842258238501287337385292630642652512e-01
7.0101710586948917658389746065950021147728e-01
5.7160466074230698030333996939589269459248e-01
0.0000000000000000000000000000000000000000e+00
5.9632636578158493279033791623078286647797e-01
4.0649952707189052070191337406868115067482e-01
5.4312236440571581841396664458443410694599e-01
8.0732182831956422752739399584243074059486e-01
9.1644485608231940343415544703020714223385e-01
5.2682545158272697793933048160397447645664e-01
6.4351453365930888494972350599709898233414e-01
4.2297996327611087075126761192223057150841e-01
6.0462468050035400590758172256755642592907e-01
1.9109094340983820425883266125310910865664e-01
5.3658243296490570894974325710791163146496e-01
7.6180838173464637819165545806754380464554e-01
5.1717054468465539773802674972102977335453e-01
1.0000000000000000000000000000000000000000e+00
3.0327853910624213984448260816861875355244e-01
9.9486684518955992295730084151728078722954e-01
9.1908278408174237661398819909663870930672e-01
1.0000000000000000000000000000000000000000e+00
9.8797849203449095156770454195793718099594e-01
1.9109094340983820425883266125310910865664e-01
6.8030291010872823154187472027842886745930e-02
8.0468486697822161346493885503150522708893e-01
5.5181244831539100204054193454794585704803e-01
6.0219135005011670269681189893162809312344e-01
8.7318130934633075845852090424159541726112e-01
9.9380182544860784510376561229350045323372e-01
7.1491601907894375411700593758723698556423e-01
7.0101710586948817738317529801861383020878e-01
5.8025965269246648770007368511869572103024e-01
8.7241467912434045306468988201231695711613e-01
5.2682545158274007857102105845115147531033e-01
7.2386531435411116675027187739033252000809e-01
5.1330997113510068441399880612152628600597e-01
4.2859265284581443689049251588585320860147e-01
1.0000000000000000000000000000000000000000e+00
7.7307844752764531826016991544747725129128e-01
1.0000000000000000000000000000000000000000e+00
8.1560907827687467719357528039836324751377e-01
9.4269854161565369565778382821008563041687e-01
1.0000000000000000000000000000000000000000e+00
8.5514165611131265354316610682872124016285e-01
7.4334961136703003869996564390021376311779e-01
5.1915924447526662355301141360541805624962e-01
4.7520924191898039623538352316245436668396e-01
7.0082176316184419118116011304664425551891e-01
2.2490683394719379606385700753889977931976e-01
9.4401785850580788306274371279869228601456e-01
6.9951931019899060704148041622829623520374e-01
8.8223649151005922863788555332575924694538e-01
7.5359355144810624693718636990524828433990e-01
9.0674504663988275687813711556373164057732e-01
1.0000000000000000000000000000000000000000e+00
8.7156361750331079463194328127428889274597e-01
8.3892966655284773036527212752844206988811e-01
4.9549534640412762342975838691927492618561e-01
5.2585421172662705213696199280093424022198e-01
4.9549534640412201680348402987874578684568e-01
8.8240390829933135208307248831260949373245e-01
7.4444391424032541060284984268946573138237e-01
0.0000000000000000000000000000000000000000e+00
6.5761498833361864413404873630497604608536e-01
9.6256179846624290163958903576713055372238e-01
6.9190977176844115081877362172235734760761e-01
9.7566427752993722943841703454381786286831e-01
6.9796228229361068073899332375731319189072e-01
5.9358487354618627573898947957786731421947e-01
7.8019646648384721743241243530064821243286e-01
8.8861540153977358613701653666794300079346e-01
5.0613636276556639437274043302750214934349e-01
4.4055378764321606599452252339688129723072e-01
7.2386531435411050061645710229640826582909e-01
6.9757125618844950665220494556706398725510e-01
7.3784526180419640617458298947894945740700e-01
8.8223649151005756330334861559094861149788e-01
3.7888105033108299135591323647531680762768e-01
7.1563384033735732980829880034434609115124e-01
8.6580802204416029699274304221034981310368e-01
6.0131757188916312717452683500596322119236e-01
8.9265894550469560009275937773054465651512e-01
5.4645101909902360493020978537970222532749e-01
6.2297327407107283558929111677571199834347e-01
7.8822437611706019922053201298695057630539e-01
8.2044479810294579369411849256721325218678e-01
6.6850380725443359075654825574019923806190e-01
6.8745031738462247794529957900522276759148e-01
7.8822437611705975513132216292433440685272e-01
7.1563384033735599754066925015649758279324e-01
6.5961654635669098034611579350894317030907e-01
7.9533586798920452576311390657792799174786e-01
7.8822437611705920001980985034606419503689e-01
5.3446478022758125980828936008037999272346e-01
7.6180838173464360263409389517619274556637e-01
7.8019646648384399778564102234668098390102e-01
7.7324674179697205911310220471932552754879e-01
7.8019646648384355369643117228406481444836e-01
7.1156351489767621920634610432898625731468e-01
7.6028779372101906730563314340543001890182e-01
9.9912987646689754850370945860049687325954e-01
8.5514165611131265354316610682872124016285e-01
5.4683506425615446833177202279330231249332e-01
6.4351453365930533223604470549616962671280e-01
6.2069226713691294516905827549635432660580e-01
7.8019646648384244347340654712752439081669e-01
8.1676193411604525174141144816530868411064e-01
8.7156361750331634574706640705699101090431e-01
7.8019646648384721743241243530064821243286e-01
7.8822437611706019922053201298695057630539e-01
5.4287497175159138418365500911022536456585e-01
6.9762222293046294296914311416912823915482e-01
6.2501805530476461925104558758903294801712e-01
8.8094794563538059151142078917473554611206e-01
1.0000000000000000000000000000000000000000e+00
1.0000000000000000000000000000000000000000e+00
8.3526807697217020365343387311440892517567e-01
6.4928817290461093847397933132015168666840e-01
1.0000000000000000000000000000000000000000e+00
3.2027607390568235690153642281075008213520e-01
8.0444145141847800406509350068517960608006e-01
2.5114146071243526048277772133587859570980e-01
7.1563384033735599754066925015649758279324e-01
1.0000000000000000000000000000000000000000e+00
0.0000000000000000000000000000000000000000e+00
1.0000000000000000000000000000000000000000e+00
6.1434506776020225693457632587524130940437e-01
9.2018785965611071819836297436268068850040e-01
0.0000000000000000000000000000000000000000e+00
8.0468486697822161346493885503150522708893e-01
4.9986811446520923452041529344569426029921e-01
7.7896611873847032558870751017821021378040e-01
7.8265789517773498573660617694258689880371e-01
1.0000000000000000000000000000000000000000e+00
6.6283368298725575673557841582805849611759e-01
7.0101710586948917658389746065950021147728e-01
1.0000000000000000000000000000000000000000e+00
8.9027198634852189318422688302234746515751e-01
5.4312236440571703965929373225662857294083e-01
5.1733770644927423720815795604721643030643e-01
7.1491601907894442025082071268116123974323e-01
6.0949105651356694224318744090851396322250e-01
5.4243627977964148367817642792942933738232e-01
7.8265789517773498573660617694258689880371e-01
6.3686337156363459488517264617257751524448e-01
6.1534574368457328752413104666629806160927e-01
5.5128067415246473359502488165162503719330e-01
4.6398473913114762767762044859409797936678e-01
5.1357849806547417603752592185628600418568e-01
5.4816299382113031768426480994094163179398e-01
6.3663915046443952938659549545263871550560e-01
7.3088790383376678327920217270730063319206e-01
4.5449002326342891056043526987195946276188e-01
5.7591472060968584845142004269291646778584e-01
8.9875117277096905343825028467108495533466e-01
6.8970288341802499232358059089165180921555e-01
5.8157842258238501287337385292630642652512e-01
3.7841747610244325095152362337103113532066e-01
3.3722260834333994683476021236856468021870e-01
5.8429911641174181458069369909935630857944e-01
6.5775967332232865292240830967784859240055e-01
3.0146098399258219879826015130674932152033e-01
7.0726344879202407422980058981920592486858e-01
6.0131757188916312717452683500596322119236e-01
7.0797334738227712946923020354006439447403e-01
1.7128840610603454641669429747707908973098e-01
5.3243880128564124998291617885115556418896e-01
1.7128840610603454641669429747707908973098e-01
2.7083539316679811070898153957386966794729e-01
0.0000000000000000000000000000000000000000e+00
3.7358625056791061602723402756964787840843e-01
0.0000000000000000000000000000000000000000e+00
0.0000000000000000000000000000000000000000e+00
4.0254735065443170149990237405290827155113e-01
6.3090008815541009923322235408704727888107e-01
4.2297996327611081524011638066440355032682e-01
0.0000000000000000000000000000000000000000e+00
1.9109094340983820425883266125310910865664e-01
6.8030291010872823154187472027842886745930e-02
5.1330997113510068441399880612152628600597e-01
2.2490683394719379606385700753889977931976e-01
0.0000000000000000000000000000000000000000e+00
3.7888105033108299135591323647531680762768e-01
5.3446478022758125980828936008037999272346e-01
5.4287497175159138418365500911022536456585e-01
0.0000000000000000000000000000000000000000e+00
4.6398473913114762767762044859409797936678e-01
1.7128840610603454641669429747707908973098e-01
0.0000000000000000000000000000000000000000e+00
2.7083539316679811070898153957386966794729e-01
0.0000000000000000000000000000000000000000e+00
3.7358625056791061602723402756964787840843e-01
0.0000000000000000000000000000000000000000e+00
0.0000000000000000000000000000000000000000e+00
4.0254735065443170149990237405290827155113e-01
6.3090008815541009923322235408704727888107e-01
4.2297996327611081524011638066440355032682e-01
0.0000000000000000000000000000000000000000e+00
1.9109094340983820425883266125310910865664e-01
6.8030291010872823154187472027842886745930e-02
5.1330997113510068441399880612152628600597e-01
2.2490683394719379606385700753889977931976e-01
0.0000000000000000000000000000000000000000e+00
3.7888105033108299135591323647531680762768e-01
5.3446478022758125980828936008037999272346e-01
5.4287497175159138418365500911022536456585e-01
0.0000000000000000000000000000000000000000e+00
4.6398473913114762767762044859409797936678e-01
1.7128840610603454641669429747707908973098e-01
0.0000000000000000000000000000000000000000e+00
0.0000000000000000000000000000000000000000e+00
2.7083539316679811070898153957386966794729e-01
0.0000000000000000000000000000000000000000e+00
3.7358625056791061602723402756964787840843e-01
0.0000000000000000000000000000000000000000e+00
0.0000000000000000000000000000000000000000e+00
4.0254735065443170149990237405290827155113e-01
6.3090008815541009923322235408704727888107e-01
4.2297996327611081524011638066440355032682e-01
0.0000000000000000000000000000000000000000e+00
1.9109094340983820425883266125310910865664e-01
6.8030291010872823154187472027842886745930e-02
5.1330997113510068441399880612152628600597e-01
2.2490683394719379606385700753889977931976e-01
0.0000000000000000000000000000000000000000e+00
3.7888105033108299135591323647531680762768e-01
5.3446478022758125980828936008037999272346e-01
5.4287497175159138418365500911022536456585e-01
0.0000000000000000000000000000000000000000e+00
4.6398473913114762767762044859409797936678e-01
1.7128840610603454641669429747707908973098e-01
0.0000000000000000000000000000000000000000e+00
0.0000000000000000000000000000000000000000e+00
0.0000000000000000000000000000000000000000e+00
9.3631584840502327438116481062024831771851e+01
2.0846502950891152017298679766099667176604e-01
