1
0
23
7.1055386429625533306619900031364522874355e-01
4.4478931749583733301633969858812633901834e-01
4.0932673002616604129855204519117251038551e-01
7.2873795069524771594871026536566205322742e-01
1.8184086398987425042816923337340995203704e-02
7.1020561193178055603425491426605731248856e-01
5.2194361502317676571038873589714057743549e-01
3.3245959008691494673826127836946398019791e-01
9.9015774803029887873861980551737360656261e-01
7.8751146618358591755537645440199412405491e-01
6.6663984894700623051733145985053852200508e-01
6.8791817369342825316813616609579185023904e-02
7.1020561193178055603425491426605731248856e-01
6.2905578102984982535872404696419835090637e-01
8.9535582878845776377829679404385387897491e-01
4.7700713593592158900946742505766451358795e-01
0.0000000000000000000000000000000000000000e+00
8.7130225654177906324804325777222402393818e-01
5.8558533290624825706771616751211695373058e-01
7.5580436301538034271629840077366679906845e-01
7.5354772461708952047132470397627912461758e-01
9.3989785277461135315490992070408537983894e-01
5.6655188154045410531267634723917581140995e-01
6.8889069274915593066310748326941393315792e-01
6.6108197657484402132155310027883388102055e-01
7.6643461230883147550230205524712800979614e-01
7.5354772461708952047132470397627912461758e-01
1.0000000000000000000000000000000000000000e+00
7.0922069091921335903805356792872771620750e-01
4.7008299942610964894385006118682213127613e-01
7.3380170314040615853201643403735943138599e-01
7.1105232469636481251740178777254186570644e-01
7.8769581752756456793918005132582038640976e-01
4.6307633239508788625116153525596018880606e-01
7.8307911211452674304922538794926367700100e-01
7.7465992260014360226705321110785007476807e-01
7.0247754677131701850356648719753138720989e-01
4.2848605634757808147128343989606946706772e-01
6.4972108536652040111647465892019681632519e-01
9.8308028432357963399823574945912696421146e-01
6.4972108536652040111647465892019681632519e-01
8.9652986823811264827099876129068434238434e-01
7.8924247209257814006377884652465581893921e-01
6.4972108536652040111647465892019681632519e-01
6.4972108536652040111647465892019681632519e-01
6.6058045535420695237860400084173306822777e-01
0.0000000000000000000000000000000000000000e+00
7.5061952021480293772981440270086750388145e-01
5.9404220295402876406143377607804723083973e-01
6.8417156015743052499544774036621674895287e-01
9.4399259525142520388385491969529539346695e-01
1.0000000000000000000000000000000000000000e+00
7.4532415891927872308997393702156841754913e-01
7.6643461230882903301164787990273907780647e-01
6.6198795371206564652766246581450104713440e-01
9.2108637616240418566349035245366394519806e-01
4.1915409882142368180879543615446891635656e-01
6.2181526384258012374317559078917838633060e-01
7.2873795069524671674798810272477567195892e-01
6.1823534342991659507049462263239547610283e-01
1.0000000000000000000000000000000000000000e+00
5.1770170746219734692061820169328711926937e-01
1.0000000000000000000000000000000000000000e+00
8.5397469464641306835517298168269917368889e-01
1.0000000000000000000000000000000000000000e+00
9.3007430847779348770387741751619614660740e-01
4.1915409882142568021023976143624167889357e-01
2.5728079631770439661409000109415501356125e-01
7.9243709430656994463504361192462965846062e-01
5.2194361502317121459526561011443845927715e-01
6.1823534342991659507049462263239547610283e-01
8.1381861396138333031302636300097219645977e-01
9.0955860255416620674395744572393596172333e-01
7.0922069091921335903805356792872771620750e-01
6.3819786469944317364166863626451231539249e-01
5.9276050416045800162123668997082859277725e-01
8.3415121220168597648836339430999942123890e-01
9.0904890991084164042490556312259286642075e-01
9.7559191631350838935787805894506163895130e-01
4.3473017105850575436676308527239598333836e-01
5.4221690333204708434067242706078104674816e-01
1.0000000000000000000000000000000000000000e+00
1.0000000000000000000000000000000000000000e+00
1.0000000000000000000000000000000000000000e+00
7.3443029477464061294256225664867088198662e-01
1.0000000000000000000000000000000000000000e+00
1.0000000000000000000000000000000000000000e+00
8.9016547150036773317083316214848309755325e-01
7.8674712555453985007858364042476750910282e-01
6.3836923665190481447240244960994459688663e-01
5.4835927597170419645067340752575546503067e-01
6.7387183814537543469214142533019185066223e-01
5.4221690333204708434067242706078104674816e-01
9.3821570257839159712176524408278055489063e-01
7.6319844808461123619736099499277770519257e-01
8.9450736913687012297202727495459839701653e-01
7.6380594473058671667331509524956345558167e-01
1.0000000000000000000000000000000000000000e+00
1.0000000000000000000000000000000000000000e+00
1.0000000000000000000000000000000000000000e+00
1.0000000000000000000000000000000000000000e+00
5.6241410661453239416829319452517665922642e-01
7.5661492187120138463995999700273387134075e-01
5.6241410661452750918698484383639879524708e-01
9.5402879505511406499351778620621189475060e-01
8.7143108273616165515562670407234691083431e-01
0.0000000000000000000000000000000000000000e+00
6.2628105439616088556675776999327354133129e-01
8.3525566860230193722003377843066118657589e-01
6.7787286229623133770871845626970753073692e-01
7.6643461230883147550230205524712800979614e-01
7.6643461230883147550230205524712800979614e-01
7.3466674681378763001049492231686599552631e-01
7.6643461230883147550230205524712800979614e-01
8.6819434761165603653410016704583540558815e-01
6.7679468054165203838579145667608827352524e-01
6.7580953131224108521024618312367238104343e-01
7.6236585126023359570979209820507094264030e-01
7.6643461230883147550230205524712800979614e-01
8.6819434761165936720317404251545667648315e-01
9.3503409345265775520772422169102355837822e-01
3.5765405868327249105931286976556293666363e-01
7.1020561193177722536518103879643604159355e-01
8.3325889370411176937381014795391820371151e-01
6.6663984894700623051733145985053852200508e-01
8.2515168604912092487069230628549121320248e-01
6.2392161518811062315137405676068738102913e-01
6.6168002682212712084464101280900649726391e-01
7.2662780364539303334936448663938790559769e-01
7.7858245438396889159804459268343634903431e-01
6.3773523817204524899437956264591775834560e-01
7.2376034197646044177076873893383890390396e-01
7.9442263586691097554393081736634485423565e-01
7.2612558626124568128545888612279668450356e-01
7.6294218145921222085092949782847426831722e-01
8.1758780129341013243049474112922325730324e-01
7.6643461230883147550230205524712800979614e-01
5.8177290101260725752041480518528260290623e-01
7.2092551749295008534090811735950410366058e-01
8.2287640023262653699021029751747846603394e-01
7.2662780364538603894430934815318323671818e-01
8.5453461361908711335644284190493635833263e-01
6.1306232559231987888637149808346293866634e-01
8.1750479015460486564847997215110808610916e-01
8.9562859394110660993248984595993533730507e-01
8.8117767260407053875326255365507677197456e-01
5.4321580447783746059542409057030454277992e-01
7.5675185499160235735871538054198026657104e-01
6.6182816657135035143255663570016622543335e-01
7.4995370566978547532954735288512893021107e-01
8.7863721095713376296743035709368996322155e-01
1.0000000000000000000000000000000000000000e+00
8.2287640023262076383048224670346826314926e-01
7.2662780364539436561699403682723641395569e-01
5.4321580447783746059542409057030454277992e-01
8.2716948361684605739441167315817438066006e-01
8.3949952887977419280218782660085707902908e-01
9.0627538480917424479343935672659426927567e-01
9.9015774803029410477961391734424978494644e-01
1.0000000000000000000000000000000000000000e+00
8.4441776766318488167684108702815137803555e-01
6.7297294168133781067098198036546818912029e-01
1.0000000000000000000000000000000000000000e+00
7.1147958169119607241270841768709942698479e-01
6.2842269010455353850375104229897260665894e-01
6.1777527548094657294797116264817304909229e-01
7.2612558626124568128545888612279668450356e-01
1.0000000000000000000000000000000000000000e+00
2.5625488472433688436069587623933330178261e-01
1.0000000000000000000000000000000000000000e+00
8.3904509282431427585891015041852369904518e-01
6.5944509786196303657845874113263562321663e-01
0.0000000000000000000000000000000000000000e+00
8.4619825481553689883185143116861581802368e-01
7.2955607478697293011293822928564622998238e-01
7.5847972920240691596660553841502405703068e-01
8.4619825481552868318146920501021668314934e-01
1.0000000000000000000000000000000000000000e+00
7.5354772461708952047132470397627912461758e-01
6.5108475239118501765034352501970715820789e-01
1.0000000000000000000000000000000000000000e+00
5.0963188182657059854818726307712495326996e-01
7.0628330844861730852812797820661216974258e-01
6.1823534342991837142733402288286015391350e-01
7.4238062598526544100252522184746339917183e-01
6.5108475239118868138632478803629055619240e-01
5.7156693020711268893307988037122413516045e-01
8.4619825481552868318146920501021668314934e-01
7.5847972920240691596660553841502405703068e-01
6.9403786060969141491483469508239068090916e-01
5.9708965766313659706554517470067366957664e-01
3.1497305318330037771090701426146551966667e-01
7.4015549041916750550029746591462753713131e-01
7.9544885993886482733472576001076959073544e-01
7.2190464926413178137210024942760355770588e-01
8.2481223326503150250488261008285917341709e-01
6.7580953131225263152970228475169278681278e-01
7.2190464926413178137210024942760355770588e-01
9.0890049234076719653074860616470687091351e-01
7.8769581752756556713990221396670676767826e-01
6.2255015334651642167074214739841409027576e-01
6.7580953131224175134406095821759663522243e-01
4.9416913458721078988844510604394599795341e-01
7.2780035411405219480940331777674145996571e-01
7.6764934207036428226444968458963558077812e-01
5.1230154073316147567140887986170127987862e-01
7.6339736955844006427440717743593268096447e-01
6.8413588697241911606994335670606233179569e-01
7.0232935567626775252847437513992190361023e-01
4.9697537780104861226959656050894409418106e-01
6.9403786060969130389253223256673663854599e-01
4.3768361158951696321395274935639463365078e-01
4.0932673002616604129855204519117251038551e-01
1.8184086398987425042816923337340995203704e-02
3.3245959008691494673826127836946398019791e-01
6.8791817369342825316813616609579185023904e-02
0.0000000000000000000000000000000000000000e+00
5.6655188154045410531267634723917581140995e-01
4.7008299942610964894385006118682213127613e-01
4.2848605634757808147128343989606946706772e-01
0.0000000000000000000000000000000000000000e+00
4.1915409882142368180879543615446891635656e-01
2.5728079631770439661409000109415501356125e-01
4.3473017105850575436676308527239598333836e-01
5.4221690333204708434067242706078104674816e-01
0.0000000000000000000000000000000000000000e+00
3.5765405868327249105931286976556293666363e-01
5.8177290101260725752041480518528260290623e-01
5.4321580447783746059542409057030454277992e-01
0.0000000000000000000000000000000000000000e+00
3.1497305318330037771090701426146551966667e-01
4.3768361158951696321395274935639463365078e-01
0.0000000000000000000000000000000000000000e+00
4.0932673002616604129855204519117251038551e-01
1.8184086398987425042816923337340995203704e-02
3.3245959008691494673826127836946398019791e-01
6.8791817369342825316813616609579185023904e-02
0.0000000000000000000000000000000000000000e+00
5.6655188154045410531267634723917581140995e-01
4.7008299942610964894385006118682213127613e-01
4.2848605634757808147128343989606946706772e-01
0.0000000000000000000000000000000000000000e+00
4.1915409882142368180879543615446891635656e-01
2.5728079631770439661409000109415501356125e-01
4.3473017105850575436676308527239598333836e-01
5.4221690333204708434067242706078104674816e-01
0.0000000000000000000000000000000000000000e+00
3.5765405868327249105931286976556293666363e-01
5.8177290101260725752041480518528260290623e-01
5.4321580447783746059542409057030454277992e-01
0.0000000000000000000000000000000000000000e+00
3.1497305318330037771090701426146551966667e-01
4.3768361158951696321395274935639463365078e-01
0.0000000000000000000000000000000000000000e+00
0.0000000000000000000000000000000000000000e+00
4.0932673002616604129855204519117251038551e-01
1.8184086398987425042816923337340995203704e-02
3.3245959008691494673826127836946398019791e-01
6.8791817369342825316813616609579185023904e-02
0.0000000000000000000000000000000000000000e+00
5.6655188154045410531267634723917581140995e-01
4.7008299942610964894385006118682213127613e-01
4.2848605634757808147128343989606946706772e-01
0.0000000000000000000000000000000000000000e+00
4.1915409882142368180879543615446891635656e-01
2.5728079631770439661409000109415501356125e-01
4.3473017105850575436676308527239598333836e-01
5.4221690333204708434067242706078104674816e-01
0.0000000000000000000000000000000000000000e+00
3.5765405868327249105931286976556293666363e-01
5.8177290101260725752041480518528260290623e-01
5.4321580447783746059542409057030454277992e-01
0.0000000000000000000000000000000000000000e+00
3.1497305318330037771090701426146551966667e-01
4.3768361158951696321395274935639463365078e-01
0.0000000000000000000000000000000000000000e+00
0.0000000000000000000000000000000000000000e+00
0.0000000000000000000000000000000000000000e+00
9.4940400772393417128114379011094570159912e+01
3.3449858790555347942685671114304568618536e-01
