1
0
23
7.3448371529696976356405002661631442606449e-01
4.3332588886429757035756438199314288794994e-01
2.4735973755254303529937942585092969238758e-01
7.5359970881066462577990705540287308394909e-01
0.0000000000000000000000000000000000000000e+00
6.4065508013139116361145397604559548199177e-01
4.8733276253454060888969934239867143332958e-01
4.0482085742807893957717624289216473698616e-01
1.0000000000000000000000000000000000000000e+00
7.9453622014131064510422675084555521607399e-01
7.7544334447105600638394662382779642939568e-01
0.0000000000000000000000000000000000000000e+00
6.2932706158859186285070563826593570411205e-01
8.4663503729501932149048570863669738173485e-01
1.0000000000000000000000000000000000000000e+00
8.5076500422178591431787708643241785466671e-01
0.0000000000000000000000000000000000000000e+00
8.6204676814751546309878449392272159457207e-01
4.0648256878579297479703313911159057170153e-01
7.0583527021915681842756384867243468761444e-01
7.3448371529697087378707465177285484969616e-01
1.0000000000000000000000000000000000000000e+00
4.0648256878579297479703313911159057170153e-01
7.5359970881066462577990705540287308394909e-01
7.1959116055625471641832291425089351832867e-01
7.7074080522092525136201857094420120120049e-01
7.7544334447105611740624908634345047175884e-01
8.1575079525179394757117279368685558438301e-01
6.3093717798900095239389429480070248246193e-01
6.3093717798900095239389429480070248246193e-01
7.1958723135540803017562438981258310377598e-01
8.0008579211989971913254748869803734123707e-01
7.3646414983579167046201519042369909584522e-01
4.2325495295875198431545527455455157905817e-01
7.3646414983578467605696005193749442696571e-01
6.5410432389445161138752382612437941133976e-01
7.3646414983578523116847236451576463878155e-01
3.9725470038725596566564490785822272300720e-01
1.0000000000000000000000000000000000000000e+00
8.7487096911779005381504248362034559249878e-01
5.5738879789707795886499752668896690011024e-01
7.3834722350731474271867682546144351363182e-01
7.3834030578758491625279702930129133164883e-01
6.1163680055802693846800366372917778789997e-01
6.6805843088475325153297035285504534840584e-01
5.2383243467553541883319212502101436257362e-01
0.0000000000000000000000000000000000000000e+00
5.9384160939482799612676444667158648371696e-01
4.1787929288346914447060953534673899412155e-01
5.3626573042381486811081003907020203769207e-01
8.4506419024813705931364893331192433834076e-01
9.3423087971758289604906622116686776280403e-01
5.3420255665829607938377421305631287395954e-01
6.7096216281327292207947721180971711874008e-01
4.0622137027336463477311667702451813966036e-01
5.9019265393506126216038865095470100641251e-01
1.8213325405024785585972324497561203315854e-01
5.2728134759563183298070043747429735958576e-01
8.1313104195602114998564502457156777381897e-01
5.0511907677895306889581661380361765623093e-01
1.0000000000000000000000000000000000000000e+00
3.1813389973654437881123158149421215057373e-01
1.0000000000000000000000000000000000000000e+00
9.3387680916230486616314010461792349815369e-01
1.0000000000000000000000000000000000000000e+00
9.8588672808975985617507831193506717681885e-01
1.8213325405024785585972324497561203315854e-01
4.3291140112811106466228494582537678070366e-02
7.9751316961165064078898012667195871472359e-01
5.6496820184939711140259532839991152286530e-01
6.1396002871855837046410897528403438627720e-01
8.6207083741453927050457650693715550005436e-01
9.9155828119286226751682988833636045455933e-01
7.1120861849325400783072836929932236671448e-01
7.0740236694677216533477803750429302453995e-01
5.6852724210247984615307359490543603897095e-01
8.6330511588133085343343964268569834530354e-01
5.3420255665830507219027367682429030537605e-01
6.6197716625921254607334276442998088896275e-01
5.2260696066847622809348195005441084504128e-01
3.9877263108330412988422608577820938080549e-01
1.0000000000000000000000000000000000000000e+00
7.5975158113460239395209327994962222874165e-01
1.0000000000000000000000000000000000000000e+00
8.7722350331537857215380427078343927860260e-01
9.3369056494897539888455639811581932008266e-01
1.0000000000000000000000000000000000000000e+00
8.6286851159788779952464210509788244962692e-01
7.3834722350731507578558421300840564072132e-01
5.2998155828995574534445722747477702796459e-01
4.4918037663776488876976600295165553689003e-01
7.1493337285938707292842764218221418559551e-01
2.2472125377069496199311515738372690975666e-01
8.1390931571687252787938859910354949533939e-01
6.5850518577876882009292103248299099504948e-01
8.7106650892160719656942546862410381436348e-01
7.5764542485932095949863196437945589423180e-01
9.0770859209735954564735038729850202798843e-01
1.0000000000000000000000000000000000000000e+00
8.5690860309458782850811076059471815824509e-01
8.3347880865367485192507501778891310095787e-01
4.9039055231364470088806228886824101209641e-01
5.0669759158050942104978275892790406942368e-01
4.9039055231364214737510565100819803774357e-01
8.7911109243598617446480147918919101357460e-01
7.0429513584689584781983739958377555012703e-01
0.0000000000000000000000000000000000000000e+00
6.5302841665706168328142666723579168319702e-01
9.5060792860917886493155037896940484642982e-01
6.7906483691447439010602238340652547776699e-01
1.0000000000000000000000000000000000000000e+00
8.0910492699963754148484440520405769348145e-01
6.1163680055802049917446083782124333083630e-01
7.6378036840143159746929768516565673053265e-01
8.8843631412003642999763997067930176854134e-01
5.6656178085397268517908742069266736507416e-01
4.3053852069190567952716719446470960974693e-01
7.3679374468009850573935182183049619197845e-01
6.9826429350151142383396063451073132455349e-01
8.0532013726248063978374602811527438461781e-01
8.7559869350206054328111804352374747395515e-01
3.9593700786077512532301625469699501991272e-01
7.2784828429253300985379837584332562983036e-01
8.7487096911778206020926518249325454235077e-01
5.9069795109283484979556533289724029600620e-01
8.7071352452172734448510027505108155310154e-01
5.5563089256354258882453223122865892946720e-01
6.1554200305542861038077262492151930928230e-01
7.8811061041936403270824484934564679861069e-01
7.8811061041935481785714046054636128246784e-01
6.5637291360019878183607033861335366964340e-01
6.7732091516136905262612799560884013772011e-01
7.6951542118458604591069160960614681243896e-01
7.1429505218541833322376533033093437552452e-01
6.3526585552768077835850135670625604689121e-01
7.9946328024071511286763325188076123595238e-01
7.6951542118457860741642662105732597410679e-01
5.3267113299474733167926387977786362171173e-01
7.4200015790987017272328785111312754452229e-01
7.5219608243318936136034835726604796946049e-01
7.7857231803557258587034084484912455081940e-01
7.6384379357026166434962988205370493233204e-01
7.3214993586870591446569278559763915836811e-01
7.7278578333848413350892769813071936368942e-01
9.8261320067221613605568109051091596484184e-01
8.3834662164296291919640680134762078523636e-01
5.4506755660047090383812928848783485591412e-01
6.5504143629664612902274711814243346452713e-01
6.1325823191215089735806031967513263225555e-01
7.6384379357026277457265450721024535596371e-01
8.4859414133410648872768433648161590099335e-01
8.5690860309459315757862896134611219167709e-01
7.6378036840142904395634104730561375617981e-01
7.8811061041936925075646058758138678967953e-01
5.4506755660047090383812928848783485591412e-01
6.2953280763251240337297076621325686573982e-01
5.5210220021173395110736237256787717342377e-01
8.3041280365304792621117258022422902286053e-01
1.0000000000000000000000000000000000000000e+00
1.0000000000000000000000000000000000000000e+00
8.8321651903827436136396045185392722487450e-01
6.3093717798900095239389429480070248246193e-01
1.0000000000000000000000000000000000000000e+00
2.9284044558000699165489777442417107522488e-01
7.7365733422444160627406972707831300795078e-01
2.0995603606889867709384134286665357649326e-01
7.1429505218541833322376533033093437552452e-01
1.0000000000000000000000000000000000000000e+00
0.0000000000000000000000000000000000000000e+00
1.0000000000000000000000000000000000000000e+00
5.3267113299474733167926387977786362171173e-01
8.8040013941262451613312123299692757427692e-01
0.0000000000000000000000000000000000000000e+00
8.2410509172868007254919575643725693225861e-01
4.8733276253454071991200180491432547569275e-01
7.4037801835791250404383845307165756821632e-01
7.9453622014131064510422675084555521607399e-01
1.0000000000000000000000000000000000000000e+00
6.5410432389445161138752382612437941133976e-01
7.0740236694677216533477803750429302453995e-01
1.0000000000000000000000000000000000000000e+00
8.7024086843602266316821669533965177834034e-01
5.3626573042381309175397063881973735988140e-01
5.0511907677895828694403235203935764729977e-01
7.1429505218541988753599980555009096860886e-01
5.7271240322781546971953048341674730181694e-01
5.2192965857446194100077718758257105946541e-01
7.9453622014131297657257846367429010570049e-01
6.4435322193798327816693927161395549774170e-01
5.8657893831577523346965108430595137178898e-01
5.6443502473025608523471419175621122121811e-01
4.4717264403454004551008438284043222665787e-01
5.1100168856952576934560283916653133928776e-01
5.5464383700004937782779279586975462734699e-01
6.3319520678251683953874362487113103270531e-01
7.3263905387069372387998100748518481850624e-01
4.3562849266222669619708085519960150122643e-01
5.8970596429045984976369254582095891237259e-01
8.3740053255391044828570557001512497663498e-01
6.8638305606448846152289888777886517345905e-01
6.0090135705154013034956506089656613767147e-01
3.5390853548772599479477207751187961548567e-01
3.2917152953973122242459226072242017835379e-01
5.8023684148284737638334718212718144059181e-01
6.4860018828885879216272769554052501916885e-01
2.9861499763987497946260418757447041571140e-01
7.3263905387069483410300563264172524213791e-01
5.9069795109283484979556533289724029600620e-01
7.2964036858646008631978929770411923527718e-01
1.6254567772796710278804255267459666356444e-01
5.2736511952584497198159851905074901878834e-01
1.6254567772796710278804255267459666356444e-01
2.4735973755254303529937942585092969238758e-01
0.0000000000000000000000000000000000000000e+00
4.0482085742807893957717624289216473698616e-01
0.0000000000000000000000000000000000000000e+00
0.0000000000000000000000000000000000000000e+00
4.0648256878579297479703313911159057170153e-01
6.3093717798900095239389429480070248246193e-01
3.9725470038725596566564490785822272300720e-01
0.0000000000000000000000000000000000000000e+00
1.8213325405024785585972324497561203315854e-01
4.3291140112811106466228494582537678070366e-02
5.2260696066847622809348195005441084504128e-01
2.2472125377069496199311515738372690975666e-01
0.0000000000000000000000000000000000000000e+00
3.9593700786077512532301625469699501991272e-01
5.3267113299474733167926387977786362171173e-01
5.4506755660047090383812928848783485591412e-01
0.0000000000000000000000000000000000000000e+00
4.4717264403454004551008438284043222665787e-01
1.6254567772796710278804255267459666356444e-01
0.0000000000000000000000000000000000000000e+00
2.4735973755254303529937942585092969238758e-01
0.0000000000000000000000000000000000000000e+00
4.0482085742807893957717624289216473698616e-01
0.0000000000000000000000000000000000000000e+00
0.0000000000000000000000000000000000000000e+00
4.0648256878579297479703313911159057170153e-01
6.3093717798900095239389429480070248246193e-01
3.9725470038725596566564490785822272300720e-01
0.0000000000000000000000000000000000000000e+00
1.8213325405024785585972324497561203315854e-01
4.3291140112811106466228494582537678070366e-02
5.2260696066847622809348195005441084504128e-01
2.2472125377069496199311515738372690975666e-01
0.0000000000000000000000000000000000000000e+00
3.9593700786077512532301625469699501991272e-01
5.3267113299474733167926387977786362171173e-01
5.4506755660047090383812928848783485591412e-01
0.0000000000000000000000000000000000000000e+00
4.4717264403454004551008438284043222665787e-01
1.6254567772796710278804255267459666356444e-01
0.0000000000000000000000000000000000000000e+00
0.0000000000000000000000000000000000000000e+00
2.4735973755254303529937942585092969238758e-01
0.0000000000000000000000000000000000000000e+00
4.0482085742807893957717624289216473698616e-01
0.0000000000000000000000000000000000000000e+00
0.0000000000000000000000000000000000000000e+00
4.0648256878579297479703313911159057170153e-01
6.3093717798900095239389429480070248246193e-01
3.9725470038725596566564490785822272300720e-01
0.0000000000000000000000000000000000000000e+00
1.8213325405024785585972324497561203315854e-01
4.3291140112811106466228494582537678070366e-02
5.2260696066847622809348195005441084504128e-01
2.2472125377069496199311515738372690975666e-01
0.0000000000000000000000000000000000000000e+00
3.9593700786077512532301625469699501991272e-01
5.3267113299474733167926387977786362171173e-01
5.4506755660047090383812928848783485591412e-01
0.0000000000000000000000000000000000000000e+00
4.4717264403454004551008438284043222665787e-01
1.6254567772796710278804255267459666356444e-01
0.0000000000000000000000000000000000000000e+00
0.0000000000000000000000000000000000000000e+00
0.0000000000000000000000000000000000000000e+00
9.5338285530195463479685713537037372589111e+01
2.0321823628564866792700627229351084679365e-01
