1
0
23
7.4847736114167195964341772196348756551743e-01
4.2898529984677180593166667676996439695358e-01
2.7364339480852234443020165599591564387083e-01
7.4872209052640503745834621440735645592213e-01
0.0000000000000000000000000000000000000000e+00
6.0389193532181306700579170865239575505257e-01
4.7062043138086340210435309927561320364475e-01
3.2823232218142395222315599312423728406429e-01
1.0000000000000000000000000000000000000000e+00
7.6197810267023768915350956376641988754272e-01
7.5059008131286109044566501324879936873913e-01
0.0000000000000000000000000000000000000000e+00
6.0389193532181639767486558412201702594757e-01
7.4872209052640936732814225251786410808563e-01
9.1558715481817443126999478408833965659142e-01
6.8682960173379048463004892255412414669991e-01
0.0000000000000000000000000000000000000000e+00
9.4108087960105923919229553575860336422920e-01
4.2131119955468920856844761146930977702141e-01
7.4113676221570412572248187643708661198616e-01
7.0407241806395071126445373010938055813313e-01
1.0000000000000000000000000000000000000000e+00
4.2131119955468920856844761146930977702141e-01
7.4113676221570345958866710134316235780716e-01
7.3201628442021560161379056808073073625565e-01
7.4310747311793268199409112639841623604298e-01
7.6574770712256212679136524457135237753391e-01
8.4376420194031032107062628710991702973843e-01
6.2155014495059779378038911090698093175888e-01
6.2155014495059779378038911090698093175888e-01
7.3279127061122817377025739915552549064159e-01
7.1423892126114785217083635870949365198612e-01
7.4113676221570545799011142662493512034416e-01
3.8717710659503634662570448199403472244740e-01
7.2750629835761504438096380908973515033722e-01
6.9626166805447065044631926866713911294937e-01
7.4113676221570523594550650159362703561783e-01
3.8717710659503634662570448199403472244740e-01
1.0000000000000000000000000000000000000000e+00
8.2093548207795519200402623027912341058254e-01
5.1909878791708496947876483318395912647247e-01
7.4340534261878621347108264671987853944302e-01
7.6842503674360862486736323262448422610760e-01
5.4564722594114634102169247853453271090984e-01
6.8674073503219579261980243245488964021206e-01
4.9373544558702786577697452230495400726795e-01
0.0000000000000000000000000000000000000000e+00
6.5906290094994446349119243677705526351929e-01
4.2767675299225560436866544478107243776321e-01
5.4941088805314530763013181058340705931187e-01
7.6862513677626953523258634959347546100616e-01
8.8949272090575592919492464716313406825066e-01
5.8251290503936803411022538057295605540276e-01
6.6999561653554318141345902404282242059708e-01
3.9987041012115887017586146612302400171757e-01
6.3312702861369796192292369596543721854687e-01
2.1221123899887606167879994245595298707485e-01
5.3284715322587239416662896474008448421955e-01
7.5431950755986376666584192207665182650089e-01
5.0221740431299344287197072844719514250755e-01
1.0000000000000000000000000000000000000000e+00
3.5574884084867486322423246747348457574844e-01
1.0000000000000000000000000000000000000000e+00
8.8960805930872144386967192986048758029938e-01
1.0000000000000000000000000000000000000000e+00
8.4910217085936467995566090394277125597000e-01
2.1221123899887606167879994245595298707485e-01
8.3341767880673184309969769856252241879702e-02
7.8773531776382288427384992246516048908234e-01
5.4581926509249334422690935753053054213524e-01
5.9932233115910504839263239773572422564030e-01
8.6767218989506034176883986219763755798340e-01
1.0000000000000000000000000000000000000000e+00
7.0295274310193978095639977254904806613922e-01
6.6867931568369631811776798713253811001778e-01
5.7202681945748945491203585334005765616894e-01
8.4917689545981400733865029906155541539192e-01
6.0043577657946012315903772105230018496513e-01
7.8773531776382110791701052221469581127167e-01
5.4581926509249334422690935753053054213524e-01
4.2297005048157476636561113991774618625641e-01
1.0000000000000000000000000000000000000000e+00
7.6705294580119987024602323799626901745796e-01
1.0000000000000000000000000000000000000000e+00
8.8891248962280244860778566362569108605385e-01
9.8662400007459560846712065540486946702003e-01
1.0000000000000000000000000000000000000000e+00
8.5712535202400108591547223113593645393848e-01
7.1371018126325935782006126828491687774658e-01
5.1019902610560430300523648838861845433712e-01
4.8864446965457597471527151355985552072525e-01
7.1371018126325846964164156815968453884125e-01
3.4063806122957357436220604540721978992224e-01
9.3227946901301161908293124724877998232841e-01
6.5397706585656278921447892571450211107731e-01
8.8735299966609260113870050190598703920841e-01
7.2996902339022451400296631618402898311615e-01
8.8539713348810389348386706842575222253799e-01
1.0000000000000000000000000000000000000000e+00
9.4791591061544888674461617483757436275482e-01
8.3328319762218150401622551726177334785461e-01
5.0083807394586199457364728004904463887215e-01
5.4941088805314342025098994781728833913803e-01
5.0083807394586199457364728004904463887215e-01
8.7831278739639850883236249501351267099380e-01
7.7373988874315957620098060942837037146091e-01
0.0000000000000000000000000000000000000000e+00
6.8745648783978097196012413405696861445904e-01
9.6949678809129624657003887477912940084934e-01
7.0718607766946872672519930347334593534470e-01
9.0859194507127671869284313288517296314240e-01
6.2978204841225426946493826108053326606750e-01
5.5189272540642531073018517417949624359608e-01
7.8380912647106149027109722737804986536503e-01
8.5632905553398586118163393621216528117657e-01
6.4169348766866574074185791687341406941414e-01
4.4544021879572753830345277492597233504057e-01
7.2178845858638907007076568334014154970646e-01
7.2026047597333731076219009992200881242752e-01
7.0389561117038357274111604056088253855705e-01
8.8830153782533549655653359877760522067547e-01
3.5228359474245107829659673370770178735256e-01
6.9743687937093312712022452615201473236084e-01
8.2499350518731440207176319745485670864582e-01
5.9932233115910504839263239773572422564030e-01
8.6731449344455213701365892120520584285259e-01
5.2804248268855014103451139817479997873306e-01
6.2000588917110188713621710121515206992626e-01
7.6574770712256234883597016960266046226025e-01
8.1435989631106664443649378881673328578472e-01
6.5096720028147958547748430646606720983982e-01
6.7566224176575495619090361287817358970642e-01
7.5934155610791287394079063233220949769020e-01
6.9931184862800976898000726578175090253353e-01
6.7066089339822843040650468537933193147182e-01
7.5505092030004883341121058037970215082169e-01
7.4344448398291418378391881560673937201500e-01
5.2804248268855014103451139817479997873306e-01
7.4113676221570345958866710134316235780716e-01
7.8380912647106149027109722737804986536503e-01
7.5701563243737535202626531827263534069061e-01
7.6574770712256212679136524457135237753391e-01
6.7293818533388849445486812328454107046127e-01
7.4674478231930707661234691840945743024349e-01
1.0000000000000000000000000000000000000000e+00
8.3592045628390065914459228224586695432663e-01
5.6651638840970908184146992425667122006416e-01
6.5193419718704403997833196626743301749229e-01
6.3318134896263067457056195053155533969402e-01
7.6574770712256234883597016960266046226025e-01
8.0130596806936504883367433649254962801933e-01
9.4791591061544899776691863735322840511799e-01
7.8380912647106149027109722737804986536503e-01
7.6574770712256234883597016960266046226025e-01
5.2213172797454399098882049656822346150875e-01
7.4469241874397540392749306192854419350624e-01
6.8278132535640501110663080908125266432762e-01
8.9398452093274616281348698976216837763786e-01
1.0000000000000000000000000000000000000000e+00
1.0000000000000000000000000000000000000000e+00
9.9164154429748108121600580489030107855797e-01
6.2155014495059779378038911090698093175888e-01
1.0000000000000000000000000000000000000000e+00
3.5692631510448891152265105120022781193256e-01
8.0553343252671216756510830236948095262051e-01
3.1074808824589306155417034460697323083878e-01
6.9931184862801054613612450339132919907570e-01
1.0000000000000000000000000000000000000000e+00
9.1454685221582510123994325113017112016678e-03
1.0000000000000000000000000000000000000000e+00
7.3326686100476745622245289268903434276581e-01
1.0000000000000000000000000000000000000000e+00
0.0000000000000000000000000000000000000000e+00
7.8773531776382277325154745994950644671917e-01
4.7062043138086340210435309927561320364475e-01
7.2991987599740770775724740815348923206329e-01
7.6197810267023768915350956376641988754272e-01
1.0000000000000000000000000000000000000000e+00
6.9626166805447076146862173118279315531254e-01
6.8674073503219579261980243245488964021206e-01
1.0000000000000000000000000000000000000000e+00
7.6194399992140227073633695908938534557819e-01
5.4941088805314342025098994781728833913803e-01
5.0223060976277744682505499440594576299191e-01
7.0295274310193978095639977254904806613922e-01
5.7924584816881230509011402318719774484634e-01
5.3688074797989182584956324717495590448380e-01
8.3072661544295500757328909458010457456112e-01
6.1372073881037858544829077800386585295200e-01
6.1372073881037858544829077800386585295200e-01
5.7555299208018084744509224037756212055683e-01
3.7153603593950990102712239604443311691284e-01
5.2896952400235874858225315620074979960918e-01
5.1879194559849539647444771617301739752293e-01
5.9194753996400872875227605618420056998730e-01
7.4066178917552483174091548789874650537968e-01
4.8110926080220184353208878746954724192619e-01
5.8499458417644878416297160583781078457832e-01
8.5994505267622589617104722492513246834278e-01
6.7195790542944899836896865963353775441647e-01
5.4564722594114634102169247853453271090984e-01
3.9987041012115892568701269738085102289915e-01
3.5218951304557688519736302623641677200794e-01
5.9102234695650823770307624727138318121433e-01
6.8542450131250576284003273030975833535194e-01
2.5677010269164374234307501865259837359190e-01
7.0903992197073339998070196088519878685474e-01
6.1095530680704090986665732998517341911793e-01
7.1889971868520063935648067854344844818115e-01
1.8723327209576068330676434925408102571964e-01
4.9673059516977818850236303660494741052389e-01
1.8723327209576068330676434925408102571964e-01
2.7364339480852234443020165599591564387083e-01
0.0000000000000000000000000000000000000000e+00
3.2823232218142395222315599312423728406429e-01
0.0000000000000000000000000000000000000000e+00
0.0000000000000000000000000000000000000000e+00
4.2131119955468920856844761146930977702141e-01
6.2155014495059779378038911090698093175888e-01
3.8717710659503634662570448199403472244740e-01
0.0000000000000000000000000000000000000000e+00
2.1221123899887606167879994245595298707485e-01
8.3341767880673184309969769856252241879702e-02
5.4581926509249334422690935753053054213524e-01
3.4063806122957357436220604540721978992224e-01
0.0000000000000000000000000000000000000000e+00
3.5228359474245107829659673370770178735256e-01
5.2804248268855014103451139817479997873306e-01
5.2213172797454399098882049656822346150875e-01
0.0000000000000000000000000000000000000000e+00
3.7153603593950990102712239604443311691284e-01
1.8723327209576068330676434925408102571964e-01
0.0000000000000000000000000000000000000000e+00
2.7364339480852234443020165599591564387083e-01
0.0000000000000000000000000000000000000000e+00
3.2823232218142395222315599312423728406429e-01
0.0000000000000000000000000000000000000000e+00
0.0000000000000000000000000000000000000000e+00
4.2131119955468920856844761146930977702141e-01
6.2155014495059779378038911090698093175888e-01
3.8717710659503634662570448199403472244740e-01
0.0000000000000000000000000000000000000000e+00
2.1221123899887606167879994245595298707485e-01
8.3341767880673184309969769856252241879702e-02
5.4581926509249334422690935753053054213524e-01
3.4063806122957357436220604540721978992224e-01
0.0000000000000000000000000000000000000000e+00
3.5228359474245107829659673370770178735256e-01
5.2804248268855014103451139817479997873306e-01
5.2213172797454399098882049656822346150875e-01
0.0000000000000000000000000000000000000000e+00
3.7153603593950990102712239604443311691284e-01
1.8723327209576068330676434925408102571964e-01
0.0000000000000000000000000000000000000000e+00
0.0000000000000000000000000000000000000000e+00
2.7364339480852234443020165599591564387083e-01
0.0000000000000000000000000000000000000000e+00
3.2823232218142395222315599312423728406429e-01
0.0000000000000000000000000000000000000000e+00
0.0000000000000000000000000000000000000000e+00
4.2131119955468920856844761146930977702141e-01
6.2155014495059779378038911090698093175888e-01
3.8717710659503634662570448199403472244740e-01
0.0000000000000000000000000000000000000000e+00
2.1221123899887606167879994245595298707485e-01
8.3341767880673184309969769856252241879702e-02
5.4581926509249334422690935753053054213524e-01
3.4063806122957357436220604540721978992224e-01
0.0000000000000000000000000000000000000000e+00
3.5228359474245107829659673370770178735256e-01
5.2804248268855014103451139817479997873306e-01
5.2213172797454399098882049656822346150875e-01
0.0000000000000000000000000000000000000000e+00
3.7153603593950990102712239604443311691284e-01
1.8723327209576068330676434925408102571964e-01
0.0000000000000000000000000000000000000000e+00
0.0000000000000000000000000000000000000000e+00
0.0000000000000000000000000000000000000000e+00
9.4499005042558266609376005362719297409058e+01
2.2045661760371562665206113251770148053765e-01
