1
0
23
7.1735083520983189409037095174426212906837e-01
4.5023548685907061051025834785832557827234e-01
3.5624512658714024837536271661520004272461e-01
8.0426597445708014610943337174830958247185e-01
0.0000000000000000000000000000000000000000e+00
6.7890810495948716862812943872995674610138e-01
5.4000484961197958710954480920918285846710e-01
3.1743654750226640848254078264290001243353e-01
9.8824877824932610970165569597156718373299e-01
7.8242699326059983455650126416003331542015e-01
7.1649850109462231984025493147782981395721e-01
1.6966221058750514949498011674222652800381e-02
6.7890810495948716862812943872995674610138e-01
6.9788674346695422912034700857475399971008e-01
9.8621812474517644986349296232219785451889e-01
6.7083476228767957572074465133482590317726e-01
0.0000000000000000000000000000000000000000e+00
8.7203452661778846355389305244898423552513e-01
5.4468229505730803019503127870848402380943e-01
7.5683911969028239141721314808819442987442e-01
7.7595346022775379957181485224282369017601e-01
9.0958504489154645700210721770417876541615e-01
5.4468229505730803019503127870848402380943e-01
7.3185821946525198011812562981504015624523e-01
7.1356186641136121195927444205153733491898e-01
8.1940050022802679574596140810172073543072e-01
8.1422320370687373269902309402823448181152e-01
1.0000000000000000000000000000000000000000e+00
6.9253851782746866927453766038524918258190e-01
6.3893723173832084327727898198645561933517e-01
7.6114949181741153871882943349191918969154e-01
7.0023243314029026684863765694899484515190e-01
7.8630512531111573792941271676681935787201e-01
4.5068645527636241876479061829741112887859e-01
9.2406821708287734118414391559781506657600e-01
7.6114949181741198280803928355453535914421e-01
7.6114949181741198280803928355453535914421e-01
4.5068645527636241876479061829741112887859e-01
7.2804273806130004320635862313793040812016e-01
8.9960849455092051218940696344361640512943e-01
5.5015993155956177673715501441620290279388e-01
7.5097546939308901237097870762227103114128e-01
7.9275039346676690055204517193487845361233e-01
6.4367163418855211087787893120548687875271e-01
6.9424275001337720780725248914677649736404e-01
5.4078854153033439899900258751586079597473e-01
0.0000000000000000000000000000000000000000e+00
7.3399690758835278714400374155957251787186e-01
5.3242495582928439645797880075406283140182e-01
6.2380074567067622659521930472692474722862e-01
7.8597553169192801991727037602686323225498e-01
8.4989498956907016946615840424783527851105e-01
6.4122146129710344553132017608731985092163e-01
6.8754081696838820203510067585739307105541e-01
5.1219399803625043077204281871672719717026e-01
7.4799899427166105514430682887905277311802e-01
3.1272700744040482501162614425993524491787e-01
6.0479898386123731590657826018286868929863e-01
7.8911831444425084569616046792361885309219e-01
5.8274080519350623941221556378877721726894e-01
1.0000000000000000000000000000000000000000e+00
4.8451531858983920564298841782147064805031e-01
9.8300764624061454100001355982385575771332e-01
9.0722398320590957876419224703568033874035e-01
1.0000000000000000000000000000000000000000e+00
8.6628096477294158628268405664130114018917e-01
3.1272700744040266007672812520468141883612e-01
1.9014806318251248340445158646616619080305e-01
8.4406981115193502329674402062664739787579e-01
5.4000484961197858790882264656829647719860e-01
6.2440776977236356337641609570709988474846e-01
8.9044815998734916373535952516249381005764e-01
1.0000000000000000000000000000000000000000e+00
7.7153603053880026596544894346152432262897e-01
6.8457358458873063256078239646740257740021e-01
6.0144110982262144471377496302011422812939e-01
8.3492057083865212074869077696348540484905e-01
8.0110759891365046492239798681112006306648e-01
9.1985863923321076196515377887408249080181e-01
5.4000484961197858790882264656829647719860e-01
5.5894685250224795947104894366930238902569e-01
1.0000000000000000000000000000000000000000e+00
8.6128064597956466297290489819715730845928e-01
1.0000000000000000000000000000000000000000e+00
9.1880756720346823396283753027091734111309e-01
1.0000000000000000000000000000000000000000e+00
1.0000000000000000000000000000000000000000e+00
8.8371229236130766082624177215620875358582e-01
7.5097546939308901237097870762227103114128e-01
6.1583989822956952675525599261163733899593e-01
5.4857586899084676002047444853815250098705e-01
7.4518502489531168730962917834403924643993e-01
3.9480635732196822651474121812498196959496e-01
1.0000000000000000000000000000000000000000e+00
7.3835142286922550436401024853694252669811e-01
8.9519374593732481404373402256169356405735e-01
7.8100467137825146934915210295002907514572e-01
9.4631152665970386106408795967581681907177e-01
1.0000000000000000000000000000000000000000e+00
9.5849844986598664586807672094437293708324e-01
8.8474368932963431966243206261424347758293e-01
6.0805449809761891177828374566161073744297e-01
6.4226090184984552244884525862289592623711e-01
5.5280047918245212024146439944161102175713e-01
8.9044815998734916373535952516249381005764e-01
8.3028649172000390521475310379173606634140e-01
0.0000000000000000000000000000000000000000e+00
7.1908822431200425384645313897635787725449e-01
8.3340395208403306170907853811513632535934e-01
7.1420166239084825754446228529559448361397e-01
8.3428560365595871850530329538742080330849e-01
6.5022305278717573706614984985208138823509e-01
6.6434666382510532134375580426421947777271e-01
8.1813610528672653376958123772055841982365e-01
8.8371229236130766082624177215620875358582e-01
6.1655730095683947133977653720648959279060e-01
5.3242495582928439645797880075406283140182e-01
7.9211505584375352384540747152641415596008e-01
7.8903311567956935235201854084152728319168e-01
8.8371229236130466322407528423354960978031e-01
9.4710556897163911127535129708121530711651e-01
3.8899110541757903058979195520805660635233e-01
7.3185821946525198011812562981504015624523e-01
8.5630037458892993562642459437483921647072e-01
6.6211697255245016702218663340318016707897e-01
8.7723977220980087210477904591243714094162e-01
6.0859246204356298726168006396619603037834e-01
6.6211697255245116622290879604406654834747e-01
7.9803095182825434239504147626576013863087e-01
8.2065051853060599906797278890735469758511e-01
6.7959292149930405901869789886404760181904e-01
6.7755134182838505640944504193612374365330e-01
8.2224001685985792509114844506257213652134e-01
7.3713855003517037012272794527234509587288e-01
7.9238018885713901173772910624393261969090e-01
7.9725365383120960771634599950630217790604e-01
7.9211505584375252464468530888552777469158e-01
6.0859246204356298726168006396619603037834e-01
7.3185821946525198011812562981504015624523e-01
8.5496100849027789614353878278052434325218e-01
7.0401830482357086182787497818935662508011e-01
8.1422320370687373269902309402823448181152e-01
6.9788674346695422912034700857475399971008e-01
7.5216365070813895332690890427329577505589e-01
9.8448780260560264654401407824479974806309e-01
8.8371229236130766082624177215620875358582e-01
5.2795741476963842231384660408366471529007e-01
6.7755134182838505640944504193612374365330e-01
6.6562261312455628381457017894717864692211e-01
8.0814663014672449836695022895582951605320e-01
8.3208384026567749902625337199424393475056e-01
9.7383309491987601891338499626726843416691e-01
8.4181280121209656197578397041070275008678e-01
7.9803095182825434239504147626576013863087e-01
5.2795741476963842231384660408366471529007e-01
8.3581717294997759371000256578554399311543e-01
8.4656863174872032384854492192971520125866e-01
8.9519374593731326772427792093367315828800e-01
1.0000000000000000000000000000000000000000e+00
1.0000000000000000000000000000000000000000e+00
1.0000000000000000000000000000000000000000e+00
6.3893723173832084327727898198645561933517e-01
1.0000000000000000000000000000000000000000e+00
5.7545117294487824199933356794645078480244e-01
8.8069549553554893339679665587027557194233e-01
4.5151652881014647800128614107961766421795e-01
7.1658646316847596224874905601609498262405e-01
1.0000000000000000000000000000000000000000e+00
1.6285733313541028710602631690562702715397e-01
1.0000000000000000000000000000000000000000e+00
7.5607179899900078812180481691029854118824e-01
1.0000000000000000000000000000000000000000e+00
0.0000000000000000000000000000000000000000e+00
8.5623891063284729430193920052261091768742e-01
5.4121821867067776423709801747463643550873e-01
8.3883280053731146264084372887737117707729e-01
8.0050242633076373888201260342611931264400e-01
1.0000000000000000000000000000000000000000e+00
7.6114949181741198280803928355453535914421e-01
7.0761254680216223444944034781656228005886e-01
9.6849389497935778337023293715901672840118e-01
6.7755134182838505640944504193612374365330e-01
6.2380074567067667068442915478954091668129e-01
5.8274080519350635043451802630443125963211e-01
7.7153603053880026596544894346152432262897e-01
6.1674643314422783468842226284323260188103e-01
5.7883709018246498612114692150498740375042e-01
8.5769877716138187562222583437687717378139e-01
6.7755134182838505640944504193612374365330e-01
6.7755134182838505640944504193612374365330e-01
7.7502365258569505535035659704590216279030e-01
4.2280486463849731304520673802471719682217e-01
6.9424275001337365509357368864584714174271e-01
6.3112622398414908175823256897274404764175e-01
6.6239460671752936615774842721293680369854e-01
7.7670731649732660528684391465503722429276e-01
6.0598492914352930505117456050356850028038e-01
6.7212002289998229453971134716994129121304e-01
9.5700015605391641759780441134353168308735e-01
7.5968669003180755439075255708303302526474e-01
6.4367163418855211087787893120548687875271e-01
5.1219399803625043077204281871672719717026e-01
4.4415234854125362762289341844734735786915e-01
6.5456915677216642723834638672997243702412e-01
7.5859048458619871002639456492033787071705e-01
3.7586087487854313859969579425523988902569e-01
7.8472923121985405092715382124879397451878e-01
6.8601168456594030509165804687654599547386e-01
7.4580094574526734074737532864673994481564e-01
3.5461411977995083155690281273564323782921e-01
6.3112622398414475188843653086223639547825e-01
3.0951351457658793364657867641653865575790e-01
3.5624512658714024837536271661520004272461e-01
0.0000000000000000000000000000000000000000e+00
3.1743654750226640848254078264290001243353e-01
1.6966221058750514949498011674222652800381e-02
0.0000000000000000000000000000000000000000e+00
5.4468229505730803019503127870848402380943e-01
6.3893723173832084327727898198645561933517e-01
4.5068645527636241876479061829741112887859e-01
0.0000000000000000000000000000000000000000e+00
3.1272700744040482501162614425993524491787e-01
1.9014806318251248340445158646616619080305e-01
5.4000484961197858790882264656829647719860e-01
3.9480635732196822651474121812498196959496e-01
0.0000000000000000000000000000000000000000e+00
3.8899110541757903058979195520805660635233e-01
6.0859246204356298726168006396619603037834e-01
5.2795741476963842231384660408366471529007e-01
0.0000000000000000000000000000000000000000e+00
4.2280486463849731304520673802471719682217e-01
3.0951351457658793364657867641653865575790e-01
0.0000000000000000000000000000000000000000e+00
3.5624512658714024837536271661520004272461e-01
0.0000000000000000000000000000000000000000e+00
3.1743654750226640848254078264290001243353e-01
1.6966221058750514949498011674222652800381e-02
0.0000000000000000000000000000000000000000e+00
5.4468229505730803019503127870848402380943e-01
6.3893723173832084327727898198645561933517e-01
4.5068645527636241876479061829741112887859e-01
0.0000000000000000000000000000000000000000e+00
3.1272700744040482501162614425993524491787e-01
1.9014806318251248340445158646616619080305e-01
5.4000484961197858790882264656829647719860e-01
3.9480635732196822651474121812498196959496e-01
0.0000000000000000000000000000000000000000e+00
3.8899110541757903058979195520805660635233e-01
6.0859246204356298726168006396619603037834e-01
5.2795741476963842231384660408366471529007e-01
0.0000000000000000000000000000000000000000e+00
4.2280486463849731304520673802471719682217e-01
3.0951351457658793364657867641653865575790e-01
0.0000000000000000000000000000000000000000e+00
0.0000000000000000000000000000000000000000e+00
3.5624512658714024837536271661520004272461e-01
0.0000000000000000000000000000000000000000e+00
3.1743654750226640848254078264290001243353e-01
1.6966221058750514949498011674222652800381e-02
0.0000000000000000000000000000000000000000e+00
5.4468229505730803019503127870848402380943e-01
6.3893723173832084327727898198645561933517e-01
4.5068645527636241876479061829741112887859e-01
0.0000000000000000000000000000000000000000e+00
3.1272700744040482501162614425993524491787e-01
1.9014806318251248340445158646616619080305e-01
5.4000484961197858790882264656829647719860e-01
3.9480635732196822651474121812498196959496e-01
0.0000000000000000000000000000000000000000e+00
3.8899110541757903058979195520805660635233e-01
6.0859246204356298726168006396619603037834e-01
5.2795741476963842231384660408366471529007e-01
0.0000000000000000000000000000000000000000e+00
4.2280486463849731304520673802471719682217e-01
3.0951351457658793364657867641653865575790e-01
0.0000000000000000000000000000000000000000e+00
0.0000000000000000000000000000000000000000e+00
0.0000000000000000000000000000000000000000e+00
9.5025802104634578881814377382397651672363e+01
2.5541389010865811481920673031709156930447e-01
