1
0
23
7.1907690405674917766276621478027664124966e-01
4.4566965475591530099208625870232935994864e-01
3.3984720485547226243028262615553103387356e-01
7.9186564953105897934904078283580020070076e-01
1.0232801004451119730731534218648448586464e-02
6.9068351032393215938043340429430827498436e-01
5.2334605448272175642898673686431720852852e-01
3.2710817988150742152697603160049766302109e-01
1.0000000000000000000000000000000000000000e+00
7.8323799724830645008211149615817703306675e-01
7.2153091691005499797029187902808189392090e-01
8.8873546406041583484158863370794279035181e-03
6.4926615463860348764768559703952632844448e-01
6.6847642977922261398049386116326786577702e-01
1.0000000000000000000000000000000000000000e+00
6.5060379456061878666872644316754303872585e-01
0.0000000000000000000000000000000000000000e+00
8.8364874145730931687126030737999826669693e-01
5.3076309802002641369256252801278606057167e-01
7.6663027205982015033214338473044335842133e-01
7.3849639861883797919972494128160178661346e-01
1.0000000000000000000000000000000000000000e+00
5.3076309802002641369256252801278606057167e-01
7.2937014149067669332993091302341781556606e-01
7.0199458666271952189674721012124791741371e-01
8.1028569734932143209249488791101612150669e-01
7.9344444613320308512527390121249482035637e-01
1.0000000000000000000000000000000000000000e+00
6.6642888456555793297297896060626953840256e-01
6.3758700971947890323576757509727030992508e-01
7.3849639861883908942274956643814221024513e-01
7.1228247023042112751056720298947766423225e-01
7.6663027205982370304582218523137271404266e-01
4.3968760606840262550321085655014030635357e-01
9.4684976700117740033846303049358539283276e-01
7.3849639861883831226663232882856391370296e-01
7.5839183501795759401176155733992345631123e-01
4.3968760606840262550321085655014030635357e-01
7.1684123689405510049255099147558212280273e-01
8.7997718667419333460344432751298882067204e-01
5.6045952818071564927038252790225669741631e-01
7.6181686593565056675458890822483226656914e-01
7.7603852079447910305987079482292756438255e-01
6.1622515540796773958476251209503971040249e-01
7.1684123689405510049255099147558212280273e-01
5.1379006597964060887306914082728326320648e-01
0.0000000000000000000000000000000000000000e+00
7.3445015173969352417771006003022193908691e-01
4.9547132074345678898197320449980907142162e-01
6.1442275689307390695859112383914180099964e-01
7.5677965642924704958716120017925277352333e-01
8.4211655616291536397000072611263021826744e-01
6.0328855327992780832602193186176009476185e-01
6.7568592591732667962389768945286050438881e-01
4.9772966646309407812154290695616509765387e-01
7.3981495327114921156663740475778467953205e-01
2.7697941730234043600233917459263466298580e-01
5.7130378509986390334063344198511913418770e-01
7.6513568570070578100938973875599913299084e-01
5.5109383535682221477713937929365783929825e-01
1.0000000000000000000000000000000000000000e+00
5.0604239562578978706142152077518403530121e-01
9.6969405773105721291216241297661326825619e-01
9.2741802599724498801236904910183511674404e-01
9.8251992082013495100056843511993065476418e-01
8.7129330736443955096603986021364107728004e-01
2.7697941730234382218256428132008295506239e-01
1.6972781407397299902051202025177190080285e-01
8.1130394414495698995892780658323317766190e-01
5.2957826299350363452589363078004680573940e-01
6.2769201790096973425647775002289563417435e-01
9.0053762840343098972084590059239417314529e-01
1.0000000000000000000000000000000000000000e+00
7.4543734850994125551437718968372792005539e-01
6.7556630568481823573279143602121621370316e-01
5.8537020369590320179042919335188344120979e-01
8.1325432516542239813617243271437473595142e-01
7.9222500384169092235708831140073016285896e-01
9.0053762840343321016689515090547502040863e-01
5.2957826299350363452589363078004680573940e-01
5.3479597269492773481402991819777525961399e-01
1.0000000000000000000000000000000000000000e+00
8.2413857619495556328104157728375867009163e-01
1.0000000000000000000000000000000000000000e+00
9.4925098729268619912602389376843348145485e-01
1.0000000000000000000000000000000000000000e+00
1.0000000000000000000000000000000000000000e+00
8.3843550879420969401678576105041429400444e-01
7.6181686593565767218194650922669097781181e-01
5.6575889791559952346489126284723170101643e-01
5.1533423371823261494029111418058164417744e-01
7.4400538551887884786140148207778111100197e-01
3.3645259708801400488908939223620109260082e-01
9.8737961585735967151578051925753243267536e-01
7.3250570481656329668851412861840799450874e-01
9.0903087720744590871646551022422499954700e-01
7.8489639637419483797486918774666264653206e-01
9.2068587216110076010266993762343190610409e-01
1.0000000000000000000000000000000000000000e+00
9.7163697654012226578856825653929263353348e-01
8.9352382343435410305687582876998931169510e-01
5.8162098571986453610094258692697621881962e-01
6.1548373652405929945530260738451033830643e-01
5.4664378225959275869882958431844599545002e-01
9.0053762840343098972084590059239417314529e-01
8.0920351937667189812231072210124693810940e-01
0.0000000000000000000000000000000000000000e+00
7.1889008343595484085142288677161559462547e-01
8.4703720807598492648082810774212703108788e-01
7.2897224832664320182118444790830835700035e-01
8.3055032894326341619262166204862296581268e-01
6.2231768706159540371913863054942339658737e-01
6.3967736690819521072626230306923389434814e-01
8.1028569734932143209249488791101612150669e-01
8.7732291498809333862851644880720414221287e-01
6.1361181544955467614954613964073359966278e-01
5.3887237167299406603859779352205805480480e-01
7.8397703660392858981964536724262870848179e-01
7.7020061840651832252291342229000292718410e-01
7.6162183837184538326425808918429538607597e-01
9.3296429952792847561937605860293842852116e-01
3.9883319047512794108811817750392947345972e-01
7.1889008343595373062839826161507517099380e-01
8.6966530537285313684492393804248422384262e-01
6.3265669219578168913642457482637837529182e-01
8.8636220751189287447857623192248865962029e-01
5.7607255631932130501837718838942237198353e-01
6.4875472815027901418716282933019101619720e-01
7.9344444613320297410297143869684077799320e-01
8.1042680245356546464563507470302283763885e-01
6.8949333230751663759150460464297793805599e-01
6.6346802398291271352093190216692164540291e-01
7.9793479393699151547281189778004772961140e-01
7.3273666007919646681045833247480913996696e-01
7.4095726246035742423856618188438005745411e-01
7.9162107172128048926396104434388689696789e-01
7.8397703660392847879734290472697466611862e-01
5.7200403152641599024974539133836515247822e-01
7.2937014149067824764216538824257440865040e-01
8.2242607335064155105186500804848037660122e-01
7.2405230610914617095374978816835209727287e-01
7.9344444613320463943750837643165141344070e-01
6.6847642977922261398049386116326786577702e-01
7.2259677337695304988329780826461501419544e-01
1.0000000000000000000000000000000000000000e+00
8.8503616642402371805786742697819136083126e-01
5.2333325842994515841866132177528925240040e-01
6.6346802398291271352093190216692164540291e-01
6.6985141488431854117635566581157036125660e-01
7.9806779541490968643557835093815810978413e-01
8.2503522749649704781660375374485738575459e-01
9.7163697654013192472888249540119431912899e-01
8.2242607335064155105186500804848037660122e-01
7.9344444613320685988355762674473226070404e-01
5.2333325842994515841866132177528925240040e-01
8.2924994295348253281474626419367268681526e-01
8.6582347679209448187975795008242130279541e-01
9.0141359963241296515690237356466241180897e-01
1.0000000000000000000000000000000000000000e+00
1.0000000000000000000000000000000000000000e+00
1.0000000000000000000000000000000000000000e+00
6.3758700971947890323576757509727030992508e-01
1.0000000000000000000000000000000000000000e+00
6.0437297955746571709312320308526977896690e-01
8.4417936489270606337242952577071264386177e-01
4.6332662476190678013665547041455283761024e-01
7.2908215663108877357956316700438037514687e-01
1.0000000000000000000000000000000000000000e+00
1.4623204835931669087756290537072345614433e-01
1.0000000000000000000000000000000000000000e+00
7.2354744951865690438808087492361664772034e-01
1.0000000000000000000000000000000000000000e+00
0.0000000000000000000000000000000000000000e+00
8.4968901745775449185771321936044842004776e-01
5.2334605448272175642898673686431720852852e-01
8.1410051705885155826081245322711765766144e-01
7.8810772959581876229151475854450836777687e-01
1.0000000000000000000000000000000000000000e+00
7.3849639861883831226663232882856391370296e-01
6.9240755690093647167770996020408347249031e-01
9.2583097645780543238913651293842121958733e-01
6.6346802398291271352093190216692164540291e-01
6.1442275689307490615931328648002818226814e-01
5.5109383535680789290012171477428637444973e-01
7.4336894685078336308947655197698622941971e-01
5.9419674964444257891926781667280010879040e-01
5.7922550451378229663390584391891025006771e-01
8.3460819534975838607238074473571032285690e-01
6.6346802398291271352093190216692164540291e-01
6.6346802398291271352093190216692164540291e-01
7.8305848550939272101345522969495505094528e-01
3.5962878562467354148779463685059454292059e-01
6.2490125013343433835188989178277552127838e-01
5.9664076241332586469923171534901484847069e-01
6.4248023084138117244634713642881251871586e-01
7.7648362498992451463664110633544623851776e-01
5.7368448342515587778933650042745284736156e-01
6.4248023084138117244634713642881251871586e-01
9.6268322211898238460747734279721044003963e-01
7.3715862555401756583961514479597099125385e-01
6.1622515540796773958476251209503971040249e-01
4.9754128173353906472442531594424508512020e-01
4.2239488358476956486597941875515971332788e-01
6.4192073877590183350605457235360518097878e-01
7.5491983070588752902096985053503885865211e-01
3.5479465321282954715087498698267154395580e-01
7.3715862555401656663889298215508460998535e-01
6.5400061445363433243471718014916405081749e-01
7.3715862555401134859067724391934461891651e-01
3.0295252446224352205206287180772051215172e-01
5.9664076241332375527548492755158804357052e-01
2.6596869558483837714391029294347390532494e-01
3.3984720485547226243028262615553103387356e-01
1.0232801004451119730731534218648448586464e-02
3.2710817988150742152697603160049766302109e-01
8.8873546406041583484158863370794279035181e-03
0.0000000000000000000000000000000000000000e+00
5.3076309802002641369256252801278606057167e-01
6.3758700971947890323576757509727030992508e-01
4.3968760606840262550321085655014030635357e-01
0.0000000000000000000000000000000000000000e+00
2.7697941730234043600233917459263466298580e-01
1.6972781407397299902051202025177190080285e-01
5.2957826299350363452589363078004680573940e-01
3.3645259708801400488908939223620109260082e-01
0.0000000000000000000000000000000000000000e+00
3.9883319047512794108811817750392947345972e-01
5.7200403152641599024974539133836515247822e-01
5.2333325842994515841866132177528925240040e-01
0.0000000000000000000000000000000000000000e+00
3.5962878562467354148779463685059454292059e-01
2.6596869558483837714391029294347390532494e-01
0.0000000000000000000000000000000000000000e+00
3.3984720485547226243028262615553103387356e-01
1.0232801004451119730731534218648448586464e-02
3.2710817988150742152697603160049766302109e-01
8.8873546406041583484158863370794279035181e-03
0.0000000000000000000000000000000000000000e+00
5.3076309802002641369256252801278606057167e-01
6.3758700971947890323576757509727030992508e-01
4.3968760606840262550321085655014030635357e-01
0.0000000000000000000000000000000000000000e+00
2.7697941730234043600233917459263466298580e-01
1.6972781407397299902051202025177190080285e-01
5.2957826299350363452589363078004680573940e-01
3.3645259708801400488908939223620109260082e-01
0.0000000000000000000000000000000000000000e+00
3.9883319047512794108811817750392947345972e-01
5.7200403152641599024974539133836515247822e-01
5.2333325842994515841866132177528925240040e-01
0.0000000000000000000000000000000000000000e+00
3.5962878562467354148779463685059454292059e-01
2.6596869558483837714391029294347390532494e-01
0.0000000000000000000000000000000000000000e+00
0.0000000000000000000000000000000000000000e+00
3.3984720485547226243028262615553103387356e-01
1.0232801004451119730731534218648448586464e-02
3.2710817988150742152697603160049766302109e-01
8.8873546406041583484158863370794279035181e-03
0.0000000000000000000000000000000000000000e+00
5.3076309802002641369256252801278606057167e-01
6.3758700971947890323576757509727030992508e-01
4.3968760606840262550321085655014030635357e-01
0.0000000000000000000000000000000000000000e+00
2.7697941730234043600233917459263466298580e-01
1.6972781407397299902051202025177190080285e-01
5.2957826299350363452589363078004680573940e-01
3.3645259708801400488908939223620109260082e-01
0.0000000000000000000000000000000000000000e+00
3.9883319047512794108811817750392947345972e-01
5.7200403152641599024974539133836515247822e-01
5.2333325842994515841866132177528925240040e-01
0.0000000000000000000000000000000000000000e+00
3.5962878562467354148779463685059454292059e-01
2.6596869558483837714391029294347390532494e-01
0.0000000000000000000000000000000000000000e+00
0.0000000000000000000000000000000000000000e+00
0.0000000000000000000000000000000000000000e+00
9.4889867149117904432387149427086114883423e+01
2.4646504117025941349439221994543913751841e-01
