1
0
23
7.4962620065364904409221935566165484488010e-01
4.2994274269258897502865579554054420441389e-01
2.7128430385727042573051903673331253230572e-01
7.4038821619811423513368708881898783147335e-01
0.0000000000000000000000000000000000000000e+00
6.0595027292181524725123153984895907342434e-01
4.6844510153296886612039884312252979725599e-01
3.3772794727679372739359564548067282885313e-01
1.0000000000000000000000000000000000000000e+00
7.6999315073381380258865647192578762769699e-01
7.5400271047396472123836019818554632365704e-01
0.0000000000000000000000000000000000000000e+00
6.4080329902219756998960065175197087228298e-01
7.4750139348838839925548427345347590744495e-01
9.2655605316581501895711880933959037065506e-01
6.4595147215709614041401209760806523263454e-01
0.0000000000000000000000000000000000000000e+00
9.4969607325980187617631145258201286196709e-01
4.1583322349754875402183529331523459404707e-01
7.3718622286387758268944025985547341406345e-01
6.9385533146509392743439548212336376309395e-01
1.0000000000000000000000000000000000000000e+00
4.1583322349754875402183529331523459404707e-01
7.4038821619811423513368708881898783147335e-01
7.3781233473930629696013738794135861098766e-01
7.4789027607939473352161030561546795070171e-01
7.6615508857202341275183243851643055677414e-01
8.3612122579031966651541551982518285512924e-01
6.1469294037652022488771308417199179530144e-01
6.1469294037652022488771308417199179530144e-01
7.3892173183021081506183236342621967196465e-01
7.4711199059853483639415117067983373999596e-01
7.3718622286387502917648362199543043971062e-01
3.9733256461452326480099372929544188082218e-01
7.2444297729924866935391492006601765751839e-01
6.7921632676473842060715924162650480866432e-01
7.3718622286387569531029839708935469388962e-01
3.9733256461452326480099372929544188082218e-01
1.0000000000000000000000000000000000000000e+00
8.5037940314959470367028870896319858729839e-01
5.2309953662026353882197327038738876581192e-01
7.3095304695462992583543382352218031883240e-01
7.8648086225025182205428109227796085178852e-01
5.5130951663239202709121400403091683983803e-01
6.7982266748434583281124332643230445683002e-01
5.3065890324593800730923476294265128672123e-01
0.0000000000000000000000000000000000000000e+00
6.2506318169633745540636482473928481340408e-01
4.1632632801397284616484739672159776091576e-01
5.4821167039797913389520545024424791336060e-01
8.1680360410786545521943935455055907368660e-01
9.1465720927042060139910972793586552143097e-01
5.7981329027035788392652193579124286770821e-01
6.5814577864406043072875718280556611716747e-01
3.9733256461452326480099372929544188082218e-01
6.5608553091660193334888617755495943129063e-01
2.0358448969888423563112667125096777454019e-01
5.2961387476852317401920799966319464147091e-01
7.5950078461567549492627904328401200473309e-01
5.0041551293469432870608670782530680298805e-01
1.0000000000000000000000000000000000000000e+00
3.3842051740418699345980257930932566523552e-01
1.0000000000000000000000000000000000000000e+00
8.8695650925647284701369699178030714392662e-01
1.0000000000000000000000000000000000000000e+00
9.0206825414012359320992118227877654135227e-01
2.0358448969888448543130721191118936985731e-01
7.8369490117425763542335914735303958877921e-02
7.9791071638082955441717558642267249524593e-01
5.5193162997109779244198080050409771502018e-01
6.1741832758562142924319005032884888350964e-01
8.7482119318880935399107556804665364325047e-01
1.0000000000000000000000000000000000000000e+00
6.9607370507054866504148549211095087230206e-01
6.5928993766632149053918965364573523402214e-01
5.7924352135509959982329064587247557938099e-01
8.7482119318880935399107556804665364325047e-01
5.7981329027035288792291112258681096136570e-01
7.7804224190543369577000021308776922523975e-01
5.5193162997109779244198080050409771502018e-01
3.9709126597714594630872397829080000519753e-01
1.0000000000000000000000000000000000000000e+00
7.4409885272124776101065890543395653367043e-01
1.0000000000000000000000000000000000000000e+00
8.3448616849065415657094035850604996085167e-01
9.9480282140339915120108571500168181955814e-01
1.0000000000000000000000000000000000000000e+00
8.4750436550931418366872094338759779930115e-01
7.3095304695462992583543382352218031883240e-01
4.9548871910253777794963525593630038201809e-01
4.8154065030768178345965679909568279981613e-01
6.9847919385111900680840335553511977195740e-01
3.2029325883384118789365402335533872246742e-01
9.4071597992903299711997533449903130531311e-01
6.7727062122313608227841541520319879055023e-01
8.6569388997885898806572413377580232918262e-01
7.3126318393939548911930614849552512168884e-01
9.5213172828923064994199876309721730649471e-01
1.0000000000000000000000000000000000000000e+00
9.2630533117415692068163934891344979405403e-01
8.3461254132330031652031721023377031087875e-01
4.9088390797410685895130200151470489799976e-01
5.4821167039797702447145866244682110846043e-01
4.9088390797410635935094092019426170736551e-01
8.7482119318880935399107556804665364325047e-01
7.4747720041556964254425565741257742047310e-01
0.0000000000000000000000000000000000000000e+00
6.7084049060417549892321176230325363576412e-01
9.6991199247960246943023321364307776093483e-01
7.0239357595811857670753397542284801602364e-01
9.3210120095003723417192986744339577853680e-01
6.4027407079451270632830528484191745519638e-01
5.6379150380338982628813937481027096509933e-01
7.8668781839004753297928118627169169485569e-01
8.6819574303132529546900286732125096023083e-01
6.3194595926192953516675743230734951794147e-01
4.1632632801397262412024247169028967618942e-01
7.5111948161684216618283471689210273325443e-01
7.0452321039706133909419349947711452841759e-01
6.9722528336923550451587061616010032594204e-01
8.6569142691463440986154864731361158192158e-01
3.5860103037479912346796595556952524930239e-01
7.1202047260333878320182066090637817978859e-01
8.5037940314959492571489363399450667202473e-01
6.0595027292181458111741676475503481924534e-01
8.7713502276410892921632012075860984623432e-01
5.4307689219415433701243500763666816055775e-01
6.2953655922821283308365991615573875606060e-01
7.8062713729679045204790099887759424746037e-01
8.1117679466044367853072571961092762649059e-01
6.6024237918290973325952109007630497217178e-01
6.9557252668484259583436823959345929324627e-01
7.8062713729679023000329607384628616273403e-01
7.1765248197260378404394032259006053209305e-01
6.7397490881402599693927868429454974830151e-01
7.8062713729679167329322808654978871345520e-01
7.7499459289001493278448151613702066242695e-01
5.4307689219415433701243500763666816055775e-01
7.4038821619811423513368708881898783147335e-01
7.8619752563018241442449607347953133285046e-01
7.8062713729679367169467241183156147599220e-01
7.7109553233620575785067785545834340155125e-01
6.9197699985262250965689645454403944313526e-01
7.4335200086281183473602141020819544792175e-01
1.0000000000000000000000000000000000000000e+00
8.3461254132329965038650243513984605669975e-01
5.6715268642690608302814325725194066762924e-01
6.5208509755080390490888930798973888158798e-01
6.4786730438321948888358292606426402926445e-01
7.8062713729679167329322808654978871345520e-01
8.1946312667340681645811173439142294228077e-01
9.2630533117415692068163934891344979405403e-01
7.8668781839004586764474424853688105940819e-01
7.8062713729679045204790099887759424746037e-01
5.2101535349490957216289643838535994291306e-01
7.4651420169283178029928649266366846859455e-01
6.6940229061323308634712248021969571709633e-01
8.9271333404538766309599395754048600792885e-01
1.0000000000000000000000000000000000000000e+00
1.0000000000000000000000000000000000000000e+00
8.8788527447467091580080023049958981573582e-01
6.1469294037652022488771308417199179530144e-01
1.0000000000000000000000000000000000000000e+00
2.7903349082930972713256778661161661148071e-01
8.3951880899482178577386548568028956651688e-01
2.8527665324892237386222859640838578343391e-01
7.1765248197260378404394032259006053209305e-01
1.0000000000000000000000000000000000000000e+00
0.0000000000000000000000000000000000000000e+00
1.0000000000000000000000000000000000000000e+00
6.1307068775827744389061990659683942794800e-01
1.0000000000000000000000000000000000000000e+00
0.0000000000000000000000000000000000000000e+00
7.9791071638082955441717558642267249524593e-01
4.6844510153296969878766731198993511497974e-01
7.1773089807293810604704731304082088172436e-01
7.8975114129453694022942045194213278591633e-01
1.0000000000000000000000000000000000000000e+00
6.7921632676473764345104200401692651212215e-01
6.7982266748434572178894086391665041446686e-01
1.0000000000000000000000000000000000000000e+00
7.8530252836536817984125491420854814350605e-01
5.4821167039797702447145866244682110846043e-01
5.0041551293469310746075962015311233699322e-01
7.0171288313112789580827666213735938072205e-01
5.9320008030340087845644347908091731369495e-01
5.3162184271565116056024180579697713255882e-01
8.2764260475984152698458728991681709885597e-01
6.0414661208470876729847987007815390825272e-01
6.0111214995834383323369820573134347796440e-01
5.2867653747379528272887228013132698833942e-01
3.6792604048778054792734337752335704863071e-01
5.1943343246636641818980706375441513955593e-01
5.2867152770369496561642108645173721015453e-01
6.0488883904346402164975415871595032513142e-01
7.2258653283272389344915609399322420358658e-01
4.6308672072388201712556110578589141368866e-01
5.7678970799262385682482090487610548734665e-01
8.5492103260283403010078018269268795847893e-01
6.7921632676473697731722722892300225794315e-01
5.5130951663239202709121400403091683983803e-01
3.9733256461452326480099372929544188082218e-01
3.4794856642579735650500083465885836631060e-01
6.0977540016665776612114768795436248183250e-01
6.9014998034190078168848003770108334720135e-01
2.6466551618914907484381160429620649665594e-01
6.9972781762863378585137752452283166348934e-01
6.0853978031986810659503817078075371682644e-01
7.2004435530390054065463800725410692393780e-01
1.9377437443873529732130123193201143294573e-01
4.8346206187192586334333554987097159028053e-01
1.9377437443873529732130123193201143294573e-01
2.7128430385727042573051903673331253230572e-01
0.0000000000000000000000000000000000000000e+00
3.3772794727679372739359564548067282885313e-01
0.0000000000000000000000000000000000000000e+00
0.0000000000000000000000000000000000000000e+00
4.1583322349754875402183529331523459404707e-01
6.1469294037652022488771308417199179530144e-01
3.9733256461452326480099372929544188082218e-01
0.0000000000000000000000000000000000000000e+00
2.0358448969888423563112667125096777454019e-01
7.8369490117425763542335914735303958877921e-02
5.5193162997109779244198080050409771502018e-01
3.2029325883384118789365402335533872246742e-01
0.0000000000000000000000000000000000000000e+00
3.5860103037479912346796595556952524930239e-01
5.4307689219415433701243500763666816055775e-01
5.2101535349490957216289643838535994291306e-01
0.0000000000000000000000000000000000000000e+00
3.6792604048778054792734337752335704863071e-01
1.9377437443873529732130123193201143294573e-01
0.0000000000000000000000000000000000000000e+00
2.7128430385727042573051903673331253230572e-01
0.0000000000000000000000000000000000000000e+00
3.3772794727679372739359564548067282885313e-01
0.0000000000000000000000000000000000000000e+00
0.0000000000000000000000000000000000000000e+00
4.1583322349754875402183529331523459404707e-01
6.1469294037652022488771308417199179530144e-01
3.9733256461452326480099372929544188082218e-01
0.0000000000000000000000000000000000000000e+00
2.0358448969888423563112667125096777454019e-01
7.8369490117425763542335914735303958877921e-02
5.5193162997109779244198080050409771502018e-01
3.2029325883384118789365402335533872246742e-01
0.0000000000000000000000000000000000000000e+00
3.5860103037479912346796595556952524930239e-01
5.4307689219415433701243500763666816055775e-01
5.2101535349490957216289643838535994291306e-01
0.0000000000000000000000000000000000000000e+00
3.6792604048778054792734337752335704863071e-01
1.9377437443873529732130123193201143294573e-01
0.0000000000000000000000000000000000000000e+00
0.0000000000000000000000000000000000000000e+00
2.7128430385727042573051903673331253230572e-01
0.0000000000000000000000000000000000000000e+00
3.3772794727679372739359564548067282885313e-01
0.0000000000000000000000000000000000000000e+00
0.0000000000000000000000000000000000000000e+00
4.1583322349754875402183529331523459404707e-01
6.1469294037652022488771308417199179530144e-01
3.9733256461452326480099372929544188082218e-01
0.0000000000000000000000000000000000000000e+00
2.0358448969888423563112667125096777454019e-01
7.8369490117425763542335914735303958877921e-02
5.5193162997109779244198080050409771502018e-01
3.2029325883384118789365402335533872246742e-01
0.0000000000000000000000000000000000000000e+00
3.5860103037479912346796595556952524930239e-01
5.4307689219415433701243500763666816055775e-01
5.2101535349490957216289643838535994291306e-01
0.0000000000000000000000000000000000000000e+00
3.6792604048778054792734337752335704863071e-01
1.9377437443873529732130123193201143294573e-01
0.0000000000000000000000000000000000000000e+00
0.0000000000000000000000000000000000000000e+00
0.0000000000000000000000000000000000000000e+00
9.4544480392561268899953574873507022857666e+01
2.1627050713555687200262411806761519983411e-01
