1
0
23
7.3260356405110493849264230448170565068722e-01
4.3393116180019430938585855983546935021877e-01
2.7757596130885697771617515172692947089672e-01
7.4619989951997034438591072103008627891541e-01
0.0000000000000000000000000000000000000000e+00
6.1061068051027522773921418774989433586597e-01
4.6962917124359276899170367869373876601458e-01
3.0644785230659798980212826791102997958660e-01
1.0000000000000000000000000000000000000000e+00
7.7513505058938436675930461206007748842239e-01
7.3112546625153207457969983806833624839783e-01
0.0000000000000000000000000000000000000000e+00
6.1061068051027522773921418774989433586597e-01
7.4619989951997989230392249737633392214775e-01
9.2730236886264827411707756255054846405983e-01
7.7023084602456282077298510557739064097404e-01
0.0000000000000000000000000000000000000000e+00
9.4206189764933390140555502512142993509769e-01
4.4901606818933309517305474400927778333426e-01
7.4711429465422052320633383715176023542881e-01
7.3112546625152796675450872498913668096066e-01
1.0000000000000000000000000000000000000000e+00
4.4901606818933309517305474400927778333426e-01
7.4619989951996690269453438304481096565723e-01
7.3706944981288213813996890166890807449818e-01
7.6793514580210930908776845171814784407616e-01
7.6299699842328305710026370434206910431385e-01
9.5838651262576679545901470191893167793751e-01
6.4328824872466638939982885858626104891300e-01
6.3654163365931415441423268930520862340927e-01
7.2817080826961921857787274348083883523941e-01
7.2784788065076655438900843364535830914974e-01
7.4711429465421852480488951186998747289181e-01
3.9696246484517844210770931567822117358446e-01
7.1936338315731052084345265029696747660637e-01
7.1318989205613247950310551459551788866520e-01
7.4711429465421619333653779904125258326530e-01
3.9696246484517844210770931567822117358446e-01
1.0000000000000000000000000000000000000000e+00
8.0860685940109644498363650200190022587776e-01
4.6598657287574224428183811141934711486101e-01
6.9747736534714832590253763555665500462055e-01
7.7407692912864911605197448807302862405777e-01
5.1865750788674380711285039069480262696743e-01
6.5716421303071737014533937326632440090179e-01
4.7904815171596693001987432580790482461452e-01
0.0000000000000000000000000000000000000000e+00
6.5350753246113058025912323500961065292358e-01
4.2697158691977782352111603358935099095106e-01
5.5989003955627869579814159806119278073311e-01
7.1351978658973536084886291064321994781494e-01
8.8371695586926379828440758501528762280941e-01
6.0652557154491693047759781620698049664497e-01
6.7773548722289111978511755296494811773300e-01
4.2997179215223924053645987441996112465858e-01
6.3751124900524880345642486645374447107315e-01
2.0804605452103874796421223436482250690460e-01
5.3230881014025055453231516366940923035145e-01
7.5787435343538356313786152895772829651833e-01
4.9787570018595400656025162788864690810442e-01
1.0000000000000000000000000000000000000000e+00
3.9196777068141441802140434447210282087326e-01
1.0000000000000000000000000000000000000000e+00
9.1911404135579999330474265661905519664288e-01
1.0000000000000000000000000000000000000000e+00
8.2252377078411276212221991954720579087734e-01
2.0804605452103874796421223436482250690460e-01
8.3800039464505191033616426921071251854300e-02
7.8701838003643953545207523347926326096058e-01
5.2684014918546306915914101409725844860077e-01
5.9099725172170536335869428512523882091045e-01
8.5405815816389463179802987724542617797852e-01
1.0000000000000000000000000000000000000000e+00
7.1994468607753003830396210105391219258308e-01
6.7404550703372378972488832005183212459087e-01
5.5647869432028851388594148374977521598339e-01
7.9774991951756990538058289530454203486443e-01
6.0652557154491459900924610337824560701847e-01
7.8701838003643953545207523347926326096058e-01
5.2684014918546306915914101409725844860077e-01
4.6423457956759101028509917341580148786306e-01
1.0000000000000000000000000000000000000000e+00
7.8485930834725892157877069621463306248188e-01
1.0000000000000000000000000000000000000000e+00
9.0879270249636223688582958857296034693718e-01
1.0000000000000000000000000000000000000000e+00
1.0000000000000000000000000000000000000000e+00
8.6119352818169936369940842268988490104675e-01
6.9747736534714832590253763555665500462055e-01
5.3646438515849592665318823492270894348621e-01
4.9248028969575663449376179414684884250164e-01
6.9187051177372060895010008607641793787479e-01
3.5544724727657672769254304512287490069866e-01
9.3005473598675514335099023810471408069134e-01
6.7168355424805914477559554143226705491543e-01
9.1137013028609636933197180042043328285217e-01
7.4070194063509509074805237105465494096279e-01
8.5331731037305691423000553186284378170967e-01
1.0000000000000000000000000000000000000000e+00
9.6182734998934971137884986092103645205498e-01
8.4294680380721087598061558310291729867458e-01
4.9787570018595311838183192776341456919909e-01
5.5989003955628258157872778610908426344395e-01
4.9787570018595400656025162788864690810442e-01
9.0012223726860096650881359892082400619984e-01
7.5039976185394718921628509633592329919338e-01
0.0000000000000000000000000000000000000000e+00
7.0139015152225359095439216616796329617500e-01
9.5756562780338361218213094616658054292202e-01
7.0578602048141625413535393818165175616741e-01
9.1926057937315996948512974995537661015987e-01
6.3845308602522643504073585063451901078224e-01
5.8385537542921794873507224110653623938560e-01
7.7235035442868360533452687377575784921646e-01
8.4719765083387721382734980579698458313942e-01
5.8140909626719705638464574803947471082211e-01
4.3416110084922610035107481962768360972404e-01
7.1301639183869258697967552507179789245129e-01
7.2398829973022960082573717954801395535469e-01
7.6068556678171883600469982411595992743969e-01
9.1137013028610525111616880167275667190552e-01
3.7096381291658464540716977353440597653389e-01
6.9923663693292037457638343767030164599419e-01
8.3383128464078826169725289219059050083160e-01
5.9099725172170536335869428512523882091045e-01
8.6137690097381824916311643391964025795460e-01
5.4203119214747075282900823367526754736900e-01
6.3464789503097052136837419311632402241230e-01
7.6299699842328683185854742987430654466152e-01
8.2541678755454450655548725990229286253452e-01
6.1626527445942469451978240613243542611599e-01
6.5744587825002287484466023670393042266369e-01
7.5699346107565135266526112900464795529842e-01
6.9846421099542477239907611874514259397984e-01
6.8489698795480780102451490165549330413342e-01
7.6299699842328494447940556710818782448769e-01
7.4219209480078629503907450271071866154671e-01
5.4203119214747075282900823367526754736900e-01
7.4619989951996501531539252027869224548340e-01
7.7235035442868460453524903641664423048496e-01
7.0578602048141625413535393818165175616741e-01
7.6299699842328116972112184157595038414001e-01
6.5762879338248536598143800802063196897507e-01
7.4568209669368534786570990036125294864178e-01
9.8851420918807342275158589472994208335876e-01
8.4294680380721087598061558310291729867458e-01
5.3007003054326906621440684830304235219955e-01
6.6838213121749767697821198453311808407307e-01
6.2625452618234112023287707415875047445297e-01
7.6299699842328627674703511729603633284569e-01
8.2767382421050461616118809615727514028549e-01
9.6182734998935059955726956104626879096031e-01
7.7235035442868216204459486107225529849529e-01
7.6299699842328772003696712999953888356686e-01
5.2068268875517931260077375554828904569149e-01
7.2925798037937561435484212779556401073933e-01
6.7391229138470321036180621376843191683292e-01
8.7741531513747461623609069647500291466713e-01
1.0000000000000000000000000000000000000000e+00
9.9484320074823018309473354747751727700233e-01
1.0000000000000000000000000000000000000000e+00
6.3654163365931415441423268930520862340927e-01
1.0000000000000000000000000000000000000000e+00
2.9835100043730622410009800660191103816032e-01
9.2203560948748886083592424256494268774986e-01
3.2657286651892591944346122545539401471615e-01
6.9846421099542477239907611874514259397984e-01
1.0000000000000000000000000000000000000000e+00
5.8673276486229108961367728625191375613213e-02
1.0000000000000000000000000000000000000000e+00
7.6246646042570165313634333870140835642815e-01
1.0000000000000000000000000000000000000000e+00
0.0000000000000000000000000000000000000000e+00
7.8701838003643953545207523347926326096058e-01
4.6962917124359276899170367869373876601458e-01
7.1685111079004637524292320449603721499443e-01
7.7513505058938625413844647482619620859623e-01
1.0000000000000000000000000000000000000000e+00
7.1318989205613292359231536465813405811787e-01
6.7732962703099131029915724866441451013088e-01
1.0000000000000000000000000000000000000000e+00
7.4917419032316900917578550433972850441933e-01
5.5989003955628258157872778610908426344395e-01
4.9787570018595311838183192776341456919909e-01
7.1994468607753003830396210105391219258308e-01
6.0593508794664097116822176758432760834694e-01
5.4324248107735806367912800851627252995968e-01
8.2451611588379747352917092939605936408043e-01
6.2161542748396236834906858348404057323933e-01
6.0727562832113324287064415329950861632824e-01
5.9256509371168608613089645587024278938770e-01
3.9081032849081609459318542576511390507221e-01
5.4942284134119590000011612573871389031410e-01
5.3498683324773799174778332599089480936527e-01
6.1348039354651873189538946462562307715416e-01
7.3917765406816582363092038576724007725716e-01
4.8530134113257450412248772408929653465748e-01
5.9545130229616338723985791148152202367783e-01
9.0117342628185803654616847779834643006325e-01
6.8744445820014388193186505304765887558460e-01
5.1865750788674380711285039069480262696743e-01
4.2997179215223924053645987441996112465858e-01
3.6230906132604262515073401118570473045111e-01
5.7620015070575636428884536144323647022247e-01
7.2495967342677847256027234834618866443634e-01
2.9232533507469876665751939981419127434492e-01
7.2780902098186361914855524446466006338596e-01
6.3664097462752144984676760941511020064354e-01
7.2495967342677847256027234834618866443634e-01
1.9256230892033177060085336051997728645802e-01
5.1117165749974791122411943433689884841442e-01
1.9256230892033177060085336051997728645802e-01
2.7757596130885697771617515172692947089672e-01
0.0000000000000000000000000000000000000000e+00
3.0644785230659798980212826791102997958660e-01
0.0000000000000000000000000000000000000000e+00
0.0000000000000000000000000000000000000000e+00
4.4901606818933309517305474400927778333426e-01
6.3654163365931415441423268930520862340927e-01
3.9696246484517844210770931567822117358446e-01
0.0000000000000000000000000000000000000000e+00
2.0804605452103874796421223436482250690460e-01
8.3800039464505191033616426921071251854300e-02
5.2684014918546306915914101409725844860077e-01
3.5544724727657672769254304512287490069866e-01
0.0000000000000000000000000000000000000000e+00
3.7096381291658464540716977353440597653389e-01
5.4203119214747075282900823367526754736900e-01
5.2068268875517931260077375554828904569149e-01
0.0000000000000000000000000000000000000000e+00
3.9081032849081609459318542576511390507221e-01
1.9256230892033177060085336051997728645802e-01
0.0000000000000000000000000000000000000000e+00
2.7757596130885697771617515172692947089672e-01
0.0000000000000000000000000000000000000000e+00
3.0644785230659798980212826791102997958660e-01
0.0000000000000000000000000000000000000000e+00
0.0000000000000000000000000000000000000000e+00
4.4901606818933309517305474400927778333426e-01
6.3654163365931415441423268930520862340927e-01
3.9696246484517844210770931567822117358446e-01
0.0000000000000000000000000000000000000000e+00
2.0804605452103874796421223436482250690460e-01
8.3800039464505191033616426921071251854300e-02
5.2684014918546306915914101409725844860077e-01
3.5544724727657672769254304512287490069866e-01
0.0000000000000000000000000000000000000000e+00
3.7096381291658464540716977353440597653389e-01
5.4203119214747075282900823367526754736900e-01
5.2068268875517931260077375554828904569149e-01
0.0000000000000000000000000000000000000000e+00
3.9081032849081609459318542576511390507221e-01
1.9256230892033177060085336051997728645802e-01
0.0000000000000000000000000000000000000000e+00
0.0000000000000000000000000000000000000000e+00
2.7757596130885697771617515172692947089672e-01
0.0000000000000000000000000000000000000000e+00
3.0644785230659798980212826791102997958660e-01
0.0000000000000000000000000000000000000000e+00
0.0000000000000000000000000000000000000000e+00
4.4901606818933309517305474400927778333426e-01
6.3654163365931415441423268930520862340927e-01
3.9696246484517844210770931567822117358446e-01
0.0000000000000000000000000000000000000000e+00
2.0804605452103874796421223436482250690460e-01
8.3800039464505191033616426921071251854300e-02
5.2684014918546306915914101409725844860077e-01
3.5544724727657672769254304512287490069866e-01
0.0000000000000000000000000000000000000000e+00
3.7096381291658464540716977353440597653389e-01
5.4203119214747075282900823367526754736900e-01
5.2068268875517931260077375554828904569149e-01
0.0000000000000000000000000000000000000000e+00
3.9081032849081609459318542576511390507221e-01
1.9256230892033177060085336051997728645802e-01
0.0000000000000000000000000000000000000000e+00
0.0000000000000000000000000000000000000000e+00
0.0000000000000000000000000000000000000000e+00
9.5200189758911889725823129992932081222534e+01
2.2426314602727986935448711847129743546247e-01
