1
0
23
7.4950181010723981867016618707566522061825e-01
4.3059044404799273753070565362577326595783e-01
2.6100491855099944293883140744583215564489e-01
7.5268263166119497853401298925746232271194e-01
0.0000000000000000000000000000000000000000e+00
6.0552659086331273030623378872405737638474e-01
4.9713422752709562901785034227941650897264e-01
3.6232969242794071940139133403135929256678e-01
1.0000000000000000000000000000000000000000e+00
7.9367438982391380619674237095750868320465e-01
7.8566164598844634436858314074925146996975e-01
0.0000000000000000000000000000000000000000e+00
6.7865569738973841040774459543172270059586e-01
7.9472093207854455076954991454840637743473e-01
9.3740163672023313345960104925325140357018e-01
7.5650525470575114006521744158817455172539e-01
0.0000000000000000000000000000000000000000e+00
9.3348286847771189123079693672480061650276e-01
3.8332278148892284797000229445984587073326e-01
7.2296435986114970795313183771213516592979e-01
6.9919169645339296348396374014555476605892e-01
1.0000000000000000000000000000000000000000e+00
3.8332278148892284797000229445984587073326e-01
7.5268263166119497853401298925746232271194e-01
7.1428769130146974042361307510873302817345e-01
7.5301555442129675110862763176555745303631e-01
7.7211580084757547304263880505459383130074e-01
8.4646943888685421963913313447847031056881e-01
6.2547447875669626160544112281058914959431e-01
6.2547447875669626160544112281058914959431e-01
7.4130681603064940698999407686642371118069e-01
7.7504986351183124959618453431176021695137e-01
7.5268263166119842022538932724273763597012e-01
4.0766815880872808719459499116055667400360e-01
6.8573563346056298772879245007061399519444e-01
6.5369776685044278519143290395732037723064e-01
7.5268263166119497853401298925746232271194e-01
4.0766815880872808719459499116055667400360e-01
1.0000000000000000000000000000000000000000e+00
8.5039106669828934403909670436405576765537e-01
5.3288702788218378358919835591223090887070e-01
7.3492446460111859884989371494157239794731e-01
7.1730900967952426761087281192885711789131e-01
5.8406409809534931554253489593975245952606e-01
7.0406046490748419586225281818769872188568e-01
5.5458437126704218655959266470745205879211e-01
0.0000000000000000000000000000000000000000e+00
6.0296939076500732923591385770123451948166e-01
4.2369985946946542298974236473441123962402e-01
5.4069563013940691309500152783584780991077e-01
7.9511446426310972146467292986926622688770e-01
9.0428643081551618454483332243398763239384e-01
5.5248458698310309866741363293840549886227e-01
6.4206402161214626289620355237275362014771e-01
4.0766815880872808719459499116055667400360e-01
6.1374819683520853708103004464646801352501e-01
1.9355278248871746193948695236031198874116e-01
5.3419899301159046167697397322626784443855e-01
7.5268263166119875329229671478969976305962e-01
5.0946628104117175350751267615123651921749e-01
1.0000000000000000000000000000000000000000e+00
3.0541115883305625100518909675884060561657e-01
9.9473948273587908808224256063112989068031e-01
8.9464058204281848851735503558302298188210e-01
1.0000000000000000000000000000000000000000e+00
9.2772212827206457230744263142696581780910e-01
1.9355278248872431756666401270194910466671e-01
5.9919496304221046834026509486648137681186e-02
8.0296038818737436315586819546297192573547e-01
5.5930185927380238197770268016029149293900e-01
6.1730642751715536498124947684118524193764e-01
8.8020156743192823345367514775716699659824e-01
1.0000000000000000000000000000000000000000e+00
7.0209029405416611968604456706088967621326e-01
7.0058026554090691018217285090941004455090e-01
5.8558728064138942936978082798304967582226e-01
8.8020156743192823345367514775716699659824e-01
5.5248458698309910186452498237485997378826e-01
7.2434047894595499084147149915224872529507e-01
5.2504693599024421235554882514406926929951e-01
4.0724798610948620414262677513761445879936e-01
1.0000000000000000000000000000000000000000e+00
7.6748187031058967555452454689657315611839e-01
1.0000000000000000000000000000000000000000e+00
7.9812806536602354245957258171983994543552e-01
9.4370133120605559362559233704814687371254e-01
1.0000000000000000000000000000000000000000e+00
8.4143006080176485639299244212452322244644e-01
7.1783856640592536013656399518367834389210e-01
5.0662261329892976924327285814797505736351e-01
4.7868076727242425683073179243365302681923e-01
6.9559688937653185725196181010687723755836e-01
2.4446653405866691777248433936620131134987e-01
9.2234002594729813662155493148020468652248e-01
6.7798516084099402778662124546826817095280e-01
8.6749008490279067018491332419216632843018e-01
7.5259064701463707081074971938505768775940e-01
9.6893991958418690391141581130796112120152e-01
1.0000000000000000000000000000000000000000e+00
8.9464058204281848851735503558302298188210e-01
8.3123002045153371319941015826771035790443e-01
4.9311525020231178340068822762987110763788e-01
5.3989348522449831513370099855819717049599e-01
4.9311525020231650184854288454516790807247e-01
8.8912956302634282845787083715549670159817e-01
7.3187161433346892280837892030831426382065e-01
0.0000000000000000000000000000000000000000e+00
6.5558812741733407669642019754974171519279e-01
9.4398215148703179533384854948963038623333e-01
7.0631188484110318803743666649097576737404e-01
9.6789521809111200845165967621142044663429e-01
6.9683486043640696649958954367320984601974e-01
5.7998714879186508142083766870200634002686e-01
7.7559600021415275872271877233288250863552e-01
8.8511442352902347519005843423656187951565e-01
5.5081750606505175404947749484563246369362e-01
4.2369985946947180677213395938451867550611e-01
7.2434047894595288141772471135482192039490e-01
7.0058026554090691018217285090941004455090e-01
7.1894253758082493632741716282907873392105e-01
8.6749008490279067018491332419216632843018e-01
3.9302852780600538995514625639771111309528e-01
6.9954163772303945556529924942879006266594e-01
8.5039106669828468110239327870658598840237e-01
5.9791352721461754615717154592857696115971e-01
8.8614674128206127878826237065368331968784e-01
5.2555385311030866635206848513917066156864e-01
6.2115253905445444448929492864408530294895e-01
7.8422404862077044196411179655115120112896e-01
8.1073768664754597423893756058532744646072e-01
6.6158576061520968369933370922808535397053e-01
6.8979669347045424743214425689075142145157e-01
7.8422404862077044196411179655115120112896e-01
7.1714123073916691275542234507156535983086e-01
6.3948133662587491876649892219575121998787e-01
7.8731516115777566700018041956354863941669e-01
7.8422404862076744436194530862849205732346e-01
5.2484201286221221494088240433484315872192e-01
7.4099380547471183078300782653968781232834e-01
7.7036527421136535842549619701458141207695e-01
7.7559600021415142645508922214503400027752e-01
7.6877073436471987655238535808166489005089e-01
7.0871616276936011402654003177303820848465e-01
7.5182739680901444767613384101423434913158e-01
9.8897428961060462881960120284929871559143e-01
8.4143006080176485639299244212452322244644e-01
5.4580858954864508447712978522758930921555e-01
6.4856826889604879404771509143756702542305e-01
6.1444494504594271422348583655548281967640e-01
7.8210024749805662214185986158554442226887e-01
8.1511258712897927125595742836594581604004e-01
8.9464058204281737829433041042648255825043e-01
7.7559600021415142645508922214503400027752e-01
7.8422404862076933174108717139461077749729e-01
5.4580858954864508447712978522758930921555e-01
7.1542471654425465743543099961243569850922e-01
6.5416410304967054223368450038833543658257e-01
9.1663148389510862301676752394996583461761e-01
1.0000000000000000000000000000000000000000e+00
1.0000000000000000000000000000000000000000e+00
8.4260874771965121876604598583071492612362e-01
6.3120684448117858611482233754941262304783e-01
1.0000000000000000000000000000000000000000e+00
3.3689278456333027200741980777820572257042e-01
7.7122986479496469236494249344104900956154e-01
2.5640369030696785745959687119466252624989e-01
7.1714123073916691275542234507156535983086e-01
1.0000000000000000000000000000000000000000e+00
0.0000000000000000000000000000000000000000e+00
1.0000000000000000000000000000000000000000e+00
5.9791352721462254216078235913300886750221e-01
9.2624782761267199227006585715571418404579e-01
0.0000000000000000000000000000000000000000e+00
8.0296038818737436315586819546297192573547e-01
4.9713422752710367813477887466433458030224e-01
7.5676846248453721877069710899377241730690e-01
7.9367438982391413926364975850447081029415e-01
1.0000000000000000000000000000000000000000e+00
6.5369776685044600483820431691128760576248e-01
7.0406046490748419586225281818769872188568e-01
1.0000000000000000000000000000000000000000e+00
8.6453501776509478204957304114941507577896e-01
5.4069563013940846740723600305500440299511e-01
5.0946628104116609137008708785288035869598e-01
7.1714123073915803097122534381924197077751e-01
6.0971782197976864825506027045776136219501e-01
5.4362005427780313304708670330001041293144e-01
8.0382327321752278237454447662457823753357e-01
6.2568692611232867850645789076224900782108e-01
6.0277694531229153440676782338414341211319e-01
5.2118949357462385219008638159721158444881e-01
4.4423982280385532206423704337794333696365e-01
5.1205944616457144125121203614980913698673e-01
5.4487572465339939586925765979685820639133e-01
6.3533614643646441066948682419024407863617e-01
7.4752401721396799505470198710099793970585e-01
4.5158164928816724170701490947976708412170e-01
5.6014463845705175781830575942876748740673e-01
8.7065771411735703999568158906185999512672e-01
6.8545038908647848430177873524371534585953e-01
5.8406409809534931554253489593975245952606e-01
3.8572346739202068022223102161660790443420e-01
3.3528446941837719563750397355761379003525e-01
6.0265532305986924122009895654628053307533e-01
6.6619729791473281110825155337806791067123e-01
2.8802630772418869042894584708847105503082e-01
7.1576796123568475760379214989370666444302e-01
5.9970288036744545667744432648760266602039e-01
7.0622344512432300156490327935898676514626e-01
1.7646955264762095860753277065668953582644e-01
5.1592843460820037027048101663240231573582e-01
1.7646955264762095860753277065668953582644e-01
2.6100491855099944293883140744583215564489e-01
0.0000000000000000000000000000000000000000e+00
3.6232969242794071940139133403135929256678e-01
0.0000000000000000000000000000000000000000e+00
0.0000000000000000000000000000000000000000e+00
3.8332278148892284797000229445984587073326e-01
6.2547447875669626160544112281058914959431e-01
4.0766815880872808719459499116055667400360e-01
0.0000000000000000000000000000000000000000e+00
1.9355278248871746193948695236031198874116e-01
5.9919496304221046834026509486648137681186e-02
5.2504693599024421235554882514406926929951e-01
2.4446653405866691777248433936620131134987e-01
0.0000000000000000000000000000000000000000e+00
3.9302852780600538995514625639771111309528e-01
5.2484201286221221494088240433484315872192e-01
5.4580858954864508447712978522758930921555e-01
0.0000000000000000000000000000000000000000e+00
4.4423982280385532206423704337794333696365e-01
1.7646955264762095860753277065668953582644e-01
0.0000000000000000000000000000000000000000e+00
2.6100491855099944293883140744583215564489e-01
0.0000000000000000000000000000000000000000e+00
3.6232969242794071940139133403135929256678e-01
0.0000000000000000000000000000000000000000e+00
0.0000000000000000000000000000000000000000e+00
3.8332278148892284797000229445984587073326e-01
6.2547447875669626160544112281058914959431e-01
4.0766815880872808719459499116055667400360e-01
0.0000000000000000000000000000000000000000e+00
1.9355278248871746193948695236031198874116e-01
5.9919496304221046834026509486648137681186e-02
5.2504693599024421235554882514406926929951e-01
2.4446653405866691777248433936620131134987e-01
0.0000000000000000000000000000000000000000e+00
3.9302852780600538995514625639771111309528e-01
5.2484201286221221494088240433484315872192e-01
5.4580858954864508447712978522758930921555e-01
0.0000000000000000000000000000000000000000e+00
4.4423982280385532206423704337794333696365e-01
1.7646955264762095860753277065668953582644e-01
0.0000000000000000000000000000000000000000e+00
0.0000000000000000000000000000000000000000e+00
2.6100491855099944293883140744583215564489e-01
0.0000000000000000000000000000000000000000e+00
3.6232969242794071940139133403135929256678e-01
0.0000000000000000000000000000000000000000e+00
0.0000000000000000000000000000000000000000e+00
3.8332278148892284797000229445984587073326e-01
6.2547447875669626160544112281058914959431e-01
4.0766815880872808719459499116055667400360e-01
0.0000000000000000000000000000000000000000e+00
1.9355278248871746193948695236031198874116e-01
5.9919496304221046834026509486648137681186e-02
5.2504693599024421235554882514406926929951e-01
2.4446653405866691777248433936620131134987e-01
0.0000000000000000000000000000000000000000e+00
3.9302852780600538995514625639771111309528e-01
5.2484201286221221494088240433484315872192e-01
5.4580858954864508447712978522758930921555e-01
0.0000000000000000000000000000000000000000e+00
4.4423982280385532206423704337794333696365e-01
1.7646955264762095860753277065668953582644e-01
0.0000000000000000000000000000000000000000e+00
0.0000000000000000000000000000000000000000e+00
0.0000000000000000000000000000000000000000e+00
9.4837369147872479402394674252718687057495e+01
2.1068405414384352991596927040518494322896e-01
