1
0
23
7.1949571251097355073511607770342379808426e-01
4.3333360828625505645206317240081261843443e-01
3.7751636852604092409180225331510882824659e-01
7.4993118656133017640996740738046355545521e-01
0.0000000000000000000000000000000000000000e+00
6.7069899318152570444340199173893779516220e-01
5.1074765084814177651395539214718155562878e-01
2.8097189089431268138596919925475958734751e-01
1.0000000000000000000000000000000000000000e+00
7.9570460722303681944111986013012938201427e-01
6.8880075433896070791206511785276234149933e-01
3.1930377010106182622539705562303424812853e-02
6.8322028440342208455149375367909669876099e-01
6.5622491309504915601991115181590430438519e-01
9.0963873066828060398592015189933590590954e-01
5.6893908459949649181197628422523848712444e-01
0.0000000000000000000000000000000000000000e+00
8.3444809296642419305101157078752294182777e-01
5.5428847562858873931901371179264970123768e-01
7.5710671663688555721449802149436436593533e-01
7.6260798431460952162552757727098651230335e-01
8.8420337056104514328325194583158008754253e-01
5.5428847562858873931901371179264970123768e-01
6.8702509415808166171046877934713847935200e-01
6.8956106053152654844495828001527115702629e-01
7.9143568471940228814531792522757314145565e-01
7.6431824620783617163510825776029378175735e-01
1.0000000000000000000000000000000000000000e+00
7.1992838706256356839929821944679133594036e-01
5.0795705115268319218557735439389944076538e-01
7.2420342373240376154797104391036555171013e-01
6.9033635691462336136936528419028036296368e-01
7.9143568471940317632373762535280548036098e-01
4.1228798441709030297985805191274266690016e-01
9.1606134429672902985686278043431229889393e-01
7.4186087188013294380084516888018697500229e-01
7.0777220659255535295528716233093291521072e-01
4.0687939307344139772126823118014726787806e-01
6.7395410119207910248917414719471707940102e-01
9.7244101166786200973746190356905572116375e-01
5.9487665155704361197308571718167513608932e-01
7.8421128754938151939057888739625923335552e-01
6.6992070716620744086355898616602644324303e-01
5.9487665155704361197308571718167513608932e-01
6.7395410119207410648556333399028517305851e-01
5.7723334549000382409644771541934460401535e-01
0.0000000000000000000000000000000000000000e+00
7.2420342373240376154797104391036555171013e-01
5.5082900434580495119263332526315934956074e-01
5.8931484630128383450653473119018599390984e-01
8.2938080980521911023117809236282482743263e-01
9.2767937169000846964195261534769088029861e-01
6.2313652240124750569805200939299538731575e-01
7.2833604427742226761210986296646296977997e-01
5.4090603670900827548706502057029865682125e-01
6.9827773315158270239777493770816363394260e-01
3.4009639552231213377453400426020380109549e-01
5.8181176130300416016183362444280646741390e-01
7.2704974618985573897589347325265407562256e-01
5.6103162838093212361201267412980087101460e-01
1.0000000000000000000000000000000000000000e+00
5.1663671521663745433983194743632338941097e-01
1.0000000000000000000000000000000000000000e+00
8.2186562218650904831918069248786196112633e-01
1.0000000000000000000000000000000000000000e+00
8.8917742586464598719686591721256263554096e-01
3.4009639552231168968532415419758763164282e-01
2.0474831696871931274728240168769843876362e-01
7.9440875002386102110563115274999290704727e-01
5.2889651952823357738964205054799094796181e-01
5.8551037147664464210805590482777915894985e-01
7.9432619880487098651400401649880222976208e-01
1.0000000000000000000000000000000000000000e+00
7.2019880446713313570938908014795742928982e-01
6.1861514979113318979386804130626842379570e-01
5.7984643702680449539599294439540244638920e-01
7.9432619880487098651400401649880222976208e-01
8.6648854171106537425117721795686520636082e-01
9.0635324411422824031348000062280334532261e-01
4.7061038581812403291948498917918186634779e-01
5.4465209338079711987035125275724567472935e-01
1.0000000000000000000000000000000000000000e+00
8.9933264127180889691004495034576393663883e-01
1.0000000000000000000000000000000000000000e+00
7.9222457891649034067427237459924072027206e-01
1.0000000000000000000000000000000000000000e+00
1.0000000000000000000000000000000000000000e+00
8.5724018765644416362192714586853981018066e-01
7.0987187677886620651435123363626189529896e-01
5.9350860159785057135195529554039239883423e-01
5.3689009618803618106852582059218548238277e-01
7.0987187677886420811290690835448913276196e-01
4.8409607268390975054472846750286407768726e-01
9.6476305270319850926341587182832881808281e-01
7.1845259153053364631347221802570857107639e-01
8.6037343100721563882160580760682933032513e-01
8.2847030179016656337154245193232782185078e-01
9.5161155454110757379027063507237471640110e-01
1.0000000000000000000000000000000000000000e+00
9.5315665564161811129650914153899066150188e-01
9.0537385279914817104440771800000220537186e-01
5.5818655675593931153599669414688833057880e-01
6.5039105956878129344289618529728613793850e-01
5.1631713736636253297973553344490937888622e-01
8.5526023473914514205773684807354584336281e-01
8.1069262860248170188270933067542500793934e-01
0.0000000000000000000000000000000000000000e+00
6.6942623830123659800506175088230520486832e-01
7.9570460722303681944111986013012938201427e-01
6.6841366282312275615140606532804667949677e-01
7.7721040289459331074084502688492648303509e-01
7.2785050361168857069316118213464505970478e-01
7.1992838706256356839929821944679133594036e-01
7.7721040289458986904946868889965116977692e-01
8.7295868238040696951429708860814571380615e-01
5.6610212687683847399000569566851481795311e-01
5.6258172588309529604799763546907342970371e-01
7.7721040289458986904946868889965116977692e-01
7.6606778070801284652446838663308881223202e-01
8.7295868238040719155890201363945379853249e-01
9.3706286565866647730871363819460384547710e-01
3.5003244351897894182101822480035480111837e-01
6.8702509415808166171046877934713847935200e-01
8.7955344773477017739082839398179203271866e-01
6.5956451204414978661816348903812468051910e-01
8.3438104843995575254922414387692697346210e-01
6.2670406468599260119134441993082873523235e-01
6.5956451204414978661816348903812468051910e-01
7.5646329046011329122478628050885163247585e-01
8.0402093609259228657037965604104101657867e-01
5.6613514736443404373744670010637491941452e-01
6.6732139035834059370699833380058407783508e-01
7.7233192323307620075212298615952022373676e-01
6.7978504714212673043505219538928940892220e-01
7.3979483946614132960917231685016304254532e-01
8.1481553433110331940980586296063847839832e-01
7.5646329046011329122478628050885163247585e-01
5.6613514736443404373744670010637491941452e-01
6.8702509415808166171046877934713847935200e-01
7.9992849143094491015659741606214083731174e-01
6.6965150613786417199690959023428149521351e-01
7.8363840631979297945974849426420405507088e-01
6.2669792776243860021878617772017605602741e-01
7.8749341438230102685480460422695614397526e-01
9.4653490447064347890204771829303354024887e-01
8.6971074836563933008193316709366627037525e-01
4.9075647419043721964015958292293362319469e-01
6.8796719982396614678776813889271579682827e-01
6.2348684715054980554072017184807918965816e-01
7.5946607913161889857889264021650888025761e-01
8.3962847724765943269176204921677708625793e-01
9.5696146539627546800943491689395159482956e-01
7.9992849143094457708969002851517871022224e-01
7.5646329046011329122478628050885163247585e-01
4.9075647419043721964015958292293362319469e-01
9.5748955133811086692929848140920512378216e-01
9.9480439892190142270322894546552561223507e-01
8.7283617753170672504126059720874764025211e-01
9.6991317036325119804729411043808795511723e-01
1.0000000000000000000000000000000000000000e+00
9.0069159558723665970347838083398528397083e-01
6.1752602239183851384751733348821289837360e-01
9.0222682373259310839586078145657666027546e-01
6.1749851825976531660700175052625127136707e-01
8.9759214252959462765346643209340982139111e-01
4.2673274013614037603048245728132314980030e-01
6.7978504714212673043505219538928940892220e-01
1.0000000000000000000000000000000000000000e+00
2.0161407890440030676870719616999849677086e-01
1.0000000000000000000000000000000000000000e+00
8.4565256294524981939275676268152892589569e-01
1.0000000000000000000000000000000000000000e+00
0.0000000000000000000000000000000000000000e+00
7.9619367517317540805521502988995052874088e-01
5.4746568803153417004381253718747757375240e-01
7.8942395079535809809812008097651414573193e-01
7.9735827364995137678249648160999640822411e-01
1.0000000000000000000000000000000000000000e+00
7.6260798431460952162552757727098651230335e-01
6.3150730647788688720822847244562581181526e-01
9.1609693701167627111203728418331593275070e-01
5.9058389513561360129045851863338612020016e-01
5.8931484630128405655113965622149407863617e-01
5.6103162838092757169761171098798513412476e-01
7.2019880446713169241945706744445487856865e-01
6.3150730647788599902980877232039347290993e-01
5.3591973718971852580494896756135858595371e-01
8.3137148931376236848933558576391078531742e-01
6.3952098350313391073029833933105692267418e-01
6.4701003735517859105641491623828187584877e-01
6.9837742232188371183099206973565742373466e-01
3.1846167176402540022195353230927139520645e-01
6.8702509415807955228672199154971167445183e-01
6.8027662776147690415484703407855704426765e-01
6.6965150613786417199690959023428149521351e-01
7.6682218721054695720340532716363668441772e-01
6.1351961757648487694183359053567983210087e-01
6.6204778357967786206472737831063568592072e-01
8.8542323748593643184534585088840685784817e-01
7.4186087188013472015768456913065165281296e-01
5.9487665155704361197308571718167513608932e-01
5.4090603670900827548706502057029865682125e-01
4.4319935018587608421825052573694847524166e-01
6.2151688341068600518468656446202658116817e-01
7.5022468170481870775034849430085159838200e-01
3.6584880308570721929584124154644086956978e-01
7.8091203823129351491161287412978708744049e-01
6.6732139035834059370699833380058407783508e-01
6.5912785964975550978550700165214948356152e-01
4.2673274013613604616068641917081549763680e-01
5.9531810445104782480996163940289989113808e-01
3.0649980445162439135486920349649153649807e-01
3.7751636852604092409180225331510882824659e-01
0.0000000000000000000000000000000000000000e+00
2.8097189089431268138596919925475958734751e-01
3.1930377010106182622539705562303424812853e-02
0.0000000000000000000000000000000000000000e+00
5.5428847562858873931901371179264970123768e-01
5.0795705115268319218557735439389944076538e-01
4.0687939307344139772126823118014726787806e-01
0.0000000000000000000000000000000000000000e+00
3.4009639552231213377453400426020380109549e-01
2.0474831696871931274728240168769843876362e-01
4.7061038581812403291948498917918186634779e-01
4.8409607268390975054472846750286407768726e-01
0.0000000000000000000000000000000000000000e+00
3.5003244351897894182101822480035480111837e-01
5.6613514736443404373744670010637491941452e-01
4.9075647419043721964015958292293362319469e-01
0.0000000000000000000000000000000000000000e+00
3.1846167176402540022195353230927139520645e-01
3.0649980445162439135486920349649153649807e-01
0.0000000000000000000000000000000000000000e+00
3.7751636852604092409180225331510882824659e-01
0.0000000000000000000000000000000000000000e+00
2.8097189089431268138596919925475958734751e-01
3.1930377010106182622539705562303424812853e-02
0.0000000000000000000000000000000000000000e+00
5.5428847562858873931901371179264970123768e-01
5.0795705115268319218557735439389944076538e-01
4.0687939307344139772126823118014726787806e-01
0.0000000000000000000000000000000000000000e+00
3.4009639552231213377453400426020380109549e-01
2.0474831696871931274728240168769843876362e-01
4.7061038581812403291948498917918186634779e-01
4.8409607268390975054472846750286407768726e-01
0.0000000000000000000000000000000000000000e+00
3.5003244351897894182101822480035480111837e-01
5.6613514736443404373744670010637491941452e-01
4.9075647419043721964015958292293362319469e-01
0.0000000000000000000000000000000000000000e+00
3.1846167176402540022195353230927139520645e-01
3.0649980445162439135486920349649153649807e-01
0.0000000000000000000000000000000000000000e+00
0.0000000000000000000000000000000000000000e+00
3.7751636852604092409180225331510882824659e-01
0.0000000000000000000000000000000000000000e+00
2.8097189089431268138596919925475958734751e-01
3.1930377010106182622539705562303424812853e-02
0.0000000000000000000000000000000000000000e+00
5.5428847562858873931901371179264970123768e-01
5.0795705115268319218557735439389944076538e-01
4.0687939307344139772126823118014726787806e-01
0.0000000000000000000000000000000000000000e+00
3.4009639552231213377453400426020380109549e-01
2.0474831696871931274728240168769843876362e-01
4.7061038581812403291948498917918186634779e-01
4.8409607268390975054472846750286407768726e-01
0.0000000000000000000000000000000000000000e+00
3.5003244351897894182101822480035480111837e-01
5.6613514736443404373744670010637491941452e-01
4.9075647419043721964015958292293362319469e-01
0.0000000000000000000000000000000000000000e+00
3.1846167176402540022195353230927139520645e-01
3.0649980445162439135486920349649153649807e-01
0.0000000000000000000000000000000000000000e+00
0.0000000000000000000000000000000000000000e+00
0.0000000000000000000000000000000000000000e+00
9.5373447895856557465776859316974878311157e+01
2.7853159644495978364275856620224658399820e-01
