1
0
23
1.0000000000000000000000000000000000000000e+00
2.9700747887981593375883448970853351056576e-01
1.8365303058952905934653188069205498322845e-01
4.9322051900375829536216087944922037422657e-01
8.2200183158771381042306813924369635060430e-02
4.7466333724489739864793591550551354885101e-01
4.3076527422392479893531458401412237435579e-01
0.0000000000000000000000000000000000000000e+00
6.8472321498524635341453858927707187831402e-01
2.5880918132523228480934562867332715541124e-01
3.5341116580558923354615785683563444763422e-01
5.8666568507959822309505426574105513282120e-02
4.4152486720221073568382053053937852382660e-01
7.7703212943881161400838664121693000197411e-01
6.4096983579456978663557720210519619286060e-01
4.2859081705897633662871726301091257482767e-01
0.0000000000000000000000000000000000000000e+00
7.4705464147663280805033991782693192362785e-01
5.8849075866011535396182807744480669498444e-01
7.2448250060158070340321501134894788265228e-01
3.4190801358726236047758106906258035451174e-01
5.1766250469127572664262970647541806101799e-01
1.8551849890333863002389591656537959352136e-01
4.7466333724489739864793591550551354885101e-01
4.8472819644757580981320188584504649043083e-01
3.8904494153119134614016161322069820016623e-01
5.8317431593201130013426336518023163080215e-01
5.7346409610501858367115346482023596763611e-01
2.8236400548942891530757037799048703163862e-01
8.9526850506306321353378052663174457848072e-02
5.6204363533553547416232731848140247166157e-01
8.7965543612284502472675740136764943599701e-01
4.4601234434177916554631337930914014577866e-01
5.1084853268255092650917958962963894009590e-01
9.1934977324498845518974121659994125366211e-01
6.2316594110828171793059482297394424676895e-01
6.2316594110828171793059482297394424676895e-01
3.4347617833258514696836982693639583885670e-01
6.4850881644080193844104087474988773465157e-01
7.0598889211585602598830746501334942877293e-01
9.6574880294633613786459136463236063718796e-01
4.9737433663566510411158105853246524930000e-01
1.0000000000000000000000000000000000000000e+00
6.7263606145324539298258059716317802667618e-01
4.7331491166564670924898905468580778688192e-01
4.6610386686249660748160295042907819151878e-01
0.0000000000000000000000000000000000000000e+00
6.4900014534556160761269438808085396885872e-01
5.5419066325727117661159581984975375235081e-01
2.6027878029649398339273602687171660363674e-01
6.3988986679218473607733130847918801009655e-01
1.0000000000000000000000000000000000000000e+00
3.6919525430981120495133041004010010510683e-01
4.8472819644757580981320188584504649043083e-01
3.4347617833258514696836982693639583885670e-01
1.0000000000000000000000000000000000000000e+00
2.0174597065424959563273432650021277368069e-01
6.4900014534555983125585498783038929104805e-01
4.3076527422392479893531458401412237435579e-01
5.7214120681510738375408209321903996169567e-01
6.5124495266150861372267399929114617407322e-01
4.4885188853996660363065984711283817887306e-01
8.2719839709344578082550469844136387109756e-01
9.2240613185769804172053909496753476560116e-01
1.0000000000000000000000000000000000000000e+00
8.3428078985330333949832493090070784091949e-01
2.0174597065425048381115402662544511258602e-01
2.0174597065425048381115402662544511258602e-01
4.4317814130756516544096257348428480327129e-01
2.2193129633596864191957820366951636970043e-01
4.7708736060393491795750264827802311629057e-01
3.5569768009390545504544434152194298803806e-01
9.7335963596402430564324959050281904637814e-01
3.5208035570464168984017305774614214897156e-01
2.2550992729573995920766549261315958574414e-01
3.4347617833258514696836982693639583885670e-01
8.2482204270448844507512831114581786096096e-01
6.1071187021656481164200158673338592052460e-01
6.3143744863170792047668555824202485382557e-01
0.0000000000000000000000000000000000000000e+00
4.3632552204255986572078995777701493352652e-01
9.7476779168237248640593861637171357870102e-01
5.6453841748226940566723897063639014959335e-01
1.0000000000000000000000000000000000000000e+00
1.0000000000000000000000000000000000000000e+00
8.7364553520825838361929527309257537126541e-01
9.2668354645366757260660506290150806307793e-01
7.3831410980262046628297412098618224263191e-01
1.0000000000000000000000000000000000000000e+00
4.9573916691193009587124151948955841362476e-01
4.8890766457809925471522660700429696589708e-01
5.6471764118067424575997392821591347455978e-01
4.3632552204255986572078995777701493352652e-01
6.3313143669772420363273113252944312989712e-01
7.1686688439091283964188505706260912120342e-01
4.9594811707084107688103813416091725230217e-01
8.1194309797885311219545201311120763421059e-01
3.7162274127301764270470130213652737438679e-01
9.9773965845275969233085788800963200628757e-01
5.5537414026533771238547387838480062782764e-01
6.2316594110827905339533572259824723005295e-01
3.9724606965885989051656679293955676257610e-01
2.7882849875530446581706200959160923957825e-01
3.9724606965886283260758204960438888520002e-01
8.5585055084118033530415914356126450002193e-01
6.6805658208658058594409112629364244639874e-01
0.0000000000000000000000000000000000000000e+00
6.0285606043039086099355472470051608979702e-01
3.5961558945518667940177692798897624015808e-01
3.6655665604858267414556394214741885662079e-01
6.0928113511989745454400235757930204272270e-01
7.3473089806266000945100813623866997659206e-01
4.2059477052170807231945559578889515250921e-01
4.8167454805755943736400581656198482960463e-01
4.9268551852191760920263163825438823550940e-01
1.0893353732359582763944416683443705551326e-01
4.8792041854139039935844834872114006429911e-01
8.5000490563465824767064304978703148663044e-01
4.0643430325161916671916628729377407580614e-01
9.0679230043009495521033613840700127184391e-01
8.5585055084118033530415914356126450002193e-01
0.0000000000000000000000000000000000000000e+00
3.5506994532063140823652247490826994180679e-01
8.5912584681844283984730736847268417477608e-01
4.7708736060393491795750264827802311629057e-01
5.3649822039500683068524722330039367079735e-01
2.7347425709076289557231120852520689368248e-01
1.8551849890333863002389591656537959352136e-01
4.8167454805755943736400581656198482960463e-01
4.9268551852191760920263163825438823550940e-01
9.1533727612760362735144781254348345100880e-01
9.8696946922885808728409529066993854939938e-01
4.8167454805755943736400581656198482960463e-01
1.1697827306136056313423665642403648234904e-01
4.9268551852191466711161638158955611288548e-01
6.7002137943282269461064970528241246938705e-01
2.7482003349155353921773325964750256389380e-01
1.1697827306136056313423665642403648234904e-01
5.3416354018440648232513012771960347890854e-01
1.0000000000000000000000000000000000000000e+00
5.6153008865412012973195032827788963913918e-01
6.6627314819403471446435105463024228811264e-01
4.5721710912154717165734041373070795089006e-01
6.7977666178427753607138583902269601821899e-01
6.8597818015074407682618584658484905958176e-01
7.9916479036993326445781349320895969867706e-01
1.0000000000000000000000000000000000000000e+00
5.9037741404848098625279817497357726097107e-01
5.7214120681510738375408209321903996169567e-01
5.9037741404848542714489667559973895549774e-01
5.7116654252689147419630444346694275736809e-01
6.7002137943282258358834724276675842702389e-01
4.9268551852191372342204545020649675279856e-01
5.7214120681510738375408209321903996169567e-01
2.9468635849211760602273102449544239789248e-01
1.0000000000000000000000000000000000000000e+00
9.5237975425472720658603975607547909021378e-01
7.3426207997062842292024242851766757667065e-01
1.0000000000000000000000000000000000000000e+00
0.0000000000000000000000000000000000000000e+00
1.0000000000000000000000000000000000000000e+00
5.5193409391798442520382650400279089808464e-01
8.3111631874625135907308504101820290088654e-01
1.0000000000000000000000000000000000000000e+00
1.0000000000000000000000000000000000000000e+00
1.0000000000000000000000000000000000000000e+00
1.0000000000000000000000000000000000000000e+00
1.0000000000000000000000000000000000000000e+00
0.0000000000000000000000000000000000000000e+00
5.7434562045048043188444353290833532810211e-01
8.1989436321080910730074720049742609262466e-01
1.0000000000000000000000000000000000000000e+00
0.0000000000000000000000000000000000000000e+00
8.0086179463565221325893617176916450262070e-01
7.2451740078537862910224021106841973960400e-01
5.6412031387985739350199310138123109936714e-01
1.0000000000000000000000000000000000000000e+00
1.0000000000000000000000000000000000000000e+00
1.8551849890333863002389591656537959352136e-01
6.3106271107224054528472834135754965245724e-01
1.0000000000000000000000000000000000000000e+00
5.6673252846264743354254278528969734907150e-01
2.6027878029649487157115572699694894254208e-01
5.8013657540025687087137384878587909042835e-01
6.7615559221596577277324513488565571606159e-01
5.8013657540025664882676892375457100570202e-01
1.8805690202114114240039555170369567349553e-01
4.6421731072631100545322624384425580501556e-01
7.8086245766188089323378562767175026237965e-01
8.4854199386740858379596375016262754797935e-01
1.1474776306423833949210688842867966741323e-01
3.3190125958453435550676857701546396128833e-02
5.5617210636969360848524956963956356048584e-01
5.5617210636969360848524956963956356048584e-01
7.2968146272339939883977422141470015048981e-01
9.9407488677122912701378254496376030147076e-01
4.1359500477437194376761908642947673797607e-01
4.4558075663408147626398658758262172341347e-01
8.8772939879956203057531638478394597768784e-01
6.0565952772729869657553081196965649724007e-01
1.0000000000000000000000000000000000000000e+00
3.8156251605101326740410172533302102237940e-01
4.1532566912210816534312129988393280655146e-01
6.7641860141748433310482369051896966993809e-01
5.5617210636969360848524956963956356048584e-01
3.7119272674835673830884275048447307199240e-01
3.7119272674835673830884275048447307199240e-01
8.7403312375568287251326182740740478038788e-01
5.3416354018440981299420400318922474980354e-01
1.0000000000000000000000000000000000000000e+00
6.4106671572405948822392929287161678075790e-01
9.3523960457132654378042957432626280933619e-02
1.8365303058952905934653188069205498322845e-01
8.2200183158771381042306813924369635060430e-02
0.0000000000000000000000000000000000000000e+00
5.8666568507959822309505426574105513282120e-02
0.0000000000000000000000000000000000000000e+00
1.8551849890333863002389591656537959352136e-01
8.9526850506306321353378052663174457848072e-02
3.4347617833258514696836982693639583885670e-01
0.0000000000000000000000000000000000000000e+00
2.0174597065424959563273432650021277368069e-01
2.0174597065425048381115402662544511258602e-01
0.0000000000000000000000000000000000000000e+00
4.3632552204255986572078995777701493352652e-01
0.0000000000000000000000000000000000000000e+00
0.0000000000000000000000000000000000000000e+00
1.1697827306136056313423665642403648234904e-01
2.9468635849211760602273102449544239789248e-01
0.0000000000000000000000000000000000000000e+00
3.3190125958453435550676857701546396128833e-02
9.3523960457132654378042957432626280933619e-02
0.0000000000000000000000000000000000000000e+00
1.8365303058952905934653188069205498322845e-01
8.2200183158771381042306813924369635060430e-02
0.0000000000000000000000000000000000000000e+00
5.8666568507959822309505426574105513282120e-02
0.0000000000000000000000000000000000000000e+00
1.8551849890333863002389591656537959352136e-01
8.9526850506306321353378052663174457848072e-02
3.4347617833258514696836982693639583885670e-01
0.0000000000000000000000000000000000000000e+00
2.0174597065424959563273432650021277368069e-01
2.0174597065425048381115402662544511258602e-01
0.0000000000000000000000000000000000000000e+00
4.3632552204255986572078995777701493352652e-01
0.0000000000000000000000000000000000000000e+00
0.0000000000000000000000000000000000000000e+00
1.1697827306136056313423665642403648234904e-01
2.9468635849211760602273102449544239789248e-01
0.0000000000000000000000000000000000000000e+00
3.3190125958453435550676857701546396128833e-02
9.3523960457132654378042957432626280933619e-02
0.0000000000000000000000000000000000000000e+00
0.0000000000000000000000000000000000000000e+00
1.8365303058952905934653188069205498322845e-01
8.2200183158771381042306813924369635060430e-02
0.0000000000000000000000000000000000000000e+00
5.8666568507959822309505426574105513282120e-02
0.0000000000000000000000000000000000000000e+00
1.8551849890333863002389591656537959352136e-01
8.9526850506306321353378052663174457848072e-02
3.4347617833258514696836982693639583885670e-01
0.0000000000000000000000000000000000000000e+00
2.0174597065424959563273432650021277368069e-01
2.0174597065425048381115402662544511258602e-01
0.0000000000000000000000000000000000000000e+00
4.3632552204255986572078995777701493352652e-01
0.0000000000000000000000000000000000000000e+00
0.0000000000000000000000000000000000000000e+00
1.1697827306136056313423665642403648234904e-01
2.9468635849211760602273102449544239789248e-01
0.0000000000000000000000000000000000000000e+00
3.3190125958453435550676857701546396128833e-02
9.3523960457132654378042957432626280933619e-02
0.0000000000000000000000000000000000000000e+00
0.0000000000000000000000000000000000000000e+00
0.0000000000000000000000000000000000000000e+00
8.7785440878599544589633296709507703781128e+01
1.1309354572751036463462703807181242154911e-02
