1
0
23
1.0000000000000000000000000000000000000000e+00
3.0596077105479835278600830861250869929790e-01
2.3399599851896624169711458307574503123760e-01
4.8307406771823657720688061090186238288879e-01
1.5083537285062731392315527045866474509239e-02
4.8307406771822719582232252832909580320120e-01
4.6614714957626968150350421637995168566704e-01
0.0000000000000000000000000000000000000000e+00
7.5905037114953199939293426723452284932137e-01
2.7240796114912702030608215864049270749092e-01
4.6059412405234939624776302480313461273909e-01
9.1684520503271874081185899285628693178296e-02
4.3267116020512735863334796704293694347143e-01
6.9238588213907714674633098184131085872650e-01
4.9962126103159254508767617153353057801723e-01
4.1263598989564032049059960627346299588680e-01
0.0000000000000000000000000000000000000000e+00
7.8568650391191174886529324794537387788296e-01
6.0398322699876327845913692726753652095795e-01
8.1889973804797355771967204418615438044071e-01
4.0957123431805220192813976609613746404648e-01
4.8423488675208276044159561024571303278208e-01
2.3000732848772706407025623320805607363582e-01
4.8307406771823102609175748511916026473045e-01
4.8307406771823568902846091077663004398346e-01
4.4539040954489511614511343395861331373453e-01
6.0225602783091869429910047983867116272449e-01
5.3597505125835054329286322172265499830246e-01
3.4789262989358515909543712041340768337250e-01
1.1936561365913934962268427852905006147921e-01
5.8615070225191634456507472350494936108589e-01
9.5854851346009128931768827897030860185623e-01
4.8580932900451523348550608716323040425777e-01
5.3954255462619704619697813541279174387455e-01
9.5951748712553808218217454850673675537109e-01
6.6387252112064132347768463660031557083130e-01
6.1474559851675125710102065568207763135433e-01
3.7174629463092861980655357001523952931166e-01
6.3013326379178402625313992757583037018776e-01
7.0612204855940197134600566641893237829208e-01
8.1889973804797355771967204418615438044071e-01
5.4785150661057480103721673003747127950191e-01
1.0000000000000000000000000000000000000000e+00
6.1870111248126336001007530285278335213661e-01
4.5603737857377657505253409908618777990341e-01
4.2553465992629424530235837664804421365261e-01
0.0000000000000000000000000000000000000000e+00
6.5536052001651001752691172441700473427773e-01
5.7405543482227561202790866445866413414478e-01
2.8372388315948660064691466686781495809555e-01
6.7394068258677020111235833610408008098602e-01
1.0000000000000000000000000000000000000000e+00
3.7352809982511581132769151736283674836159e-01
5.2020678590822488907008391834096983075142e-01
3.7174629463092861980655357001523952931166e-01
1.0000000000000000000000000000000000000000e+00
2.0364209437089986209912240155972540378571e-01
6.3596503729452469322325214307056739926338e-01
4.1788070192960635740320185504970140755177e-01
5.6643867407560055671211785011109896004200e-01
6.6205716661481883722473185116541571915150e-01
4.1889211576183327245814780326327309012413e-01
8.8536592055731178074751142048626206815243e-01
9.4113818146257688379563433045404963195324e-01
1.0000000000000000000000000000000000000000e+00
7.3930873408972286320306466222973540425301e-01
2.0364209437089986209912240155972540378571e-01
2.0364209437089986209912240155972540378571e-01
4.7014499575012669296825151832308620214462e-01
2.7160840122688689746155432658270001411438e-01
5.2284923405944483398855027189711108803749e-01
4.1061608279203937188484019316092599183321e-01
9.2946362308947572117290292226243764162064e-01
3.0751473733667472609809578898421023041010e-01
2.7498757909313992220390332477109041064978e-01
3.7174629463092995207418312020308803766966e-01
8.2714053593235625783108844188973307609558e-01
6.6551237169158827811088485759682953357697e-01
6.5536052001651001752691172441700473427773e-01
5.3383075920922777590771346467590774409473e-02
4.7014499575013007914847662505053449422121e-01
9.8960403748547309810135175212053582072258e-01
6.0812617568880389384844420419540256261826e-01
1.0000000000000000000000000000000000000000e+00
1.0000000000000000000000000000000000000000e+00
1.0000000000000000000000000000000000000000e+00
1.0000000000000000000000000000000000000000e+00
8.0660748559274675351105088338954374194145e-01
1.0000000000000000000000000000000000000000e+00
4.7014499575013007914847662505053449422121e-01
4.7014499575013007914847662505053449422121e-01
6.3672712579954326983511236903723329305649e-01
4.7014499575013007914847662505053449422121e-01
5.7360443796350635281555696565192192792892e-01
7.9915488067157547380503501699422486126423e-01
5.3407176119393673374702302680816501379013e-01
8.4890408885930934701491423766128718852997e-01
3.5665648748011874458185843650426249951124e-01
1.0000000000000000000000000000000000000000e+00
6.0225602783091869429910047983867116272449e-01
6.1474559851675125710102065568207763135433e-01
3.6657334688890308438402598767424933612347e-01
2.5142424631546417268523896382248494774103e-01
3.6657334688890691465346094446431379765272e-01
8.4523340829510984484329583210637792944908e-01
6.8303569842452138694000041141407564282417e-01
0.0000000000000000000000000000000000000000e+00
6.2863807380423297743732291564811021089554e-01
3.4866538876916447486919992115872446447611e-01
4.2370979205651887466999028220016043633223e-01
6.8219650758298266968182588243507780134678e-01
7.9045901582004596264141582651063799858093e-01
4.8370823507615767766765202395617961883545e-01
5.0735863252435819958918727934360504150391e-01
5.5675187739425258115488759358413517475128e-01
1.3616816785891106000860872882185503840446e-01
4.5476883273020762832317132051684893667698e-01
8.6976492763749635450665209646103903651237e-01
4.1576826583822173999394067323009949177504e-01
9.0702292515019944385556982524576596915722e-01
8.4523340829511073302171553223161026835442e-01
0.0000000000000000000000000000000000000000e+00
3.9613850545721557283584957076527643948793e-01
8.6233667341885311685700798989273607730865e-01
5.2284923405944483398855027189711108803749e-01
5.8462880105032200006576204032171517610550e-01
2.6994665382259808161791170277865603566170e-01
2.3000732848772706407025623320805607363582e-01
4.9718151705945767826477776907267980277538e-01
5.2755451944505071804059070927905850112438e-01
9.8720852064059605446288969687884673476219e-01
1.0000000000000000000000000000000000000000e+00
5.2755451944504949679526362160686403512955e-01
1.9701398257140864678227387685183202847838e-01
5.1661887796840966213807178064598701894283e-01
7.5161631535405037940478223390528000891209e-01
3.5077514310496887839363466810027603060007e-01
1.9701398257140864678227387685183202847838e-01
5.2349409377127087417136408475926145911217e-01
9.8421814107586180764286609701230190694332e-01
5.9760120642237901655846599169308319687843e-01
6.4736981454886999287623439158778637647629e-01
3.0697996920869008441457026492571458220482e-01
7.1747183099533073935560878453543409705162e-01
7.0630628483506519010859392437851056456566e-01
8.0882937477437055751039451934047974646091e-01
1.0000000000000000000000000000000000000000e+00
5.6370341278931257456008552253479138016701e-01
5.6643867407560055671211785011109896004200e-01
5.6370341278931257456008552253479138016701e-01
5.2985280360554543044315778388408944010735e-01
7.0844603223986535311951229232363402843475e-01
5.3302634952435079540578044543508440256119e-01
5.7871841491640552135322650428861379623413e-01
2.5301133047169016565547394748136866837740e-01
1.0000000000000000000000000000000000000000e+00
9.7073457558408682288586533104535192251205e-01
6.9295777638610822624087859367136843502522e-01
1.0000000000000000000000000000000000000000e+00
0.0000000000000000000000000000000000000000e+00
6.0970602865338152653862380248028784990311e-01
5.6466735353748576109467194328317418694496e-01
9.5193548394645899346500073079369030892849e-01
1.0000000000000000000000000000000000000000e+00
1.0000000000000000000000000000000000000000e+00
1.0000000000000000000000000000000000000000e+00
1.0000000000000000000000000000000000000000e+00
1.0000000000000000000000000000000000000000e+00
0.0000000000000000000000000000000000000000e+00
5.6528960034503716869380696152802556753159e-01
8.8233379167741576853956075865426100790501e-01
1.0000000000000000000000000000000000000000e+00
0.0000000000000000000000000000000000000000e+00
8.6099231843484758108786536467960104346275e-01
7.5687701557698938703566682306700386106968e-01
5.5044713135261291725441878952551633119583e-01
1.0000000000000000000000000000000000000000e+00
1.0000000000000000000000000000000000000000e+00
2.8444994821397773243631945661036297678947e-01
6.3137577245991427510318771965103223919868e-01
1.0000000000000000000000000000000000000000e+00
5.9549083900918942102720166076323948800564e-01
2.8372388315948793291454421705566346645355e-01
5.6643867407560100080132770017371512949467e-01
7.1143750800620253471606702078133821487427e-01
6.0812617568880666940600576708675362169743e-01
1.8947904122349848443640496498119318857789e-01
4.9199385190282923785431989927019458264112e-01
8.2888184291893218791358322050655260682106e-01
8.1442582474517766222277259657857939600945e-01
1.8474656754651963552760207676328718662262e-01
9.8015228315140381920578249719255836680532e-02
5.3886116461407851385700951141188852488995e-01
5.3078651478194149859746175934560596942902e-01
8.3309563206286507686115783144487068057060e-01
9.5587276606183402272165494650835171341896e-01
3.1987599247205772412527835513174068182707e-01
4.1817593205784436838357009946776088327169e-01
9.4105268898009342137811472639441490173340e-01
7.0358786086588298580579703411785885691643e-01
9.5354588602173828704167135583702474832535e-01
3.1938355449074407044207646322320215404034e-01
4.1289389003729914939810896612470969557762e-01
6.6551237169158827811088485759682953357697e-01
5.3886116461407917999082428650581277906895e-01
3.5181460721287527437795006335363723337650e-01
3.5181460721287527437795006335363723337650e-01
9.2150382137843500629514892352744936943054e-01
5.4184540970892824951476995920529589056969e-01
1.0000000000000000000000000000000000000000e+00
6.3880323895377066900636009449954144656658e-01
5.4837066654371158236358496651519089937210e-02
2.3399599851896624169711458307574503123760e-01
1.5083537285062731392315527045866474509239e-02
0.0000000000000000000000000000000000000000e+00
9.1684520503271874081185899285628693178296e-02
0.0000000000000000000000000000000000000000e+00
2.3000732848772706407025623320805607363582e-01
1.1936561365913934962268427852905006147921e-01
3.7174629463092861980655357001523952931166e-01
0.0000000000000000000000000000000000000000e+00
2.0364209437089986209912240155972540378571e-01
2.0364209437089986209912240155972540378571e-01
5.3383075920922777590771346467590774409473e-02
4.7014499575013007914847662505053449422121e-01
0.0000000000000000000000000000000000000000e+00
0.0000000000000000000000000000000000000000e+00
1.9701398257140864678227387685183202847838e-01
2.5301133047169016565547394748136866837740e-01
0.0000000000000000000000000000000000000000e+00
9.8015228315140381920578249719255836680532e-02
5.4837066654371158236358496651519089937210e-02
0.0000000000000000000000000000000000000000e+00
2.3399599851896624169711458307574503123760e-01
1.5083537285062731392315527045866474509239e-02
0.0000000000000000000000000000000000000000e+00
9.1684520503271874081185899285628693178296e-02
0.0000000000000000000000000000000000000000e+00
2.3000732848772706407025623320805607363582e-01
1.1936561365913934962268427852905006147921e-01
3.7174629463092861980655357001523952931166e-01
0.0000000000000000000000000000000000000000e+00
2.0364209437089986209912240155972540378571e-01
2.0364209437089986209912240155972540378571e-01
5.3383075920922777590771346467590774409473e-02
4.7014499575013007914847662505053449422121e-01
0.0000000000000000000000000000000000000000e+00
0.0000000000000000000000000000000000000000e+00
1.9701398257140864678227387685183202847838e-01
2.5301133047169016565547394748136866837740e-01
0.0000000000000000000000000000000000000000e+00
9.8015228315140381920578249719255836680532e-02
5.4837066654371158236358496651519089937210e-02
0.0000000000000000000000000000000000000000e+00
0.0000000000000000000000000000000000000000e+00
2.3399599851896624169711458307574503123760e-01
1.5083537285062731392315527045866474509239e-02
0.0000000000000000000000000000000000000000e+00
9.1684520503271874081185899285628693178296e-02
0.0000000000000000000000000000000000000000e+00
2.3000732848772706407025623320805607363582e-01
1.1936561365913934962268427852905006147921e-01
3.7174629463092861980655357001523952931166e-01
0.0000000000000000000000000000000000000000e+00
2.0364209437089986209912240155972540378571e-01
2.0364209437089986209912240155972540378571e-01
5.3383075920922777590771346467590774409473e-02
4.7014499575013007914847662505053449422121e-01
0.0000000000000000000000000000000000000000e+00
0.0000000000000000000000000000000000000000e+00
1.9701398257140864678227387685183202847838e-01
2.5301133047169016565547394748136866837740e-01
0.0000000000000000000000000000000000000000e+00
9.8015228315140381920578249719255836680532e-02
5.4837066654371158236358496651519089937210e-02
0.0000000000000000000000000000000000000000e+00
0.0000000000000000000000000000000000000000e+00
0.0000000000000000000000000000000000000000e+00
9.1812612154679115405997436027973890304565e+01
1.7664947447097373300906042459246236830950e-02
