1
0
23
1.0000000000000000000000000000000000000000e+00
3.0247222001664575419255243104998953640461e-01
1.8075011712541624864236666780925588682294e-01
5.1157523961246231802846295977360568940639e-01
1.3857757761677966246161020080762682482600e-01
4.7682273779847422767730336090608034282923e-01
4.8061168160993189557572691228415351361036e-01
0.0000000000000000000000000000000000000000e+00
6.4931932065936637243908080563414841890335e-01
2.4133003069604630486111318532493896782398e-01
3.1880543648781056731422722805291414260864e-01
4.0551400186545231985046910949677112512290e-02
4.3399843422794653902130335154652129858732e-01
7.4347372646790821359985557137406431138515e-01
8.5633742135059021105547572005889378488064e-01
3.8277742928319286042082580934220459312201e-01
0.0000000000000000000000000000000000000000e+00
7.3859511649016218459706806243048049509525e-01
6.5055858204931649169111551600508391857147e-01
7.2618426237525057764798930293181911110878e-01
3.6726402276428427029486556421034038066864e-01
5.4648677813582480222720505480538122355938e-01
1.7859434058692391644740382616873830556870e-01
4.7682273779847178518664918556169141083956e-01
5.1157523961246231802846295977360568940639e-01
4.0797763073312925952151886122010182589293e-01
5.5694153768831289319507504842476919293404e-01
5.9374964739141344871597993915202096104622e-01
2.9089329858313101029310132616956252604723e-01
1.4646353683834856251877454269560985267162e-01
5.5351367207762336430931782160769216716290e-01
8.9992206921893658222444400962558574974537e-01
4.7615630087580546048187102314841467887163e-01
5.6446333203464715833064246908179484307766e-01
1.0000000000000000000000000000000000000000e+00
6.5892499887501032596048844425240531563759e-01
6.4951157059174213781460593963856808841228e-01
3.7088072575389130491885225637815892696381e-01
7.1129692638943808891127673632581718266010e-01
7.1129692638943808891127673632581718266010e-01
9.7640556715742321536311010277131572365761e-01
4.9852889126549859710735290718730539083481e-01
1.0000000000000000000000000000000000000000e+00
7.0089070328130564924151713057653978466988e-01
4.5065043262594239870111323398305103182793e-01
4.3008021174927935081910845838137902319431e-01
0.0000000000000000000000000000000000000000e+00
6.1240351188168096197017575832433067262173e-01
5.7954385951297993084807558261672966182232e-01
2.6252605299516362791223400563467293977737e-01
6.3373587225362537633799320246907882392406e-01
1.0000000000000000000000000000000000000000e+00
3.6842888343667723471952513136784546077251e-01
4.9045772080780936086341625923523679375648e-01
3.7088072575389130491885225637815892696381e-01
1.0000000000000000000000000000000000000000e+00
2.1519856170046736121292951793293468654156e-01
6.5830959831625845968261501184315420687199e-01
4.8061168160993189557572691228415351361036e-01
5.8796211665266995272105532421846874058247e-01
6.6099273555568605065246856611338444054127e-01
4.5516465618804441417566408745187800377607e-01
8.7533759583524828329359479539562016725540e-01
9.1878051331218724140370568420621566474438e-01
1.0000000000000000000000000000000000000000e+00
8.7178434242495517203508370585041120648384e-01
2.1519856170046250398719678287307033315301e-01
2.1519856170046250398719678287307033315301e-01
4.4730854485580229251695527636911720037460e-01
2.5818818468100790397556920652277767658234e-01
4.7682273779847422767730336090608034282923e-01
2.8090725877123984277616841609415132552385e-01
9.7155479368981079169032000208972021937370e-01
3.2375158026214201356651756213977932929993e-01
2.4679336564020346034276087721082149073482e-01
3.7088072575389130491885225637815892696381e-01
8.4296249309766557722412017028545960783958e-01
6.3045125927966982892769465252058580517769e-01
6.1240351188168162810399053341825492680073e-01
0.0000000000000000000000000000000000000000e+00
3.9699817649032076438686544861411675810814e-01
9.7451955972430348573709579795831814408302e-01
5.4460498039202265285751991541474126279354e-01
1.0000000000000000000000000000000000000000e+00
1.0000000000000000000000000000000000000000e+00
9.4202660510478297695158289570827037096024e-01
9.3254443394899311225998417285154573619366e-01
7.5757679018630075251650168866035528481007e-01
1.0000000000000000000000000000000000000000e+00
4.9957103012209946868438237288501113653183e-01
4.9751451479194092053504050454648677259684e-01
6.1240351188168429263924963379395194351673e-01
3.9699817649032076438686544861411675810814e-01
7.3630984400916543730630792197189293801785e-01
7.9195054273528664445791491743875667452812e-01
5.2760827207558669282860819294000975787640e-01
7.7355740520629590051271406991872936487198e-01
3.1834179203726686857578442868543788790703e-01
1.0000000000000000000000000000000000000000e+00
5.6699063065377885983764372213045135140419e-01
6.4951157059174213781460593963856808841228e-01
4.0830057402204805727663483594369608908892e-01
3.5387969053764484206325846571417059749365e-01
4.0830057402204561478598066059930715709925e-01
8.3551848868074563014829436724539846181870e-01
6.1849431952659150724116443598177284002304e-01
0.0000000000000000000000000000000000000000e+00
5.9164569756238583053686852508690208196640e-01
3.5913634670381450186837923865823540836573e-01
4.1203140153270523260431446033180691301823e-01
5.5398828467579919188068515722989104688168e-01
7.3115363809436084707726877240929752588272e-01
4.3274209579822425775219585375452879816294e-01
4.4821477162158995799501326473546214401722e-01
5.0363766212042093695089306493173353374004e-01
1.1381791571653465666713600512593984603882e-01
3.5811653275654875550060296518495306372643e-01
7.9988526732288889320443558972328901290894e-01
3.7088072575389130491885225637815892696381e-01
8.4041491502787235567950574477436020970345e-01
8.2439889793229204073554683418478816747665e-01
0.0000000000000000000000000000000000000000e+00
3.8482183229481975450525510495936032384634e-01
8.9992206921893691529135139717254787683487e-01
4.8223179451185654853517803530849050730467e-01
5.5355687495030736489098899255623109638691e-01
2.6139496246437865512035614301566965878010e-01
2.3122083786697861240710949459753464907408e-01
5.1472390799527656390921492857160046696663e-01
5.2320397642679650207497843439341522753239e-01
9.1001757293518270586218932294286787509918e-01
9.6765443713065824038466189449536614120007e-01
5.1472390799527656390921492857160046696663e-01
1.2540898664544375407103871111758053302765e-01
5.2383721730956667173018104222137480974197e-01
7.0142119481202391817475927382474765181541e-01
2.6953549219024280914069890968676190823317e-01
1.2540898664544375407103871111758053302765e-01
5.5862136719396127126913143001729622483253e-01
1.0000000000000000000000000000000000000000e+00
5.6400777904200161128045465375180356204510e-01
7.0376762476892473774370273531530983746052e-01
3.2260460047172057063136207943898625671864e-01
7.2347675297797942040034513411228545010090e-01
7.0652819021461055193356060044607147574425e-01
7.4331440851061847396863413450773805379868e-01
1.0000000000000000000000000000000000000000e+00
5.7551066489892932498406707964022643864155e-01
5.8796211665266995272105532421846874058247e-01
5.7551066489893554223300498051685281097889e-01
5.4430716626687258852257400576490908861160e-01
7.0142119481202369613015434879343956708908e-01
4.5732808093588006581597937838523648679256e-01
5.8796211665266995272105532421846874058247e-01
2.8050970982830891742310086556244641542435e-01
1.0000000000000000000000000000000000000000e+00
1.0000000000000000000000000000000000000000e+00
7.2477723574383390303665919418563134968281e-01
1.0000000000000000000000000000000000000000e+00
0.0000000000000000000000000000000000000000e+00
1.0000000000000000000000000000000000000000e+00
5.1472390799528455751499222969869151711464e-01
6.8411533458233542148718697717413306236267e-01
1.0000000000000000000000000000000000000000e+00
1.0000000000000000000000000000000000000000e+00
1.0000000000000000000000000000000000000000e+00
1.0000000000000000000000000000000000000000e+00
1.0000000000000000000000000000000000000000e+00
0.0000000000000000000000000000000000000000e+00
1.0000000000000000000000000000000000000000e+00
9.5287085450825448340594903129385784268379e-01
1.0000000000000000000000000000000000000000e+00
0.0000000000000000000000000000000000000000e+00
7.9184058483363950475819592611514963209629e-01
6.8832270728884137334091519733192399144173e-01
5.6745232160882741467844425642397254705429e-01
1.0000000000000000000000000000000000000000e+00
1.0000000000000000000000000000000000000000e+00
1.7859434058692391644740382616873830556870e-01
6.4463345961262619177034594031283631920815e-01
1.0000000000000000000000000000000000000000e+00
6.8832270728884681343373586059897206723690e-01
2.6252605299516218462230199293117038905621e-01
5.8796211665266961965414793667150661349297e-01
6.7469749994556083017016590019920840859413e-01
5.8621040318973283156367415358545258641243e-01
2.2723584525979423354158370784716680645943e-01
4.5734031264486535439672820757550653070211e-01
8.1822478298929457452004498918540775775909e-01
9.1427720217055663542993215742171742022038e-01
6.1551913726836104956419148948043584823608e-02
2.7785537648965668439116072363503917586058e-02
5.6842899838618887731200857160729356110096e-01
5.6842899838618921037891595915425568819046e-01
7.1018187895760276351353468271554447710514e-01
9.7452500387118401459218830495956353843212e-01
4.5357148818626413788734907939215190708637e-01
4.2415105233740013623844333778833970427513e-01
8.7953199743136489807682210084749385714531e-01
7.1018187895760753747254057088866829872131e-01
1.0000000000000000000000000000000000000000e+00
3.8362333234816065052896760789735708385706e-01
3.9957396522418431317191789275966584682465e-01
6.8750322370105454439226377871818840503693e-01
5.6842899838618876628970610909163951873779e-01
3.8109200468110349113715074054198339581490e-01
3.8109200468110349113715074054198339581490e-01
9.6761877411265162507447712414432317018509e-01
5.6268472934284752273725871418719179928303e-01
1.0000000000000000000000000000000000000000e+00
7.0188168499168068770188710914226248860359e-01
1.0021411976534411181205541652161628007889e-01
1.8075011712541624864236666780925588682294e-01
1.3857757761677966246161020080762682482600e-01
0.0000000000000000000000000000000000000000e+00
4.0551400186545231985046910949677112512290e-02
0.0000000000000000000000000000000000000000e+00
1.7859434058692391644740382616873830556870e-01
1.4646353683834856251877454269560985267162e-01
3.7088072575389130491885225637815892696381e-01
0.0000000000000000000000000000000000000000e+00
2.1519856170046736121292951793293468654156e-01
2.1519856170046250398719678287307033315301e-01
0.0000000000000000000000000000000000000000e+00
3.9699817649032076438686544861411675810814e-01
0.0000000000000000000000000000000000000000e+00
0.0000000000000000000000000000000000000000e+00
1.2540898664544375407103871111758053302765e-01
2.8050970982830891742310086556244641542435e-01
0.0000000000000000000000000000000000000000e+00
2.7785537648965668439116072363503917586058e-02
1.0021411976534411181205541652161628007889e-01
0.0000000000000000000000000000000000000000e+00
1.8075011712541624864236666780925588682294e-01
1.3857757761677966246161020080762682482600e-01
0.0000000000000000000000000000000000000000e+00
4.0551400186545231985046910949677112512290e-02
0.0000000000000000000000000000000000000000e+00
1.7859434058692391644740382616873830556870e-01
1.4646353683834856251877454269560985267162e-01
3.7088072575389130491885225637815892696381e-01
0.0000000000000000000000000000000000000000e+00
2.1519856170046736121292951793293468654156e-01
2.1519856170046250398719678287307033315301e-01
0.0000000000000000000000000000000000000000e+00
3.9699817649032076438686544861411675810814e-01
0.0000000000000000000000000000000000000000e+00
0.0000000000000000000000000000000000000000e+00
1.2540898664544375407103871111758053302765e-01
2.8050970982830891742310086556244641542435e-01
0.0000000000000000000000000000000000000000e+00
2.7785537648965668439116072363503917586058e-02
1.0021411976534411181205541652161628007889e-01
0.0000000000000000000000000000000000000000e+00
0.0000000000000000000000000000000000000000e+00
1.8075011712541624864236666780925588682294e-01
1.3857757761677966246161020080762682482600e-01
0.0000000000000000000000000000000000000000e+00
4.0551400186545231985046910949677112512290e-02
0.0000000000000000000000000000000000000000e+00
1.7859434058692391644740382616873830556870e-01
1.4646353683834856251877454269560985267162e-01
3.7088072575389130491885225637815892696381e-01
0.0000000000000000000000000000000000000000e+00
2.1519856170046736121292951793293468654156e-01
2.1519856170046250398719678287307033315301e-01
0.0000000000000000000000000000000000000000e+00
3.9699817649032076438686544861411675810814e-01
0.0000000000000000000000000000000000000000e+00
0.0000000000000000000000000000000000000000e+00
1.2540898664544375407103871111758053302765e-01
2.8050970982830891742310086556244641542435e-01
0.0000000000000000000000000000000000000000e+00
2.7785537648965668439116072363503917586058e-02
1.0021411976534411181205541652161628007889e-01
0.0000000000000000000000000000000000000000e+00
0.0000000000000000000000000000000000000000e+00
0.0000000000000000000000000000000000000000e+00
8.8396756082345618210638349410146474838257e+01
6.4495073026572960830926639630433783167973e-03
