1
0
23
1.0000000000000000000000000000000000000000e+00
3.0430101349866878202021780452923849225044e-01
2.1696884601582222540372413277509622275829e-01
4.8467006295464404308503958418441470712423e-01
0.0000000000000000000000000000000000000000e+00
4.6442432463017691013362764351768419146538e-01
4.6268796469738865395626703502784948796034e-01
0.0000000000000000000000000000000000000000e+00
7.9231379634128540345727742533199489116669e-01
2.9729038011217390202745036731357686221600e-01
4.9106379162531471616048861505987588316202e-01
1.3216260712629890328173587477067485451698e-01
4.6442432463017468968757839320460334420204e-01
6.1121827570699749365701336500933393836021e-01
5.5315476754492087785308740421896800398827e-01
3.9012216793971304928945187384670134633780e-01
0.0000000000000000000000000000000000000000e+00
7.5061366434886189757946794998133555054665e-01
5.2397650785157123820567903749179095029831e-01
7.2950333303234637938317064254079014062881e-01
4.4812801490911163826424967737693805247545e-01
4.6984261437333507682723165999050252139568e-01
2.0693721259306566140345751136919716373086e-01
4.6442432463017691013362764351768419146538e-01
4.6268796469738865395626703502784948796034e-01
4.6442432463017002675087496754713356494904e-01
6.1960212143748016888622487385873682796955e-01
5.8939524957822020390096895425813272595406e-01
3.7193037963433678294578044187801424413919e-01
1.3020280933643155196755003544240025803447e-01
5.0052603946179075045108675112714990973473e-01
1.0000000000000000000000000000000000000000e+00
5.0080989910102724493867754063103348016739e-01
5.5115444904242572032870839393581263720989e-01
9.5882933759087118907871172268642112612724e-01
7.2146936717720810960940980294253677129745e-01
6.1294923499191267257657500522327609360218e-01
3.5474991436039815528857843673904426395893e-01
6.3586425019445780293381176306866109371185e-01
7.0704267887117677737762733158888295292854e-01
7.2950333303234637938317064254079014062881e-01
5.4698446889279195293198654326261021196842e-01
1.0000000000000000000000000000000000000000e+00
6.1932791926688812722545662836637347936630e-01
4.5245295337496765908369411590683739632368e-01
3.7329880450383490231303085238323546946049e-01
0.0000000000000000000000000000000000000000e+00
6.1178984666273172887684950183029286563396e-01
5.9944819171468721741291574289789423346519e-01
3.0517074255109277736153217119863256812096e-01
7.2033936028191547507049108389765024185181e-01
1.0000000000000000000000000000000000000000e+00
3.7888411419181672323830412096867803484201e-01
5.0643155215858248752169856743421405553818e-01
3.5474991436039815528857843673904426395893e-01
1.0000000000000000000000000000000000000000e+00
1.7043182215723523542649786577385384589434e-01
5.9095669142425244491079183717374689877033e-01
4.0702935503754794632769176132569555193186e-01
5.4236526864284873017396648720023222267628e-01
6.8697861055874331892567852264619432389736e-01
4.1895693483222984365710317433695308864117e-01
8.8321199647650905362183948454912751913071e-01
9.3928728271417272210896953765768557786942e-01
1.0000000000000000000000000000000000000000e+00
7.5326474869949322510365163907408714294434e-01
1.7043182215723473582613678445341065526009e-01
1.7043182215723473582613678445341065526009e-01
4.6921924650058727257473378813301678746939e-01
2.7626424132707105840722761058714240789413e-01
5.3685267072058173720705553932930342853069e-01
4.6413597075267554181721152417594566941261e-01
9.0639644914341144232849956097197718918324e-01
3.1873427484567123935121912836621049791574e-01
3.1333275268986532369197561820328701287508e-01
3.5474991436040254066952570610737893730402e-01
8.0249623533473357639422829379327595233917e-01
6.7346207476714536888096063194097951054573e-01
6.4709105150621570867741638721781782805920e-01
1.0074871646200710129104294310309342108667e-01
4.6442432463017252475268037414934951812029e-01
9.5161909488850682237170985899865627288818e-01
6.0422545476476496872919597080908715724945e-01
1.0000000000000000000000000000000000000000e+00
1.0000000000000000000000000000000000000000e+00
9.6142948741331402118248661281540989875793e-01
1.0000000000000000000000000000000000000000e+00
8.4106875260981195374654362240107730031013e-01
1.0000000000000000000000000000000000000000e+00
5.4239291139496925708840535662602633237839e-01
4.6442432463017252475268037414934951812029e-01
6.7770860357023976483503702183952555060387e-01
4.6442432463017252475268037414934951812029e-01
6.1714611373405192651375728019047528505325e-01
7.6334420703667094088018529873806983232498e-01
5.4064678991808357011450425488874316215515e-01
8.1454939738234510837600055310758762061596e-01
3.5826012987308297752520047652069479227066e-01
1.0000000000000000000000000000000000000000e+00
6.4504684936679645979040742531651630997658e-01
5.8776601296283159658884187592775560915470e-01
3.4216939015630842835236080645699985325336e-01
2.3296241547886553657775721148937009274960e-01
3.4216939015630509768328693098737858235836e-01
8.6397286022516084358358057215809822082520e-01
6.8614960158420079672225710964994505047798e-01
0.0000000000000000000000000000000000000000e+00
6.3854652319228655255045623562182299792767e-01
3.9408678285789466855248974752612411975861e-01
4.4358472658631453722222204305580817162991e-01
7.0429638735807054139570482220733538269997e-01
8.3372906125472834304446223541162908077240e-01
5.3128389944396514632529715527198277413845e-01
5.0643155215857715845118036668282002210617e-01
5.5567837442218603882793104276061058044434e-01
1.5281265331810300889259224277338944375515e-01
4.6921924650058688399667516932822763919830e-01
7.9286717660760386294782620097976177930832e-01
4.6921924650058727257473378813301678746939e-01
9.3584820852966577042764129146235063672066e-01
8.5837655886543817729261718341149389743805e-01
0.0000000000000000000000000000000000000000e+00
3.7165821842081164794180381250043865293264e-01
8.0773675610142670056035285597317852079868e-01
5.4222301919997617503099718305747956037521e-01
5.6935770322385115260743759790784679353237e-01
2.6549812858427757067403263135929591953754e-01
2.1289437729617977090867952938424423336983e-01
4.9297619693636685056503665691707283258438e-01
5.2809729314789977117072794499108567833900e-01
9.7775175338695130555777268455130979418755e-01
1.0000000000000000000000000000000000000000e+00
5.0328573559632461265067604472278617322445e-01
1.8698155752629594394953471692133462056518e-01
5.4222301919997928365546613349579274654388e-01
7.3794548288118566592430624950793571770191e-01
3.6171674005903708959408504597377032041550e-01
1.8698155752629594394953471692133462056518e-01
5.1530253476309173521485718083567917346954e-01
1.0000000000000000000000000000000000000000e+00
5.5471387737866884037885029101744294166565e-01
6.6228239210459149965970482298871502280235e-01
3.1207334373141448757849047979107126593590e-01
7.2022461167568829765173177293036133050919e-01
7.2327101649989566922727135533932596445084e-01
8.0949461346221052160387898766202852129936e-01
1.0000000000000000000000000000000000000000e+00
5.9944819171469476692948319396236911416054e-01
5.8284234217359609520059393616975285112858e-01
5.9944819171468888274745268063270486891270e-01
5.0822567370035376388415215842542238533497e-01
6.8614960158420545965896053530741482973099e-01
5.5567837442218792620707290552672930061817e-01
5.9944819171469210239422409358667209744453e-01
2.7373274360846011621362094956566579639912e-01
1.0000000000000000000000000000000000000000e+00
9.6111079150935285753121206653304398059845e-01
7.1030652799579152567588380406959913671017e-01
1.0000000000000000000000000000000000000000e+00
0.0000000000000000000000000000000000000000e+00
5.9788490903087443406604961637640371918678e-01
5.3030773822380750104343860584776848554611e-01
1.0000000000000000000000000000000000000000e+00
1.0000000000000000000000000000000000000000e+00
1.0000000000000000000000000000000000000000e+00
1.0000000000000000000000000000000000000000e+00
1.0000000000000000000000000000000000000000e+00
1.0000000000000000000000000000000000000000e+00
0.0000000000000000000000000000000000000000e+00
5.5567837442219047972002954338677227497101e-01
8.0824430458970730750678512777085416018963e-01
9.9038753659045308808117624721489846706390e-01
0.0000000000000000000000000000000000000000e+00
8.5030493183454047834146649620379321277142e-01
7.6594271399052127335949080588761717081070e-01
5.0611061493062070582027445198036730289459e-01
1.0000000000000000000000000000000000000000e+00
1.0000000000000000000000000000000000000000e+00
3.3620747404144735170916646893601864576340e-01
6.1367912965653437229462952018366195261478e-01
1.0000000000000000000000000000000000000000e+00
6.0146703465521733633636358717922121286392e-01
3.0517074255109238878347355239384341984987e-01
5.4236526864284873017396648720023222267628e-01
7.1915765185432956041466923124971799552441e-01
6.0422545476476630099682552099693566560745e-01
2.5054598876042899480154346747440285980701e-01
4.6622930126777700765572376440104562789202e-01
8.6023868987859652968097634584410116076469e-01
7.2327101649988767562149405421223491430283e-01
2.4741740636274339726341509049234446138144e-01
7.9274997934800486842910061113798292353749e-02
5.0552707684758235728850195300765335559845e-01
5.0552707684758024786475516521022655069828e-01
7.7388486088746488711365145718446001410484e-01
8.4960911298957975112955409713322296738625e-01
3.0579109157825767884020251585752703249454e-01
4.0242390908867292642625557164137717336416e-01
9.3783727844118924821259497548453509807587e-01
7.7388486088746433200213914460618980228901e-01
9.3950238743595337886915785929886624217033e-01
2.5296847779568210068390499145607464015484e-01
3.7507801546292346417388330337416846305132e-01
6.4954836966127227348977157816989347338676e-01
4.9951045595064558213493910443503409624100e-01
3.3768282141242844662798461286001838743687e-01
3.3768282141242844662798461286001838743687e-01
9.3503391646381373014662585774203762412071e-01
5.5751936186754136315357754938304424285889e-01
1.0000000000000000000000000000000000000000e+00
6.0616074588116641841395448864204809069633e-01
3.0938170284833799855706004677813325542957e-02
2.1696884601582222540372413277509622275829e-01
0.0000000000000000000000000000000000000000e+00
0.0000000000000000000000000000000000000000e+00
1.3216260712629890328173587477067485451698e-01
0.0000000000000000000000000000000000000000e+00
2.0693721259306566140345751136919716373086e-01
1.3020280933643155196755003544240025803447e-01
3.5474991436039815528857843673904426395893e-01
0.0000000000000000000000000000000000000000e+00
1.7043182215723523542649786577385384589434e-01
1.7043182215723473582613678445341065526009e-01
1.0074871646200710129104294310309342108667e-01
4.6442432463017252475268037414934951812029e-01
0.0000000000000000000000000000000000000000e+00
0.0000000000000000000000000000000000000000e+00
1.8698155752629594394953471692133462056518e-01
2.7373274360846011621362094956566579639912e-01
0.0000000000000000000000000000000000000000e+00
7.9274997934800486842910061113798292353749e-02
3.0938170284833799855706004677813325542957e-02
0.0000000000000000000000000000000000000000e+00
2.1696884601582222540372413277509622275829e-01
0.0000000000000000000000000000000000000000e+00
0.0000000000000000000000000000000000000000e+00
1.3216260712629890328173587477067485451698e-01
0.0000000000000000000000000000000000000000e+00
2.0693721259306566140345751136919716373086e-01
1.3020280933643155196755003544240025803447e-01
3.5474991436039815528857843673904426395893e-01
0.0000000000000000000000000000000000000000e+00
1.7043182215723523542649786577385384589434e-01
1.7043182215723473582613678445341065526009e-01
1.0074871646200710129104294310309342108667e-01
4.6442432463017252475268037414934951812029e-01
0.0000000000000000000000000000000000000000e+00
0.0000000000000000000000000000000000000000e+00
1.8698155752629594394953471692133462056518e-01
2.7373274360846011621362094956566579639912e-01
0.0000000000000000000000000000000000000000e+00
7.9274997934800486842910061113798292353749e-02
3.0938170284833799855706004677813325542957e-02
0.0000000000000000000000000000000000000000e+00
0.0000000000000000000000000000000000000000e+00
2.1696884601582222540372413277509622275829e-01
0.0000000000000000000000000000000000000000e+00
0.0000000000000000000000000000000000000000e+00
1.3216260712629890328173587477067485451698e-01
0.0000000000000000000000000000000000000000e+00
2.0693721259306566140345751136919716373086e-01
1.3020280933643155196755003544240025803447e-01
3.5474991436039815528857843673904426395893e-01
0.0000000000000000000000000000000000000000e+00
1.7043182215723523542649786577385384589434e-01
1.7043182215723473582613678445341065526009e-01
1.0074871646200710129104294310309342108667e-01
4.6442432463017252475268037414934951812029e-01
0.0000000000000000000000000000000000000000e+00
0.0000000000000000000000000000000000000000e+00
1.8698155752629594394953471692133462056518e-01
2.7373274360846011621362094956566579639912e-01
0.0000000000000000000000000000000000000000e+00
7.9274997934800486842910061113798292353749e-02
3.0938170284833799855706004677813325542957e-02
0.0000000000000000000000000000000000000000e+00
0.0000000000000000000000000000000000000000e+00
0.0000000000000000000000000000000000000000e+00
8.4829948476236694432373042218387126922607e+01
2.4886237617350322193221501265725237317383e-02
