1
0
23
1.0000000000000000000000000000000000000000e+00
3.0375762160349140117432398255914449691772e-01
2.2088123883186630558306262628320837393403e-01
4.7742259286753724323304481913510244339705e-01
0.0000000000000000000000000000000000000000e+00
4.8595692393191830538157205410243477672338e-01
4.7742259286753868652297683183860499411821e-01
0.0000000000000000000000000000000000000000e+00
7.9699677004132307711614657819154672324657e-01
3.0661395305475613870527240578667260706425e-01
4.7654220119045903603094416212115902453661e-01
1.2159577192362448772033900468159117735922e-01
4.4137580958705158185040318130631931126118e-01
6.2381510684303476121925768893561325967312e-01
4.9757804309282027688254856911953538656235e-01
3.9496127758658405859648610203294083476067e-01
0.0000000000000000000000000000000000000000e+00
7.2415159241835602710324337749625556170940e-01
5.7953321628305998203245508193504065275192e-01
7.5729162097435831491054614161839708685875e-01
4.5374333271260092192989077375386841595173e-01
4.4238629512094707063596388252335600554943e-01
2.2391339846691557524671623014000942930579e-01
4.8595692393191713964739619768806733191013e-01
4.7742259286753868652297683183860499411821e-01
4.5501969086138560616205950282164849340916e-01
6.0537986952753641833879783007432706654072e-01
6.2014502392137627051482695605955086648464e-01
3.5995730642316497993604684779711533337831e-01
1.1727138076428203494749880064773606136441e-01
5.1941810882717420749798975521116517484188e-01
1.0000000000000000000000000000000000000000e+00
4.8671543075074097384202786997775547206402e-01
5.7050254766145458429349446305423043668270e-01
9.6617029341330895597650396666722372174263e-01
7.1427591412531765691085183789255097508430e-01
6.1640229244386179896508792808162979781628e-01
3.8637939270005483560765924266888760030270e-01
6.3555890757617916619892639573663473129272e-01
7.0680747302663482489748503212467767298222e-01
7.5729162097435831491054614161839708685875e-01
5.8412714622515771178967725063557736575603e-01
1.0000000000000000000000000000000000000000e+00
6.1166794134841584451578455627895891666412e-01
4.4427740605214405267275878941291011869907e-01
3.9314662871538708088792191119864583015442e-01
0.0000000000000000000000000000000000000000e+00
6.0924455150494238875324981563608162105083e-01
5.5174147202804268985687485837843269109726e-01
3.0256608771654314171684063694556243717670e-01
6.7232848808476175506143590610008686780930e-01
1.0000000000000000000000000000000000000000e+00
3.5781374979417501780432075975113548338413e-01
5.0947921537872042918593251670245081186295e-01
3.8637939270005483560765924266888760030270e-01
1.0000000000000000000000000000000000000000e+00
1.7879193880336000099795512596756452694535e-01
5.8732355870762875671431402224698103964329e-01
4.0710376318575552945233653190371114760637e-01
5.3739722422511282395873877248959615826607e-01
6.9107989199648511835505360068054869771004e-01
4.3485165818554061267775523447198793292046e-01
8.9296914677682925898238863737788051366806e-01
9.3195634955510020525082381936954334378242e-01
1.0000000000000000000000000000000000000000e+00
7.5798410876124500124006999612902291119099e-01
1.7879193880335422783822707515355432406068e-01
1.7879193880335422783822707515355432406068e-01
4.7028300817031998271033899072790518403053e-01
2.6547451567369750868863320647506043314934e-01
5.3739722422511371213715847261482849717140e-01
4.5953787948398372442682102700928226113319e-01
9.1863575578946021771287178125930950045586e-01
3.3962353827441549292132094706175848841667e-01
3.0513003651983044983708737163397017866373e-01
3.8637939270004889591447749808139633387327e-01
8.0035566825463055895539810080663301050663e-01
6.8616950226814399371733088628388941287994e-01
6.4818329849128908382027702828054316341877e-01
8.3878032964336601828847506112651899456978e-02
4.6199395698282375022358792193699628114700e-01
9.3592467842087911922277498888433910906315e-01
6.2121455602644115590038609298062510788441e-01
1.0000000000000000000000000000000000000000e+00
1.0000000000000000000000000000000000000000e+00
9.7781419156320548147220961254788562655449e-01
1.0000000000000000000000000000000000000000e+00
8.3274291881525674963171468334621749818325e-01
1.0000000000000000000000000000000000000000e+00
5.5677144731126881893601421325001865625381e-01
4.6199395698282375022358792193699628114700e-01
6.5335188891762396856677241885336115956306e-01
4.6199395698282375022358792193699628114700e-01
6.2031288571478282456439501402201130986214e-01
7.7496729424757460069628223209292627871037e-01
5.3146890862784956777176148534636013209820e-01
8.1221448702097498451024648602469824254513e-01
3.0989245814258425948395370141952298581600e-01
1.0000000000000000000000000000000000000000e+00
6.2020989792107616978000805829651653766632e-01
6.1446595588057428827255534997675567865372e-01
3.4473474554081229292989974055672064423561e-01
2.3463866238457609103562617747229523956776e-01
3.4473474554080535403599583332834299653769e-01
8.6903740597339274032151479332242161035538e-01
6.6551341859685453350437001063255593180656e-01
0.0000000000000000000000000000000000000000e+00
6.3111728088301621841793576095369644463062e-01
3.7570517839354206079960363240388687700033e-01
4.3726596173564818981205348791263531893492e-01
7.1019511079918151708056939241942018270493e-01
8.2441673219837940944643150942283682525158e-01
4.7426431270081886859557585012225899845362e-01
5.0497850985287484615327002757112495601177e-01
5.4948236637351832722941935571725480258465e-01
1.8273166217137304379036777390865609049797e-01
4.6831757554752095895622687748982571065426e-01
8.0037282233740369985497409288655035197735e-01
4.6033161728361543518772691641061101108789e-01
9.3336783227976083399113349514664150774479e-01
8.6823916371646026046704491818672977387905e-01
0.0000000000000000000000000000000000000000e+00
3.9224023646806410736687098506081383675337e-01
8.1051692488710447292987737455405294895172e-01
5.3739722422511371213715847261482849717140e-01
5.8330759371486839981457706016954034566879e-01
2.6842827331990481987133989605354145169258e-01
2.2391339846691557524671623014000942930579e-01
4.8336096853644683335460285888984799385071e-01
5.3399969232265576124518702272325754165649e-01
9.2316781072468723223778397368732839822769e-01
9.9896583931787352739206653495784848928452e-01
5.1448494173367975701438581381808035075665e-01
1.9483522858590632265141096013394417241216e-01
5.3739722422510893817815258444170467555523e-01
7.6414502055989963480442384025081992149353e-01
3.7193718594546226752228790246590506285429e-01
1.9483522858590632265141096013394417241216e-01
5.2230868153185749935829562673461623489857e-01
1.0000000000000000000000000000000000000000e+00
5.8678151396056432709258388058515265583992e-01
6.6351978308098469305775779503164812922478e-01
2.7841382267820047324846655101282522082329e-01
7.1326537118595401132381539355264976620674e-01
7.4393638168562625789803632869734428822994e-01
8.6257120034012491061048422125168144702911e-01
1.0000000000000000000000000000000000000000e+00
5.8267870509857144778464999035350047051907e-01
5.8343721191740294251815157622331753373146e-01
5.8267870509857810912279774129274301230907e-01
5.3676488660574073197295774662052281200886e-01
7.0126703087377917356093348644208163022995e-01
5.5901476554153628484300497802905738353729e-01
5.8684669324020444225453729814034886658192e-01
2.7841382267820047324846655101282522082329e-01
1.0000000000000000000000000000000000000000e+00
9.2627246588442990749001637595938518643379e-01
6.7919750344383000850712051033042371273041e-01
1.0000000000000000000000000000000000000000e+00
0.0000000000000000000000000000000000000000e+00
6.3618153705708269107788055407581850886345e-01
4.8336096853645460491577523498563095927238e-01
1.0000000000000000000000000000000000000000e+00
1.0000000000000000000000000000000000000000e+00
1.0000000000000000000000000000000000000000e+00
1.0000000000000000000000000000000000000000e+00
1.0000000000000000000000000000000000000000e+00
1.0000000000000000000000000000000000000000e+00
1.4659498559102099618470850550398668988107e-17
5.6265786483677571183648069563787430524826e-01
8.4620830620266840327303725644014775753021e-01
9.6961784741295098388746964701567776501179e-01
0.0000000000000000000000000000000000000000e+00
8.4426226598277931412184216242167167365551e-01
7.3701562199585501922172170452540740370750e-01
5.4303648846840912867151018872391432523727e-01
1.0000000000000000000000000000000000000000e+00
1.0000000000000000000000000000000000000000e+00
2.9984864276627604118274916800146456807852e-01
6.1977475758883204814964074103045277297497e-01
1.0000000000000000000000000000000000000000e+00
6.2121455602642849935790536619606427848339e-01
3.0256608771654197598266478053119499236345e-01
5.3739722422510682875440579664427787065506e-01
6.7668671618132403278167430471512489020824e-01
6.2121455602643438353993587952572852373123e-01
2.5937591137771948135437583005113992840052e-01
4.3870623238548250855117771607183385640383e-01
8.6166212994427560101229346400941722095013e-01
7.3076088322236354422045678802533075213432e-01
2.3003723239850604187495264341123402118683e-01
8.0737900672568418958263691820320673286915e-02
5.2230868153186060798276457717292942106724e-01
5.1990687884904840387889635167084634304047e-01
8.0110576059015947691932524321600794792175e-01
9.9886421178507245333122455122065730392933e-01
3.1270355902868374187164590694010257720947e-01
4.3365744781625181758499820716679096221924e-01
9.4646827018182622115460844725021161139011e-01
7.7924293691482349188959233288187533617020e-01
9.9170982122547257642253271114896051585674e-01
2.7678384987909404602035579046059865504503e-01
3.9109085615674793467988479278574232012033e-01
6.6460200603084262915842828078893944621086e-01
5.2230868153185783242520301428157836198807e-01
3.5481762046734227622479806996125262230635e-01
3.5481762046734227622479806996125262230635e-01
9.0190792493313409750044229440391063690186e-01
5.4065080277673904785018521579331718385220e-01
1.0000000000000000000000000000000000000000e+00
6.2223549388810983629127804306335747241974e-01
3.0832875698799139252415102419035974889994e-02
2.2088123883186630558306262628320837393403e-01
0.0000000000000000000000000000000000000000e+00
0.0000000000000000000000000000000000000000e+00
1.2159577192362448772033900468159117735922e-01
0.0000000000000000000000000000000000000000e+00
2.2391339846691557524671623014000942930579e-01
1.1727138076428203494749880064773606136441e-01
3.8637939270005483560765924266888760030270e-01
0.0000000000000000000000000000000000000000e+00
1.7879193880336000099795512596756452694535e-01
1.7879193880335422783822707515355432406068e-01
8.3878032964336601828847506112651899456978e-02
4.6199395698282375022358792193699628114700e-01
0.0000000000000000000000000000000000000000e+00
0.0000000000000000000000000000000000000000e+00
1.9483522858590632265141096013394417241216e-01
2.7841382267820047324846655101282522082329e-01
0.0000000000000000000000000000000000000000e+00
8.0737900672568418958263691820320673286915e-02
3.0832875698799139252415102419035974889994e-02
0.0000000000000000000000000000000000000000e+00
2.2088123883186630558306262628320837393403e-01
0.0000000000000000000000000000000000000000e+00
0.0000000000000000000000000000000000000000e+00
1.2159577192362448772033900468159117735922e-01
0.0000000000000000000000000000000000000000e+00
2.2391339846691557524671623014000942930579e-01
1.1727138076428203494749880064773606136441e-01
3.8637939270005483560765924266888760030270e-01
0.0000000000000000000000000000000000000000e+00
1.7879193880336000099795512596756452694535e-01
1.7879193880335422783822707515355432406068e-01
8.3878032964336601828847506112651899456978e-02
4.6199395698282375022358792193699628114700e-01
0.0000000000000000000000000000000000000000e+00
0.0000000000000000000000000000000000000000e+00
1.9483522858590632265141096013394417241216e-01
2.7841382267820047324846655101282522082329e-01
0.0000000000000000000000000000000000000000e+00
8.0737900672568418958263691820320673286915e-02
3.0832875698799139252415102419035974889994e-02
0.0000000000000000000000000000000000000000e+00
0.0000000000000000000000000000000000000000e+00
2.2088123883186630558306262628320837393403e-01
0.0000000000000000000000000000000000000000e+00
0.0000000000000000000000000000000000000000e+00
1.2159577192362448772033900468159117735922e-01
0.0000000000000000000000000000000000000000e+00
2.2391339846691557524671623014000942930579e-01
1.1727138076428203494749880064773606136441e-01
3.8637939270005483560765924266888760030270e-01
0.0000000000000000000000000000000000000000e+00
1.7879193880336000099795512596756452694535e-01
1.7879193880335422783822707515355432406068e-01
8.3878032964336601828847506112651899456978e-02
4.6199395698282375022358792193699628114700e-01
0.0000000000000000000000000000000000000000e+00
0.0000000000000000000000000000000000000000e+00
1.9483522858590632265141096013394417241216e-01
2.7841382267820047324846655101282522082329e-01
0.0000000000000000000000000000000000000000e+00
8.0737900672568418958263691820320673286915e-02
3.0832875698799139252415102419035974889994e-02
0.0000000000000000000000000000000000000000e+00
0.0000000000000000000000000000000000000000e+00
0.0000000000000000000000000000000000000000e+00
8.7533983349121641026613360736519098281860e+01
2.2691230019906142439944929378725646529347e-02
