1
0
23
1.0000000000000000000000000000000000000000e+00
3.1499076141942700113318664989492390304804e-01
1.7512261413068841431339706105063669383526e-01
5.1034321479657041020772112460690550506115e-01
8.6871856701705107983713105568313039839268e-02
4.8481867027085606691727548422932159155607e-01
4.8180086035741154226741400634637102484703e-01
0.0000000000000000000000000000000000000000e+00
7.9038625695547026772658227855572476983070e-01
3.3176277711208518317320681489945854991674e-01
4.1154297222134411660121600107231643050909e-01
1.3999449499051921930181663356052013114095e-01
4.8481867027085701060684641561238095164299e-01
7.9593427223169010975567516652517952024937e-01
1.0000000000000000000000000000000000000000e+00
4.1548299052204651360398202086798846721649e-01
0.0000000000000000000000000000000000000000e+00
8.4448796747148513475167419528588652610779e-01
4.2691322725073505006676555240119341760874e-01
7.6354401689890682991546100311097688972950e-01
3.7104898677349201774333664616278838366270e-01
4.8566046474078117256567566073499619960785e-01
1.4928031918685968904014771396759897470474e-01
4.8481867027085701060684641561238095164299e-01
5.0268114216240644687161420733900740742683e-01
5.1363231297662415020255366471246816217899e-01
5.8235804332189089471683018928160890936852e-01
8.7078476429616746834483365091728046536446e-01
3.7104898677349162916527802735799923539162e-01
1.5763778353450397240465008508181199431419e-01
4.4525479813287005548261276999255642294884e-01
9.1877439767299784456611178029561415314674e-01
5.2702493945720119139508597072563134133816e-01
5.6464807004160921799496009043650701642036e-01
7.8460874936261348899790846189716830849648e-01
6.5377651629922373111014621827052906155586e-01
6.1256658645599293411265762188122607767582e-01
4.1709772835472030960701772528409492224455e-01
6.8163342877174482037361258335295133292675e-01
7.1520281123301732151276155491359531879425e-01
7.6354401689890682991546100311097688972950e-01
6.1208442780502758662208862006082199513912e-01
1.0000000000000000000000000000000000000000e+00
6.0569396377843442991206757142208516597748e-01
5.0225411043787471232491270711761899292469e-01
4.1709772835472030960701772528409492224455e-01
0.0000000000000000000000000000000000000000e+00
5.9811078620420166096494085650192573666573e-01
7.7189200109552513762167791355750523507595e-01
3.3270354327922135873052411625394597649574e-01
8.2284246399193305965269473745138384401798e-01
1.0000000000000000000000000000000000000000e+00
3.5926655329898055102333387367252726107836e-01
5.8235804332189156085064496437553316354752e-01
4.1709772835472030960701772528409492224455e-01
1.0000000000000000000000000000000000000000e+00
1.8839625279407340441295559685386251658201e-01
6.1856745593070139310754029793315567076206e-01
4.3221283858547010492401341252843849360943e-01
5.6948264747810573016550961256143637001514e-01
6.5012112993714155084745698331971652805805e-01
5.5763645166862385593731232802383601665497e-01
8.3135414500536441995137693083961494266987e-01
9.2750410023089080446823118109023198485374e-01
1.0000000000000000000000000000000000000000e+00
7.2376248961639522150335324113257229328156e-01
1.8839625279407340441295559685386251658201e-01
1.8839625279407340441295559685386251658201e-01
4.9105253311515079106541747933079022914171e-01
3.1698601614825366867833622563921380788088e-01
5.4822039051883431071132690703961998224258e-01
5.2439338644171429315576915541896596550941e-01
1.0000000000000000000000000000000000000000e+00
2.2131319592148171460088690309930825605989e-01
3.5090090467054979583849672053474932909012e-01
4.1709772835472019858471526276844087988138e-01
9.7526464417998692812972194587928242981434e-01
6.6909687198503342564492868405068293213844e-01
7.2286147198835604132938215116155333817005e-01
1.0304860996169887266127318525832379236817e-01
4.5630878299287014332463741084211505949497e-01
8.4773379488133704384722477698232978582382e-01
5.4776996577968128931956925953272730112076e-01
1.0000000000000000000000000000000000000000e+00
1.0000000000000000000000000000000000000000e+00
9.5454920648740138044985314991208724677563e-01
1.0000000000000000000000000000000000000000e+00
8.5813754493158822533871443738462403416634e-01
1.0000000000000000000000000000000000000000e+00
5.0448236438658211611141268804203718900681e-01
4.5630878299287014332463741084211505949497e-01
5.3012951604170277519756382389459758996964e-01
4.5630878299287014332463741084211505949497e-01
7.0568234393491691136546251073013991117477e-01
7.6646018313096320184740761760622262954712e-01
6.1249799935273263606916316348360851407051e-01
7.8452660302055909902207986306166276335716e-01
3.8076261706411740348698913294356316328049e-01
1.0000000000000000000000000000000000000000e+00
7.4120525561756833710091996181290596723557e-01
6.1256658645599293411265762188122607767582e-01
4.0107329981757411374587718455586582422256e-01
3.4075436304272677112692235823487862944603e-01
4.0107329981757428027933087832934688776731e-01
7.3556152353975245983264130700263194739819e-01
6.8633020374872866220528067060513421893120e-01
0.0000000000000000000000000000000000000000e+00
6.2195877745148953064102670396096073091030e-01
4.8411818011667073768933278188342228531837e-01
4.1883912594268629669969072892854455858469e-01
7.1411892999523474134804246205021627247334e-01
8.6464945707368467964215597021393477916718e-01
4.4381148374164286485310526586545165628195e-01
5.6064051757390775954092987376498058438301e-01
5.3390847405538899295152077684178948402405e-01
2.0551704330843478807366864202776923775673e-01
4.9672542995320578818052581482334062457085e-01
7.5064188001625387069992711985833011567593e-01
4.9672542995320595471397950859682168811560e-01
9.6660614157881452612741668417584151029587e-01
7.8155416318370329875619972881395369768143e-01
0.0000000000000000000000000000000000000000e+00
3.8502677310058075477172678802162408828735e-01
7.9225125798277307165307092873263172805309e-01
5.2008590470757176671412480573053471744061e-01
5.9221117919159504960902040693326853215694e-01
2.7682919381590909146950707508949562907219e-01
2.3046170123090203851745627616764977574348e-01
5.1143433796424320192386403505224734544754e-01
5.4257389157049640271424095772090367972851e-01
9.7261541980999566270327250094851478934288e-01
1.0000000000000000000000000000000000000000e+00
5.1143433796424320192386403505224734544754e-01
2.0024794331966058735794433687260607257485e-01
5.2008590470757276591484696837142109870911e-01
7.8452660302055865493287001299904659390450e-01
3.8502677310058075477172678802162408828735e-01
2.0024794331966058735794433687260607257485e-01
5.6980560288150172709720209240913391113281e-01
1.0000000000000000000000000000000000000000e+00
5.6952502190639675561101284984033554792404e-01
6.9104410673026528399987000739201903343201e-01
2.9563555461569257509779617976164445281029e-01
5.9855467704527831607208554487442597746849e-01
7.8013644426568151679646234697429463267326e-01
8.4627768915019652151698892339481972157955e-01
1.0000000000000000000000000000000000000000e+00
5.8235804332189156085064496437553316354752e-01
6.4970700953695337265259013292961753904819e-01
6.0059748122751599463953198210219852626324e-01
5.5294984560828330799608920642640441656113e-01
7.8452660302055909902207986306166276335716e-01
5.6929208431723710148730788205284625291824e-01
6.2827171822208749407678851639502681791782e-01
2.8121133427332206666804381711699534207582e-01
9.1079682479871715283792354966863058507442e-01
9.5508924050546850637033458042424172163010e-01
7.2519708539980953787562611978501081466675e-01
9.0368395225381203950121289381058886647224e-01
0.0000000000000000000000000000000000000000e+00
4.1524053101183855396527633274672552943230e-01
6.2838619910491111397732311161234974861145e-01
9.1244094388296881348310307657811790704727e-01
1.0000000000000000000000000000000000000000e+00
8.8629692594190279120169861926115117967129e-01
1.0000000000000000000000000000000000000000e+00
1.0000000000000000000000000000000000000000e+00
1.0000000000000000000000000000000000000000e+00
2.5225205508576209467719309031963348388672e-02
5.8439258337745070281954440361005254089832e-01
6.2827171822208749407678851639502681791782e-01
1.0000000000000000000000000000000000000000e+00
0.0000000000000000000000000000000000000000e+00
8.8028637741820836559725194092607125639915e-01
7.9072155956493339612478621347690932452679e-01
5.5291685138901436324943006184184923768044e-01
1.0000000000000000000000000000000000000000e+00
1.0000000000000000000000000000000000000000e+00
2.5593054027309286579949798579036723822355e-01
5.8235804332189000653841048915637657046318e-01
1.0000000000000000000000000000000000000000e+00
4.6429405651613486760709292866522446274757e-01
3.3270354327922424531038814166095107793808e-01
5.6948264747810717345544162526493892073631e-01
6.1387111853984566156583468909957446157932e-01
5.4776996577968040114114955940749496221542e-01
1.9376071528101615482064801199157955124974e-01
4.8572508367650685245919817134563345462084e-01
7.8879260829713793157225154573097825050354e-01
7.2832834469591445358815917643369175493717e-01
3.6294755432247816084867508834577165544033e-01
1.1433719473383489872997387237774091772735e-01
5.1034321479657041020772112460690550506115e-01
5.2172786978735807839058224999462254345417e-01
8.0682309692907161480235345152323134243488e-01
8.8382321149672560256504993958515115082264e-01
3.8331800614946975880314994356012903153896e-01
3.6148992210031116734114675637101754546165e-01
9.9401938876183104643047272475087083876133e-01
6.6911567770501090279822165030054748058319e-01
1.0000000000000000000000000000000000000000e+00
3.2988487171887675986070576072961557656527e-01
4.0868813190296227055853250931249931454659e-01
6.5205005034971941224597458131029270589352e-01
5.3012951604168845332054615937522612512112e-01
3.2733555102116673740653141067014075815678e-01
3.6055924125869398544352861790684983134270e-01
9.1254771906806242398602080356795340776443e-01
5.6648988262416366534779399444232694804668e-01
1.0000000000000000000000000000000000000000e+00
6.3635829066912019680302137203398160636425e-01
0.0000000000000000000000000000000000000000e+00
1.7512261413068841431339706105063669383526e-01
8.6871856701705107983713105568313039839268e-02
0.0000000000000000000000000000000000000000e+00
1.3999449499051921930181663356052013114095e-01
0.0000000000000000000000000000000000000000e+00
1.4928031918685968904014771396759897470474e-01
1.5763778353450397240465008508181199431419e-01
4.1709772835472030960701772528409492224455e-01
0.0000000000000000000000000000000000000000e+00
1.8839625279407340441295559685386251658201e-01
1.8839625279407340441295559685386251658201e-01
1.0304860996169887266127318525832379236817e-01
4.5630878299287014332463741084211505949497e-01
0.0000000000000000000000000000000000000000e+00
0.0000000000000000000000000000000000000000e+00
2.0024794331966058735794433687260607257485e-01
2.8121133427332206666804381711699534207582e-01
0.0000000000000000000000000000000000000000e+00
1.1433719473383489872997387237774091772735e-01
0.0000000000000000000000000000000000000000e+00
0.0000000000000000000000000000000000000000e+00
1.7512261413068841431339706105063669383526e-01
8.6871856701705107983713105568313039839268e-02
0.0000000000000000000000000000000000000000e+00
1.3999449499051921930181663356052013114095e-01
0.0000000000000000000000000000000000000000e+00
1.4928031918685968904014771396759897470474e-01
1.5763778353450397240465008508181199431419e-01
4.1709772835472030960701772528409492224455e-01
0.0000000000000000000000000000000000000000e+00
1.8839625279407340441295559685386251658201e-01
1.8839625279407340441295559685386251658201e-01
1.0304860996169887266127318525832379236817e-01
4.5630878299287014332463741084211505949497e-01
0.0000000000000000000000000000000000000000e+00
0.0000000000000000000000000000000000000000e+00
2.0024794331966058735794433687260607257485e-01
2.8121133427332206666804381711699534207582e-01
0.0000000000000000000000000000000000000000e+00
1.1433719473383489872997387237774091772735e-01
0.0000000000000000000000000000000000000000e+00
0.0000000000000000000000000000000000000000e+00
0.0000000000000000000000000000000000000000e+00
1.7512261413068841431339706105063669383526e-01
8.6871856701705107983713105568313039839268e-02
0.0000000000000000000000000000000000000000e+00
1.3999449499051921930181663356052013114095e-01
0.0000000000000000000000000000000000000000e+00
1.4928031918685968904014771396759897470474e-01
1.5763778353450397240465008508181199431419e-01
4.1709772835472030960701772528409492224455e-01
0.0000000000000000000000000000000000000000e+00
1.8839625279407340441295559685386251658201e-01
1.8839625279407340441295559685386251658201e-01
1.0304860996169887266127318525832379236817e-01
4.5630878299287014332463741084211505949497e-01
0.0000000000000000000000000000000000000000e+00
0.0000000000000000000000000000000000000000e+00
2.0024794331966058735794433687260607257485e-01
2.8121133427332206666804381711699534207582e-01
0.0000000000000000000000000000000000000000e+00
1.1433719473383489872997387237774091772735e-01
0.0000000000000000000000000000000000000000e+00
0.0000000000000000000000000000000000000000e+00
0.0000000000000000000000000000000000000000e+00
0.0000000000000000000000000000000000000000e+00
8.4325108015064344613165303599089384078979e+01
4.4774954014305236305037993815858499146998e-02
