1
0
23
1.0000000000000000000000000000000000000000e+00
3.1128114188433586573268030406325124204159e-01
2.1611262700682162818388576397410361096263e-01
4.6746533099129417010431097878608852624893e-01
3.7275887335000715272492755048006074503064e-02
4.6450113999720643587210133773623965680599e-01
4.6746533099129200516941295973083470016718e-01
0.0000000000000000000000000000000000000000e+00
7.8344314419874383492725655742106027901173e-01
3.1266081922148403204886335515766404569149e-01
4.2118408718601835216688300533860456198454e-01
1.0141854308868385181607862932651187293231e-01
4.6450113999720654689440380025189369916916e-01
7.0699944056176367013222261448390781879425e-01
1.0000000000000000000000000000000000000000e+00
4.0324153458739420141654363760608248412609e-01
0.0000000000000000000000000000000000000000e+00
7.7629172448651606597280760979629121720791e-01
5.1755052251001099072880151652498170733452e-01
7.3802529206513001192035972053417935967445e-01
4.0413033725747166124975251477735582739115e-01
4.5725463181761727415874929647543467581272e-01
1.2038785298861454098329204498440958559513e-01
4.6450113999720654689440380025189369916916e-01
4.6746533099129200516941295973083470016718e-01
4.3500985654053236917349067880422808229923e-01
5.9377474541410990571677075422485359013081e-01
7.2496802176883123891570903651881963014603e-01
3.8024190815416231137291447339521255344152e-01
1.3577763324094455077428733602573629468679e-01
4.7558554629351884601717870282300282269716e-01
1.0000000000000000000000000000000000000000e+00
5.0041677701429665425791881716577336192131e-01
5.6237662075007632811463054167688824236393e-01
8.6141372888829992326975570904323831200600e-01
6.9153143997872201786947243817849084734917e-01
6.0975508261425770406560786796035245060921e-01
3.9571214933101678257187927556515205651522e-01
6.6449409015702176617423901916481554508209e-01
7.0406354748177202296233190281782299280167e-01
7.3802529206513001192035972053417935967445e-01
5.6234802909921310920537962374510243535042e-01
1.0000000000000000000000000000000000000000e+00
6.2257627680418869964285022433614358305931e-01
4.7325862492117443114381103441701270639896e-01
4.1285469546220143755022036202717572450638e-01
0.0000000000000000000000000000000000000000e+00
5.7819069071894302336289683807990513741970e-01
7.1020192154920325222633437078911811113358e-01
3.0980264103671578679310982806782703846693e-01
7.7814197572531906832438153287512250244617e-01
1.0000000000000000000000000000000000000000e+00
3.6569959642097399354909725843754131346941e-01
5.9377474541411223718512246705358847975731e-01
3.9571214933101678257187927556515205651522e-01
1.0000000000000000000000000000000000000000e+00
1.9636605138142584903171439236757578328252e-01
6.2884218529957058851920237430022098124027e-01
4.1093664223705039795220272935694083571434e-01
5.8699438469593734346574365190463140606880e-01
6.7262687915099650393102592715877108275890e-01
5.0764379767457457059975922675221227109432e-01
8.5362884605231292844962354138260707259178e-01
9.3506066437883417208354330796282738447189e-01
1.0000000000000000000000000000000000000000e+00
6.8557485395153006102475501393200829625130e-01
1.9636605138142312898530406073405174538493e-01
1.9636605138142312898530406073405174538493e-01
4.9227269923029437492800752806942909955978e-01
2.9038376698010048837517160791321657598019e-01
5.2495869828038455029428632769850082695484e-01
4.8081417796566461309026863091276027262211e-01
1.0000000000000000000000000000000000000000e+00
2.9647691768258060962537570048880297690630e-01
3.3081812297725654570257347586448304355145e-01
3.9571214933102044630786053858173545449972e-01
9.4174880182554865371002961182966828346252e-01
6.8696448472227222836750115675386041402817e-01
6.9846104481260640195472433333634398877621e-01
1.2322705432389483015676034938223892822862e-01
4.6450113999720654689440380025189369916916e-01
8.7470968413350913550630139070563018321991e-01
5.7066779636934539254866649571340531110764e-01
9.9894125640551256761767717762268148362637e-01
1.0000000000000000000000000000000000000000e+00
9.4789504338336194599889950040960684418678e-01
1.0000000000000000000000000000000000000000e+00
8.7470968413351024572932601586217060685158e-01
1.0000000000000000000000000000000000000000e+00
5.5799830789747861814475982100702822208405e-01
4.6450113999720654689440380025189369916916e-01
6.1276533467454286085995818211813457310200e-01
4.6450113999720654689440380025189369916916e-01
6.5191275537170922937946215824922546744347e-01
7.7739099043025927660011120678973384201527e-01
5.4599603964459797467156931816134601831436e-01
9.0061998056156689074214227730408310890198e-01
3.4638863846295553372556241811253130435944e-01
9.6097648590503137455698379199020564556122e-01
7.2659381957218460712510932353325188159943e-01
6.0975508261425770406560786796035245060921e-01
3.6465656731427897874198151839664205908775e-01
2.7762557184518998898425934385159052908421e-01
3.6465656731427620318441995550529100000858e-01
7.3620474227718224469185770431067794561386e-01
6.6533064266448582735336003679549321532249e-01
0.0000000000000000000000000000000000000000e+00
6.4725165075100465905677538103191182017326e-01
4.2106475370497831178795422601979225873947e-01
4.1659352675985594771645992295816540718079e-01
7.0830414392199458895049701823154464364052e-01
8.6887453121646540665778957190923392772675e-01
5.0788214304783807495624614603002555668354e-01
5.3669309331186088041221182720619253814220e-01
5.3829037967297821420942227632622234523296e-01
1.5072674410569142366966843837872147560120e-01
4.8789902658314610039980152578209526836872e-01
7.7833444177510480166404249757761135697365e-01
4.9227269923029470799491491561639122664928e-01
9.0304128023424179438904957351041957736015e-01
7.8461817880562678695355316449422389268875e-01
0.0000000000000000000000000000000000000000e+00
3.8253796572531451047893824579659849405289e-01
7.9797485181786631525113762108958326280117e-01
5.0995149515968041242786057409830391407013e-01
6.0324483252311800196565627629752270877361e-01
3.1148647373610754973682901436404790729284e-01
2.7134104782932277899476503080222755670547e-01
4.8483396374664772254803324358363170176744e-01
5.3829037967297532762955825091921724379063e-01
9.8353606313040131681191269308328628540039e-01
1.0000000000000000000000000000000000000000e+00
5.1698772923847158278221058935741893947124e-01
2.0340459354289061599807553193386411294341e-01
5.0995149515967741482569408617564477026463e-01
7.6642330357463950285534792783437296748161e-01
3.8253796572531451047893824579659849405289e-01
2.0340459354289061599807553193386411294341e-01
5.6627232343631495048441593098687008023262e-01
1.0000000000000000000000000000000000000000e+00
5.3402279072780678426113354362314566969872e-01
6.7442578354432902720816400687908753752708e-01
3.1185180272412926782976683171000331640244e-01
6.4866282008377407208854492637328803539276e-01
7.3926240788601615960828894458245486021042e-01
8.7623952752965250656558282571495510637760e-01
1.0000000000000000000000000000000000000000e+00
5.9377474541411223718512246705358847975731e-01
6.1309631552456145264784481696551665663719e-01
5.9377474541411645603261604264844208955765e-01
5.4585899850829211477076796654728241264820e-01
7.6642330357463950285534792783437296748161e-01
5.6181062472489395887009777652565389871597e-01
5.9377474541412178510313424339983612298965e-01
2.6120700121977619145852145265962462872267e-01
8.4443449764093159171096658610622398555279e-01
9.8407957646632659987062652362510561943054e-01
7.1196412976403777861378330271691083908081e-01
1.0000000000000000000000000000000000000000e+00
0.0000000000000000000000000000000000000000e+00
6.4456416231087132473476231098175048828125e-01
6.0359516162577553366475058282958343625069e-01
1.0000000000000000000000000000000000000000e+00
1.0000000000000000000000000000000000000000e+00
9.4201050188502499782572385811363346874714e-01
1.0000000000000000000000000000000000000000e+00
1.0000000000000000000000000000000000000000e+00
1.0000000000000000000000000000000000000000e+00
0.0000000000000000000000000000000000000000e+00
5.3829037967297921341014443896710872650146e-01
5.9377474541412178510313424339983612298965e-01
1.0000000000000000000000000000000000000000e+00
0.0000000000000000000000000000000000000000e+00
8.4238510196212457170616971779963932931423e-01
7.8524973545103293748326223067124374210835e-01
5.4598142652697734256150852161226794123650e-01
1.0000000000000000000000000000000000000000e+00
1.0000000000000000000000000000000000000000e+00
3.0388594672154273235165078403952065855265e-01
5.7064968542294314257645737598068080842495e-01
1.0000000000000000000000000000000000000000e+00
5.1848599674963258276960686998791061341763e-01
3.0980264103671578679310982806782703846693e-01
5.8699438469594111822402737743686884641647e-01
6.3201462286796794565191248693736270070076e-01
5.5424301680993115493123468695557676255703e-01
2.0590338772057256711001116400439059361815e-01
5.2391569882376742839369399007409811019897e-01
7.8771840257471259505450689175631850957870e-01
7.3926240788601516040756678194156847894192e-01
3.2245400705704374555438107563531957566738e-01
8.8694970123033331499406983766675693914294e-02
5.0433062399965833400017345411470159888268e-01
5.1755052251001376628636307941633276641369e-01
7.3892100891054601774499133171048015356064e-01
8.3443635111850289476365105656441301107407e-01
3.9338051256194428439982857526047155261040e-01
3.9464141382881678943306269502500072121620e-01
9.4478800428591847015979965362930670380592e-01
7.3892100891054979250327505724271759390831e-01
9.4455298206155080542600899207172915339470e-01
2.8338978369663569978342820832040160894394e-01
3.9283007674530012742764029098907485604286e-01
6.6217110836430737030866566783515736460686e-01
5.4293965641206476391289470484480261802673e-01
3.3450457342257911008687187859322875738144e-01
3.3450457342257911008687187859322875738144e-01
9.7040940390462226972090320487041026353836e-01
5.6038811572507840619294938733219169080257e-01
1.0000000000000000000000000000000000000000e+00
6.4373214653869803569818941468838602304459e-01
0.0000000000000000000000000000000000000000e+00
2.1611262700682162818388576397410361096263e-01
3.7275887335000715272492755048006074503064e-02
0.0000000000000000000000000000000000000000e+00
1.0141854308868385181607862932651187293231e-01
0.0000000000000000000000000000000000000000e+00
1.2038785298861454098329204498440958559513e-01
1.3577763324094455077428733602573629468679e-01
3.9571214933101678257187927556515205651522e-01
0.0000000000000000000000000000000000000000e+00
1.9636605138142584903171439236757578328252e-01
1.9636605138142312898530406073405174538493e-01
1.2322705432389483015676034938223892822862e-01
4.6450113999720654689440380025189369916916e-01
0.0000000000000000000000000000000000000000e+00
0.0000000000000000000000000000000000000000e+00
2.0340459354289061599807553193386411294341e-01
2.6120700121977619145852145265962462872267e-01
0.0000000000000000000000000000000000000000e+00
8.8694970123033331499406983766675693914294e-02
0.0000000000000000000000000000000000000000e+00
0.0000000000000000000000000000000000000000e+00
2.1611262700682162818388576397410361096263e-01
3.7275887335000715272492755048006074503064e-02
0.0000000000000000000000000000000000000000e+00
1.0141854308868385181607862932651187293231e-01
0.0000000000000000000000000000000000000000e+00
1.2038785298861454098329204498440958559513e-01
1.3577763324094455077428733602573629468679e-01
3.9571214933101678257187927556515205651522e-01
0.0000000000000000000000000000000000000000e+00
1.9636605138142584903171439236757578328252e-01
1.9636605138142312898530406073405174538493e-01
1.2322705432389483015676034938223892822862e-01
4.6450113999720654689440380025189369916916e-01
0.0000000000000000000000000000000000000000e+00
0.0000000000000000000000000000000000000000e+00
2.0340459354289061599807553193386411294341e-01
2.6120700121977619145852145265962462872267e-01
0.0000000000000000000000000000000000000000e+00
8.8694970123033331499406983766675693914294e-02
0.0000000000000000000000000000000000000000e+00
0.0000000000000000000000000000000000000000e+00
0.0000000000000000000000000000000000000000e+00
2.1611262700682162818388576397410361096263e-01
3.7275887335000715272492755048006074503064e-02
0.0000000000000000000000000000000000000000e+00
1.0141854308868385181607862932651187293231e-01
0.0000000000000000000000000000000000000000e+00
1.2038785298861454098329204498440958559513e-01
1.3577763324094455077428733602573629468679e-01
3.9571214933101678257187927556515205651522e-01
0.0000000000000000000000000000000000000000e+00
1.9636605138142584903171439236757578328252e-01
1.9636605138142312898530406073405174538493e-01
1.2322705432389483015676034938223892822862e-01
4.6450113999720654689440380025189369916916e-01
0.0000000000000000000000000000000000000000e+00
0.0000000000000000000000000000000000000000e+00
2.0340459354289061599807553193386411294341e-01
2.6120700121977619145852145265962462872267e-01
0.0000000000000000000000000000000000000000e+00
8.8694970123033331499406983766675693914294e-02
0.0000000000000000000000000000000000000000e+00
0.0000000000000000000000000000000000000000e+00
0.0000000000000000000000000000000000000000e+00
0.0000000000000000000000000000000000000000e+00
8.8367297428432806327691650949418544769287e+01
3.4618105575927184125450963847470120526850e-02
