1
0
23
1.0000000000000000000000000000000000000000e+00
3.0236020667211194190571177387028001248837e-01
2.3615082284361774145331480667664436623454e-01
4.8472082430117224838284073484828695654869e-01
0.0000000000000000000000000000000000000000e+00
4.8568268196739383668614209454972296953201e-01
4.8472082430116752993498607793299015611410e-01
0.0000000000000000000000000000000000000000e+00
7.8192917991641952557557715408620424568653e-01
2.7281600653891424634878148935968056321144e-01
4.6637412967183411449667573833721689879894e-01
9.2844053215732788575387246510217664763331e-02
4.5044931881438904364145514591655228286982e-01
6.8415355640025732331110930317663587629795e-01
4.9356232093744822897463109256932511925697e-01
3.7321819182719179197604830733325798064470e-01
0.0000000000000000000000000000000000000000e+00
7.5339961566462809727795502112712711095810e-01
5.9868273804351246347721371421357616782188e-01
7.8822159576045480733341719314921647310257e-01
4.0703562060445136472353055978601332753897e-01
4.2130489710690999238806853099958971142769e-01
2.0262605027412228242411629253183491528034e-01
4.8568268196739383668614209454972296953201e-01
4.8472082430116658624541514654993079602718e-01
4.3874702283464461771700371173210442066193e-01
5.8707868562023168834684838657267391681671e-01
5.3500311382865739506797808644478209316730e-01
3.1724209021890276138933018046373035758734e-01
1.0847944181167586130687396916982834227383e-01
5.4490530479910714856117692761472426354885e-01
1.0000000000000000000000000000000000000000e+00
4.8232485242849443274337772891158238053322e-01
5.4777497486657666936338273444562219083309e-01
9.8944020071284721762339131601038388907909e-01
6.7086026343673788030486093703075312077999e-01
6.0709626860639576140243889312841929495335e-01
3.6717510687027798965686997689772397279739e-01
6.3515542612419173540416750256554223597050e-01
7.2983745253380349904404056360363028943539e-01
7.8822159576045480733341719314921647310257e-01
5.6207807886016891707470222172560170292854e-01
1.0000000000000000000000000000000000000000e+00
6.1947494442867168107369479912449605762959e-01
4.4285501473301130959114857432723511010408e-01
4.1691019110099053479601138860743958503008e-01
0.0000000000000000000000000000000000000000e+00
6.3600169392183192318412920940318144857883e-01
5.4679048788309758677428362716455012559891e-01
2.8314242097127573227766106356284581124783e-01
6.5569775394832452430904368156916461884975e-01
1.0000000000000000000000000000000000000000e+00
3.6765095367878297683006394436233676970005e-01
5.2244709260585819876610003120731562376022e-01
3.6717510687027798965686997689772397279739e-01
1.0000000000000000000000000000000000000000e+00
1.8436538321880674429209534537221770733595e-01
6.1866897983384505632642458294867537915707e-01
4.2492485957339859448111951678583864122629e-01
5.5169405966194096091470555620617233216763e-01
6.8703485785981766031937922889483161270618e-01
4.3552391154027886299715532913978677242994e-01
8.9485248178218634862446378974709659814835e-01
9.4957826988724458594504085340304300189018e-01
1.0000000000000000000000000000000000000000e+00
7.6908440041882930593430955923395231366158e-01
1.8436538321880674429209534537221770733595e-01
1.8436538321880674429209534537221770733595e-01
4.6934540517291983841019487044832203537226e-01
2.6200762256175536002444914629450067877769e-01
5.3094131450476844680252952457522042095661e-01
4.1813537233237108026173700636718422174454e-01
9.2975854394477608355629172365297563374043e-01
2.9365702328100851126180259598186239600182e-01
2.8121201279599256084296143853862304240465e-01
3.6717510687027798965686997689772397279739e-01
7.9838209431736839594151433630031533539295e-01
6.5480607072697505355307612262549810111523e-01
6.4313619493373141988712404781836085021496e-01
7.1274466547270667882152395122830057516694e-02
4.6416833777625710055758645466994494199753e-01
9.8658357741050739520005663507618010044098e-01
6.2749274018766754146270159253617748618126e-01
1.0000000000000000000000000000000000000000e+00
1.0000000000000000000000000000000000000000e+00
1.0000000000000000000000000000000000000000e+00
1.0000000000000000000000000000000000000000e+00
7.8782042795428908199539819179335609078407e-01
1.0000000000000000000000000000000000000000e+00
4.8826692730150067500716204449418000876904e-01
4.6416833777625710055758645466994494199753e-01
6.4313619493374463154111708718119189143181e-01
4.6416833777625710055758645466994494199753e-01
5.8723244740781199713097748826839961111546e-01
7.6179055837370190928936608543153852224350e-01
5.2530464209219962512520396558102220296860e-01
7.8897620596403261750140245567308738827705e-01
3.1444185004603641964138205366907641291618e-01
1.0000000000000000000000000000000000000000e+00
5.9103407373607641517310185008682310581207e-01
6.0709626860639576140243889312841929495335e-01
3.6520000470821778471020024880999699234962e-01
2.4994467269716089119491186920640757307410e-01
3.6520000470821806226595640509913209825754e-01
8.4964412344700335211200581397861242294312e-01
6.4592171114806329335067403007997199892998e-01
0.0000000000000000000000000000000000000000e+00
6.1735242815766422364021082103135995566845e-01
3.5005108048209437887621220397704746574163e-01
4.1423337160166473491784699945128522813320e-01
6.8368610247498740051241838955320417881012e-01
7.6384118005295609243887611228274181485176e-01
4.8063673620415980902720320955268107354641e-01
5.0085966614631771687271566406707279384136e-01
5.3882400707262656514018317466252483427525e-01
1.5133743477213484895926853823766577988863e-01
4.4478830488457660186085718123649712651968e-01
8.3588787606308934119425657627289183437824e-01
4.1002564178694761443111360676994081586599e-01
9.2910873561020501654184045037254691123962e-01
8.8663514455259195834457841556286439299583e-01
0.0000000000000000000000000000000000000000e+00
4.2686879914132846991492442612070590257645e-01
8.4982774740416056058478488921537064015865e-01
5.3094131450476844680252952457522042095661e-01
5.9228777870905435776194281061179935932159e-01
2.6851756538359594639331362486700527369976e-01
2.5734663696791659770468640999752096831799e-01
4.9755484604742961085577235280652530491352e-01
5.3882400707262523287255362447467632591724e-01
9.9524194338964033779149076508474536240101e-01
1.0000000000000000000000000000000000000000e+00
5.3882400707262523287255362447467632591724e-01
2.1289255799084425002654086256370646879077e-01
5.2592127171403713070674257323844358325005e-01
7.6401873127627928372618271168903447687626e-01
3.5005108048209560012153929164924193173647e-01
2.1289255799084425002654086256370646879077e-01
5.0549982951790572993644445887184701859951e-01
1.0000000000000000000000000000000000000000e+00
5.5657493269224822540763852884992957115173e-01
6.5807501176479543669728400345775298774242e-01
2.6732822499726416332066492032026872038841e-01
6.8974737127266183556173473334638401865959e-01
7.0602217555815949268094300350639969110489e-01
8.0428122561801385081992066261591389775276e-01
1.0000000000000000000000000000000000000000e+00
5.4246204490148874910460108367260545492172e-01
5.5801665296268587734829225155408494174480e-01
5.4246204490148874910460108367260545492172e-01
5.5430129694416707675230782115249894559383e-01
6.7878902386818307235216707340441644191742e-01
5.3882400707262634309557824963121674954891e-01
5.9401275254086116639484771440038457512856e-01
2.2539003700411047725893354254367295652628e-01
1.0000000000000000000000000000000000000000e+00
9.3959532644826626590628393387305550277233e-01
6.3238426932061586605016145767876878380775e-01
1.0000000000000000000000000000000000000000e+00
0.0000000000000000000000000000000000000000e+00
5.7157498185049215866371241645538248121738e-01
5.2230269567091058835472949795075692236423e-01
1.0000000000000000000000000000000000000000e+00
1.0000000000000000000000000000000000000000e+00
9.5334364777732127915754745117737911641598e-01
1.0000000000000000000000000000000000000000e+00
1.0000000000000000000000000000000000000000e+00
9.9840733261869207826322281107422895729542e-01
0.0000000000000000000000000000000000000000e+00
5.6227444737359422166633748929598368704319e-01
8.6551712606779451775196321250405162572861e-01
9.8970317176985644902487138097058050334454e-01
0.0000000000000000000000000000000000000000e+00
8.6717038505284538274509031907655298709869e-01
7.3794015349224806321615233173361048102379e-01
5.3591798757320618928901012623100541532040e-01
1.0000000000000000000000000000000000000000e+00
1.0000000000000000000000000000000000000000e+00
2.7364098497913419416605051992519292980433e-01
6.2447024643003712363054091838421300053596e-01
1.0000000000000000000000000000000000000000e+00
6.3207061265663599947117745614377781748772e-01
2.8314242097127573227766106356284581124783e-01
5.5169405966194096091470555620617233216763e-01
6.8058492658420244314498859239392913877964e-01
6.3207061265663733173880700633162632584572e-01
2.2096237418888833858865439196961233392358e-01
4.8063673620415980902720320955268107354641e-01
8.2985432079181054021432828449178487062454e-01
7.8200529975868271481687088453327305614948e-01
2.0522244297901068299516680326632922515273e-01
1.1008640271947553457287938272202154621482e-01
5.3820426894649564530936913797631859779358e-01
5.3349745995474895376986523842788301408291e-01
7.8433089060858129926145920762792229652405e-01
9.7013681296892917416130330821033567190170e-01
2.8675543846414563997626601121737621724606e-01
4.2739777005323154046578792986110784113407e-01
9.4650529183058984550314107764279469847679e-01
7.3530579972206666639067407231777906417847e-01
1.0000000000000000000000000000000000000000e+00
2.6103052423793071668001175567042082548141e-01
3.9749209827844073084079923319222871214151e-01
6.5480607072697505355307612262549810111523e-01
5.3820426894649542326476421294501051306725e-01
3.3771637495451267696466857159975916147232e-01
3.2479451906827283558243379957275465130806e-01
9.6822571647534205752094749186653643846512e-01
5.4246204490149063648374294643872417509556e-01
1.0000000000000000000000000000000000000000e+00
6.4273868312091242405159619011101312935352e-01
5.2947248176316415169129214746135403402150e-02
2.3615082284361774145331480667664436623454e-01
0.0000000000000000000000000000000000000000e+00
0.0000000000000000000000000000000000000000e+00
9.2844053215732788575387246510217664763331e-02
0.0000000000000000000000000000000000000000e+00
2.0262605027412228242411629253183491528034e-01
1.0847944181167586130687396916982834227383e-01
3.6717510687027798965686997689772397279739e-01
0.0000000000000000000000000000000000000000e+00
1.8436538321880674429209534537221770733595e-01
1.8436538321880674429209534537221770733595e-01
7.1274466547270667882152395122830057516694e-02
4.6416833777625710055758645466994494199753e-01
0.0000000000000000000000000000000000000000e+00
0.0000000000000000000000000000000000000000e+00
2.1289255799084425002654086256370646879077e-01
2.2539003700411047725893354254367295652628e-01
0.0000000000000000000000000000000000000000e+00
1.1008640271947553457287938272202154621482e-01
5.2947248176316415169129214746135403402150e-02
0.0000000000000000000000000000000000000000e+00
2.3615082284361774145331480667664436623454e-01
0.0000000000000000000000000000000000000000e+00
0.0000000000000000000000000000000000000000e+00
9.2844053215732788575387246510217664763331e-02
0.0000000000000000000000000000000000000000e+00
2.0262605027412228242411629253183491528034e-01
1.0847944181167586130687396916982834227383e-01
3.6717510687027798965686997689772397279739e-01
0.0000000000000000000000000000000000000000e+00
1.8436538321880674429209534537221770733595e-01
1.8436538321880674429209534537221770733595e-01
7.1274466547270667882152395122830057516694e-02
4.6416833777625710055758645466994494199753e-01
0.0000000000000000000000000000000000000000e+00
0.0000000000000000000000000000000000000000e+00
2.1289255799084425002654086256370646879077e-01
2.2539003700411047725893354254367295652628e-01
0.0000000000000000000000000000000000000000e+00
1.1008640271947553457287938272202154621482e-01
5.2947248176316415169129214746135403402150e-02
0.0000000000000000000000000000000000000000e+00
0.0000000000000000000000000000000000000000e+00
2.3615082284361774145331480667664436623454e-01
0.0000000000000000000000000000000000000000e+00
0.0000000000000000000000000000000000000000e+00
9.2844053215732788575387246510217664763331e-02
0.0000000000000000000000000000000000000000e+00
2.0262605027412228242411629253183491528034e-01
1.0847944181167586130687396916982834227383e-01
3.6717510687027798965686997689772397279739e-01
0.0000000000000000000000000000000000000000e+00
1.8436538321880674429209534537221770733595e-01
1.8436538321880674429209534537221770733595e-01
7.1274466547270667882152395122830057516694e-02
4.6416833777625710055758645466994494199753e-01
0.0000000000000000000000000000000000000000e+00
0.0000000000000000000000000000000000000000e+00
2.1289255799084425002654086256370646879077e-01
2.2539003700411047725893354254367295652628e-01
0.0000000000000000000000000000000000000000e+00
1.1008640271947553457287938272202154621482e-01
5.2947248176316415169129214746135403402150e-02
0.0000000000000000000000000000000000000000e+00
0.0000000000000000000000000000000000000000e+00
0.0000000000000000000000000000000000000000e+00
8.4972235700037728634015365969389677047729e+01
1.9821215745194846469257043963807518593967e-02
