1
0
23
1.0000000000000000000000000000000000000000e+00
3.0481561712035970534984130608791019767523e-01
2.1212503047352881946352454178850166499615e-01
5.0192262166544077128804701715125702321529e-01
1.2781287483117872993965136174665531143546e-01
4.8636896549974750758593700084020383656025e-01
4.8911942214077153145979082182748243212700e-01
0.0000000000000000000000000000000000000000e+00
7.1924537502414398471017875635880045592785e-01
2.4652617877532356782666056460584513843060e-01
3.4030848333507873748615679687645751982927e-01
5.2967827971138824183494620001511066220701e-02
4.4460024148934679244504764028533827513456e-01
7.4704467950768316253373768631718121469021e-01
7.6659964859266327419362596629071049392223e-01
3.9179244804488183584467719811073038727045e-01
0.0000000000000000000000000000000000000000e+00
7.2792191570907782693922172256861813366413e-01
6.4999692937489372823733901896048337221146e-01
7.0117631758988041568159133021254092454910e-01
3.8099993903744916456943769844656344503164e-01
4.8154040709597545344422542257234454154968e-01
1.7041045023791620560693615971104009076953e-01
4.8636896549974723003018084455106873065233e-01
5.0192262166544077128804701715125702321529e-01
4.2690810928602074270088451157789677381516e-01
5.7387572771084038869560117746004834771156e-01
5.9554190888952385218857443760498426854610e-01
2.8725532007207793538938744859478902071714e-01
1.3822828532213426999675220940844155848026e-01
5.8793794623789430442428738388116471469402e-01
9.3316881956998354308296939052524976432323e-01
4.5801995634609360408262546116020530462265e-01
5.8691047402927021270357954563223756849766e-01
9.9663751081596196890188821271294727921486e-01
6.6411552505088056186366429756162688136101e-01
6.5957298672754482993241254007443785667419e-01
3.8381613825114963001183809865324292331934e-01
6.9226597945254741972576084663160145282745e-01
6.9226597945254741972576084663160145282745e-01
9.8199527494872684840743204404134303331375e-01
4.9259492755395184460098789713811129331589e-01
1.0000000000000000000000000000000000000000e+00
6.4141082068326693566007179470034316182137e-01
4.5553478735631458551580408311565406620502e-01
4.8159902092925399585965351434424519538879e-01
0.0000000000000000000000000000000000000000e+00
6.4068785086076407431221468868898227810860e-01
5.4226080441095692030728514509974047541618e-01
2.8251772015142423422062734061910305172205e-01
6.2491573491938878781581934163114055991173e-01
1.0000000000000000000000000000000000000000e+00
3.8182739669184290187686769968422595411539e-01
5.0192262166544077128804701715125702321529e-01
3.8381613825114963001183809865324292331934e-01
1.0000000000000000000000000000000000000000e+00
2.2020040413521832500798325327195925638080e-01
6.6511933102404796613882353994995355606079e-01
4.7858196856101198335409208084456622600555e-01
5.9601331989959271950851871224585920572281e-01
6.6600567268980781499010390689363703131676e-01
4.7614859460417091607808970366022549569607e-01
8.9565417847183548261114083288703113794327e-01
9.2798802972257055099447597967809997498989e-01
1.0000000000000000000000000000000000000000e+00
8.2744803444400760739085853856522589921951e-01
2.2020040413521832500798325327195925638080e-01
2.2020040413521832500798325327195925638080e-01
4.7511842934545112093758234550477936863899e-01
2.5505791748958756004483916512981522828341e-01
4.8451024917518731305321466606983449310064e-01
3.1646471750474841622136068508552853018045e-01
9.9705649434387266794033166661392897367477e-01
3.1125361326473610645848566491622477769852e-01
2.4929100975080514812631804488773923367262e-01
3.8381613825114963001183809865324292331934e-01
8.2575814627740407036782244176720269024372e-01
6.5323116642363632244894233735976740717888e-01
6.4068785086076518453523931384552270174026e-01
0.0000000000000000000000000000000000000000e+00
4.4169375470350097367955299887398723512888e-01
9.6140566274043015582151383568998426198959e-01
6.0584483880547346235090344634954817593098e-01
1.0000000000000000000000000000000000000000e+00
1.0000000000000000000000000000000000000000e+00
9.4074312584764130384940017393091693520546e-01
9.6297449872371054802044909592950716614723e-01
7.5202878122921412717971634265268221497536e-01
1.0000000000000000000000000000000000000000e+00
5.0192262166544066026574455463560298085213e-01
5.2224952670480040417544387310044839978218e-01
6.1639448429712440091776670669787563383579e-01
4.4169375470350097367955299887398723512888e-01
6.9988342219349930495297940069576725363731e-01
7.8498162920047775958920510674943216145039e-01
5.0474999102606732392928279296029359102249e-01
8.1187492806074823548101448977831751108170e-01
3.3715209221388209304137717481353320181370e-01
9.9446073761660258583106042351573705673218e-01
5.6901160786544646708051686800899915397167e-01
6.5957298672754260948636328976135700941086e-01
4.0943385525568321003930805090931244194508e-01
3.3957407164438735414080383634427562355995e-01
4.0943385525568348759506420719844754785299e-01
8.5575375788862240167276240754290483891964e-01
6.2189593397855447154398689235677011311054e-01
0.0000000000000000000000000000000000000000e+00
5.8628807045806230480167187124607153236866e-01
3.4075665909914759632570735448098275810480e-01
3.6837438897790358849348990588623564690351e-01
5.7656838892355721792881695364485494792461e-01
7.1008397518685129057303129229694604873657e-01
3.8388684342209544730906145559856668114662e-01
4.6172985008524547456687514568329788744450e-01
4.9754955298216141379441523895366117358208e-01
1.0698485178139545415110234216626849956810e-01
4.0350933774230474115896072362374980002642e-01
8.4480965884751013650344475536257959902287e-01
3.8636998430220359512787808853317983448505e-01
9.1139806888922836325406251489766873419285e-01
8.5103252628008985158913901614141650497913e-01
0.0000000000000000000000000000000000000000e+00
3.8762888372052906049702869495376944541931e-01
9.1359916551131692408205253741471096873283e-01
4.8451024917518731305321466606983449310064e-01
5.5064396205642618387088305098586715757847e-01
2.7914427600550717478711248986655846238136e-01
2.2664604802897023172469914698012871667743e-01
5.0636775253140753338954027640284039080143e-01
5.3201363035063153894554943690309301018715e-01
9.3061212582415986371842109292629174888134e-01
1.0000000000000000000000000000000000000000e+00
5.0636775253140753338954027640284039080143e-01
1.5526629911251813020989231972635025158525e-01
5.0636775253140442476507132596452720463276e-01
7.0601758238800360611975293068098835647106e-01
2.4446622525087755017914048494276357814670e-01
1.5526629911251813020989231972635025158525e-01
5.4922426303029470151528812493779696524143e-01
9.9157279229491179783906318334629759192467e-01
5.6968925031336126174608125438680872321129e-01
6.3292943500949738755423368274932727217674e-01
3.5735509211779858951274491118965670466423e-01
7.1397951711456009160627900200779549777508e-01
6.9911175090296839851333743354189209640026e-01
7.5665450728830230264776446347241289913654e-01
1.0000000000000000000000000000000000000000e+00
5.8699594396210408309144668237422592937946e-01
5.9601331989959271950851871224585920572281e-01
5.8699594396210408309144668237422592937946e-01
5.7606872172551559785347308206837624311447e-01
7.0601758238800349509745046816533431410789e-01
4.6172985008524547456687514568329788744450e-01
5.9601331989959271950851871224585920572281e-01
2.5020887251834805775629888557887170463800e-01
1.0000000000000000000000000000000000000000e+00
1.0000000000000000000000000000000000000000e+00
6.9917427176175417358194863481912761926651e-01
1.0000000000000000000000000000000000000000e+00
0.0000000000000000000000000000000000000000e+00
1.0000000000000000000000000000000000000000e+00
5.5443570282938159365926367172505706548691e-01
6.3157739151431391277924376481678336858749e-01
1.0000000000000000000000000000000000000000e+00
1.0000000000000000000000000000000000000000e+00
1.0000000000000000000000000000000000000000e+00
1.0000000000000000000000000000000000000000e+00
1.0000000000000000000000000000000000000000e+00
0.0000000000000000000000000000000000000000e+00
5.8668420647096930498065603387658484280109e-01
9.2488362896253228928600265135173685848713e-01
9.8717113297144853945042086706962436437607e-01
0.0000000000000000000000000000000000000000e+00
8.3539104495936122862786987752770073711872e-01
7.0401883922734032061896414234070107340813e-01
5.7718816355928004302455747165367938578129e-01
1.0000000000000000000000000000000000000000e+00
1.0000000000000000000000000000000000000000e+00
1.7041045023791620560693615971104009076953e-01
6.3035480057483661564532440024777315557003e-01
1.0000000000000000000000000000000000000000e+00
6.2770234216169584762212707573780789971352e-01
2.8251772015142423422062734061910305172205e-01
5.9601331989958383772432171099353581666946e-01
6.7393776009622718969893639950896613299847e-01
6.2770234216169584762212707573780789971352e-01
2.3895488641788484307504347725625848397613e-01
4.4467144103478517536132130771875381469727e-01
7.8625615505550694450676019187085330486298e-01
8.8204931167351241505514281016075983643532e-01
7.0737265877411248382600206241477280855179e-02
1.3925511109993198369250144708075822563842e-02
5.8160621601190398699543493421515449881554e-01
5.7003981869664177573042707081185653805733e-01
6.8434521871220665989454801092506386339664e-01
9.4581523204045081509860892765573225915432e-01
3.9106366456696839417617184153641574084759e-01
4.0662240589611875485331893287366256117821e-01
8.6124678746923877259433766084839589893818e-01
6.6222799127378784156405799876665696501732e-01
1.0000000000000000000000000000000000000000e+00
3.8330216035577846511728239420335739850998e-01
4.0427743557240158889243275552871637046337e-01
6.7396762524984210607215118216117843985558e-01
5.8160621601190398699543493421515449881554e-01
3.8388684342209544730906145559856668114662e-01
3.8388684342209544730906145559856668114662e-01
9.4717019423475956596547575827571563422680e-01
5.4922426303029470151528812493779696524143e-01
1.0000000000000000000000000000000000000000e+00
6.6153022213881129687251814175397157669067e-01
8.5576014981237041867601078592997509986162e-02
2.1212503047352881946352454178850166499615e-01
1.2781287483117872993965136174665531143546e-01
0.0000000000000000000000000000000000000000e+00
5.2967827971138824183494620001511066220701e-02
0.0000000000000000000000000000000000000000e+00
1.7041045023791620560693615971104009076953e-01
1.3822828532213426999675220940844155848026e-01
3.8381613825114963001183809865324292331934e-01
0.0000000000000000000000000000000000000000e+00
2.2020040413521832500798325327195925638080e-01
2.2020040413521832500798325327195925638080e-01
0.0000000000000000000000000000000000000000e+00
4.4169375470350097367955299887398723512888e-01
0.0000000000000000000000000000000000000000e+00
0.0000000000000000000000000000000000000000e+00
1.5526629911251813020989231972635025158525e-01
2.5020887251834805775629888557887170463800e-01
0.0000000000000000000000000000000000000000e+00
1.3925511109993198369250144708075822563842e-02
8.5576014981237041867601078592997509986162e-02
0.0000000000000000000000000000000000000000e+00
2.1212503047352881946352454178850166499615e-01
1.2781287483117872993965136174665531143546e-01
0.0000000000000000000000000000000000000000e+00
5.2967827971138824183494620001511066220701e-02
0.0000000000000000000000000000000000000000e+00
1.7041045023791620560693615971104009076953e-01
1.3822828532213426999675220940844155848026e-01
3.8381613825114963001183809865324292331934e-01
0.0000000000000000000000000000000000000000e+00
2.2020040413521832500798325327195925638080e-01
2.2020040413521832500798325327195925638080e-01
0.0000000000000000000000000000000000000000e+00
4.4169375470350097367955299887398723512888e-01
0.0000000000000000000000000000000000000000e+00
0.0000000000000000000000000000000000000000e+00
1.5526629911251813020989231972635025158525e-01
2.5020887251834805775629888557887170463800e-01
0.0000000000000000000000000000000000000000e+00
1.3925511109993198369250144708075822563842e-02
8.5576014981237041867601078592997509986162e-02
0.0000000000000000000000000000000000000000e+00
0.0000000000000000000000000000000000000000e+00
2.1212503047352881946352454178850166499615e-01
1.2781287483117872993965136174665531143546e-01
0.0000000000000000000000000000000000000000e+00
5.2967827971138824183494620001511066220701e-02
0.0000000000000000000000000000000000000000e+00
1.7041045023791620560693615971104009076953e-01
1.3822828532213426999675220940844155848026e-01
3.8381613825114963001183809865324292331934e-01
0.0000000000000000000000000000000000000000e+00
2.2020040413521832500798325327195925638080e-01
2.2020040413521832500798325327195925638080e-01
0.0000000000000000000000000000000000000000e+00
4.4169375470350097367955299887398723512888e-01
0.0000000000000000000000000000000000000000e+00
0.0000000000000000000000000000000000000000e+00
1.5526629911251813020989231972635025158525e-01
2.5020887251834805775629888557887170463800e-01
0.0000000000000000000000000000000000000000e+00
1.3925511109993198369250144708075822563842e-02
8.5576014981237041867601078592997509986162e-02
0.0000000000000000000000000000000000000000e+00
0.0000000000000000000000000000000000000000e+00
0.0000000000000000000000000000000000000000e+00
8.6223939680999365009483881294727325439453e+01
8.5202812900033331883209442025872704107314e-03
