1
0
23
6.9704948035530267524961800518212839961052e-01
3.8326210282122841199736740236403420567513e-01
4.6009415528657171545745541152427904307842e-01
7.2024148638838370040105019143084064126015e-01
3.7118729933495808737120569276157766580582e-01
7.7361200371662230956815164972795173525810e-01
7.4644450784094684703262601033202372491360e-01
3.8982651271790569325048636528663337230682e-01
6.7834392689365441420079605450155213475227e-01
8.3256886777654548481564233952667564153671e-01
7.0119238054167787321802052247221581637859e-01
3.0635260182547308094314075788133777678013e-01
6.0764008168246619323582535798777826130390e-01
8.5185950237209873137089743977412581443787e-01
1.0000000000000000000000000000000000000000e+00
7.8979505218195322768792721035424619913101e-01
0.0000000000000000000000000000000000000000e+00
8.0058504868292390543871306363143958151340e-01
7.5731106271704451415871517383493483066559e-01
8.8938158064680794545608932821778580546379e-01
7.8613985167944011589469255341100506484509e-01
7.4783524660151401430852047269581817090511e-01
5.9746722802852614275792575426748953759670e-01
7.1629871224879282376463152104406617581844e-01
7.0695668767172670232667996970121748745441e-01
8.1562952625022411279331890909816138446331e-01
6.4442009478740269745600244277738966047764e-01
8.2996123140983291133210286716348491609097e-01
8.0340073308376513949724539997987449169159e-01
3.4856520847570793275593814541934989392757e-01
6.4203363375507527255336981397704221308231e-01
6.8548925137599392432008471587323583662510e-01
6.5849640138286191781702427761047147214413e-01
6.1908371849576093737255177984479814767838e-01
4.3118221061184980325009519219747744500637e-01
6.4579801999933372780304807747597806155682e-01
6.5677468330149424424746484874049201607704e-01
0.0000000000000000000000000000000000000000e+00
8.5624455819980693771498181376955471932888e-01
6.0495976044597898901855614894884638488293e-01
7.8823798610295181532592323492281138896942e-01
6.4684348741085229139713419499457813799381e-01
1.0000000000000000000000000000000000000000e+00
6.8616206145355951306896713504102081060410e-01
7.3623470937711765760269599923049099743366e-01
7.3623470937711310568829503608867526054382e-01
3.5237280782092117448200951912440359592438e-01
6.0427091337208371779610160956508480012417e-01
8.9704696815963957945427864615339785814285e-01
8.9338012884050965745075245649786666035652e-01
8.4627951711395132949888875373289920389652e-01
4.3403640109134583591199429974949453026056e-01
7.7827409124830093656299823123845271766186e-01
7.5269033478628866173920641813310794532299e-01
5.9843873514575529615200366606586612761021e-01
6.4911246318674720168218073013122193515301e-01
2.7501589495835365717368858895497396588326e-01
5.7334115519275230532514342485228553414345e-01
8.7641999630589906278288481189520098268986e-01
8.3544023970193082018198538207798264920712e-01
7.3135860948880304643893168758950196206570e-01
5.5576571446586353619778719803434796631336e-01
8.7132548943990562051453707681503146886826e-01
8.0534284037360204244748729252023622393608e-01
6.6413259948886382844079889764543622732162e-01
7.3135860948880304643893168758950196206570e-01
4.7713974297175631988920940784737467765808e-01
3.3918177056165876859239460827666334807873e-01
7.1865143860583524659801923917257227003574e-01
6.6788512393715637749380675813881680369377e-01
8.8401873402063924078930767791462130844593e-01
6.5455627162654161921295781212393194437027e-01
1.0000000000000000000000000000000000000000e+00
8.0340073308376513949724539997987449169159e-01
5.9147358601225508145660114678321406245232e-01
6.6413259948886382844079889764543622732162e-01
8.1133923287426856774118277826346457004547e-01
1.0000000000000000000000000000000000000000e+00
9.6831287339516936008010361547349020838737e-01
3.5209161113261439046695500110217835754156e-01
5.2574629357002256035968912328826263546944e-01
8.4349728157351500090754825578187592327595e-01
8.2384855310221793978087134746601805090904e-01
9.5749151085067607525047606031876057386398e-01
4.4559406361663500550918115550302900373936e-01
8.2412330448710469088524632752523757517338e-01
6.5400293191986991203634715930093079805374e-01
7.1395919966190890537660607151337899267673e-01
9.5701700819521096086361922061769291758537e-01
5.6699895090115204343561572386533953249454e-01
5.9430844823385875486110307974740862846375e-01
8.6492016218199019306211994262412190437317e-01
3.6409566518546920832477553631179034709930e-01
6.4090616083850548978517736031790263950825e-01
9.9958048840518420874445837398525327444077e-01
8.6899472626213181136733965104212984442711e-01
7.7807109754239145438248215214116498827934e-01
6.3853817504747956146360365892178378999233e-01
7.4480581678803892131668362708296626806259e-01
8.5158372585345942784584849505336023867130e-01
8.2184169396472595003899641596945002675056e-01
5.8078988959623645271790337574202567338943e-01
4.9743547316727693141658050990372430533171e-01
4.9058976463239367671320678709889762103558e-01
9.7442201339121758962846797658130526542664e-01
6.6297883220716824492768637355766259133816e-01
2.4825260647313521222834253876499133184552e-01
6.7008999867417373685896109236637130379677e-01
9.2511716994035331218526607699459418654442e-01
7.6670513538812012921397354148211888968945e-01
6.3492031540530313726833355758571997284889e-01
6.9097903050210685016452316631330177187920e-01
8.1987956187918564765482187794987112283707e-01
6.5677468330149424424746484874049201607704e-01
6.8250081293797426607028455691761337220669e-01
8.6775491987710107189002428640378639101982e-01
7.4426197092287027512469421708374284207821e-01
7.6428132422118710831426824370282702147961e-01
7.6670513538812012921397354148211888968945e-01
9.2603239942160842090856931463349610567093e-01
9.9404705102766199864561258436879143118858e-01
2.5188067179687201324611578456824645400047e-01
7.1629871224879282376463152104406617581844e-01
1.0000000000000000000000000000000000000000e+00
9.4436830319596465344034186273347586393356e-01
6.8942594384132172002921379316831007599831e-01
4.9503600874073150350795913254842162132263e-01
9.2573928386678916435670316786854527890682e-01
8.1562952625022411279331890909816138446331e-01
6.6413259948886382844079889764543622732162e-01
8.4329172354316728199563613088685087859631e-01
7.7949589457459700359009957537637092173100e-01
7.8573270766981995194555565831251442432404e-01
7.3454020317719947996693008462898433208466e-01
6.8934733050808782994778312058770097792149e-01
7.8149839035600232595157876858138479292393e-01
7.2765827946120231750626317079877480864525e-01
4.8046887259989840002205596647399943321943e-01
5.5650725877438489419546385761350393295288e-01
7.2195062450017100097454658680362626910210e-01
6.9470320804848040285861543452483601868153e-01
6.9334129550459577817633771701366640627384e-01
5.3704984311311620981399528318434022367001e-01
8.1074429477917009378984403156209737062454e-01
7.7412271137837418422122937045060098171234e-01
6.4759251639737547279196405725087970495224e-01
7.5048618805370814754951425129547715187073e-01
6.5575202661358489297782625726540572941303e-01
6.7179042829293122984779529360821470618248e-01
7.1968925998932997689649937456124462187290e-01
6.4544349243367948876226591892191208899021e-01
5.5650725877438866895374758314574137330055e-01
6.3334103772075756033643756381934508681297e-01
5.4642573867980226420826284083887003362179e-01
3.6348951154758141202094634536479134112597e-01
4.6947221449319220809570651908870786428452e-01
6.8234561674252669494222800494753755629063e-01
8.8938158064680794545608932821778580546379e-01
1.0000000000000000000000000000000000000000e+00
4.6447955955847564091243384609697386622429e-01
1.0000000000000000000000000000000000000000e+00
7.8852327965246093999240883931634016335011e-01
7.2200897328116364626282575045479461550713e-01
5.4498372640660996957251427375013008713722e-01
6.3820799346779555349939982988871634006500e-01
6.2012073731249583996572027899674139916897e-01
7.7376222074817790907985681769787333905697e-01
7.0060742229900796473884838633239269256592e-01
5.8892432241184411445544810703722760081291e-01
9.7484007534253336313412319213966839015484e-01
7.8160976959136652109094711704528890550137e-01
5.4265460642848661887427397232386283576488e-01
0.0000000000000000000000000000000000000000e+00
5.7919263774918794407398081602877937257290e-01
6.6136121477351039743552973959594964981079e-01
6.6162350188943375162153870405745692551136e-01
7.2148041899554993250376355717889964580536e-01
5.2654820614515474019867724564392119646072e-01
6.8639045415718258347226310434052720665932e-01
7.2148041899554993250376355717889964580536e-01
5.5814227819301676092322850308846682310104e-01
4.7480597640137633952406304160831496119499e-01
6.6162350188943375162153870405745692551136e-01
5.7919263774918794407398081602877937257290e-01
7.7335003777792865609086447875597514212132e-01
6.4707483447210534244220525579294189810753e-01
4.9611340121491986909774141167872585356236e-01
6.8823936332804835913634633470792323350906e-01
6.6162350188943375162153870405745692551136e-01
5.4940694035146087070842213506693951785564e-01
6.3749302781885708313325267226900905370712e-01
2.7173207385901948507367364982201252132654e-01
5.2517482849138741318739675989490933716297e-01
8.5185173269738378998283678811276331543922e-01
9.9570261860101272333167798933573067188263e-01
7.8953785428606026997044864401686936616898e-01
6.2155912011488767543454514452605508267879e-01
8.6295648775292699284023001382593065500259e-01
7.7116159206680434667902090950519777834415e-01
7.4083352340886488018867339633288793265820e-01
7.5048618805373101814382152952020987868309e-01
4.7861783244192934727578858655760996043682e-01
5.0040787622363858133667235961183905601501e-01
9.1515999755002741533616017477470450103283e-01
7.2637246561459911653457766078645363450050e-01
6.3284644191457239958964464676682837307453e-01
7.2765827946120231750626317079877480864525e-01
8.7671826712614431276193727171630598604679e-01
6.0157902722966627440115416902699507772923e-01
3.5184352862204598677564604258805047720671e-01
7.1656306918872858524593993934104219079018e-01
2.8943471630537315197884140616224613040686e-01
4.6009415528657171545745541152427904307842e-01
3.7118729933495808737120569276157766580582e-01
3.8982651271790569325048636528663337230682e-01
3.0635260182547308094314075788133777678013e-01
0.0000000000000000000000000000000000000000e+00
5.9746722802852614275792575426748953759670e-01
3.4856520847570793275593814541934989392757e-01
0.0000000000000000000000000000000000000000e+00
3.5237280782092117448200951912440359592438e-01
2.7501589495835365717368858895497396588326e-01
3.3918177056165876859239460827666334807873e-01
3.5209161113261439046695500110217835754156e-01
3.6409566518546920832477553631179034709930e-01
2.4825260647313521222834253876499133184552e-01
2.5188067179687201324611578456824645400047e-01
4.8046887259989840002205596647399943321943e-01
3.6348951154758141202094634536479134112597e-01
0.0000000000000000000000000000000000000000e+00
2.7173207385901948507367364982201252132654e-01
2.8943471630537315197884140616224613040686e-01
0.0000000000000000000000000000000000000000e+00
4.6009415528657171545745541152427904307842e-01
3.7118729933495808737120569276157766580582e-01
3.8982651271790569325048636528663337230682e-01
3.0635260182547308094314075788133777678013e-01
0.0000000000000000000000000000000000000000e+00
5.9746722802852614275792575426748953759670e-01
3.4856520847570793275593814541934989392757e-01
0.0000000000000000000000000000000000000000e+00
3.5237280782092117448200951912440359592438e-01
2.7501589495835365717368858895497396588326e-01
3.3918177056165876859239460827666334807873e-01
3.5209161113261439046695500110217835754156e-01
3.6409566518546920832477553631179034709930e-01
2.4825260647313521222834253876499133184552e-01
2.5188067179687201324611578456824645400047e-01
4.8046887259989840002205596647399943321943e-01
3.6348951154758141202094634536479134112597e-01
0.0000000000000000000000000000000000000000e+00
2.7173207385901948507367364982201252132654e-01
2.8943471630537315197884140616224613040686e-01
0.0000000000000000000000000000000000000000e+00
0.0000000000000000000000000000000000000000e+00
4.6009415528657171545745541152427904307842e-01
3.7118729933495808737120569276157766580582e-01
3.8982651271790569325048636528663337230682e-01
3.0635260182547308094314075788133777678013e-01
0.0000000000000000000000000000000000000000e+00
5.9746722802852614275792575426748953759670e-01
3.4856520847570793275593814541934989392757e-01
0.0000000000000000000000000000000000000000e+00
3.5237280782092117448200951912440359592438e-01
2.7501589495835365717368858895497396588326e-01
3.3918177056165876859239460827666334807873e-01
3.5209161113261439046695500110217835754156e-01
3.6409566518546920832477553631179034709930e-01
2.4825260647313521222834253876499133184552e-01
2.5188067179687201324611578456824645400047e-01
4.8046887259989840002205596647399943321943e-01
3.6348951154758141202094634536479134112597e-01
0.0000000000000000000000000000000000000000e+00
2.7173207385901948507367364982201252132654e-01
2.8943471630537315197884140616224613040686e-01
0.0000000000000000000000000000000000000000e+00
0.0000000000000000000000000000000000000000e+00
0.0000000000000000000000000000000000000000e+00
8.7206173891824576571707439143210649490356e+01
7.6411892951588067379731228356831707060337e-01
