1
0
23
6.7699586417718082831385117970057763159275e-01
4.2795617928069085156295159322326071560383e-01
4.9074658827322759080402647668961435556412e-01
7.8820165789101770403846103363321162760258e-01
4.0371795421389861102667850900616031140089e-01
7.9334171784682649963826861494453623890877e-01
7.6546953621027202796511801352608017623425e-01
3.7896015126846049891895518157980404794216e-01
7.9305790113609908598135689317132346332073e-01
8.9058053965074035485116610288969241082668e-01
6.8358820226088601312852688351995311677456e-01
3.6031720170535536107436769270861987024546e-01
7.3950740106860379796671622898429632186890e-01
9.3380566011894927669345634058117866516113e-01
1.0000000000000000000000000000000000000000e+00
9.4305559560923368778162512171547859907150e-01
0.0000000000000000000000000000000000000000e+00
8.8049315171564512816360092983813956379890e-01
7.6409231388980969335023019084474071860313e-01
8.2280835969446397548665572685422375798225e-01
7.9343792910996169265303024076274596154690e-01
8.2889881836427814487677778743091039359570e-01
4.9646769116479116945583882625214755535126e-01
8.0258935226662408979336760239675641059875e-01
7.4143494362749373660648188888444565236568e-01
7.7338403494188900921813001332338899374008e-01
7.0023677295612440918404217882198281586170e-01
9.2693386931196353195616666198475286364555e-01
7.5273768739823643247888185214833356440067e-01
4.1444753706189330078046850758255459368229e-01
7.1444560180836613749733032818767242133617e-01
8.1704348426168216246168185534770600497723e-01
8.0436230181423029605980445921886712312698e-01
7.6092120189756340398190559426438994705677e-01
6.1251563676789710921610776495072059333324e-01
8.0833667421589439072704408317804336547852e-01
8.4641787208299879008421839898801408708096e-01
2.1809275695977270448366880373214371502399e-01
9.3627222856800029759938297502230852842331e-01
7.1568820207325967164280200449866242706776e-01
6.9328322071207526544611710050958208739758e-01
7.9346598423788361476027830576640553772449e-01
1.0000000000000000000000000000000000000000e+00
7.3290477423693101144408501568250358104706e-01
7.7338403494188168174616748729022219777107e-01
8.9520839783577876858089439338073134422302e-01
4.4699070871063328880268272769171744585037e-01
7.2073405095564690991949419185402803122997e-01
9.7613955888131109794869644247228279709816e-01
9.0656247526683175763650979206431657075882e-01
9.6210519358090840214003947039600461721420e-01
5.4910723326636134977718484151409938931465e-01
9.7515836284844359393986223949468694627285e-01
9.1986960514794768872803842896246351301670e-01
8.9083659068762488519865883063175715506077e-01
8.3170005665472879208266476780408993363380e-01
4.3792924592163140484757377635105513036251e-01
7.1026009137241330471113087696721777319908e-01
9.0690089721916533616052902289084158837795e-01
9.4335291499848050733589843730442225933075e-01
9.0690089721915767562165910931071266531944e-01
6.6060838521774334353153790289070457220078e-01
9.0690089721916533616052902289084158837795e-01
9.0690089721918532017497227570856921374798e-01
8.8175488978299665365767623370629735291004e-01
8.9783340568523439806369879079284146428108e-01
6.4498452477881318412045175136881880462170e-01
4.6525783588877694940677542945195455104113e-01
7.5828587146807524543845602238434366881847e-01
6.9304753357461867935285226849373430013657e-01
8.1781186996427668312037440045969560742378e-01
7.5928619437823463567127646456356160342693e-01
1.0000000000000000000000000000000000000000e+00
7.5828587146807802099601758527569472789764e-01
6.8637941792224310688652622047811746597290e-01
7.7807333191681826711771918780868873000145e-01
8.4304921796647447340689041084260679781437e-01
1.0000000000000000000000000000000000000000e+00
9.8813816397962250803743700089398771524429e-01
3.9403204195913055229993915418162941932678e-01
6.5920533071234810318372865367564372718334e-01
8.8389379115025024091778504953254014253616e-01
8.4316325847341122567968341172672808170319e-01
1.0000000000000000000000000000000000000000e+00
4.5806041188759172300137834099587053060532e-01
8.7945585378839130630268527966109104454517e-01
7.5158420583614171661679392855148762464523e-01
7.8359549470424449957306478609098121523857e-01
9.3587772416664871677483006351394578814507e-01
6.6523045716102191526886144856689497828484e-01
6.5180656861679142632937100643175654113293e-01
8.5946482475814089951882124296389520168304e-01
3.9179916815046211819861809999565593898296e-01
7.7052242155329486728021493036067113280296e-01
9.4436888249040029652547900695935823023319e-01
9.4335291499848050733589843730442225933075e-01
9.1226010622557651696951097619603388011456e-01
8.7334084849371418357577567803673446178436e-01
8.5679157964317642637297467445023357868195e-01
9.5972420851299045096993722836486995220184e-01
9.2966009836878171768148604314774274826050e-01
7.7278726034486822094038416253169998526573e-01
6.7401753923913598764983134969952516257763e-01
6.5180656861678554214734049310209229588509e-01
9.4257705169183059190629592194454744458199e-01
7.6427439739859148737366467685205861926079e-01
3.5476817863588588908285714751400519162416e-01
7.4287110314427118318292286858195438981056e-01
9.1076993509013848271393953837105073034763e-01
8.5842063293323289663305786234559491276741e-01
7.9343792910998167666747349358047358691692e-01
7.8138050790224977681930340622784569859505e-01
8.6281951321608352234449057505116797983646e-01
8.0878477171570128945177202695049345493317e-01
8.1704348426168327268470648050424642860889e-01
9.3570467780137966951059524944867007434368e-01
8.7913987078452837664599428535439074039459e-01
8.7645331244794266734032817112165503203869e-01
8.3302155161222712909108167878002859652042e-01
9.2972013076405046749783878112793900072575e-01
1.0000000000000000000000000000000000000000e+00
3.0195176204330365088424059649696573615074e-01
6.9287041381753622371064693652442656457424e-01
8.9865099967789530133188691252144053578377e-01
7.8971858133556593895008290928672067821026e-01
7.7642403211434074528085602651117369532585e-01
5.6062829114234857819099033804377540946007e-01
8.5331406369341600282041326863691210746765e-01
7.8687287293715535430038698905264027416706e-01
7.3318504608620671536556301361997611820698e-01
8.4304921796647447340689041084260679781437e-01
8.7978161662808829213133776647737249732018e-01
8.7283082964134406367406882054638117551804e-01
7.5828587146807524543845602238434366881847e-01
7.6956884135626135723384777520550414919853e-01
9.2966602016258637064538561389781534671783e-01
7.5542453312796653541738578496733680367470e-01
4.4529025300617969262972906108188908547163e-01
6.7297060756842153050882870957138948142529e-01
8.1433854413078854417307184121455065906048e-01
7.5264699355133157787633990665199235081673e-01
7.9343792910998167666747349358047358691692e-01
5.8291535783979231410967258852906525135040e-01
8.6593319862842665912694428698159754276276e-01
8.1770694989115400019841217726934701204300e-01
7.9343792910998167666747349358047358691692e-01
8.2218727338581321095745124694076366722584e-01
7.3687041136421616016605184995569288730621e-01
7.6648612065453969321993099583778530359268e-01
7.5264699355132580471661185583798214793205e-01
7.0023311307433211414519291793112643063068e-01
7.5957785790809928538891426796908490359783e-01
7.4867262114968069486309332205564714968204e-01
6.3992411633923207414653688829275779426098e-01
4.2573750741991195356561661355954129248857e-01
7.3175813665744071645491430899710394442081e-01
8.3167949538239172024844947372912429273129e-01
8.6390367147227542510279363341396674513817e-01
1.0000000000000000000000000000000000000000e+00
7.3551772028299733374723246015491895377636e-01
9.6153581025113210589694290320039726793766e-01
8.9560275195356564559290291072102263569832e-01
8.6044313616409784373217917163856327533722e-01
7.2442349988055854126400845416355878114700e-01
7.6797563346253561178400559583678841590881e-01
7.2405709942466023321117063460405915975571e-01
8.6044313616406853384432906750589609146118e-01
8.7228573601820369454173942358465865254402e-01
6.2775115960090022149131527839927002787590e-01
9.6062555943566096949837174179265275597572e-01
7.8540761091986377451235057378653436899185e-01
7.4867262114968069486309332205564714968204e-01
0.0000000000000000000000000000000000000000e+00
7.4600560829610196300620827969396486878395e-01
8.0364445704659404068337380522280000150204e-01
7.8638652627119431937074978122836910188198e-01
8.6133599392114401638309573172591626644135e-01
6.6880201579077347417978671728633344173431e-01
8.6224732458945707591624341148417443037033e-01
8.1285338706320786616998930185218341648579e-01
8.0364445704661591207695892080664634704590e-01
6.4274841576496544170993274747161194682121e-01
7.7806134162990603364562502974877133965492e-01
7.4311728743457783341597178150550462305546e-01
8.5036854288834118342776946519734337925911e-01
7.5513417633220381031122769854846410453320e-01
6.5442830381555816554595139677985571324825e-01
8.6058647123977705106767643883358687162399e-01
7.7806134162991891223271068156464025378227e-01
6.9985960878574637877846953415428288280964e-01
5.8596355450202530779080234424327500164509e-01
4.1394519531945228596470087722991593182087e-01
6.4729925791017084435452488833107054233551e-01
9.0863974155712678992813380318693816661835e-01
1.0000000000000000000000000000000000000000e+00
9.4425845544606112902386030327761545777321e-01
7.5470767209698297328657190519152209162712e-01
9.0327404586232740157925036328379064798355e-01
9.0760791444505151126520559046184644103050e-01
9.0862078874222595992193873826181516051292e-01
8.9783340568523439806369879079284146428108e-01
5.9579027547991092461643347633071243762970e-01
6.4498452477880008348876117452164180576801e-01
9.1597845702052638205969969931175000965595e-01
7.5483100388603863173386798735009506344795e-01
7.6682278012235982611599638403276912868023e-01
8.8202168688643145522121358226286247372627e-01
8.9157883661868286839791153397527523338795e-01
7.3687041136421616016605184995569288730621e-01
4.9713954622992179155360759068571496754885e-01
8.3182649341748282623143495584372431039810e-01
4.0479392600378832911545146089338231831789e-01
4.9074658827322759080402647668961435556412e-01
4.0371795421389861102667850900616031140089e-01
3.7896015126846049891895518157980404794216e-01
3.6031720170535536107436769270861987024546e-01
0.0000000000000000000000000000000000000000e+00
4.9646769116479116945583882625214755535126e-01
4.1444753706189330078046850758255459368229e-01
2.1809275695977270448366880373214371502399e-01
4.4699070871063328880268272769171744585037e-01
4.3792924592163140484757377635105513036251e-01
4.6525783588877694940677542945195455104113e-01
3.9403204195913055229993915418162941932678e-01
3.9179916815046211819861809999565593898296e-01
3.5476817863588588908285714751400519162416e-01
3.0195176204330365088424059649696573615074e-01
4.4529025300617969262972906108188908547163e-01
4.2573750741991195356561661355954129248857e-01
0.0000000000000000000000000000000000000000e+00
4.1394519531945228596470087722991593182087e-01
4.0479392600378832911545146089338231831789e-01
0.0000000000000000000000000000000000000000e+00
4.9074658827322759080402647668961435556412e-01
4.0371795421389861102667850900616031140089e-01
3.7896015126846049891895518157980404794216e-01
3.6031720170535536107436769270861987024546e-01
0.0000000000000000000000000000000000000000e+00
4.9646769116479116945583882625214755535126e-01
4.1444753706189330078046850758255459368229e-01
2.1809275695977270448366880373214371502399e-01
4.4699070871063328880268272769171744585037e-01
4.3792924592163140484757377635105513036251e-01
4.6525783588877694940677542945195455104113e-01
3.9403204195913055229993915418162941932678e-01
3.9179916815046211819861809999565593898296e-01
3.5476817863588588908285714751400519162416e-01
3.0195176204330365088424059649696573615074e-01
4.4529025300617969262972906108188908547163e-01
4.2573750741991195356561661355954129248857e-01
0.0000000000000000000000000000000000000000e+00
4.1394519531945228596470087722991593182087e-01
4.0479392600378832911545146089338231831789e-01
0.0000000000000000000000000000000000000000e+00
0.0000000000000000000000000000000000000000e+00
4.9074658827322759080402647668961435556412e-01
4.0371795421389861102667850900616031140089e-01
3.7896015126846049891895518157980404794216e-01
3.6031720170535536107436769270861987024546e-01
0.0000000000000000000000000000000000000000e+00
4.9646769116479116945583882625214755535126e-01
4.1444753706189330078046850758255459368229e-01
2.1809275695977270448366880373214371502399e-01
4.4699070871063328880268272769171744585037e-01
4.3792924592163140484757377635105513036251e-01
4.6525783588877694940677542945195455104113e-01
3.9403204195913055229993915418162941932678e-01
3.9179916815046211819861809999565593898296e-01
3.5476817863588588908285714751400519162416e-01
3.0195176204330365088424059649696573615074e-01
4.4529025300617969262972906108188908547163e-01
4.2573750741991195356561661355954129248857e-01
0.0000000000000000000000000000000000000000e+00
4.1394519531945228596470087722991593182087e-01
4.0479392600378832911545146089338231831789e-01
0.0000000000000000000000000000000000000000e+00
0.0000000000000000000000000000000000000000e+00
0.0000000000000000000000000000000000000000e+00
8.5099655054081040361779741942882537841797e+01
1.0210819244097881774990810299641452729702e+00
