1
0
23
6.8816815659248387060387130986782722175121e-01
3.9150683816718040430870928503281902521849e-01
4.6033197131259506740263987012440338730812e-01
7.3342711840829610814296302123693749308586e-01
3.8495121492341155544636421836912631988525e-01
7.5026776798134708901244493972626514732838e-01
7.3798245166174980536055727498023770749569e-01
3.6126530620358121570490084195625968277454e-01
6.9562921967741897510961734951706603169441e-01
8.4648372256235138166857723263092339038849e-01
6.8199740891675175724628843454411253333092e-01
3.2440255276250873350818437756970524787903e-01
6.4216088874605714575949377831420861184597e-01
8.4435912653898803625907021341845393180847e-01
1.0000000000000000000000000000000000000000e+00
8.2415050030768655098256658675381913781166e-01
0.0000000000000000000000000000000000000000e+00
8.3383031142955132963834330439567565917969e-01
7.4555745655623639756015563762048259377480e-01
8.5214047724418195972617695588269270956516e-01
7.9640742193956648442565438017481938004494e-01
7.9873358988682574555184601194923743605614e-01
5.7431095155671341156988773946068249642849e-01
7.4170806030762659322164154218626208603382e-01
7.0381808996048955684443626523716375231743e-01
7.9396749440674785347482611541636288166046e-01
6.5886732649698032115992418766836635768414e-01
8.0029052457684946020322058757301419973373e-01
7.7728990764394112478186116277356632053852e-01
3.5444066139856905683913623761327471584082e-01
6.6575844685242757670096125366399064660072e-01
7.1305569699807125338963942340342327952385e-01
6.9416391761865048337654116039630025625229e-01
6.5886732649698032115992418766836635768414e-01
4.8431411591738326993805685560801066458225e-01
6.8175072408623971220720250130398198962212e-01
7.0705713690667204573969684133771806955338e-01
5.6632760090298189803448281054443214088678e-02
8.7627133294995573908892083636601455509663e-01
6.0472344590048709989105191198177635669708e-01
7.4662308093248841434075302458950318396091e-01
6.6238475390606699200191087584244087338448e-01
1.0000000000000000000000000000000000000000e+00
7.2348029816246539613899813048192299902439e-01
7.5133197340473001357707971692434512078762e-01
7.7331004542214631936047908311593346297741e-01
3.4002528761327677209180819772882387042046e-01
6.3468461203303205842018996918341144919395e-01
8.9886869810384695256288978271186351776123e-01
9.0770488273134608547820789681281894445419e-01
8.8447104036238333168995495725539512932301e-01
4.2625657107844172610811028789612464606762e-01
8.5680490292697464305149424035334959626198e-01
8.0433762513835704854869845803477801382542e-01
7.0181446490795085235703254511463455855846e-01
7.0816020110748822968815829881350509822369e-01
3.2767218575876122521606248483294621109962e-01
5.9161521053123766744619160817819647490978e-01
8.7932437155773390813351397810038179159164e-01
8.4927096911241817256410513437003828585148e-01
7.7174407617169848982996427366742864251137e-01
5.6696367908807687729932922593434341251850e-01
8.9239036386033754322255617807968519628048e-01
8.0965495997695346996891885282821021974087e-01
7.1805054934591638904350929806241765618324e-01
7.5411483517727906367156265332596376538277e-01
5.1938028758392251749143042616196908056736e-01
3.6226090507276492713728544003970455378294e-01
7.1842604041957869309698025972465984523296e-01
6.7325561445795378823220289632445201277733e-01
8.3948928642393361165829901437973603606224e-01
6.8199740891676041698588051076512783765793e-01
1.0000000000000000000000000000000000000000e+00
7.4218164149799736861723431502468883991241e-01
6.0882860726205711987546465024934150278568e-01
6.8205914531361788721852690287050791084766e-01
8.4027502577070389833124863798730075359344e-01
1.0000000000000000000000000000000000000000e+00
9.4385787192084391605817472736816853284836e-01
3.5776018225032857333900437879492528736591e-01
5.5837171955099029752034311968600377440453e-01
8.4692478273421367696016659465385600924492e-01
8.1986104609071974724798792522051371634007e-01
9.6723155197010024508585956937167793512344e-01
3.9307110077003004633411364920902997255325e-01
8.5545779019646372987040194857399910688400e-01
6.4427909774612146520667010918259620666504e-01
7.5619165189735926269065657834289595484734e-01
9.7190826291688814375646643384243361651897e-01
5.9565459441150236941098228271584957838058e-01
6.0557201976174912516626136493869125843048e-01
8.5785742172924395188005064483149908483028e-01
3.4604574393213549665659911624970845878124e-01
6.5179031702466316833266546382219530642033e-01
9.6353244642087521043549713795073330402374e-01
8.4927096911241817256410513437003828585148e-01
8.0706360755576911358843972266186028718948e-01
6.3837984882520437679431779542937874794006e-01
7.7329482395477244782711068182834424078465e-01
8.8927438596499763789893222565297037363052e-01
8.7313038900053840940529426006833091378212e-01
6.3047472117123948276429246106999926269054e-01
5.2879663184528735708767044343403540551662e-01
5.2859421623647395716005803478765301406384e-01
9.3603612225529642110188888182165101170540e-01
7.1676977049451184864636843485641293227673e-01
2.7819515826400348368352410943771246820688e-01
6.9562921967741897510961734951706603169441e-01
8.9607020542215765068760902067879214882851e-01
7.7047664076699784452273433998925611376762e-01
6.8199740891676041698588051076512783765793e-01
7.2016688539662709889199732060660608112812e-01
8.4938431158181093572068220964865759015083e-01
6.8594070015048613786490250276983715593815e-01
7.3071807115598874649009530912735499441624e-01
8.9050028276782822178603282736730761826038e-01
7.8111802067401847615712995320791378617287e-01
7.7944687243788179920045422477414831519127e-01
7.7513713547643481316384850288159213960171e-01
8.8894501998922248464651829635840840637684e-01
1.0000000000000000000000000000000000000000e+00
2.5672778333266144112911888441885821521282e-01
7.1083878744826067830331339791882783174515e-01
1.0000000000000000000000000000000000000000e+00
8.3639980045778339334816564587526954710484e-01
7.2213020941690497789267055850359611213207e-01
5.0125941557358855149573173548560589551926e-01
8.9028717393157696946559553907718509435654e-01
8.0843505754509170646571192264673300087452e-01
6.9296144076505772346763478708453476428986e-01
8.5973637829371118979082666555768810212612e-01
8.2849590483328394707740471858414821326733e-01
8.2798915480569434954816188110271468758583e-01
7.5631813954167981250975572038441896438599e-01
6.9303819615857709113271312162396498024464e-01
8.0411102568269610113560474928817711770535e-01
7.3071807115598874649009530912735499441624e-01
4.8095500012110781185015184746589511632919e-01
5.7805636050389519464687282379600219428539e-01
7.3798245166174980536055727498023770749569e-01
6.8664946919385017043424568328191526234150e-01
6.9562921967742241680099368750234134495258e-01
5.1113375651481385286700742653920315206051e-01
8.4938431158181093572068220964865759015083e-01
7.5552812293272642030217411956982687115669e-01
6.8664946919385017043424568328191526234150e-01
7.4131102376825319666409086494240909814835e-01
6.8543131393679723739609244148596189916134e-01
6.7573014908392980970575081300921738147736e-01
6.8664946919386171675370178490993566811085e-01
6.3440885365546129115443818591302260756493e-01
5.9928643665473424473333352580084465444088e-01
6.7180738211324830810866615138365887105465e-01
5.5557244360457436194167257781373336911201e-01
3.5737305456605178433093783496588002890348e-01
5.3597637876044512683648690654081292450428e-01
7.4132838492923158746350509318290278315544e-01
9.4223667047424730647264823346631601452827e-01
1.0000000000000000000000000000000000000000e+00
4.6442848815409976115375911831506527960300e-01
9.8276056774574893637463901541195809841156e-01
8.2623713574991441976891337617416866123676e-01
7.4802022758127839630049038532888516783714e-01
5.9998066312047337866886209667427465319633e-01
6.7955727744621441388517268933355808258057e-01
6.6278176730996996024458667307044379413128e-01
7.8792771633976843581592675036517903208733e-01
7.4715496886634935602700124945840798318386e-01
5.9998066312051223647472397715318948030472e-01
9.9882744161774417168686568402335979044437e-01
7.8792771633975045020292782282922416925430e-01
5.9992750594833166299935101051232777535915e-01
0.0000000000000000000000000000000000000000e+00
6.0897798939230884940343457856215536594391e-01
6.8822965325396490143816663476172834634781e-01
6.7860303998183646445596650664811022579670e-01
7.4792254677235225912568239436950534582138e-01
5.4611323020239233017036895034834742546082e-01
7.4641774548210271245096691927756182849407e-01
7.2998061691108095949687140091555193066597e-01
6.1679371764750179352176928659901022911072e-01
5.2266423294041430835932260379195213317871e-01
6.8543131393679723739609244148596189916134e-01
6.0644923875206446783892033636220730841160e-01
7.9970924791531650122067276242887601256371e-01
6.4828925449026575389410709249204955995083e-01
5.3669088210547089001778431338607333600521e-01
7.3466950143237941261986634344793856143951e-01
6.8872651148101771134690807230072095990181e-01
5.5654401310763257360036959653371013700962e-01
6.4216765927395502711050312427687458693981e-01
3.1154775039037618800108475625165738165379e-01
5.6929486030165532550739726502797566354275e-01
8.5330580489165797075656882952898740768433e-01
1.0000000000000000000000000000000000000000e+00
8.4361020420962462562641803742735646665096e-01
6.8270375914960934604636122458032332360744e-01
8.7267335485969799169225780133274383842945e-01
8.1124184062174808929057689965702593326569e-01
7.6979261801306098078612194512970745563507e-01
7.9038434646188804322264331858605146408081e-01
5.3286609184876809752751114501734264194965e-01
5.3606270566127489640706471618614159524441e-01
9.1887036913043040886606149797444231808186e-01
7.2523318234804490245437591511290520429611e-01
6.7248309044943155310392057799617759883404e-01
7.9120617299849660408739282502210699021816e-01
8.7111500049631029884977806432289071381092e-01
6.5003058689518145030206142109818756580353e-01
3.9711397161357009366611237055622041225433e-01
7.1673922787753197027882379188667982816696e-01
3.2390750903996984311206119855341967195272e-01
4.6033197131259506740263987012440338730812e-01
3.8495121492341155544636421836912631988525e-01
3.6126530620358121570490084195625968277454e-01
3.2440255276250873350818437756970524787903e-01
3.2390750903996984311206119855341967195272e-01
5.7431095155671341156988773946068249642849e-01
3.5444066139856905683913623761327471584082e-01
3.2390750903996984311206119855341967195272e-01
3.4002528761327677209180819772882387042046e-01
3.2767218575876122521606248483294621109962e-01
3.6226090507276492713728544003970455378294e-01
3.5776018225032857333900437879492528736591e-01
3.4604574393213549665659911624970845878124e-01
3.2390750903996984311206119855341967195272e-01
3.2390750903996984311206119855341967195272e-01
4.8095500012110781185015184746589511632919e-01
3.5737305456605178433093783496588002890348e-01
3.2390750903996984311206119855341967195272e-01
3.2390750903996984311206119855341967195272e-01
3.2390750903996984311206119855341967195272e-01
3.2390750903996984311206119855341967195272e-01
4.6033197131259506740263987012440338730812e-01
3.8495121492341155544636421836912631988525e-01
3.6126530620358121570490084195625968277454e-01
3.2440255276250873350818437756970524787903e-01
0.0000000000000000000000000000000000000000e+00
5.7431095155671341156988773946068249642849e-01
3.5444066139856905683913623761327471584082e-01
5.6632760090298189803448281054443214088678e-02
3.4002528761327677209180819772882387042046e-01
3.2767218575876122521606248483294621109962e-01
3.6226090507276492713728544003970455378294e-01
3.5776018225032857333900437879492528736591e-01
3.4604574393213549665659911624970845878124e-01
2.7819515826400348368352410943771246820688e-01
2.5672778333266144112911888441885821521282e-01
4.8095500012110781185015184746589511632919e-01
3.5737305456605178433093783496588002890348e-01
0.0000000000000000000000000000000000000000e+00
3.1154775039037618800108475625165738165379e-01
3.2390750903996984311206119855341967195272e-01
3.2390750903996984311206119855341967195272e-01
0.0000000000000000000000000000000000000000e+00
4.6033197131259506740263987012440338730812e-01
3.8495121492341155544636421836912631988525e-01
3.6126530620358121570490084195625968277454e-01
3.2440255276250873350818437756970524787903e-01
0.0000000000000000000000000000000000000000e+00
5.7431095155671341156988773946068249642849e-01
3.5444066139856905683913623761327471584082e-01
5.6632760090298189803448281054443214088678e-02
3.4002528761327677209180819772882387042046e-01
3.2767218575876122521606248483294621109962e-01
3.6226090507276492713728544003970455378294e-01
3.5776018225032857333900437879492528736591e-01
3.4604574393213549665659911624970845878124e-01
2.7819515826400348368352410943771246820688e-01
2.5672778333266144112911888441885821521282e-01
4.8095500012110781185015184746589511632919e-01
3.5737305456605178433093783496588002890348e-01
0.0000000000000000000000000000000000000000e+00
3.1154775039037618800108475625165738165379e-01
3.2390750903996984311206119855341967195272e-01
3.2390750903996984311206119855341967195272e-01
0.0000000000000000000000000000000000000000e+00
0.0000000000000000000000000000000000000000e+00
8.6321549084885063507499580737203359603882e+01
7.9816114180901220898078918253304436802864e-01
