1
0
23
6.9596474228679483520210169444908387959003e-01
3.8438951782482594365930594904057215899229e-01
4.5563056889039565966470490820938721299171e-01
7.1330765049623523488264709158102050423622e-01
3.6377906112192748278033604947268031537533e-01
7.7205557930354229423386414055130444467068e-01
7.4314432398597318751853890717029571533203e-01
3.9621040877467128549227481926209293305874e-01
6.8610996582044347924522753601195290684700e-01
8.3356448454050935392700694137602113187313e-01
7.1335113495964175278629681997699663043022e-01
3.2572044686789108913771428888139780610800e-01
6.1023576910989363319970379961887374520302e-01
8.3656174962862794863838189485250040888786e-01
1.0000000000000000000000000000000000000000e+00
7.9949962461539025859735829726560041308403e-01
0.0000000000000000000000000000000000000000e+00
8.0388787138047512748073586408281698822975e-01
7.6107760685020353630392264676629565656185e-01
8.9405797575179302150161220197333022952080e-01
7.7988257099999502841569665179122239351273e-01
7.2117395656273841630934384738793596625328e-01
5.9568741610187025958822459870134480297565e-01
7.0749663932708639624280522184562869369984e-01
7.0847675875117566146599301646347157657146e-01
8.2753950582719926210018002166179940104485e-01
6.5745434910585820453832184284692630171776e-01
8.1071296215173871413384176776162348687649e-01
8.1574140829577779232550938104395754635334e-01
3.5495541056185564432468027007416822016239e-01
6.5262756520676512561607296447618864476681e-01
6.7969857456183635502355855351197533309460e-01
6.6631004670094928776791221025632694363594e-01
6.3261713983895206947494216365157626569271e-01
4.3006406562458227016421119515143800526857e-01
6.3869838053965344304430118427262641489506e-01
6.6631004670094928776791221025632694363594e-01
0.0000000000000000000000000000000000000000e+00
8.5089791411268023146874384110560640692711e-01
5.9834509928592616301301632120157591998577e-01
8.0694118217659194236546227330109104514122e-01
6.4673047025859098368982813553884625434875e-01
1.0000000000000000000000000000000000000000e+00
6.8670334878100902642472647130489349365234e-01
7.3744053703204415217697942352970130741596e-01
7.2957846037021278906564702992909587919712e-01
3.3800263249748230265367965330369770526886e-01
5.9752390929622767323792231763945892453194e-01
8.9573222325873580462740619623218663036823e-01
9.0600861267462662329563727325876243412495e-01
8.4021775319103353396599231928121298551559e-01
4.3751578863272855279831219377228990197182e-01
7.5938732550632936924017712954082526266575e-01
7.5269917611532921597472522989846765995026e-01
5.9255049660492775664977216365514323115349e-01
6.4943534072214603725115011911839246749878e-01
2.7040293308037360864304332608298864215612e-01
5.6740586910706458656505901672062464058399e-01
8.8096085691238101844646735116839408874512e-01
8.3922368620766540914246434113010764122009e-01
7.2750698429995541705039840962854214012623e-01
5.4637755089019857113186162678175605833530e-01
8.5780550888550188837200494162971153855324e-01
8.1086574934390609481482670162222348153591e-01
6.5262756520676512561607296447618864476681e-01
7.3278856973261108365136351494584232568741e-01
4.7526130599924321096239054895704612135887e-01
3.4182558382185529444186045111564453691244e-01
7.2141585505406458089794341503875330090523e-01
6.7626741097028331139995316334534436464310e-01
9.0544007664127701406897585911792702972889e-01
6.5966054631301351829364421064383350312710e-01
1.0000000000000000000000000000000000000000e+00
8.1574140829577779232550938104395754635334e-01
5.9742618281422632531274530265363864600658e-01
6.7298503514376717404843475378584116697311e-01
7.9085952978024953718971801208681426942348e-01
1.0000000000000000000000000000000000000000e+00
9.8857153849735435180434706126106902956963e-01
3.5774574768499706189928133426292333751917e-01
5.3046448901417075916242538369260728359222e-01
8.4908589535063683229054731782525777816772e-01
8.5083585865308242190963028406258672475815e-01
9.6880268153943360776025883751572109758854e-01
4.6393816739979154561979157733730971813202e-01
8.2449260975556726283031139246304519474506e-01
6.6425549803705385976115849189227446913719e-01
6.9856857715700593214336322489543817937374e-01
9.3424132555842342995333638100419193506241e-01
5.6895789515937533753486832210910506546497e-01
5.9702615410008974539124437796999700367451e-01
8.5548613314618826564128539757803082466125e-01
3.4756552453287087312006065076275262981653e-01
6.3803088427828225093207947793416678905487e-01
1.0000000000000000000000000000000000000000e+00
8.7204557041592722921308222794323228299618e-01
7.8728504398212706405502103734761476516724e-01
6.2067495729847976804194331634789705276489e-01
7.5209279795101102727983288787072524428368e-01
8.3898613016641510053972297100699506700039e-01
8.1855274443443581944279685558285564184189e-01
5.7666615569928536544352937198709696531296e-01
4.9786783140339074815727826717193238437176e-01
4.9277978383105908166683661875140387564898e-01
9.8958540551999685241923998546553775668144e-01
6.4588034047392683945076896634418517351151e-01
2.5020289896421465947184969991212710738182e-01
6.6076111029270667707180564320879057049751e-01
9.4016175841720062145157044142251834273338e-01
7.6594098815440903038620490406174212694168e-01
6.3344377652604411110814908170141279697418e-01
6.7773581845990804595203371718525886535645e-01
8.2630937164974438413622692678472958505154e-01
6.5913702276912122801633131530252285301685e-01
6.7847635268365591443284756678622215986252e-01
8.7820264031787220737612642551539465785027e-01
7.4458467580555287579358036964549683034420e-01
7.6004723175545307878309131410787813365459e-01
7.6024219551781868631223915144801139831543e-01
9.1870590164281240586063859154819510877132e-01
9.9356511753052534352548263996141031384468e-01
2.5117300773312783990220964369655121117830e-01
7.2141585505407423983825765390065498650074e-01
1.0000000000000000000000000000000000000000e+00
9.5477274467325934370620643676375038921833e-01
6.9274677742928647550257892362424172461033e-01
4.9225596665785753547339709257357753813267e-01
9.4164908660700119558129017605097033083439e-01
8.2753950582719926210018002166179940104485e-01
6.7298503514376717404843475378584116697311e-01
8.3234603486712521736023973062401637434959e-01
7.7914285628793655824608777038520202040672e-01
7.8364782601571225661984954058425500988960e-01
7.4829412223973723605752184084849432110786e-01
6.8072757699572661316267385700484737753868e-01
7.7993480200115994360743343349895440042019e-01
7.3302847742776389150520799375954084098339e-01
4.9089887436084400640368130552815273404121e-01
5.6308975437454888979260658743442036211491e-01
7.2687036995374543213443985223420895636082e-01
6.9804747880538564608343676809454336762428e-01
7.0849104986689892538009871714166365563869e-01
5.2846967571058445223286526015726849436760e-01
7.9633835514524164977956388611346483230591e-01
7.7932569899005466051988832987262867391109e-01
6.5262756520676512561607296447618864476681e-01
7.5997628557524388170918427931610494852066e-01
6.6635058386648060579915409107343293726444e-01
6.8008341310347775188205332597135566174984e-01
7.3329373358660410175957622413989156484604e-01
6.4557627159655783799507844378240406513214e-01
5.5692721866659467000459926566691137850285e-01
6.3344377652605776685135197112686000764370e-01
5.5355936860356225182044909161049872636795e-01
3.8264263954483307417220316892780829221010e-01
4.5563056889039565966470490820938721299171e-01
6.8353826266383665988257689605234190821648e-01
8.8739652417204473167089417984243482351303e-01
1.0000000000000000000000000000000000000000e+00
4.3313246937689720006403604202205315232277e-01
1.0000000000000000000000000000000000000000e+00
8.0559609049857472395927970865159295499325e-01
7.5084513617262105267258220919757150113583e-01
5.3034356515897673745030260761268436908722e-01
6.1377366742379502184689954447094351053238e-01
6.1908877874298684496068290172843262553215e-01
7.7566456031173669494194200524361804127693e-01
6.9321046735572844355033339525107294321060e-01
5.7529908530391460352859667182201519608498e-01
9.7114866565883695148642118510906584560871e-01
7.7692267462890307605505313404137268662453e-01
5.3750974159384645734149898999021388590336e-01
0.0000000000000000000000000000000000000000e+00
5.7507666830941772673213563393801450729370e-01
6.6145707466885561576219743074034340679646e-01
6.5521068207687938045324926861212588846684e-01
7.2148314433233251552479714518995024263859e-01
5.4637755089019846010955916426610201597214e-01
6.8894829128352974567661703986232168972492e-01
7.3130238226696131498272279714001342654228e-01
5.6694312322347617527640295520541258156300e-01
4.7863436011387305857311957879574038088322e-01
6.6145707466886338732336980683612637221813e-01
5.8026955217314601931377637811237946152687e-01
7.7531738658520144014119068742729723453522e-01
6.4861404912114539733636320306686684489250e-01
4.9696365540902309732018693466670811176300e-01
6.8015065943186669983333558775484561920166e-01
6.5521068207687938045324926861212588846684e-01
5.5110300939136391829009653520188294351101e-01
6.3313719190570261208250713025336153805256e-01
2.6267863960046700100292582646943628787994e-01
5.1869141481038139041004342288943007588387e-01
8.4860978001577402896060675629996694624424e-01
1.0000000000000000000000000000000000000000e+00
7.9336316956321384363803872474818490445614e-01
6.0567644653531571563576108019333332777023e-01
8.7155463409786415596158803964499384164810e-01
7.7052500582753846725125868033501319587231e-01
7.3807241298451420341564244154142215847969e-01
7.4627255686170135273727055391645990312099e-01
4.7526130599924321096239054895704612135887e-01
5.0573145115337048149939391805673949420452e-01
9.1969585687834987108857376369996927678585e-01
7.2861048394549443596446280935197137296200e-01
6.3224239902353096542952926029101945459843e-01
7.2579437466946972179471231356728821992874e-01
8.8967524573347345206997260902426205575466e-01
5.9989563317630023586701781823649071156979e-01
3.5298720077711864817615605716127902269363e-01
7.2672001264055374747385940281674265861511e-01
3.0035211402388017898346106449025683104992e-01
4.5563056889039565966470490820938721299171e-01
3.6377906112192748278033604947268031537533e-01
3.9621040877467128549227481926209293305874e-01
3.2572044686789108913771428888139780610800e-01
0.0000000000000000000000000000000000000000e+00
5.9568741610187025958822459870134480297565e-01
3.5495541056185564432468027007416822016239e-01
0.0000000000000000000000000000000000000000e+00
3.3800263249748230265367965330369770526886e-01
2.7040293308037360864304332608298864215612e-01
3.4182558382185529444186045111564453691244e-01
3.5774574768499706189928133426292333751917e-01
3.4756552453287087312006065076275262981653e-01
2.5020289896421465947184969991212710738182e-01
2.5117300773312783990220964369655121117830e-01
4.9089887436084400640368130552815273404121e-01
3.8264263954483307417220316892780829221010e-01
0.0000000000000000000000000000000000000000e+00
2.6267863960046700100292582646943628787994e-01
3.0035211402388017898346106449025683104992e-01
0.0000000000000000000000000000000000000000e+00
4.5563056889039565966470490820938721299171e-01
3.6377906112192748278033604947268031537533e-01
3.9621040877467128549227481926209293305874e-01
3.2572044686789108913771428888139780610800e-01
0.0000000000000000000000000000000000000000e+00
5.9568741610187025958822459870134480297565e-01
3.5495541056185564432468027007416822016239e-01
0.0000000000000000000000000000000000000000e+00
3.3800263249748230265367965330369770526886e-01
2.7040293308037360864304332608298864215612e-01
3.4182558382185529444186045111564453691244e-01
3.5774574768499706189928133426292333751917e-01
3.4756552453287087312006065076275262981653e-01
2.5020289896421465947184969991212710738182e-01
2.5117300773312783990220964369655121117830e-01
4.9089887436084400640368130552815273404121e-01
3.8264263954483307417220316892780829221010e-01
0.0000000000000000000000000000000000000000e+00
2.6267863960046700100292582646943628787994e-01
3.0035211402388017898346106449025683104992e-01
0.0000000000000000000000000000000000000000e+00
0.0000000000000000000000000000000000000000e+00
4.5563056889039565966470490820938721299171e-01
3.6377906112192748278033604947268031537533e-01
3.9621040877467128549227481926209293305874e-01
3.2572044686789108913771428888139780610800e-01
0.0000000000000000000000000000000000000000e+00
5.9568741610187025958822459870134480297565e-01
3.5495541056185564432468027007416822016239e-01
0.0000000000000000000000000000000000000000e+00
3.3800263249748230265367965330369770526886e-01
2.7040293308037360864304332608298864215612e-01
3.4182558382185529444186045111564453691244e-01
3.5774574768499706189928133426292333751917e-01
3.4756552453287087312006065076275262981653e-01
2.5020289896421465947184969991212710738182e-01
2.5117300773312783990220964369655121117830e-01
4.9089887436084400640368130552815273404121e-01
3.8264263954483307417220316892780829221010e-01
0.0000000000000000000000000000000000000000e+00
2.6267863960046700100292582646943628787994e-01
3.0035211402388017898346106449025683104992e-01
0.0000000000000000000000000000000000000000e+00
0.0000000000000000000000000000000000000000e+00
0.0000000000000000000000000000000000000000e+00
8.7442394705342465499597892630845308303833e+01
7.5822633326951693888418049027677625417709e-01
