1
0
23
6.9480396225296892076528365578269585967064e-01
3.8512275999305300988595490707666613161564e-01
4.6152476613350146283920594214578159153461e-01
7.2001417410659973583619830606039613485336e-01
3.7295708903298285807892398224794305860996e-01
7.7756288483394953026106577453901991248131e-01
7.4916499746622766675585580742335878312588e-01
3.9043713663151763393344140240515116602182e-01
6.8174707370881126866635213445988483726978e-01
8.3404911367824008383564660107367672026157e-01
7.0407806437832387569386582981678657233715e-01
3.1315244474588549428162309595791157335043e-01
6.1047982510184128912555934221018105745316e-01
8.5088493650952867763948006540886126458645e-01
1.0000000000000000000000000000000000000000e+00
7.9161751487890474887620939625776372849941e-01
0.0000000000000000000000000000000000000000e+00
8.0618428797203511848579182696994394063950e-01
7.6693456411680205331293791459756903350353e-01
8.9683018097043043503902026714058592915535e-01
7.8401376921972176781139296508627012372017e-01
7.5162166539046304514215535164112225174904e-01
5.9916900425071095703799528564559295773506e-01
7.1287469354917853969766383670503273606300e-01
7.1287469354918064912141062450245954096317e-01
8.2070673890960754714996028269524686038494e-01
6.5009307124500903540820218040607869625092e-01
8.2561263290070430187483907502610236406326e-01
8.0718901500601591969541459548054262995720e-01
3.5147259149967885472065631802252028137445e-01
6.4517956857085312361022033655899576842785e-01
6.8194468568944088815442228224128484725952e-01
6.6125079120111085462241362620261497795582e-01
6.2478599627959230389251388260163366794586e-01
4.3309541299417853021935798096819780766964e-01
6.4262008732134301425276134978048503398895e-01
6.5932080628253475484967793818213976919651e-01
0.0000000000000000000000000000000000000000e+00
8.5651357136233519096180089036352001130581e-01
6.0899579964539218845942514235503040254116e-01
8.0002594465040877125261431501712650060654e-01
6.5009307124501292118878836845397017896175e-01
1.0000000000000000000000000000000000000000e+00
6.9428360214719531118277018322260119020939e-01
7.4049560040369288849149143061367794871330e-01
7.3616079794689937010332414502045139670372e-01
3.5714120369494856133130156194965820759535e-01
6.0188791733969460029385345478658564388752e-01
9.0075999300639342237673190538771450519562e-01
9.0410226640409008247445399319985881447792e-01
8.4788109996810590018867515027523040771484e-01
4.4518698121556088409533913363702595233917e-01
7.7186569228149859434040536143584176898003e-01
7.5754917875537364224669545365031808614731e-01
5.9448450652557094375794122242950834333897e-01
6.5213778516894160830474902468267828226089e-01
2.7690719304331762318227561081585008651018e-01
5.7458641991366332657520388238481245934963e-01
8.8346321457564158663444686681032180786133e-01
8.4077845551996799322580500302137807011604e-01
7.3250745520875037986030520187341608107090e-01
5.5819544677601451443393898443900980055332e-01
8.6674797575762563273116256823414005339146e-01
8.1182688961984061926102640427416190505028e-01
6.5952881824418607692450677859596908092499e-01
7.3616079794689981419253399508306756615639e-01
4.8059661261373304297350728120363783091307e-01
3.4497287583644331565579932430409826338291e-01
7.2001417410659973583619830606039613485336e-01
6.7375065326790639641529878645087592303753e-01
8.9532400377255172418955453395028598606586e-01
6.5716023055162797739114921569125726819038e-01
1.0000000000000000000000000000000000000000e+00
8.1008479056091620140733766675111837685108e-01
5.9620651260080614886049943379475735127926e-01
6.6694208004865263017535426115500740706921e-01
8.0288509826145126879737290437333285808563e-01
1.0000000000000000000000000000000000000000e+00
9.8089939628276656691241441876627504825592e-01
3.5475663860698941620697155485686380416155e-01
5.2630900401856961501323439733823761343956e-01
8.4791331131468883341995024238713085651398e-01
8.2721416477591469540442403740598820149899e-01
9.6306360079520614281278767521143890917301e-01
4.5045606224400802641838481576996855437756e-01
8.3323157357674837442118587205186486244202e-01
6.5594477751590796188452259229961782693863e-01
7.1117568511562356814437180219101719558239e-01
9.3907588984452061708907422143965959548950e-01
5.7429596627157675214903065352700650691986e-01
5.9434720733693591210311524264398030936718e-01
8.6821871100497671758233764194301329553127e-01
3.6637847444511018046853223495418205857277e-01
6.3998224476049458964155292051145806908607e-01
1.0000000000000000000000000000000000000000e+00
8.7119381993601252567316350905457511544228e-01
7.8359006600077207860266526040504686534405e-01
6.2302076911246362378449248353717848658562e-01
7.4929449589155616706648288527503609657288e-01
8.4985789913375564541553330855094827711582e-01
8.1959588419575801765404321486130356788635e-01
5.8064990010240002948904702861909754574299e-01
4.9888162207324882047032588161528110504150e-01
4.9403601123823592811135085867135785520077e-01
9.8247773120792480927576661997591145336628e-01
6.5280665596872700096042763107107020914555e-01
2.5178588233869075851956154110666830092669e-01
6.6694060212468486703585313080111518502235e-01
9.2825646460557853512085557667887769639492e-01
7.6881776877555352278648115316173061728477e-01
6.3571000835968261011288404915831051766872e-01
6.8564650868505316871903687570011243224144e-01
8.2548573835848415569671487901359796524048e-01
6.5735114644746495127236585176433436572552e-01
6.7888652955927908383415569915086962282658e-01
8.7604173772769600159193714716820977628231e-01
7.4694910796284197385119796308572404086590e-01
7.6805735846970313307480182629660703241825e-01
7.6881776877555352278648115316173061728477e-01
9.1581745906573308602105498721357434988022e-01
9.9583365600218087809736289273132570087910e-01
2.5418255305519171782790976976684760302305e-01
7.2001417410659973583619830606039613485336e-01
1.0000000000000000000000000000000000000000e+00
9.5139275052911109753495111363008618354797e-01
6.9082181840422063334727909023058600723743e-01
4.9558265334105744415182925877161324024200e-01
9.3828272626642916787176318393903784453869e-01
8.1906104849285876756681545884930528700352e-01
6.6694208004865263017535426115500740706921e-01
8.4571958610282882418118788336869329214096e-01
7.8231454142448564326173254812601953744888e-01
7.8805237742496603292607915136613883078098e-01
7.4189663173999720324758300193934701383114e-01
6.9082181840422063334727909023058600723743e-01
7.8359006600077207860266526040504686534405e-01
7.2948810776245376352733273961348459124565e-01
4.8223807160275150573980340595880988985300e-01
5.6179879079283001619415927052614279091358e-01
7.2719292513666078381362467553117312490940e-01
7.0260738091111540892796938351239077746868e-01
7.0024762602306589442946460621897131204605e-01
5.2710767806789016187707375138415955007076e-01
8.1008479056091620140733766675111837685108e-01
7.7956810815150379134763625188497826457024e-01
6.5361422595045470806951470876811072230339e-01
7.5733541768880918709783145459368824958801e-01
6.6086349813473677095032599027035757899284e-01
6.7893346119064246213525848361314274370670e-01
7.2713464330628030385383908651419915258884e-01
6.4402655164952482547136014545685611665249e-01
5.6179879079283001619415927052614279091358e-01
6.3421149746115057510564838594291359186172e-01
5.5024845224675367205691145500168204307556e-01
3.7718797912613355460820230291574262082577e-01
4.6259132551518017395508763911493588238955e-01
6.8250174965594556653059044037945568561554e-01
8.9618948914661533677872284897603094577789e-01
1.0000000000000000000000000000000000000000e+00
4.7103404181642727355239230746519751846790e-01
1.0000000000000000000000000000000000000000e+00
7.9709409766782590711642342284903861582279e-01
7.2931096516141291630219711805693805217743e-01
5.4132952724940752720073078307905234396458e-01
6.3727506280896673018787623732350766658783e-01
6.2287535431179408274005027124076150357723e-01
7.7721828570821838155779914814047515392303e-01
7.0231582325325214721800648476346395909786e-01
5.8334638814811290430384360661264508962631e-01
9.7448273546535657541056707486859522759914e-01
7.8230341765580535540181017495342530310154e-01
5.3451573485295655885352061886806041002274e-01
0.0000000000000000000000000000000000000000e+00
5.8240642107075313305131203378550708293915e-01
6.6410500134490801915632118834764696657658e-01
6.6058987503841726240949583370820619165897e-01
7.2570187889704051986683452923898585140705e-01
5.3875882743018899123654819049988873302937e-01
6.8733151122756341866448792643495835363865e-01
7.3009819236154460675436439487384632229805e-01
5.6064538751692150064798170205904170870781e-01
4.8453764892142148212883512314874678850174e-01
6.6410500134490801915632118834764696657658e-01
5.8240642107075268896210218372289091348648e-01
7.7967969055034402892090383829781785607338e-01
6.4485398208244970597036171966465190052986e-01
4.9985984907428648860161501943366602063179e-01
6.8751658207572607928170782543020322918892e-01
6.6410500134490801915632118834764696657658e-01
5.5239874122411025680889906652737408876419e-01
6.3859789795050025951184125005966052412987e-01
2.6982441240866594789338250848231837153435e-01
5.2785263730575215923579435184365138411522e-01
8.5245194883332109370144280546810477972031e-01
9.9893661641184461341680389523389749228954e-01
7.9293157250005108505064299606601707637310e-01
6.1706694765894198884126353732426650822163e-01
8.6994307182229591024480441774358041584492e-01
7.7456292574662755079373255284735932946205e-01
7.4052912252487812505563624654314480721951e-01
7.5556352643620350306719046784564852714539e-01
4.8238233169421856905145773453114088624716e-01
5.0560989338994455355447144029312767088413e-01
9.2128763186996454059851657802937552332878e-01
7.2726836604617095538571902579860761761665e-01
6.3335345522373065474397435536957345902920e-01
7.2948810776245376352733273961348459124565e-01
8.8121407572548937636724986077751964330673e-01
6.0666716250390839704209611227270215749741e-01
3.5261024511983213303167872254562098532915e-01
7.2726836604617040027420671322033740580082e-01
2.9712599281652884997129149269312620162964e-01
4.6152476613350146283920594214578159153461e-01
3.7295708903298285807892398224794305860996e-01
3.9043713663151763393344140240515116602182e-01
3.1315244474588549428162309595791157335043e-01
0.0000000000000000000000000000000000000000e+00
5.9916900425071095703799528564559295773506e-01
3.5147259149967885472065631802252028137445e-01
0.0000000000000000000000000000000000000000e+00
3.5714120369494856133130156194965820759535e-01
2.7690719304331762318227561081585008651018e-01
3.4497287583644331565579932430409826338291e-01
3.5475663860698941620697155485686380416155e-01
3.6637847444511018046853223495418205857277e-01
2.5178588233869075851956154110666830092669e-01
2.5418255305519171782790976976684760302305e-01
4.8223807160275150573980340595880988985300e-01
3.7718797912613355460820230291574262082577e-01
0.0000000000000000000000000000000000000000e+00
2.6982441240866594789338250848231837153435e-01
2.9712599281652884997129149269312620162964e-01
0.0000000000000000000000000000000000000000e+00
4.6152476613350146283920594214578159153461e-01
3.7295708903298285807892398224794305860996e-01
3.9043713663151763393344140240515116602182e-01
3.1315244474588549428162309595791157335043e-01
0.0000000000000000000000000000000000000000e+00
5.9916900425071095703799528564559295773506e-01
3.5147259149967885472065631802252028137445e-01
0.0000000000000000000000000000000000000000e+00
3.5714120369494856133130156194965820759535e-01
2.7690719304331762318227561081585008651018e-01
3.4497287583644331565579932430409826338291e-01
3.5475663860698941620697155485686380416155e-01
3.6637847444511018046853223495418205857277e-01
2.5178588233869075851956154110666830092669e-01
2.5418255305519171782790976976684760302305e-01
4.8223807160275150573980340595880988985300e-01
3.7718797912613355460820230291574262082577e-01
0.0000000000000000000000000000000000000000e+00
2.6982441240866594789338250848231837153435e-01
2.9712599281652884997129149269312620162964e-01
0.0000000000000000000000000000000000000000e+00
0.0000000000000000000000000000000000000000e+00
4.6152476613350146283920594214578159153461e-01
3.7295708903298285807892398224794305860996e-01
3.9043713663151763393344140240515116602182e-01
3.1315244474588549428162309595791157335043e-01
0.0000000000000000000000000000000000000000e+00
5.9916900425071095703799528564559295773506e-01
3.5147259149967885472065631802252028137445e-01
0.0000000000000000000000000000000000000000e+00
3.5714120369494856133130156194965820759535e-01
2.7690719304331762318227561081585008651018e-01
3.4497287583644331565579932430409826338291e-01
3.5475663860698941620697155485686380416155e-01
3.6637847444511018046853223495418205857277e-01
2.5178588233869075851956154110666830092669e-01
2.5418255305519171782790976976684760302305e-01
4.8223807160275150573980340595880988985300e-01
3.7718797912613355460820230291574262082577e-01
0.0000000000000000000000000000000000000000e+00
2.6982441240866594789338250848231837153435e-01
2.9712599281652884997129149269312620162964e-01
0.0000000000000000000000000000000000000000e+00
0.0000000000000000000000000000000000000000e+00
0.0000000000000000000000000000000000000000e+00
8.6837620330391501966005307622253894805908e+01
7.6225746184585685405465937947155907750130e-01
