1
0
23
6.9710000346995049103071551144239492714405e-01
3.8476145186172533430024600420438218861818e-01
4.5552231705247314685891524277394637465477e-01
7.0896109611372104541970884383772499859333e-01
3.6694697617515709131552625876793172210455e-01
7.7707663989731667886218247076612897217274e-01
7.4669212723539524212412743509048596024513e-01
4.0387286349301632082386959154973737895489e-01
6.8549419586127413595022517256438732147217e-01
8.2931256703109901273762716300552710890770e-01
7.1182099163778922434886453629587776958942e-01
3.2748694950189027874642988535924814641476e-01
6.2719127682430930725843154505128040909767e-01
8.3050738046093330879671157163102179765701e-01
1.0000000000000000000000000000000000000000e+00
7.9545032662698522685218449623789638280869e-01
0.0000000000000000000000000000000000000000e+00
8.0460902467826500572556369661469943821430e-01
7.7219547086137030333929942571558058261871e-01
8.9274890895101755017293498895014636218548e-01
7.8268911636132676434840504953172057867050e-01
7.3701103512175891729896193282911553978920e-01
5.9685829054295003182062373525695875287056e-01
7.0760942328774889542586379320709966123104e-01
7.0760942328774889542586379320709966123104e-01
8.3209361864709063816292200499447062611580e-01
6.5859537300969805961869951715925708413124e-01
8.0522479186884465818252465396653860807419e-01
8.2073126197213253085749329329701140522957e-01
3.5645957667635796983773843749077059328556e-01
6.5167475635713756343392333292285911738873e-01
6.8033647550494014133448672509985044598579e-01
6.6976805902531511005548736648051999509335e-01
6.3759597277086377253851878776913508772850e-01
4.3036763761782631521057851387013215571642e-01
6.4218659873862937725874644456780515611172e-01
6.6976805902531511005548736648051999509335e-01
0.0000000000000000000000000000000000000000e+00
8.4341888719984914324356850556796416640282e-01
5.9831123653623086156017052417155355215073e-01
8.1152057101519792237098727127886377274990e-01
6.5432391370438514055507539524114690721035e-01
1.0000000000000000000000000000000000000000e+00
6.9138290644152988750903432446648366749287e-01
7.3186846273289007935858307973830960690975e-01
7.2537179309902088952810572664020583033562e-01
3.4183730308707926948130761957145296037197e-01
5.9279570403170867010089750692714005708694e-01
8.9648424297219841960782105161342769861221e-01
9.0347624697568451601625838520703837275505e-01
8.3237962794154118917333562421845272183418e-01
4.4985620709413320916780776315135881304741e-01
7.5655636596675901461850344276172108948231e-01
7.4344472081796697526812067735590972006321e-01
5.8840429004336414209319627843797206878662e-01
6.5718359953948912721699571193312294781208e-01
2.7141445216071469204166533017996698617935e-01
5.6792800427816381159118463983759284019470e-01
8.8312816315204212269662775725009851157665e-01
8.4787717799512596350552939838962629437447e-01
7.2795458211984309659925429514260031282902e-01
5.5321292839044944322779429057845845818520e-01
8.5968313768227955229406234138878062367439e-01
8.1216362599560509849538902926724404096603e-01
6.5182252427860665200398671004222705960274e-01
7.2795458211984309659925429514260031282902e-01
4.7584667664136415243802957775187678635120e-01
3.4792890138683035816669075757090467959642e-01
7.2699740301253612528853409457951784133911e-01
6.8033647550494014133448672509985044598579e-01
9.0973061921996789536137839604634791612625e-01
6.6041462778523374321792971386457793414593e-01
1.0000000000000000000000000000000000000000e+00
8.2073126197213253085749329329701140522957e-01
5.9657226671429286479764186879037879407406e-01
6.8033647550494014133448672509985044598579e-01
7.9316697066275354544018227898050099611282e-01
1.0000000000000000000000000000000000000000e+00
9.9946773958053680697588561088196001946926e-01
3.5640127073345706509854835530859418213367e-01
5.3440509822350246160738151957048103213310e-01
8.5027478390059907376041792304022237658501e-01
8.4967264391147490076861004126840271055698e-01
9.5739351584117327043088607751997187733650e-01
4.4844025180613145131758301431545987725258e-01
8.3873719799050483469926575708086602389812e-01
6.6135255648296209507464027410605922341347e-01
6.8826023126865731871504294758778996765614e-01
9.3394551746319409701868607953656464815140e-01
5.6658267885203006386518609360791742801666e-01
6.0194218255645237647399881097953766584396e-01
8.6121518732380086813549269209033809602261e-01
3.3668844846423673367041828896617516875267e-01
6.3210274941328858933076162429642863571644e-01
1.0000000000000000000000000000000000000000e+00
8.6849818513985199697202688184916041791439e-01
7.8650766213363865198004987178137525916100e-01
6.1108908950668161530472843878669664263725e-01
7.4845111791486018670838120669941417872906e-01
8.3523609644342511337811174598755314946175e-01
8.1620694182348896283940575813176110386848e-01
5.6337448742849183247471955837681889533997e-01
4.9879245580269421234120841290859971195459e-01
4.9330589114440798192973147706652525812387e-01
9.9021354821773610588309111335547640919685e-01
6.3760545253940226206879060555365867912769e-01
2.4651913692878357764470820256974548101425e-01
6.5931794915805441714695689370273612439632e-01
9.5702446734749657686336377082625404000282e-01
7.5936923887430884949623077773139812052250e-01
6.2920443432456996113444347429322078824043e-01
6.8015525698194023718201606243383139371872e-01
8.1613367684120019518445587891619652509689e-01
6.5859537300969805961869951715925708413124e-01
6.7869591017835939616986706823809072375298e-01
8.7776947321152787306886011720052920281887e-01
7.4796708598505046161619702616007998585701e-01
7.6087896261323095803419391813804395496845e-01
7.5936923887430529678255197723046876490116e-01
9.1132843538978780539849822162068448960781e-01
9.9297336046625250816077823401428759098053e-01
2.5195259367036926256844253657618537545204e-01
7.2699740301253612528853409457951784133911e-01
1.0000000000000000000000000000000000000000e+00
9.6482620538547048116839732756488956511021e-01
6.9459902047975818906166978194960393011570e-01
4.9194967598499067529260742048791144043207e-01
9.6103247410687053786659816978499293327332e-01
8.2953000936687326660745611661695875227451e-01
6.7672921301464761256738711381331086158752e-01
8.3714247163209720703491711901733651757240e-01
7.7970741599981419067688648283365182578564e-01
7.8212062810100091425624668772798031568527e-01
7.4675166040986662441270027557038702070713e-01
6.7402071547621134062211467607994563877583e-01
7.7970741599981419067688648283365182578564e-01
7.2845674981611707732298555129091255366802e-01
4.9194967598499067529260742048791144043207e-01
5.6082785382671473950466634050826542079449e-01
7.2256906556288402754262278904207050800323e-01
7.0120611821579204026022580364951863884926e-01
7.1120989122120636949375693802721798419952e-01
5.0829613319225419587610304006375372409821e-01
7.9768386406365321406042312446516007184982e-01
7.7301004050654587018698293832130730152130e-01
6.5341332158627074555568015057360753417015e-01
7.5503704233050417116146491025574505329132e-01
6.6939300538436563581257132682367227971554e-01
6.7813488763053419994264459091937169432640e-01
7.3585758065357198542955075026839040219784e-01
6.3126212709006446210935337148839607834816e-01
5.5583295172012747720202696655178442597389e-01
6.3647548191963010388860766397556290030479e-01
5.4849262568900392089688011765247210860252e-01
3.8082926391802296439692554486100561916828e-01
4.5552231705247314685891524277394637465477e-01
6.8733572329703540582102050393586978316307e-01
8.8576164549491331889896628126734867691994e-01
1.0000000000000000000000000000000000000000e+00
4.2558622074079666131041221888153813779354e-01
1.0000000000000000000000000000000000000000e+00
8.2462607643326779616188559884903952479362e-01
7.6524394216404056923153120806091465055943e-01
5.2451312226236868063722340593812987208366e-01
6.1166209910487334688866667420370504260063e-01
6.2257234368447278427538549294695258140564e-01
7.8840329490606608775493668872513808310032e-01
6.8599552381380290988488468428840860724449e-01
5.6895248753050087220373143281904049217701e-01
9.7266121873257094243570008984534069895744e-01
7.7146325064334209109517814795253798365593e-01
5.4336892186143048721902459874399937689304e-01
0.0000000000000000000000000000000000000000e+00
5.7635007447574648775656669386080466210842e-01
6.6430998815082609176840833242749795317650e-01
6.5374671439327092237192573520587757229805e-01
7.2977890815356960541038233714061789214611e-01
5.5276827152993701641747747999033890664577e-01
6.8668842481968894730925967451184988021851e-01
7.3183905462358189719651591076399199664593e-01
5.6895216995681929805783738629543222486973e-01
4.8900415952014686382653962937183678150177e-01
6.6797758935720374928735054709250107407570e-01
5.8461171106519904672182974536553956568241e-01
7.7587830289874260003557537856977432966232e-01
6.5181721226084476938922307454049587249756e-01
4.9330589114440798192973147706652525812387e-01
6.7306177339936434922407215708517469465733e-01
6.5374671439327092237192573520587757229805e-01
5.5463519969877661530688328639371320605278e-01
6.3593873241240550520103624876355752348900e-01
2.5993176709835585924679435265716165304184e-01
5.1933137832264564259787675837287679314613e-01
8.4915592254334115729363929858664050698280e-01
9.9987005887084134947428992745699360966682e-01
7.9765460523811526627468992955982685089111e-01
6.0977522385557936246414101333357393741608e-01
8.7406276097398116764480846541118808090687e-01
7.6770388558526814204441279798629693686962e-01
7.4230963276566153119517821323825046420097e-01
7.4230963276566153119517821323825046420097e-01
4.7584667664136415243802957775187678635120e-01
5.0747912665682581856430033440119586884975e-01
9.1922317131729025518893649859819561243057e-01
7.2788457883138313331272684081341139972210e-01
6.2460049578270693260151347203645855188370e-01
7.1385919629064187308387090524774976074696e-01
8.8792997299486342566154917221865616738796e-01
6.0264207669573177650335082944366149604321e-01
3.5439618767432107260262341696943622082472e-01
7.2597582584040920572476807137718424201012e-01
2.9851011375444364004394515177409630268812e-01
4.5552231705247314685891524277394637465477e-01
3.6694697617515709131552625876793172210455e-01
4.0387286349301632082386959154973737895489e-01
3.2748694950189027874642988535924814641476e-01
0.0000000000000000000000000000000000000000e+00
5.9685829054295003182062373525695875287056e-01
3.5645957667635796983773843749077059328556e-01
0.0000000000000000000000000000000000000000e+00
3.4183730308707926948130761957145296037197e-01
2.7141445216071469204166533017996698617935e-01
3.4792890138683035816669075757090467959642e-01
3.5640127073345706509854835530859418213367e-01
3.3668844846423673367041828896617516875267e-01
2.4651913692878357764470820256974548101425e-01
2.5195259367036926256844253657618537545204e-01
4.9194967598499067529260742048791144043207e-01
3.8082926391802296439692554486100561916828e-01
0.0000000000000000000000000000000000000000e+00
2.5993176709835585924679435265716165304184e-01
2.9851011375444364004394515177409630268812e-01
0.0000000000000000000000000000000000000000e+00
4.5552231705247314685891524277394637465477e-01
3.6694697617515709131552625876793172210455e-01
4.0387286349301632082386959154973737895489e-01
3.2748694950189027874642988535924814641476e-01
0.0000000000000000000000000000000000000000e+00
5.9685829054295003182062373525695875287056e-01
3.5645957667635796983773843749077059328556e-01
0.0000000000000000000000000000000000000000e+00
3.4183730308707926948130761957145296037197e-01
2.7141445216071469204166533017996698617935e-01
3.4792890138683035816669075757090467959642e-01
3.5640127073345706509854835530859418213367e-01
3.3668844846423673367041828896617516875267e-01
2.4651913692878357764470820256974548101425e-01
2.5195259367036926256844253657618537545204e-01
4.9194967598499067529260742048791144043207e-01
3.8082926391802296439692554486100561916828e-01
0.0000000000000000000000000000000000000000e+00
2.5993176709835585924679435265716165304184e-01
2.9851011375444364004394515177409630268812e-01
0.0000000000000000000000000000000000000000e+00
0.0000000000000000000000000000000000000000e+00
4.5552231705247314685891524277394637465477e-01
3.6694697617515709131552625876793172210455e-01
4.0387286349301632082386959154973737895489e-01
3.2748694950189027874642988535924814641476e-01
0.0000000000000000000000000000000000000000e+00
5.9685829054295003182062373525695875287056e-01
3.5645957667635796983773843749077059328556e-01
0.0000000000000000000000000000000000000000e+00
3.4183730308707926948130761957145296037197e-01
2.7141445216071469204166533017996698617935e-01
3.4792890138683035816669075757090467959642e-01
3.5640127073345706509854835530859418213367e-01
3.3668844846423673367041828896617516875267e-01
2.4651913692878357764470820256974548101425e-01
2.5195259367036926256844253657618537545204e-01
4.9194967598499067529260742048791144043207e-01
3.8082926391802296439692554486100561916828e-01
0.0000000000000000000000000000000000000000e+00
2.5993176709835585924679435265716165304184e-01
2.9851011375444364004394515177409630268812e-01
0.0000000000000000000000000000000000000000e+00
0.0000000000000000000000000000000000000000e+00
0.0000000000000000000000000000000000000000e+00
8.7416885937786531712845317088067531585693e+01
7.5645401976023018963957156302058137953281e-01
