1
0
23
6.8287506891785254570237384541542269289494e-01
3.9490244382992717442348862277867738157511e-01
4.6271833149382884942113491888449061661959e-01
7.3793729932468798971001433528726920485497e-01
3.8971484327107386302913027975591830909252e-01
7.4761237944625891227445890763192437589169e-01
7.3948801137655562065731373877497389912605e-01
3.4479786636340914451892558645340614020824e-01
7.0351611421740645191391649859724566340446e-01
8.6151814471009080520502720901276916265488e-01
6.6646720115347046764497918047709390521049e-01
3.2594547824761282983629939735692460089922e-01
6.4007544725147358377626005676575005054474e-01
8.5119147826024621483753662687377072870731e-01
1.0000000000000000000000000000000000000000e+00
8.1843662626092650302922493210644461214542e-01
0.0000000000000000000000000000000000000000e+00
8.3690434053821949333951124572195112705231e-01
7.4213243003451678792004031492979265749454e-01
8.5397643619710839058001283774501644074917e-01
7.8799290614298156398831451951991766691208e-01
7.8438767755367544420863623599871061742306e-01
5.6672065008888106163453812769148498773575e-01
7.4835515906828264931505145796108990907669e-01
6.9960955868545515734524542494909837841988e-01
7.8026302459922258769609015871537849307060e-01
6.5683940550225083931934477732283994555473e-01
8.0833443230875490215225909196306020021439e-01
7.8084248122720623097592351768980734050274e-01
3.5810751938001872396455382840940728783607e-01
6.8105004184422268664889088540803641080856e-01
7.2256643405327269924498523323563858866692e-01
7.1914832816702156659260936066857539117336e-01
6.7742971978592647630534884228836745023727e-01
4.8907887912703656985158318093453999608755e-01
6.9744158414899448672485959832556545734406e-01
7.2256643405327269924498523323563858866692e-01
7.4504850814584175355825834685674635693431e-02
8.6810278243452776436583917529787868261337e-01
6.2050022190864972948531885776901617646217e-01
7.4653619058769571381617424776777625083923e-01
6.8130709360925822970500576047925278544426e-01
1.0000000000000000000000000000000000000000e+00
7.3300933728829642532787147501949220895767e-01
7.6705912285601651756650198876741342246532e-01
8.0509403617788655171949585565016604959965e-01
3.7876876144035931393005967038334347307682e-01
6.3344235403295034991799639101373031735420e-01
9.2214924713518420240632167406147345900536e-01
8.9883100064472243317936772655230015516281e-01
9.0432618179908008659850793264922685921192e-01
4.3735671889794081046431983850197866559029e-01
8.7679576310787565862625569934607483446598e-01
8.1289525524555783508873219034285284578800e-01
7.2558160609242672300922549766255542635918e-01
7.2558160609243527172651511136791668832302e-01
3.4996108544280379870627939453697763383389e-01
5.9634359638742140408140812724013812839985e-01
8.8540001568209958371369339147349819540977e-01
8.5394931632845039182200252980692312121391e-01
7.8720539463084582276763967456645332276821e-01
5.7881562328819946561253573236172087490559e-01
9.0312710952904384775763446668861433863640e-01
8.1896676797338519016022928553866222500801e-01
7.3479765474135250169496202943264506757259e-01
7.8283199192246399888972518965601921081543e-01
5.3784165895792845901723921997472643852234e-01
3.6820935890992484429418141189671587198973e-01
7.1660141769836205316579480495420284569263e-01
6.7678977178105026446530700923176482319832e-01
8.1959974150335290765667650703107938170433e-01
6.9358861903977642171525985759217292070389e-01
1.0000000000000000000000000000000000000000e+00
7.3664056485977336130588355445070192217827e-01
6.2226144833039731540935690645710565149784e-01
6.8839806602204989260940237727481871843338e-01
8.3554728515758236451205220873816870152950e-01
1.0000000000000000000000000000000000000000e+00
9.4134941699773455603406091540819033980370e-01
3.5940611250767795503691104386234655976295e-01
5.5510657939512619840627394296461716294289e-01
8.5404240603851000468438314783270470798016e-01
7.8946947495131869487750009284354746341705e-01
9.8008200992673488727291442046407610177994e-01
4.0438280243619029175050627600285224616528e-01
8.6253561213587515155154505919199436903000e-01
6.4124963732249518066907967295264825224876e-01
7.5214208583797148577332336571998894214630e-01
9.8628025959472864769850275479257106781006e-01
6.1647372371170949811869377299444749951363e-01
6.0919425389276948834549330058507621288300e-01
8.6322202424693839084568480757297948002815e-01
3.4841043869864884996445653086993843317032e-01
6.6066435599212081086761827464215457439423e-01
9.6613543486290598405474838727968744933605e-01
8.5171586904364615655538273131242021918297e-01
8.1289081408197261247039477893849834799767e-01
6.2539548037477166175790443958248943090439e-01
7.8341483853823457028653365341597236692905e-01
9.0100121807659783179644819028908386826515e-01
8.7867907072217055208795954968081787228584e-01
6.6764038012649928877095817369990982115269e-01
5.4390790347178674668526809909963048994541e-01
5.4768428676909985952647730300668627023697e-01
9.3358724872526654969817627716111019253731e-01
7.2606820711698671910738767110160551965237e-01
3.0036681600087017374178799400397110730410e-01
7.0056936426503968462498050939757376909256e-01
8.8907900384649873881670600894722156226635e-01
7.8063608066547895969478076949599198997021e-01
6.9962318491014630073010494015761651098728e-01
7.1237078558154742768948608500068075954914e-01
8.5397643619710839058001283774501644074917e-01
7.0418985859319505049569443144719116389751e-01
7.4624755219116467586104590736795216798782e-01
9.1303207816328668666727708114194683730602e-01
8.0666602947913135235324944005697034299374e-01
7.9127819660160036985274700782611034810543e-01
7.9127819660160303438800610820180736482143e-01
8.9672038715446733547764779359567910432816e-01
9.9417195024198112829338924711919389665127e-01
2.6540632879005920941040130855981260538101e-01
7.0580826709399113738641062809620052576065e-01
1.0000000000000000000000000000000000000000e+00
8.1685470162933393467596943082753568887711e-01
7.2893087948688950472586611795122735202312e-01
5.2881672395117129692465596235706470906734e-01
8.7679576310787565862625569934607483446598e-01
8.0636455551245456163655944692436605691910e-01
6.9680184725619265240226241076015867292881e-01
8.7456113751978736825520854836213402450085e-01
8.2294223184610471033550993524841032922268e-01
8.2823593667813721896919787468505091965199e-01
7.4832430627417911850329801382031291723251e-01
7.0409984825620419712777220411226153373718e-01
8.1685470162933393467596943082753568887711e-01
7.2893087948688950472586611795122735202312e-01
4.6563546530227795106071653208346106112003e-01
5.7616887543569261787013147113611921668053e-01
7.4457100173246115737413219903828576207161e-01
6.8592363229257169443542352382792159914970e-01
7.0165877192142078744296895820298232138157e-01
4.9948218662581767013364242302486672997475e-01
8.5460875883661380214562086621299386024475e-01
7.6225349678762810423648943469743244349957e-01
7.0339050623967358522037329748854972422123e-01
7.5162810217642717081076852991827763617039e-01
6.8592363229256692047641763565479777753353e-01
6.7615079621901152950869118285481818020344e-01
6.8592363229256803069944226081133820116520e-01
6.4003012443442819368044638395076617598534e-01
6.1949025041842420424842430293210782110691e-01
6.7615079621901152950869118285481818020344e-01
5.5394568719899262010386564725195057690144e-01
3.5302142809397474287891327549004927277565e-01
5.5879778821926451293222726235399022698402e-01
7.4524795369782992349172445756266824901104e-01
9.4239208595109613675333548599155619740486e-01
1.0000000000000000000000000000000000000000e+00
5.1241487725962364674359150740201584994793e-01
9.7017738265404240838307714511756785213947e-01
8.0290566968687260285264528647530823945999e-01
7.5860738164065477651121227609110064804554e-01
6.0987759726910806268307396749150939285755e-01
7.1426201341595296767650324909482151269913e-01
6.7513068322668967624622382572852075099945e-01
7.9498749637221532982067628836375661194324e-01
7.6950193351248996620483922015409916639328e-01
6.0260917599844332492864396044751629233360e-01
1.0000000000000000000000000000000000000000e+00
7.6535976942837791181517559380154125392437e-01
6.1161802376426510630125221723574213683605e-01
0.0000000000000000000000000000000000000000e+00
6.2130558970303895183207032459904439747334e-01
6.9563882412852229286670535657322034239769e-01
6.9017517612687562245099570645834319293499e-01
7.6200719178938669529088656418025493621826e-01
5.7881562328819946561253573236172087490559e-01
7.7268083117791031000365364889148622751236e-01
7.2816781114834483457087799251894466578960e-01
6.3361720958046996443613352312240749597549e-01
5.5557464942598211443680611409945413470268e-01
6.9524130908722547861344764896784909069538e-01
6.1757953997263381751281485776416957378387e-01
7.9465748917267720052848289924440905451775e-01
6.6278386004152334276540159407886676490307e-01
5.4768428676910096974950192816322669386864e-01
7.5854462227685270914179227474960498511791e-01
6.9524130908722547861344764896784909069538e-01
5.7022224175912927801590512899565510451794e-01
6.3899468295247974225503639900125563144684e-01
3.1981842557352713196650029203738085925579e-01
5.6991133405047833537793167124618776142597e-01
8.5984216706637728311335422404226846992970e-01
1.0000000000000000000000000000000000000000e+00
8.5501805596819213661774483625777065753937e-01
7.1516613014210972387729725596727803349495e-01
8.6797020890941556370279386101174168288708e-01
8.1896676797338519016022928553866222500801e-01
7.9409575513500796350996324690640904009342e-01
8.0843739097840416896190163242863491177559e-01
5.4414399385131584363506362933549098670483e-01
5.5060645667222696264531123233609832823277e-01
9.1046768505904507318149398997775278985500e-01
7.2603725259977147654666396192624233663082e-01
6.9257490659722453774094219625112600624561e-01
8.0193864578755014171917991916416212916374e-01
8.7679576310787565862625569934607483446598e-01
6.5204280396768832250842251596623100340366e-01
4.0757535315430748479315070653683505952358e-01
7.2930778549673447308521190279861912131310e-01
3.2840133038229257778084502206183969974518e-01
4.6271833149382884942113491888449061661959e-01
3.8971484327107386302913027975591830909252e-01
3.4479786636340914451892558645340614020824e-01
3.2594547824761282983629939735692460089922e-01
0.0000000000000000000000000000000000000000e+00
5.6672065008888106163453812769148498773575e-01
3.5810751938001872396455382840940728783607e-01
7.4504850814584175355825834685674635693431e-02
3.7876876144035931393005967038334347307682e-01
3.4996108544280379870627939453697763383389e-01
3.6820935890992484429418141189671587198973e-01
3.5940611250767795503691104386234655976295e-01
3.4841043869864884996445653086993843317032e-01
3.0036681600087017374178799400397110730410e-01
2.6540632879005920941040130855981260538101e-01
4.6563546530227795106071653208346106112003e-01
3.5302142809397474287891327549004927277565e-01
0.0000000000000000000000000000000000000000e+00
3.1981842557352713196650029203738085925579e-01
3.2840133038229257778084502206183969974518e-01
0.0000000000000000000000000000000000000000e+00
4.6271833149382884942113491888449061661959e-01
3.8971484327107386302913027975591830909252e-01
3.4479786636340914451892558645340614020824e-01
3.2594547824761282983629939735692460089922e-01
0.0000000000000000000000000000000000000000e+00
5.6672065008888106163453812769148498773575e-01
3.5810751938001872396455382840940728783607e-01
7.4504850814584175355825834685674635693431e-02
3.7876876144035931393005967038334347307682e-01
3.4996108544280379870627939453697763383389e-01
3.6820935890992484429418141189671587198973e-01
3.5940611250767795503691104386234655976295e-01
3.4841043869864884996445653086993843317032e-01
3.0036681600087017374178799400397110730410e-01
2.6540632879005920941040130855981260538101e-01
4.6563546530227795106071653208346106112003e-01
3.5302142809397474287891327549004927277565e-01
0.0000000000000000000000000000000000000000e+00
3.1981842557352713196650029203738085925579e-01
3.2840133038229257778084502206183969974518e-01
0.0000000000000000000000000000000000000000e+00
0.0000000000000000000000000000000000000000e+00
4.6271833149382884942113491888449061661959e-01
3.8971484327107386302913027975591830909252e-01
3.4479786636340914451892558645340614020824e-01
3.2594547824761282983629939735692460089922e-01
0.0000000000000000000000000000000000000000e+00
5.6672065008888106163453812769148498773575e-01
3.5810751938001872396455382840940728783607e-01
7.4504850814584175355825834685674635693431e-02
3.7876876144035931393005967038334347307682e-01
3.4996108544280379870627939453697763383389e-01
3.6820935890992484429418141189671587198973e-01
3.5940611250767795503691104386234655976295e-01
3.4841043869864884996445653086993843317032e-01
3.0036681600087017374178799400397110730410e-01
2.6540632879005920941040130855981260538101e-01
4.6563546530227795106071653208346106112003e-01
3.5302142809397474287891327549004927277565e-01
0.0000000000000000000000000000000000000000e+00
3.1981842557352713196650029203738085925579e-01
3.2840133038229257778084502206183969974518e-01
0.0000000000000000000000000000000000000000e+00
0.0000000000000000000000000000000000000000e+00
0.0000000000000000000000000000000000000000e+00
8.6522731440326111851391033269464969635010e+01
8.1400165741418140097351852091378532350063e-01
