1
0
23
6.9413049027644668775849368103081360459328e-01
3.8630901993690808238213207914668601006269e-01
4.6808572207852749968992611684370785951614e-01
7.2967979777658786844085625489242374897003e-01
3.7813617812356092873216084626619704067707e-01
7.7038521589428021751899677838082425296307e-01
7.5072222283623446514866373036056756973267e-01
3.6720560344984198852813506164238788187504e-01
6.7943346807054338931664005940547212958336e-01
8.2961036678944866107343614203273318707943e-01
6.8560142652254041362169800777337513864040e-01
3.1235486589805400159391979286738205701113e-01
6.0305361097219212229703089178656227886677e-01
8.3071142139027587258937046499340794980526e-01
1.0000000000000000000000000000000000000000e+00
7.9576416940597671789703326794551685452461e-01
0.0000000000000000000000000000000000000000e+00
8.4094312543711524643441634907503612339497e-01
7.5733504788872929580634263402316719293594e-01
8.7688994086800253757729706194368191063404e-01
7.8764600232954906644522452552337199449539e-01
7.3850393891588761441369115345878526568413e-01
5.9110175337754156110747771890601143240929e-01
7.2745533545027196709042982547543942928314e-01
7.0035807751732526149623936362331733107567e-01
8.0559801110219608766271903732558712363243e-01
6.4829658512861287888995320827234536409378e-01
8.1139653795372412847797249924042262136936e-01
7.8963159056317622219722807130892761051655e-01
3.5329539214908955990779304556781426072121e-01
6.5325822343736239528055875780410133302212e-01
6.9211977389081080769273057740065269172192e-01
6.7755543642986604258027227842831052839756e-01
6.3133240563636772169076039062929339706898e-01
4.4642385901823500304885783407371491193771e-01
6.5736752169216949859276155621046200394630e-01
6.7767319125899738718743492427165620028973e-01
2.0155933522359784776378788251349760685116e-02
8.7238973628212956867855609743855893611908e-01
6.0597082808470970061165417064330540597439e-01
7.6670716579272912838405318325385451316833e-01
6.5150675576453287440870099089806899428368e-01
1.0000000000000000000000000000000000000000e+00
7.1270628464568530624489994806936010718346e-01
7.4940862261051377490872482667327858507633e-01
7.5113642687335280268001724834903143346310e-01
3.5272128458897800129534516599960625171661e-01
6.2219286389329375719370318620349280536175e-01
8.9791235630616572649387308047153055667877e-01
9.0438431953254649897644412703812122344971e-01
8.7322304767117120416486386602628044784069e-01
4.3920840744836286972940797568298876285553e-01
8.1554774435711718805208647609106265008450e-01
7.9161571993117185730426399459247477352619e-01
6.5741468685686610395890738800517283380032e-01
6.8610622091323680837859910752740688621998e-01
3.1172400876693584503840384059003554284573e-01
5.8362053828201931882091457737260498106480e-01
8.6866910424916388144822576578008010983467e-01
8.2614245671472064103113552846480160951614e-01
7.4081215114572218638500089582521468400955e-01
5.5931054558729575987285898008849471807480e-01
8.9609611657098175996338795812334865331650e-01
8.0350105463127008409429663515766151249409e-01
6.9180865642239708357408289884915575385094e-01
7.4081215114572662727709939645137637853622e-01
4.9417073542220801840585409081541001796722e-01
3.4821350882094975753844323662633541971445e-01
7.1898413735794175494220326072536408901215e-01
6.6649524982249086502150703381630592048168e-01
8.4650570668690061637562394025735557079315e-01
6.5601629992203436270159500054433010518551e-01
1.0000000000000000000000000000000000000000e+00
7.7723796771764086521727676881710067391396e-01
5.9363115366025653862891431344905868172646e-01
6.7237495177316519701093966432381421327591e-01
8.3872025319095744322339669452048838138580e-01
1.0000000000000000000000000000000000000000e+00
9.5036170186183888120012852596119046211243e-01
3.5831919045394555745076559105655178427696e-01
5.4109495283187980518846416089218109846115e-01
8.4631782585441417410265785292722284793854e-01
8.4186839456311224338946885836776345968246e-01
9.4064088941681123223759186657844111323357e-01
4.1167322541960105208858067271648906171322e-01
8.7001660892594379070885679539060220122337e-01
6.4829658512862076147342804688378237187862e-01
7.3078261946101097379369093687273561954498e-01
9.5042796480695790339865425266907550394535e-01
5.8441372208004460642172261941595934331417e-01
5.9471541951310380458295412609004415571690e-01
8.3741358729825876583419130838592536747456e-01
3.4271443166396686752506184348021633923054e-01
6.4839755995612413652651184747810475528240e-01
9.5053131478434382817255254849442280828953e-01
8.4657543855811390187682263785973191261292e-01
7.9457083647818937954809825896518304944038e-01
6.3140513427412114921821739699225872755051e-01
7.3910026770134851226146111002890393137932e-01
8.5798499190988253282341702288249507546425e-01
8.4896216144155534077953006999450735747814e-01
6.0326763824212459308427014548215083777905e-01
5.1001258113607439437231505507952533662319e-01
5.0088723290466408144538945634849369525909e-01
9.5682687411559919077319591451669111847878e-01
6.9897775016517726953679812140762805938721e-01
2.5440161484068679609293894827715121209621e-01
6.7943346807054338931664005940547212958336e-01
9.0357814073439057800385398877551779150963e-01
7.6602869960294239781717351434053853154182e-01
6.5409051838902165787459352941368706524372e-01
7.0882272090857512125694483984261751174927e-01
8.2996352516114535458058298900141380727291e-01
6.6744094636143591614541037415619939565659e-01
7.0488466371965030621282721767784096300602e-01
8.7018465150547663622404570560320280492306e-01
7.6059076544052950374918964371317997574806e-01
7.6016527104582398699506029515760019421577e-01
7.6602869960294439621861783962231129407883e-01
9.0956299637617221698349112557480111718178e-01
1.0000000000000000000000000000000000000000e+00
2.5136882178221570116605221301142591983080e-01
7.0779531185175426077904603516799397766590e-01
1.0000000000000000000000000000000000000000e+00
8.7876982129294112233708347048377618193626e-01
7.0683986229398376721633212582673877477646e-01
4.8187017048610802927299801012850366532803e-01
9.2551775803492752903167684053187258541584e-01
8.0559801110219608766271903732558712363243e-01
6.7795031327113774999304496304830536246300e-01
8.5775636674013377991343531903112307190895e-01
8.0559801110219608766271903732558712363243e-01
8.0350105463127008409429663515766151249409e-01
7.5759268400606483151449310753378085792065e-01
6.8481534695313872607158600658294744789600e-01
7.8624210984394216072956851348862983286381e-01
7.2620800621707493061052218763506971299648e-01
4.8187017048610802927299801012850366532803e-01
5.6637614684997916736364231837796978652477e-01
7.2651979943493694147349515333189629018307e-01
6.9329814642087550513593896539532579481602e-01
6.9329814642087128628844538980047218501568e-01
5.1172150101943514322044848086079582571983e-01
8.2996352516114535458058298900141380727291e-01
7.5434656439282932183232333045452833175659e-01
6.5741468685687032280640096360002644360065e-01
7.3959428283610983978491049128933809697628e-01
6.7476393881398766261270338873146101832390e-01
6.6811034727551643630505395776708610355854e-01
6.9921449216475339838439140294212847948074e-01
6.4412834210190794692607596516609191894531e-01
5.7674894481316318906038986824569292366505e-01
6.4601270695204249250309658236801624298096e-01
5.4690781846167002555603176006115972995758e-01
3.5134956135388795139817830204265192151070e-01
5.1148257694018628427556905080564320087433e-01
7.1279796481599488888747373493970371782780e-01
8.9205872405343267228516879185917787253857e-01
1.0000000000000000000000000000000000000000e+00
4.1381021821722974163293429228360764682293e-01
9.8854966012954093024234225595137104392052e-01
8.1889603680210165670416699867928400635719e-01
7.3416065304826727544451614448917098343372e-01
5.8105149289803137424570422808756120502949e-01
6.7536282065281527664524219289887696504593e-01
6.3314798554947870901088435857673175632954e-01
7.8393717968182774491481268341885879635811e-01
7.3234748297435026120894008272443898022175e-01
5.8944490232682666963626161305001005530357e-01
1.0000000000000000000000000000000000000000e+00
7.8896605612627646042511742052738554775715e-01
5.8141147834884776557373697869479656219482e-01
0.0000000000000000000000000000000000000000e+00
5.8630433121516201122602751638623885810375e-01
6.7764867177284882071575111694983206689358e-01
6.7764867177285426080857178021688014268875e-01
7.4344707095631479276676145673263818025589e-01
5.2520414915029434155258059035986661911011e-01
7.1860693015980059428216009109746664762497e-01
7.1623715622240802236575518691097386181355e-01
5.8672982560985820210675001362687908113003e-01
5.0584038979559264870289325699559412896633e-01
6.7764867177285426080857178021688014268875e-01
5.8630433121515423966485514029045589268208e-01
8.0919059982277030673714079966885037720203e-01
6.5506009573153567426828658426529727876186e-01
5.1881603747321625164090619364287704229355e-01
7.0146794306139825803114717928110621869564e-01
6.8845734172050143673260436116834171116352e-01
5.6657081151971577792636480808141641318798e-01
6.3629865192548928920501793982111848890781e-01
2.9902962834021640237125438943621702492237e-01
5.5477787955546808973394945496693253517151e-01
8.6456295745049505097057362945633940398693e-01
1.0000000000000000000000000000000000000000e+00
8.1574217645311575264344128299853764474392e-01
6.4387321850366063813453365582972764968872e-01
8.6456295745049505097057362945633940398693e-01
8.0319821351151543531443621759535744786263e-01
7.5321683026031716057246967466198839247227e-01
7.7657851397050414732348144752904772758484e-01
5.1390826047496418471638435221393592655659e-01
5.1381962116852175626036114408634603023529e-01
9.1242905721688571940575229746173135936260e-01
7.2062578458226600464087141517666168510914e-01
6.5008763673948255501500170794315636157990e-01
7.6215253917606873290679914134670980274677e-01
8.7329552154424394672105336212553083896637e-01
6.2883274860749771573154021098162047564983e-01
3.8420263489663153411157736627501435577869e-01
7.1711872790376329778183617236209101974964e-01
3.0234095989894704814560100203379988670349e-01
4.6808572207852749968992611684370785951614e-01
3.7813617812356092873216084626619704067707e-01
3.6720560344984198852813506164238788187504e-01
3.1235486589805400159391979286738205701113e-01
0.0000000000000000000000000000000000000000e+00
5.9110175337754156110747771890601143240929e-01
3.5329539214908955990779304556781426072121e-01
2.0155933522359784776378788251349760685116e-02
3.5272128458897800129534516599960625171661e-01
3.1172400876693584503840384059003554284573e-01
3.4821350882094975753844323662633541971445e-01
3.5831919045394555745076559105655178427696e-01
3.4271443166396686752506184348021633923054e-01
2.5440161484068679609293894827715121209621e-01
2.5136882178221570116605221301142591983080e-01
4.8187017048610802927299801012850366532803e-01
3.5134956135388795139817830204265192151070e-01
0.0000000000000000000000000000000000000000e+00
2.9902962834021640237125438943621702492237e-01
3.0234095989894704814560100203379988670349e-01
0.0000000000000000000000000000000000000000e+00
4.6808572207852749968992611684370785951614e-01
3.7813617812356092873216084626619704067707e-01
3.6720560344984198852813506164238788187504e-01
3.1235486589805400159391979286738205701113e-01
0.0000000000000000000000000000000000000000e+00
5.9110175337754156110747771890601143240929e-01
3.5329539214908955990779304556781426072121e-01
2.0155933522359784776378788251349760685116e-02
3.5272128458897800129534516599960625171661e-01
3.1172400876693584503840384059003554284573e-01
3.4821350882094975753844323662633541971445e-01
3.5831919045394555745076559105655178427696e-01
3.4271443166396686752506184348021633923054e-01
2.5440161484068679609293894827715121209621e-01
2.5136882178221570116605221301142591983080e-01
4.8187017048610802927299801012850366532803e-01
3.5134956135388795139817830204265192151070e-01
0.0000000000000000000000000000000000000000e+00
2.9902962834021640237125438943621702492237e-01
3.0234095989894704814560100203379988670349e-01
0.0000000000000000000000000000000000000000e+00
0.0000000000000000000000000000000000000000e+00
4.6808572207852749968992611684370785951614e-01
3.7813617812356092873216084626619704067707e-01
3.6720560344984198852813506164238788187504e-01
3.1235486589805400159391979286738205701113e-01
0.0000000000000000000000000000000000000000e+00
5.9110175337754156110747771890601143240929e-01
3.5329539214908955990779304556781426072121e-01
2.0155933522359784776378788251349760685116e-02
3.5272128458897800129534516599960625171661e-01
3.1172400876693584503840384059003554284573e-01
3.4821350882094975753844323662633541971445e-01
3.5831919045394555745076559105655178427696e-01
3.4271443166396686752506184348021633923054e-01
2.5440161484068679609293894827715121209621e-01
2.5136882178221570116605221301142591983080e-01
4.8187017048610802927299801012850366532803e-01
3.5134956135388795139817830204265192151070e-01
0.0000000000000000000000000000000000000000e+00
2.9902962834021640237125438943621702492237e-01
3.0234095989894704814560100203379988670349e-01
0.0000000000000000000000000000000000000000e+00
0.0000000000000000000000000000000000000000e+00
0.0000000000000000000000000000000000000000e+00
8.6862407151695890661358134821057319641113e+01
7.8012224506610516883142736332956701517105e-01
