1
0
23
6.7011533587811800138922535552410408854485e-01
4.4738282930933481740254364922293461859226e-01
5.1520689450450074531318023218773305416107e-01
8.3654772944936317546904547270969487726688e-01
4.1526366677533710358716234622988849878311e-01
8.4355001347276881151771021905005909502506e-01
8.0504199066852721866638376013725064694881e-01
4.2034004823961002017540522501803934574127e-01
8.6238919698988925066629462889977730810642e-01
8.7327195594060769145983158523449674248695e-01
7.0374452312591284641740685401600785553455e-01
3.8839929598150041423210154789558146148920e-01
7.9962836512389678933487857648287899792194e-01
8.9826758666874506609190120798302814364433e-01
9.8704778275808857657125372497830539941788e-01
9.8839304331157762373294417557190172374249e-01
0.0000000000000000000000000000000000000000e+00
8.5071712983622649328907527888077311217785e-01
7.3548327154860182464091167275910265743732e-01
8.0961551397964370835325098596513271331787e-01
7.8426305412374097691952101740753278136253e-01
1.0000000000000000000000000000000000000000e+00
4.2082607019541917736660252558067440986633e-01
8.2954775395680380167817702385946176946163e-01
7.7135265402212915830659767379984259605408e-01
7.8015491943961656762240863827173598110676e-01
7.1151480164658509330877222964772954583168e-01
9.7718910236524303414284986502025276422501e-01
7.1029502719723169867904744023690000176430e-01
4.5642853603969779641147397342137992382050e-01
7.5366998589984801615315745948464609682560e-01
8.7538553481809766587673493631882593035698e-01
8.3490949237913403280231250391807407140732e-01
8.2930246780643190884774185178685002028942e-01
8.0652784483974193641131478216266259551048e-01
8.6377520333881097069905763419228605926037e-01
8.7538553481809766587673493631882593035698e-01
3.4318665777672791028507504051958676427603e-01
8.9216698021365037352126137193408794701099e-01
7.5427401887536116298349497810704633593559e-01
7.0737220353681440343507347279228270053864e-01
8.4761900780441035152534823282621800899506e-01
1.0000000000000000000000000000000000000000e+00
7.3444650934481003901055373717099428176880e-01
7.7135265402212727092745581103372387588024e-01
9.1695949617493222039144029622548259794712e-01
3.6878509752728472204097442954662255942822e-01
8.1218788592771640200140836896025575697422e-01
9.5682424196553506057227878045523539185524e-01
9.7047761804083787495756041607819497585297e-01
9.7028368571490841709703545348020270466805e-01
7.3649487290720072607541624165605753660202e-01
9.6587144657672896475020252182730473577976e-01
9.5634096092894083085411693900823593139648e-01
9.9579871576628453677670904653496108949184e-01
9.6427896714516914133952241172664798796177e-01
4.8509811355648274622254234600404743105173e-01
8.1218788592771640200140836896025575697422e-01
9.2029525378076004749061667098430916666985e-01
1.0000000000000000000000000000000000000000e+00
9.7609218573091360848792419346864335238934e-01
7.8085631530038168701679524019709788262844e-01
9.2798558691341881399239355232566595077515e-01
9.4977818361083177212123018762213177978992e-01
9.5502924605290018256198436574777588248253e-01
9.4829106680227170933505931316176429390907e-01
6.8399278796089446608164053031941875815392e-01
4.9773688169065261055479254537203814834356e-01
8.0463195195098990986082299059489741921425e-01
6.6821231864573571446186406319611705839634e-01
8.2641723005071754393213723233202472329140e-01
8.0681732978152809199201556111802347004414e-01
9.3952024986663928984853555448353290557861e-01
7.1563621458862458624139435414690524339676e-01
7.1029502719723169867904744023690000176430e-01
8.4518420193789844940823741126223467290401e-01
8.4761900780441035152534823282621800899506e-01
9.8565075366347265628519380697980523109436e-01
9.8395681086205977194936167506966739892960e-01
4.5594166123814749980169835907872766256332e-01
7.5300766218908421478772652335464954376221e-01
8.8829053616742825738583633210510015487671e-01
9.0772462989216784468027299226378090679646e-01
1.0000000000000000000000000000000000000000e+00
7.4491612565873643880820509366458281874657e-01
8.5263997410569614121556014652014710009098e-01
8.7360961947651372128120783600024878978729e-01
8.8829053616741560084335560532053932547569e-01
8.5697730918784154052758594843908213078976e-01
6.8431544052110926390497525062528438866138e-01
6.6653651532767643761445697236922569572926e-01
8.6273630913818344367882673395797610282898e-01
4.0295268044030030374358375411247834563255e-01
8.4125707518730652445526629890082404017448e-01
9.4055803352916911297398883107234723865986e-01
9.7131903940495978311275848682271316647530e-01
9.5890488297321563315733783383620902895927e-01
9.7718879881685039023864192131441086530685e-01
9.3073229613942254356828698291792534291744e-01
9.7575216059863967288379171804990619421005e-01
1.0000000000000000000000000000000000000000e+00
8.5892996950045252813055185470147989690304e-01
7.4556243099787788963794810115359723567963e-01
6.9700942701811940960254787569283507764339e-01
9.7332641487434379268250950190122239291668e-01
8.0323762975205226233299526938935741782188e-01
3.7418671717044876823266008614154998213053e-01
7.9786622788253125371227270079543814063072e-01
9.2676469714959819334865187556715682148933e-01
9.0962592664807750963973376201465725898743e-01
8.4114004198389880073705171525944024324417e-01
8.8573645192482108878806457141763530671597e-01
8.6167392980337909058619061397621408104897e-01
8.5070165563485755644279606713098473846912e-01
8.8573645192481631482905868324451148509979e-01
9.1068629175261950337016969569958746433258e-01
9.4364256645774113874125532674952410161495e-01
9.4364256645774113874125532674952410161495e-01
8.4518420193789844940823741126223467290401e-01
9.4364256645773880727290361392078921198845e-01
1.0000000000000000000000000000000000000000e+00
3.0438023995627749851422549909329973161221e-01
7.1787443943890316688793973298743367195129e-01
8.5102410678909534702540895523270592093468e-01
7.7012496534510355150615623642806895077229e-01
7.9727969318096592044042836278094910085201e-01
6.9739773039577046542802918338566087186337e-01
8.1445604072990807065224316829699091613293e-01
7.9332819708360058363894040667219087481499e-01
7.7632689843474411706125692944624461233616e-01
8.4761900780440646574476204477832652628422e-01
9.6427896714516936338412733675795607268810e-01
9.3027713902965580849979687627637758851051e-01
7.7998364573795531118349799726274795830250e-01
8.3858246386180268494570100301643833518028e-01
9.5457381293178134029631110024638473987579e-01
8.0218749187372240250226695934543386101723e-01
5.0313075517735639241578837754786945879459e-01
7.3548327154859705068190578458597883582115e-01
8.5223295390228537282695242538466118276119e-01
7.8205550102092913355988912371685728430748e-01
8.4741324640621140673601985326968133449554e-01
7.0691100787117444603779858880443498492241e-01
8.3292703320933514365975725013413466513157e-01
8.3634978021575978601731549133546650409698e-01
8.3164085138893761861567099913372658193111e-01
8.7222179737601779336841900658328086137772e-01
8.0681732978153741786542241243296302855015e-01
8.3292703320933514365975725013413466513157e-01
8.0681732978152809199201556111802347004414e-01
7.9994356162732305204343674631672911345959e-01
8.3757719460281010448454708239296451210976e-01
8.2461475564230024559719822718761861324310e-01
6.9181773199048657296827968821162357926369e-01
4.6056674482071158216456296941032633185387e-01
8.7710620048496623635259084039716981351376e-01
8.6467487503892037636887835105881094932556e-01
9.6382914061437940933529944231850095093250e-01
1.0000000000000000000000000000000000000000e+00
9.2558878776935527010749638066045008599758e-01
9.1588578035861423209951226453995332121849e-01
9.3806025479629329133501869364408776164055e-01
9.0303304754551405597595703511615283787251e-01
9.1554150185850735610415540577378123998642e-01
8.7710620048495691047918398908223025500774e-01
8.1106860329603791548436220182338729500771e-01
9.1925404700690482862057706370251253247261e-01
8.8321011492552092825292220368282869458199e-01
6.9700942701811940960254787569283507764339e-01
1.0000000000000000000000000000000000000000e+00
9.0303304754550384192413048367598094046116e-01
8.6144801250961489103019630420021712779999e-01
0.0000000000000000000000000000000000000000e+00
8.6238919698988447670728874072665348649025e-01
8.7873631048997957737611841366742737591267e-01
8.8256203486437911909234799168189056217670e-01
9.2550220866939758579405861382838338613510e-01
7.8398679281841199273372922107228077948093e-01
8.6196063406808276496917642361950129270554e-01
8.7613095449607847342576860683038830757141e-01
9.5425107069179548879844787734327837824821e-01
6.6923765653822120391680527973221614956856e-01
8.4981450611215914037188667862210422754288e-01
8.3017712117588415843272287020226940512657e-01
8.8184425916445174919999772100709378719330e-01
7.7899288246058917550840305921155959367752e-01
6.5994792753884257141550051528611220419407e-01
9.2501161205059001524375617009354755282402e-01
8.7476732934128342833446367876604199409485e-01
8.2154242587374570749858548879274167120457e-01
6.0570445638552905531781789250089786946774e-01
4.2086593033879737824065614404389634728432e-01
7.1888185218759770300778200180502608418465e-01
9.5194802934423594642510124685941264033318e-01
9.8790702076629044459110673415125347673893e-01
9.6479051873914556392008989860187284648418e-01
8.2053683129845322863360479459515772759914e-01
8.9315558123992266903456993532017804682255e-01
9.4441477696429776411690681925392709672451e-01
9.6479051873914556392008989860187284648418e-01
9.5783471060027380872270441614091396331787e-01
6.2322283392669686197251621706527657806873e-01
6.9700942701811008372914102437789551913738e-01
9.1925404700690471759827460118685849010944e-01
7.8098551857757114724734037736197933554649e-01
8.2053683129845322863360479459515772759914e-01
9.2676469714959819334865187556715682148933e-01
8.9837279871872288694589769875165075063705e-01
7.8539886414848858464665681822225451469421e-01
7.3208422760110125615540255239466205239296e-01
8.8155803774462981881043788234819658100605e-01
4.6593725340632735631984928659221623092890e-01
5.1520689450450074531318023218773305416107e-01
4.1526366677533710358716234622988849878311e-01
4.2034004823961002017540522501803934574127e-01
3.8839929598150041423210154789558146148920e-01
0.0000000000000000000000000000000000000000e+00
4.2082607019541917736660252558067440986633e-01
4.5642853603969779641147397342137992382050e-01
3.4318665777672791028507504051958676427603e-01
3.6878509752728472204097442954662255942822e-01
4.8509811355648274622254234600404743105173e-01
4.9773688169065261055479254537203814834356e-01
4.5594166123814749980169835907872766256332e-01
4.0295268044030030374358375411247834563255e-01
3.7418671717044876823266008614154998213053e-01
3.0438023995627749851422549909329973161221e-01
5.0313075517735639241578837754786945879459e-01
4.6056674482071158216456296941032633185387e-01
0.0000000000000000000000000000000000000000e+00
4.2086593033879737824065614404389634728432e-01
4.6593725340632735631984928659221623092890e-01
0.0000000000000000000000000000000000000000e+00
5.1520689450450074531318023218773305416107e-01
4.1526366677533710358716234622988849878311e-01
4.2034004823961002017540522501803934574127e-01
3.8839929598150041423210154789558146148920e-01
0.0000000000000000000000000000000000000000e+00
4.2082607019541917736660252558067440986633e-01
4.5642853603969779641147397342137992382050e-01
3.4318665777672791028507504051958676427603e-01
3.6878509752728472204097442954662255942822e-01
4.8509811355648274622254234600404743105173e-01
4.9773688169065261055479254537203814834356e-01
4.5594166123814749980169835907872766256332e-01
4.0295268044030030374358375411247834563255e-01
3.7418671717044876823266008614154998213053e-01
3.0438023995627749851422549909329973161221e-01
5.0313075517735639241578837754786945879459e-01
4.6056674482071158216456296941032633185387e-01
0.0000000000000000000000000000000000000000e+00
4.2086593033879737824065614404389634728432e-01
4.6593725340632735631984928659221623092890e-01
0.0000000000000000000000000000000000000000e+00
0.0000000000000000000000000000000000000000e+00
5.1520689450450074531318023218773305416107e-01
4.1526366677533710358716234622988849878311e-01
4.2034004823961002017540522501803934574127e-01
3.8839929598150041423210154789558146148920e-01
0.0000000000000000000000000000000000000000e+00
4.2082607019541917736660252558067440986633e-01
4.5642853603969779641147397342137992382050e-01
3.4318665777672791028507504051958676427603e-01
3.6878509752728472204097442954662255942822e-01
4.8509811355648274622254234600404743105173e-01
4.9773688169065261055479254537203814834356e-01
4.5594166123814749980169835907872766256332e-01
4.0295268044030030374358375411247834563255e-01
3.7418671717044876823266008614154998213053e-01
3.0438023995627749851422549909329973161221e-01
5.0313075517735639241578837754786945879459e-01
4.6056674482071158216456296941032633185387e-01
0.0000000000000000000000000000000000000000e+00
4.2086593033879737824065614404389634728432e-01
4.6593725340632735631984928659221623092890e-01
0.0000000000000000000000000000000000000000e+00
0.0000000000000000000000000000000000000000e+00
0.0000000000000000000000000000000000000000e+00
8.3366382428405870541610056534409523010254e+01
1.4348627110877993917625872200005687773228e+00
