1
0
23
6.9818758211412934588935286228661425411701e-01
3.8179613712541943248979237068851944059134e-01
4.6219442585623504715641729490016587078571e-01
7.2060809529789404681565656574093736708164e-01
3.6883166706888592667468174113309942185879e-01
7.7577965170768470315465492603834718465805e-01
7.4959502535473310214086950509226880967617e-01
3.8688106942242139751897411770187318325043e-01
6.7439623637518819609937281711609102785587e-01
8.3007751755308267771482633179402910172939e-01
6.9428442126259037880942059928202070295811e-01
3.0168689403814968885697567202441859990358e-01
6.0982389086222155150096568831941112875938e-01
8.5035134655838484629697404670878313481808e-01
1.0000000000000000000000000000000000000000e+00
7.8030564006068636739854582629050128161907e-01
0.0000000000000000000000000000000000000000e+00
7.9611387875014583137556201108964160084724e-01
7.5232691750996427693110035761492326855659e-01
8.8540670542212451810115680927992798388004e-01
7.8228448534361061383890501019777730107307e-01
7.5426003382856421364266452656011097133160e-01
5.9527162234441666210926769053912721574306e-01
7.1647823276826827498808825112064369022846e-01
7.0095837301354213533244319478399120271206e-01
8.0761741787485674670676871755858883261681e-01
6.3896774175096482384361706863273866474628e-01
8.4115067926948594578817619549226947128773e-01
7.9868548026581409615687334735412150621414e-01
3.4193551502082047965913602638465818017721e-01
6.3992672458654475953210294392192736268044e-01
6.8336726547620052496512244033510796725750e-01
6.5694317619150410791917238384485244750977e-01
6.1743814354883053141520576900802552700043e-01
4.3323994657339864877698687450902070850134e-01
6.4216596184242957789933825551997870206833e-01
6.5498260739715941092242701415671035647392e-01
0.0000000000000000000000000000000000000000e+00
8.5985562297007867016418458661064505577087e-01
6.0123445679768539040566110998042859137058e-01
7.8800170855291629123939856071956455707550e-01
6.3684290868670234697646037602680735290051e-01
1.0000000000000000000000000000000000000000e+00
6.8075954659038862004649672599043697118759e-01
7.3067635388305984811552207247586920857430e-01
7.4051024593922165628612219734350219368935e-01
3.4202983539761577791438185158767737448215e-01
6.1367185805315460633835300541250035166740e-01
8.9184049186171765466468741578864865005016e-01
9.0073348095317040673535302630625665187836e-01
8.4568837451597911325507084256969392299652e-01
4.3044932078015640808388297955389134585857e-01
7.7876121862464031675443720814655534923077e-01
7.5334152695987255388132552980096079409122e-01
6.0647095213263935153946704303962178528309e-01
6.5249265917563425976055668797926045954227e-01
2.7728672373610802059928914786723908036947e-01
5.7258035038283017215121617482509464025497e-01
8.7064062291726274089853632176527753472328e-01
8.2884699805760497781648155068978667259216e-01
7.2885270619303677008815611770842224359512e-01
5.5130454460959776863404613322927616536617e-01
8.7064062291726262987623385924962349236012e-01
7.9983695497526241524610668420791625976562e-01
6.6543045511936371738670459308195859193802e-01
7.2885270619303677008815611770842224359512e-01
4.7535031450977149880543493054574355483055e-01
3.3574323146593892941424996934074442833662e-01
7.1647823276826827498808825112064369022846e-01
6.6478142747995716543840671874932013452053e-01
8.7868737032936716779829566803527995944023e-01
6.5537648836362927262655375670874491333961e-01
1.0000000000000000000000000000000000000000e+00
8.0040106348021011761773024772992357611656e-01
5.8650806113791964513382026780163869261742e-01
6.6478142747995716543840671874932013452053e-01
8.1448433007612053291524034648318774998188e-01
1.0000000000000000000000000000000000000000e+00
9.5569314157516371821543543774168938398361e-01
3.5092812962310665492182693014910910278559e-01
5.2336228577841259479441760049667209386826e-01
8.4188155651643503674108615086879581212997e-01
8.1614684456853980876189780246932059526443e-01
9.4317529958624113373133468485320918262005e-01
4.3315939359211541592742378270486369729042e-01
8.1883478633711836991437849064823240041733e-01
6.3985204211246304861759881532634608447552e-01
7.1673221650948071292930308118229731917381e-01
9.4649174200589691885454612929606810212135e-01
5.5758239507823592617796748527325689792633e-01
5.8716644669123296829127411911031231284142e-01
8.5349161433665066134324206359451636672020e-01
3.5258921203769788554893693799385800957680e-01
6.4309746068571138621905447507742792367935e-01
9.8623935692574316025371672367327846586704e-01
8.6433301318864830253829723005765117704868e-01
7.7698895034914616797294684147345833480358e-01
6.3529777713737822786299602739745751023293e-01
7.3732953305413118094691071746638044714928e-01
8.4939757651688763129271819707355462014675e-01
8.2441705651461294479531716206111013889313e-01
5.7839072484677211960502063448075205087662e-01
4.9370733868600691351957721053622663021088e-01
4.8917198690989455167610344688000623136759e-01
9.6352069046033372856641108228359371423721e-01
6.6684130530239626999389201955636963248253e-01
2.4923527160143382763735075968725141137838e-01
6.7217344130036926763693827524548396468163e-01
9.2146441860655259326051691459724679589272e-01
7.6422446542473165820297253958415240049362e-01
6.3455963191635700315629264878225512802601e-01
6.8921842656305176699760295377927832305431e-01
8.1741905339439113742372455817530862987041e-01
6.5498260739715941092242701415671035647392e-01
6.8106026441214462252560224442277103662491e-01
8.6305089287706948653067229315638542175293e-01
7.4580182564667418798620701636536978185177e-01
7.5761177259386447424560628860490396618843e-01
7.6422446542473165820297253958415240049362e-01
9.2837063617477943999745093606179580092430e-01
9.9284593778837726407715535970055498182774e-01
2.4952647959082596695878919490496627986431e-01
7.1647823276826472227440945061971433460712e-01
1.0000000000000000000000000000000000000000e+00
9.3310050092749197148123130318708717823029e-01
6.8887801477487542456401570234447717666626e-01
4.8498998854651881318389428088266868144274e-01
9.2364258503718676962535027996636927127838e-01
8.0761741787485674670676871755858883261681e-01
6.6478142747995816463912888139020651578903e-01
8.4430553918264061863396818807814270257950e-01
7.7795375323067028627832542042597196996212e-01
7.8609183324287912331129746235092170536518e-01
7.3311369453182073652186545587028376758099e-01
6.8339557179123777697071773218340240418911e-01
7.7805717009919805882134369312552735209465e-01
7.2594598478900806970415260366280563175678e-01
4.7748582806809608536369182729686144739389e-01
5.5583775481733743717427387309726327657700e-01
7.1647823276826871907729810118325985968113e-01
6.9428442126257783328924233501311391592026e-01
6.8771388824428214547879179008305072784424e-01
5.3347787906665411483686511928681284189224e-01
8.0881642546389520553873353492235764861107e-01
7.6581677026147165765479485344258137047291e-01
6.4005258941646592241170310444431379437447e-01
7.4693968584817627132110828824806958436966e-01
6.5249265917563425976055668797926045954227e-01
6.6307206206508029211477150965947657823563e-01
7.1647823276826871907729810118325985968113e-01
6.4668941716220196269659936660900712013245e-01
5.5583775481733743717427387309726327657700e-01
6.3225146093925277401837092838832177221775e-01
5.4062963111317463571481312101241201162338e-01
3.5839283019793211071402083689463324844837e-01
4.7904828186179493343388458015397191047668e-01
6.8630654991346862203727141604758799076080e-01
8.8540670542213517624219321078271605074406e-01
1.0000000000000000000000000000000000000000e+00
4.7859213441344106154673454511794261634350e-01
1.0000000000000000000000000000000000000000e+00
7.8671102306656681690810728468932211399078e-01
7.1673221650948404359837695665191859006882e-01
5.5379166241163335637764930652338080108166e-01
6.4306128365590387030437113935477100312710e-01
6.2402114373198380725682454794878140091896e-01
7.7558264428235357268448524337145499885082e-01
7.0188602911335362666278570031863637268543e-01
5.8637305046419707643678975728107616305351e-01
9.6465607777957229629350877075921744108200e-01
7.8489224144323532783573682536371052265167e-01
5.4460813226563908884259035403374582529068e-01
0.0000000000000000000000000000000000000000e+00
5.7870270900473652631035292870365083217621e-01
6.6558262292352010636165005053044296801090e-01
6.6596241487311047535513353068381547927856e-01
7.1566204296745739021901044907281175255775e-01
5.2648568182334321008397637342568486928940e-01
6.8664839520201581546388069909880869090557e-01
7.1566204296745739021901044907281175255775e-01
5.6076160576998046458641056233318522572517e-01
4.7479455820002730570550397715123835951090e-01
6.6596241487311047535513353068381547927856e-01
5.7870270900473652631035292870365083217621e-01
7.6823729155670306134595648472895845770836e-01
6.3656568114173106565090165531728416681290e-01
4.9980063950494074687114220978401135653257e-01
6.8664839520201581546388069909880869090557e-01
6.6596241487311047535513353068381547927856e-01
5.5241871712421020124139658946660347282887e-01
6.3291976820091533362244717864086851477623e-01
2.7074381673987002461245765516650862991810e-01
5.2558555901859760339789318095427006483078e-01
8.4758350287497408181991431774804368615150e-01
9.9707185759029737237568724594893865287304e-01
7.8708066143604182851589712299755774438381e-01
6.2848328337306458291067201571422629058361e-01
8.6222543326101752647616649483097717165947e-01
7.6521343034011723993614850769517943263054e-01
7.3798541813886253670773385238135233521461e-01
7.4864831260607844765075924442498944699764e-01
4.7974656028068879409786973155860323458910e-01
4.9469445304743703273331334457907360047102e-01
9.1047974454229130270022096738102845847607e-01
7.1976515244037564400514384033158421516418e-01
6.3207034884904778060388252924894914031029e-01
7.2707455097600859339479484333423897624016e-01
8.6954321639630005602583651125314645469189e-01
5.9626253789899286150699708741740323603153e-01
3.5456239514737875051508808610378764569759e-01
7.1249746095593791128663951894850470125675e-01
2.8147673486565050193775050502154044806957e-01
4.6219442585623504715641729490016587078571e-01
3.6883166706888592667468174113309942185879e-01
3.8688106942242139751897411770187318325043e-01
3.0168689403814968885697567202441859990358e-01
0.0000000000000000000000000000000000000000e+00
5.9527162234441666210926769053912721574306e-01
3.4193551502082047965913602638465818017721e-01
8.3370503037779538215091366288501300322536e-20
3.4202983539761577791438185158767737448215e-01
2.7728672373610802059928914786723908036947e-01
3.3574323146593892941424996934074442833662e-01
3.5092812962310665492182693014910910278559e-01
3.5258921203769788554893693799385800957680e-01
2.4923527160143382763735075968725141137838e-01
2.4952647959082596695878919490496627986431e-01
4.7748582806809608536369182729686144739389e-01
3.5839283019793211071402083689463324844837e-01
0.0000000000000000000000000000000000000000e+00
2.7074381673987002461245765516650862991810e-01
2.8147673486565050193775050502154044806957e-01
0.0000000000000000000000000000000000000000e+00
4.6219442585623504715641729490016587078571e-01
3.6883166706888592667468174113309942185879e-01
3.8688106942242139751897411770187318325043e-01
3.0168689403814968885697567202441859990358e-01
0.0000000000000000000000000000000000000000e+00
5.9527162234441666210926769053912721574306e-01
3.4193551502082047965913602638465818017721e-01
8.3370503037779538215091366288501300322536e-20
3.4202983539761577791438185158767737448215e-01
2.7728672373610802059928914786723908036947e-01
3.3574323146593892941424996934074442833662e-01
3.5092812962310665492182693014910910278559e-01
3.5258921203769788554893693799385800957680e-01
2.4923527160143382763735075968725141137838e-01
2.4952647959082596695878919490496627986431e-01
4.7748582806809608536369182729686144739389e-01
3.5839283019793211071402083689463324844837e-01
0.0000000000000000000000000000000000000000e+00
2.7074381673987002461245765516650862991810e-01
2.8147673486565050193775050502154044806957e-01
0.0000000000000000000000000000000000000000e+00
0.0000000000000000000000000000000000000000e+00
4.6219442585623504715641729490016587078571e-01
3.6883166706888592667468174113309942185879e-01
3.8688106942242139751897411770187318325043e-01
3.0168689403814968885697567202441859990358e-01
0.0000000000000000000000000000000000000000e+00
5.9527162234441666210926769053912721574306e-01
3.4193551502082047965913602638465818017721e-01
8.3370503037779538215091366288501300322536e-20
3.4202983539761577791438185158767737448215e-01
2.7728672373610802059928914786723908036947e-01
3.3574323146593892941424996934074442833662e-01
3.5092812962310665492182693014910910278559e-01
3.5258921203769788554893693799385800957680e-01
2.4923527160143382763735075968725141137838e-01
2.4952647959082596695878919490496627986431e-01
4.7748582806809608536369182729686144739389e-01
3.5839283019793211071402083689463324844837e-01
0.0000000000000000000000000000000000000000e+00
2.7074381673987002461245765516650862991810e-01
2.8147673486565050193775050502154044806957e-01
0.0000000000000000000000000000000000000000e+00
0.0000000000000000000000000000000000000000e+00
0.0000000000000000000000000000000000000000e+00
8.7281978248240775997146556619554758071899e+01
7.6576834183107511666577238429454155266285e-01
