1
0
23
6.9503254938862946143984800073667429387569e-01
3.8289464666100697654016471460636239498854e-01
4.6522303351422333861364677431993186473846e-01
7.2405760654975226398022414286970160901546e-01
3.7212133996523782952792203104763757437468e-01
7.6748552093049116074041648971615359187126e-01
7.4731846730838868975155264706700108945370e-01
3.6759527000523051221136938693234696984291e-01
6.7427697029200217571087705437093973159790e-01
8.2247426019790303985956825272296555340290e-01
6.7590821750386553823375379579374566674232e-01
3.0377454023636385471718313056044280529022e-01
6.0159966186080970906857601221418008208275e-01
8.4452319188526658866322804897208698093891e-01
1.0000000000000000000000000000000000000000e+00
7.9509648087079765055307234433712437748909e-01
0.0000000000000000000000000000000000000000e+00
8.1961387546536867976243456723750568926334e-01
7.5118739567130454748422607735847122967243e-01
8.7581602175062633897084651835029944777489e-01
7.8111805356448582582373774130246601998806e-01
7.4221588527292658987732920650159940123558e-01
5.8761775000587179729194531319080851972103e-01
7.1630040156835861342443649846245534718037e-01
6.9293704327684524368891061385511420667171e-01
8.0330211805254592150049575138837099075317e-01
6.4240867969745196752739957446465268731117e-01
8.1150543789459006482900349510600790381432e-01
7.8647825529172132874577982875052839517593e-01
3.4418567044869963211795038660056889057159e-01
6.4409978103739484733836206942214630544186e-01
6.8283809823855812215498417572234757244587e-01
6.6409464493820202779517103408579714596272e-01
6.1900417713464916946719540646881796419621e-01
4.3588051526277787894869675255904439836740e-01
6.5145417263652682926533543650293722748756e-01
6.6409464493820202779517103408579714596272e-01
5.3907930380930465727451483815002575283870e-03
8.6285626135943016556950624362798407673836e-01
5.9800648419995783289238033830770291388035e-01
7.6079116277087810438217729824827983975410e-01
6.4847889842261097204101361057837493717670e-01
1.0000000000000000000000000000000000000000e+00
7.0130505693144495893420753418467938899994e-01
7.3847669375470692543217410275246948003769e-01
7.4489857625744326785621751696453429758549e-01
3.4469819925432654272867694089654833078384e-01
6.1585180950939533151000659927376545965672e-01
8.9469815696286458805985830622375942766666e-01
9.0669943365010463587339017976773902773857e-01
8.5787527730740731346514849064988084137440e-01
4.2510208038740887603879059497558046132326e-01
8.1021495974038915122150683600921183824539e-01
7.8318330569041483268932779537863098084927e-01
6.4064798929201105526232140618958510458469e-01
6.6946245739027043786251169876777566969395e-01
2.9950966789803190604146720943390391767025e-01
5.7554811236901493032291909912601113319397e-01
8.6084863720841220402490989727084524929523e-01
8.1985861321458619599411576928105205297470e-01
7.3260392145272668074085231637582182884216e-01
5.5829052565074199776518071303144097328186e-01
8.8632640076414392904524675032007507979870e-01
7.9617734916000371114819245121907442808151e-01
6.7487742171111408939765397008159197866917e-01
7.3122661862965088186427919936249963939190e-01
4.8206986659183309607001888252852950245142e-01
3.3913781444209289972491205844562500715256e-01
7.1630040156835739217910941079026088118553e-01
6.5819760836698049111248565168352797627449e-01
8.4768355243865489700993975930032320320606e-01
6.5020233507318070387270836363313719630241e-01
1.0000000000000000000000000000000000000000e+00
7.7711560247617827990040950680850073695183e-01
5.8921918310272825003437446866882964968681e-01
6.6409464493820669073187445974326692521572e-01
8.3189153695079876005280539175146259367466e-01
1.0000000000000000000000000000000000000000e+00
9.4617840085354765200520432699704542756081e-01
3.5463118571509805176944496452051680535078e-01
5.3191727645453779071971212033531628549099e-01
8.3851067193377348818472682978608645498753e-01
8.4356794725678163615611993009224534034729e-01
9.3026522364619368410387778567383065819740e-01
4.0888465597153977881816899753175675868988e-01
8.5815643715092337906469310837564989924431e-01
6.4240867969743653542735728478874079883099e-01
7.2195338779175721732883630465948954224586e-01
9.4113196175759694650508890845230780541897e-01
5.7372779474739954430617672187509015202522e-01
5.8710079056290553900510076346108689904213e-01
8.3771924229679273210535939142573624849319e-01
3.3697499938647701434035752754425629973412e-01
6.4409978103739584653908423206303268671036e-01
9.4424110264317473451001205830834805965424e-01
8.3824755543692153203494399349438026547432e-01
7.8693594997769977794632723089307546615601e-01
6.4346838626180702380707998599973507225513e-01
7.3047733198159248146907884802203625440598e-01
8.4754962972913538976627023657783865928650e-01
8.4111365033638563204476668033748865127563e-01
5.9161006684112249498497249078354798257351e-01
5.0132678426432042417815182488993741571903e-01
4.9018459156985444424847742084239143878222e-01
9.5467712466592247189112185878911986947060e-01
6.9129732153004430639242627876228652894497e-01
2.4776526168698218000052690968004753813148e-01
6.7427697029200217571087705437093973159790e-01
9.0366086716975524417705400992417708039284e-01
7.5610111237457389155025566651602275669575e-01
6.4489833166371179906661836866987869143486e-01
7.0347444410489901045480110042262822389603e-01
8.2181632276893845645560077173286117613316e-01
6.5872641601693371349313110840739682316780e-01
6.9410029131058370577278537894017063081264e-01
8.6497385853362829255530641603399999439716e-01
7.5583296813744493825026893318863585591316e-01
7.5326049201042843961317885259632021188736e-01
7.6372595952836108690320315872668288648129e-01
9.1692249967154138001745877772918902337551e-01
9.9817961221458428866526446654461324214935e-01
2.4677504910159434037275616447004722431302e-01
7.0325998173723958117875554307829588651657e-01
1.0000000000000000000000000000000000000000e+00
8.8681366905321934446249088068725541234016e-01
6.9586250391566029094292389345355331897736e-01
4.8137324360881528217959157700533978641033e-01
9.2346025410813348255345545112504623830318e-01
8.0330211805254592150049575138837099075317e-01
6.7335463999579503457937335042515769600868e-01
8.5192611144087093677512712019961327314377e-01
8.0330211805254592150049575138837099075317e-01
7.9617734916000371114819245121907442808151e-01
7.5151084250308120005001910612918436527252e-01
6.7620681634371548884843150517554022371769e-01
7.7857427940080758954621842349297367036343e-01
7.2423692791493343712261321343248710036278e-01
4.8137324360881528217959157700533978641033e-01
5.5873184249071883300530316773802042007446e-01
7.1667926621588018409880760373198427259922e-01
6.8595293867450835012533616463770158588886e-01
6.8987504234387198032152355153812095522881e-01
5.1046359347407710416177906154189258813858e-01
8.2181632276893834543329830921720713376999e-01
7.4729399871802770771722634890465997159481e-01
6.4874507605368736395945461481460370123386e-01
7.3819853055331496882729425124125555157661e-01
6.6358877101415059129863038833718746900558e-01
6.6080719590568570698252415240858681499958e-01
6.9858535894243634079003868464496918022633e-01
6.3837357554604667875253198872087523341179e-01
5.6002825710585868446145241250633262097836e-01
6.3837357554604667875253198872087523341179e-01
5.3983668021890973687249015711131505668163e-01
3.4574860285718922447983914025826379656792e-01
5.0274596041280938951700818506651557981968e-01
7.0303457424449666834931349512771703302860e-01
8.9533750100174602781777366544702090322971e-01
1.0000000000000000000000000000000000000000e+00
4.1593287086420227538496874331030994653702e-01
9.9860576499185194077057303729816339910030e-01
8.0712697168992675322840568696847185492516e-01
7.2375744330344116139741572624188847839832e-01
5.7269667451760619680811714715673588216305e-01
6.6388723275293426429044529868406243622303e-01
6.2410986645441746123452730898861773312092e-01
7.8204649566155293172187157324515283107758e-01
7.2732881328620480054780728096375241875648e-01
5.7753892494907344001831006607972085475922e-01
9.8326165926294128993845333752688020467758e-01
7.8997525031701165687536558834835886955261e-01
5.7536001867489616756756731774657964706421e-01
0.0000000000000000000000000000000000000000e+00
5.7790828294536367160105783113976940512657e-01
6.6829569419631451587804349401267245411873e-01
6.6949207934552390497628948651254177093506e-01
7.2735381646799879273856959116528742015362e-01
5.1964200444889518948343720694538205862045e-01
7.0732243740572764423291118873748928308487e-01
7.0922775663707815496650255226995795965195e-01
5.7533007396934343624650409765308722853661e-01
4.8846863419685898621835917765565682202578e-01
6.6829569419632151028309863249887712299824e-01
5.7533007396934343624650409765308722853661e-01
7.9806702489115843857092613689019344747066e-01
6.4499648928141783965628519581514410674572e-01
5.1305092905246274526120942027773708105087e-01
6.9517324777107780686691285154665820300579e-01
6.8080769234374360898698341770796105265617e-01
5.6002825710585868446145241250633262097836e-01
6.2788526888034057460430403807549737393856e-01
2.8355684494871341572164169519965071231127e-01
5.4380828414468995735120415702112950384617e-01
8.5681532556070805206616114446660503745079e-01
1.0000000000000000000000000000000000000000e+00
8.0476522414514406467134222111781127750874e-01
6.3590146096192512459310819394886493682861e-01
8.5548200509558203208371196524240076541901e-01
7.8724253021423273857237745687598362565041e-01
7.4489857625744382296772982954280450940132e-01
7.6617048762422124141835411137435585260391e-01
5.0132678426431243057237452376284636557102e-01
5.0389700454456587408458290155977010726929e-01
9.1219411503255154460845233188592828810215e-01
7.1456413794700690544914323254488408565521e-01
6.3875528861185115747645113515318371355534e-01
7.4933930507468338166887633633450604975224e-01
8.6642685763837246071261688484810292720795e-01
6.1377184771384474260003116796724498271942e-01
3.7423797206668396597706305328756570816040e-01
7.0732243740572620094297917603398673236370e-01
2.9190041725002197070537590661842841655016e-01
4.6522303351422333861364677431993186473846e-01
3.7212133996523782952792203104763757437468e-01
3.6759527000523051221136938693234696984291e-01
3.0377454023636385471718313056044280529022e-01
0.0000000000000000000000000000000000000000e+00
5.8761775000587179729194531319080851972103e-01
3.4418567044869963211795038660056889057159e-01
5.3907930380930465727451483815002575283870e-03
3.4469819925432654272867694089654833078384e-01
2.9950966789803190604146720943390391767025e-01
3.3913781444209289972491205844562500715256e-01
3.5463118571509805176944496452051680535078e-01
3.3697499938647701434035752754425629973412e-01
2.4776526168698218000052690968004753813148e-01
2.4677504910159434037275616447004722431302e-01
4.8137324360881528217959157700533978641033e-01
3.4574860285718922447983914025826379656792e-01
0.0000000000000000000000000000000000000000e+00
2.8355684494871341572164169519965071231127e-01
2.9190041725002197070537590661842841655016e-01
0.0000000000000000000000000000000000000000e+00
4.6522303351422333861364677431993186473846e-01
3.7212133996523782952792203104763757437468e-01
3.6759527000523051221136938693234696984291e-01
3.0377454023636385471718313056044280529022e-01
3.0377454023636385471718313056044280529022e-01
5.8761775000587179729194531319080851972103e-01
3.4418567044869963211795038660056889057159e-01
3.0377454023636385471718313056044280529022e-01
3.4469819925432654272867694089654833078384e-01
3.0377454023636385471718313056044280529022e-01
3.3913781444209289972491205844562500715256e-01
3.5463118571509805176944496452051680535078e-01
3.3697499938647701434035752754425629973412e-01
3.0377454023636385471718313056044280529022e-01
3.0377454023636385471718313056044280529022e-01
4.8137324360881528217959157700533978641033e-01
3.4574860285718922447983914025826379656792e-01
3.0377454023636385471718313056044280529022e-01
3.0377454023636385471718313056044280529022e-01
3.0377454023636385471718313056044280529022e-01
3.0377454023636385471718313056044280529022e-01
3.0377454023636385471718313056044280529022e-01
4.6522303351422333861364677431993186473846e-01
3.7212133996523782952792203104763757437468e-01
3.6759527000523051221136938693234696984291e-01
3.0377454023636385471718313056044280529022e-01
0.0000000000000000000000000000000000000000e+00
5.8761775000587179729194531319080851972103e-01
3.4418567044869963211795038660056889057159e-01
5.3907930380930465727451483815002575283870e-03
3.4469819925432654272867694089654833078384e-01
2.9950966789803190604146720943390391767025e-01
3.3913781444209289972491205844562500715256e-01
3.5463118571509805176944496452051680535078e-01
3.3697499938647701434035752754425629973412e-01
2.4776526168698218000052690968004753813148e-01
2.4677504910159434037275616447004722431302e-01
4.8137324360881528217959157700533978641033e-01
3.4574860285718922447983914025826379656792e-01
0.0000000000000000000000000000000000000000e+00
2.8355684494871341572164169519965071231127e-01
2.9190041725002197070537590661842841655016e-01
0.0000000000000000000000000000000000000000e+00
3.0377454023636385471718313056044280529022e-01
0.0000000000000000000000000000000000000000e+00
8.7060822046505890625667234417051076889038e+01
7.7710448721185432230385004004347138106823e-01
