1
0
23
6.9631723241954812664289420354180037975311e-01
3.8400636155994921638878736303013283759356e-01
4.5319570275719495144883808279701042920351e-01
7.0965933635420486158551511834957636892796e-01
3.6622099268680524675190213201858568936586e-01
7.7189892423638517549022708408301696181297e-01
7.4426282846777758184231288396404124796391e-01
3.9822164940125781562585416395450010895729e-01
6.8390550549293938065176234886166639626026e-01
8.2925021636632056942772805996355600655079e-01
7.1118317013830179007527476642280817031860e-01
3.2237208537935529983897708916629198938608e-01
6.2049847530533519535111963705276139080524e-01
8.2852267726221007215769986942177638411522e-01
1.0000000000000000000000000000000000000000e+00
7.9489040003977440296267786834505386650562e-01
0.0000000000000000000000000000000000000000e+00
8.0324179078506074969112660255632363259792e-01
7.6681626591196605513545137000619433820248e-01
8.9342139956980248793882992686121724545956e-01
7.8048832069945373035579905263148248195648e-01
7.3012897380522523427259784511988982558250e-01
5.9503048592393170679315517190843820571899e-01
7.0626245328534698053601914580212906002998e-01
7.0626245328534698053601914580212906002998e-01
8.2686207661965460680164596851682290434837e-01
6.5689284135304815137601508467923849821091e-01
8.0336778878569525819131058597122319042683e-01
8.1652740386383848569806787054403685033321e-01
3.5550117319532492654587940705823712050915e-01
6.5134287906084475938683908680104650557041e-01
6.8149828411693857965758525097044184803963e-01
6.6797570039809894826277059109997935593128e-01
6.3336655976828759584407180227572098374367e-01
4.3031734076529304378055940105696208775043e-01
6.4507505881833693273108565335860475897789e-01
6.6797570039809894826277059109997935593128e-01
0.0000000000000000000000000000000000000000e+00
8.4382421295930343241309401491889730095863e-01
5.9614594058772141238478070590645074844360e-01
8.1117142515341122965821796242380514740944e-01
6.4759864981151182838914337480673566460609e-01
1.0000000000000000000000000000000000000000e+00
6.8914032066123476205632414348656311631203e-01
7.3128403584033130346853113223914988338947e-01
7.2690505785940029426228647935204207897186e-01
3.3634353915422976477600514044752344489098e-01
5.9107478639586530366756278453976847231388e-01
8.9500843734278467955789437837665900588036e-01
9.0086694837913217082103756183641962707043e-01
8.3284159929044887515914297182462178170681e-01
4.4302763570633385548092064709635451436043e-01
7.6140002423017993926634972012834623456001e-01
7.4192177243168067057865755487000569701195e-01
5.9040045445264133228135960962390527129173e-01
6.5205382044564286214693993315449915826321e-01
2.6933131697374301793956874462310224771500e-01
5.6714409443793467602290547802112996578217e-01
8.8186907288959615058843155566137284040451e-01
8.4437781765653452392683675498119555413723e-01
7.2619799191420020267884183340356685221195e-01
5.5282217515869247481674619848490692675114e-01
8.5659300963219731084308250501635484397411e-01
8.1046039789375134976268100217566825449467e-01
6.5134287906084531449835139937931671738625e-01
7.2683980414848081696987946997978724539280e-01
4.7479229086772234413871274227858521044254e-01
3.4627917304476041326921631480217911303043e-01
7.2464084645547710561430676534655503928661e-01
6.7668115131275219376050245045917108654976e-01
9.0242741628477185500400992168579250574112e-01
6.6082893741724135772130921395728364586830e-01
1.0000000000000000000000000000000000000000e+00
8.1805024882044941048064856659038923680782e-01
5.9575905049885735653703022762783803045750e-01
6.7668115131275219376050245045917108654976e-01
7.9030913597231733369596895499853417277336e-01
1.0000000000000000000000000000000000000000e+00
9.9647281048713964857199698599288240075111e-01
3.5549953053299260252728686282353010028601e-01
5.3146362963521776023867460025940090417862e-01
8.4752594929571301030080121563514694571495e-01
8.4790765477714058473424074691138230264187e-01
9.5526094971819563994586133048869669437408e-01
4.5088072000016388152232593711232766509056e-01
8.3505701753760841477003395993961021304131e-01
6.6045143732425737326252601633314043283463e-01
6.8932948020246498366248033562442287802696e-01
9.3493181731311025828290439676493406295776e-01
5.6652187289534128300516613307991065084934e-01
6.0161859065593170647900933545315638184547e-01
8.5907408083402991838539719537948258221149e-01
3.4086359100388974319173485127976164221764e-01
6.3315548627925111180303474611719138920307e-01
1.0000000000000000000000000000000000000000e+00
8.6854195927427890744354499474866315722466e-01
7.8506796291671876453222012059995904564857e-01
6.2098697899482946382931913831271231174469e-01
7.4784022213282808078105290405801497399807e-01
8.3576634583783526721845191786997020244598e-01
8.1800301354962723365815691067837178707123e-01
5.6592497279742193239115977121400646865368e-01
4.9894019574032949515540735774266067892313e-01
4.9324481950231235938275631269789300858974e-01
9.8773539012591871077972882631001994013786e-01
6.3776640970489195670012350092292763292789e-01
2.4970422014153112466594564011757029220462e-01
6.5947220797709626971538909856462851166725e-01
9.5228858524205439728405053756432607769966e-01
7.5933712297518629608106266459799371659756e-01
6.3196349705223431314493609534110873937607e-01
6.8049933701725162649154299288056790828705e-01
8.2059785837076437697845676666474901139736e-01
6.5689284135305459066955791058717295527458e-01
6.7668115131275219376050245045917108654976e-01
8.8185447422129492611730938733671791851521e-01
7.4675305693645577242989475053036585450172e-01
7.6057856814195856642868420749437063932419e-01
7.5905499714077262485290020777028985321522e-01
9.1409131492876061209074123325990512967110e-01
9.9327475282780641752111705500283278524876e-01
2.5009211433356448583964493082021363079548e-01
7.2464084645547710561430676534655503928661e-01
1.0000000000000000000000000000000000000000e+00
9.6066031318467748345568679724237881600857e-01
6.9292913670593558883581408736063167452812e-01
4.9055104784618175361998737571411766111851e-01
9.5571135014576857891199779260205104947090e-01
8.2638640997445689251321709889452904462814e-01
6.7424403169082236519926709661376662552357e-01
8.3599166712718886440569576734560541808605e-01
7.7745592037497657234013104243786074221134e-01
7.8495322697545510948202718282118439674377e-01
7.4430293843138772835743566247401759028435e-01
6.7555902274264245654933347395854070782661e-01
7.7745592037497657234013104243786074221134e-01
7.2845903215997775959067439544014632701874e-01
4.8864642595982216155547916969226207584143e-01
5.6151672168122979122983906563604250550270e-01
7.2105388321795493844490465562557801604271e-01
6.9932466183442909546386090369196608662605e-01
7.0754059520460177434841853028046898543835e-01
5.1559172277863862809965667111100628972054e-01
7.9642440507685485773237132889335043728352e-01
7.7255872619705379111820775506203062832355e-01
6.5152626283622550040774967783363536000252e-01
7.5472418246313943690495307237142696976662e-01
6.6782138117102662899782217209576629102230e-01
6.7598749065455054907403109609731473028660e-01
7.3344873194641180269570668315282091498375e-01
6.3308984282741065374722211345215328037739e-01
5.5563758668348628422251067604520358145237e-01
6.3308984282741065374722211345215328037739e-01
5.4743619234810514395661584785557352006435e-01
3.7950354953641035615774512734788004308939e-01
4.5319570275719495144883808279701042920351e-01
6.7879784004452403678442351520061492919922e-01
8.8150229865406870555233354025403968989849e-01
1.0000000000000000000000000000000000000000e+00
4.2332472944122923053100748802535235881805e-01
1.0000000000000000000000000000000000000000e+00
8.1255329402376219594117401356925256550312e-01
7.6090237623730538896182906682952307164669e-01
5.2280628285034747015913580980850383639336e-01
6.1335837818616389949255562896723859012127e-01
6.2052013381282855597476100228959694504738e-01
7.7882464493379233161363117687869817018509e-01
6.8166127466421921887729240552289411425591e-01
5.7122584881221893926550592368585057556629e-01
9.6921460550103144537814614523085765540600e-01
7.6260763827615718479790984929422847926617e-01
5.3997661809551533718121163474279455840588e-01
0.0000000000000000000000000000000000000000e+00
5.7455100822917959391133990720845758914948e-01
6.6023018385343246183794008175027556717396e-01
6.5151683051096287435655085573671385645866e-01
7.1971382937452543782086422652355395257473e-01
5.4508157278788615940356976352632045745850e-01
6.8414498576689530828787155769532546401024e-01
7.2948590328436213603424675966380164027214e-01
5.6642167931292808358278989544487558305264e-01
4.7931906254707928871638955570233520120382e-01
6.6152394036524508891261575627140700817108e-01
5.8016075294535596196254800815950147807598e-01
7.7503113808746659785242627549450844526291e-01
6.4788627069077064923874331725528463721275e-01
4.9324481950231247040505877521354705095291e-01
6.7173572298395034518847523941076360642910e-01
6.5288748370568716605788495144224725663662e-01
5.4758009798376450216750299659906886518002e-01
6.3212358206662822013299773971084505319595e-01
2.5680374711929776498919864025083370506763e-01
5.1859207953841246485637839214177802205086e-01
8.4827593209386320527443103856057859957218e-01
1.0000000000000000000000000000000000000000e+00
7.9670961277877461181873286477639339864254e-01
6.1110450010239669715872423694236204028130e-01
8.7144186399794099084914478225982747972012e-01
7.6737099839397959755160627537406980991364e-01
7.4199888249586432031890126381767913699150e-01
7.4534147786821514092281404373352415859699e-01
4.7479229086772234413871274227858521044254e-01
5.0689196297809602231865255816956050693989e-01
9.1730287709895241832214196620043367147446e-01
7.2272578910612406133395779761485755443573e-01
6.2663748772699068290137347503332421183586e-01
7.1948173150870908809650927651091478765011e-01
8.8574101524532822260482589626917615532875e-01
6.0262936306057701685290339810308068990707e-01
3.5648878985238235950205876179097685962915e-01
7.2375087739767329786388927459483966231346e-01
2.9885397463215629398902706270746421068907e-01
4.5319570275719495144883808279701042920351e-01
3.6622099268680524675190213201858568936586e-01
3.9822164940125781562585416395450010895729e-01
3.2237208537935529983897708916629198938608e-01
0.0000000000000000000000000000000000000000e+00
5.9503048592393170679315517190843820571899e-01
3.5550117319532492654587940705823712050915e-01
0.0000000000000000000000000000000000000000e+00
3.3634353915422976477600514044752344489098e-01
2.6933131697374301793956874462310224771500e-01
3.4627917304476041326921631480217911303043e-01
3.5549953053299260252728686282353010028601e-01
3.4086359100388974319173485127976164221764e-01
2.4970422014153112466594564011757029220462e-01
2.5009211433356448583964493082021363079548e-01
4.8864642595982216155547916969226207584143e-01
3.7950354953641035615774512734788004308939e-01
0.0000000000000000000000000000000000000000e+00
2.5680374711929776498919864025083370506763e-01
2.9885397463215629398902706270746421068907e-01
0.0000000000000000000000000000000000000000e+00
4.5319570275719495144883808279701042920351e-01
3.6622099268680524675190213201858568936586e-01
3.9822164940125781562585416395450010895729e-01
3.2237208537935529983897708916629198938608e-01
0.0000000000000000000000000000000000000000e+00
5.9503048592393170679315517190843820571899e-01
3.5550117319532492654587940705823712050915e-01
0.0000000000000000000000000000000000000000e+00
3.3634353915422976477600514044752344489098e-01
2.6933131697374301793956874462310224771500e-01
3.4627917304476041326921631480217911303043e-01
3.5549953053299260252728686282353010028601e-01
3.4086359100388974319173485127976164221764e-01
2.4970422014153112466594564011757029220462e-01
2.5009211433356448583964493082021363079548e-01
4.8864642595982216155547916969226207584143e-01
3.7950354953641035615774512734788004308939e-01
0.0000000000000000000000000000000000000000e+00
2.5680374711929776498919864025083370506763e-01
2.9885397463215629398902706270746421068907e-01
0.0000000000000000000000000000000000000000e+00
0.0000000000000000000000000000000000000000e+00
4.5319570275719495144883808279701042920351e-01
3.6622099268680524675190213201858568936586e-01
3.9822164940125781562585416395450010895729e-01
3.2237208537935529983897708916629198938608e-01
0.0000000000000000000000000000000000000000e+00
5.9503048592393170679315517190843820571899e-01
3.5550117319532492654587940705823712050915e-01
0.0000000000000000000000000000000000000000e+00
3.3634353915422976477600514044752344489098e-01
2.6933131697374301793956874462310224771500e-01
3.4627917304476041326921631480217911303043e-01
3.5549953053299260252728686282353010028601e-01
3.4086359100388974319173485127976164221764e-01
2.4970422014153112466594564011757029220462e-01
2.5009211433356448583964493082021363079548e-01
4.8864642595982216155547916969226207584143e-01
3.7950354953641035615774512734788004308939e-01
0.0000000000000000000000000000000000000000e+00
2.5680374711929776498919864025083370506763e-01
2.9885397463215629398902706270746421068907e-01
0.0000000000000000000000000000000000000000e+00
0.0000000000000000000000000000000000000000e+00
0.0000000000000000000000000000000000000000e+00
8.6886472026748649000182922463864088058472e+01
7.5700206864143004814593496121233329176903e-01
