1
0
23
6.7651747433683573351714812815771438181400e-01
4.3368725116032241784225220726511906832457e-01
5.0024024508291298207751651716534979641438e-01
7.9997349515522764296093782832031138241291e-01
3.9210890075032289736611801345134153962135e-01
8.1376541512262878796946097281761467456818e-01
7.7660347964062370618165687119471840560436e-01
3.9302953896270054201522725634276866912842e-01
8.1398417237620301900591357480152510106564e-01
8.6723129445540403370529247695230878889561e-01
6.8565229486754242227419808841659687459469e-01
3.6787462165980300277112746698549017310143e-01
7.5143980644213337338754854499711655080318e-01
8.9041700024515590961016187065979465842247e-01
1.0000000000000000000000000000000000000000e+00
9.4107864213522918195309330258169211447239e-01
0.0000000000000000000000000000000000000000e+00
8.7512901405818033229166985620395280420780e-01
7.6176430129076277975030961897573433816433e-01
8.2057206807859983666020298187504522502422e-01
7.8978701874677392780199625121895223855972e-01
9.4462531659719817245246531456359662115574e-01
4.6997971126690896159772137252730317413807e-01
8.0983994417023319467574538066401146352291e-01
7.4617031183668180993606711126631125807762e-01
7.7660347964062281800323717106948606669903e-01
7.0121832544720363866730394875048659741879e-01
9.8518308969147283526979208545526489615440e-01
7.2917397456365051766624674201011657714844e-01
4.2250255568843719800042890710756182670593e-01
7.3272408575843550604389520231052301824093e-01
8.3287504198772521757376807727268896996975e-01
8.1834913411204734945414429603260941803455e-01
7.8202123533154366263886458909837529063225e-01
6.6984103061097310938265536606195382773876e-01
8.3912588678877109149567559143179096281528e-01
8.5571677627497055862448860352742485702038e-01
2.7221954885587901218357842481054831296206e-01
9.2893915185766651188004061623360030353069e-01
7.2308511384534723820394219728768803179264e-01
6.9318449987509267451457617426058277487755e-01
8.0939075817779004839991330300108529627323e-01
1.0000000000000000000000000000000000000000e+00
7.1943641027818849842390136473113670945168e-01
7.7119551734375846319125002992223016917706e-01
8.9589424794592142919924526722752489149570e-01
3.9622977440258377868076422601006925106049e-01
7.5969083444263574289578855314175598323345e-01
9.4743709979776535856643704391899518668652e-01
9.1306227190193378628890741310897283256054e-01
9.4917984181287817779804072415572591125965e-01
6.0784632452145492820250183285679668188095e-01
9.9267237616545944689505631686188280582428e-01
9.1734760932207004557881191431079059839249e-01
9.2577763438057680822623751737410202622414e-01
8.8282402985061392275412117669475264847279e-01
4.5537512022834369940227361439610831439495e-01
7.5143980644213337338754854499711655080318e-01
9.0543019134972768657831920791068114340305e-01
9.7300831689216082942550656298408284783363e-01
9.3372295742309441290984750594361685216427e-01
6.9881219697996521666993885446572676301003e-01
9.1981382955587187577606300692423246800900e-01
9.2154639956707973258431820795522071421146e-01
9.0953445386332021360686894695390947163105e-01
9.2154639956707973258431820795522071421146e-01
6.6170052482632157886399681956390850245953e-01
4.8000041370290641440377044091292191296816e-01
7.7380504822884244031655498474719934165478e-01
6.7076828949874045537882238932070322334766e-01
8.0712621592279054638652269204612821340561e-01
7.8109895437588738875689386986778117716312e-01
9.8578760313397706394056285716942511498928e-01
7.2941128047805670053804760755156166851521e-01
6.8182739412337822759724303978146053850651e-01
8.0268775567643357859992647718172520399094e-01
8.2638601923786780822922537481645122170448e-01
1.0000000000000000000000000000000000000000e+00
1.0000000000000000000000000000000000000000e+00
4.1219697346339861931951986662170384079218e-01
7.0196238955213030585866818000795319676399e-01
8.6352513564701982584637107720482163131237e-01
8.5578994557096066397861022778670303523540e-01
1.0000000000000000000000000000000000000000e+00
5.6423753597948911320258957857731729745865e-01
8.7077613132807107909627575281774625182152e-01
7.9228332506449317129693099559517577290535e-01
8.3050526524493850644148551509715616703033e-01
8.7288940727708586031496906798565760254860e-01
6.7245461656849814247038921166677027940750e-01
6.6170052482632157886399681956390850245953e-01
8.3923719896804960249880878109252080321312e-01
3.8808713970378072577460670800064690411091e-01
7.9500588156820317653483698450145311653614e-01
9.1701646690894589308840068042627535760403e-01
9.5644042639432502728169538386282511055470e-01
9.1505583055771744227513408986851572990417e-01
9.0073911660170202786446225218242034316063e-01
8.5836003957058126800916397769469767808914e-01
9.6773438912125731015123619727091863751411e-01
9.6271779452929606701871989571372978389263e-01
8.2162039916357820779069243144476786255836e-01
7.0413454756810467394245733885327354073524e-01
6.6606185266566708680358033234369941055775e-01
9.4237390718169378178714623572886921465397e-01
7.8496030031527341819241883058566600084305e-01
3.5163654672460814554213470728427637368441e-01
7.5969083444261831239430193818407133221626e-01
9.0914143008566516979129801256931386888027e-01
8.7872084844223219413095193885965272784233e-01
8.1088742653063994314521778505877591669559e-01
8.2130890676670009753479462233372032642365e-01
8.6504060516882086417922437249217182397842e-01
8.2130890676670009753479462233372032642365e-01
8.4003333660720946873823322675889357924461e-01
9.1995375755716723986665783741045743227005e-01
9.0323950206314451705225110345054417848587e-01
9.0824129148132304312213136654463596642017e-01
8.2638601923787280423283618802088312804699e-01
9.3469240789736884877925149339716881513596e-01
9.9489106055207643386495419690618291497231e-01
3.0385838826476901930462304335378576070070e-01
7.0139397283336124555574997430085204541683e-01
8.6179256563581674299712176434695720672607e-01
7.7660347964062281800323717106948606669903e-01
7.8109895437588738875689386986778117716312e-01
6.0909202668330308938493544701486825942993e-01
8.2548312862547013057934464086429215967655e-01
7.8365423107980114458825937617802992463112e-01
7.5504408185259652697141063981689512729645e-01
8.2431107990288909892484525698819197714329e-01
9.3100164062864454450618723058141767978668e-01
8.9537795264068420486580635042628273367882e-01
7.6423404156494534333887713728472590446472e-01
8.0302808268974867900169556378386914730072e-01
9.4219635441479099302597433052142150700092e-01
7.6859536940428885287701632478274405002594e-01
4.6935993229585903918632538989186286926270e-01
7.0196238955212753030110661711660213768482e-01
8.2702524236688190750754756663809530436993e-01
7.6376506062617233183686948905233293771744e-01
8.1503165473658645279186885090894065797329e-01
6.2259079899999547613731465389719232916832e-01
8.3414765185353667575895997288171201944351e-01
8.2859056236256456440258943985099904239178e-01
8.0268775567643013690855013919644989073277e-01
8.2724480056540616867977178117143921554089e-01
7.6018346044703122288410668261349201202393e-01
7.9639964410581254306009668653132393956184e-01
7.7377023202833816739598660205956548452377e-01
7.5090980174082266884738601220306009054184e-01
7.8565639790721308877152750937966629862785e-01
7.6859536940428885287701632478274405002594e-01
6.5445800649393104375661778249195776879787e-01
4.3201613196829768970275154060800559818745e-01
7.8206540470320273783499942510388791561127e-01
8.3809807476089159816723395124427042901516e-01
9.1497015384947222305100922312703914940357e-01
9.8706868261507874073856783070368692278862e-01
8.0295722505078959141400218868511728942394e-01
9.3604924268631428674325434258207678794861e-01
9.0254382330315929827690979436738416552544e-01
8.8171479867505675453998037482961080968380e-01
7.7181270636872156831742586291511543095112e-01
8.1880761410878122319445537868887186050415e-01
7.5143980644213337338754854499711655080318e-01
8.8715569305797814525504918492515571415424e-01
8.5267641804133553762312658363953232765198e-01
6.5691585848124611768383829257800243794918e-01
9.6110307914539749862825601667282171547413e-01
8.2713593869181778472920996136963367462158e-01
7.9667388083211199134581192993209697306156e-01
0.0000000000000000000000000000000000000000e+00
8.0228119326789826271095762422191910445690e-01
8.3287504198772521757376807727268896996975e-01
8.1376541512262767774643634766107425093651e-01
8.8362733569457074800368445721687749028206e-01
6.8309199961050848237675836571725085377693e-01
8.5997650448857454463791327725630253553391e-01
8.3959350607434457547384454301209188997746e-01
8.6320415631477820372907672208384610712528e-01
6.3448529778258511147015497044776566326618e-01
7.9603913437498174943129924940876662731171e-01
7.8852212987628433893405599519610404968262e-01
8.4606246704421461668488291252288036048412e-01
7.8104622169547710530679296425660140812397e-01
6.6606185266566864111581480756285600364208e-01
8.7872084844223219413095193885965272784233e-01
8.1376541512262767774643634766107425093651e-01
7.5432628498214115975173399419873021543026e-01
5.9438496541616936408303217831416986882687e-01
4.1733710663566658816137078247265890240669e-01
6.8089591526769710494448872850625775754452e-01
9.2193565309752001368792662105988711118698e-01
9.7873871272585910574548506701830774545670e-01
9.4917984181287817779804072415572591125965e-01
7.7290266349664848988254561845678836107254e-01
8.9233987797699687583019567682640627026558e-01
9.1296904919546162382459897344233468174934e-01
9.2998663421806326834229139421950094401836e-01
9.2998663421806271323077908164123073220253e-01
6.0609475791441413949911520830937661230564e-01
6.6606185266566708680358033234369941055775e-01
9.0612910385396061574425630169571377336979e-01
7.8169686180014263943149899205309338867664e-01
8.0027822784261348765255661419359967112541e-01
9.0221358551222607946584730598260648548603e-01
8.8905874215242408631354464887408539652824e-01
7.5496501792684045373249546173610724508762e-01
5.8085037031472408486365566204767674207687e-01
8.4509047568764728008972042516688816249371e-01
4.3000523540302482139452422416070476174355e-01
5.0024024508291298207751651716534979641438e-01
3.9210890075032289736611801345134153962135e-01
3.9302953896270054201522725634276866912842e-01
3.6787462165980300277112746698549017310143e-01
0.0000000000000000000000000000000000000000e+00
4.6997971126690896159772137252730317413807e-01
4.2250255568843719800042890710756182670593e-01
2.7221954885587901218357842481054831296206e-01
3.9622977440258377868076422601006925106049e-01
4.5537512022834369940227361439610831439495e-01
4.8000041370290641440377044091292191296816e-01
4.1219697346339861931951986662170384079218e-01
3.8808713970378072577460670800064690411091e-01
3.5163654672460814554213470728427637368441e-01
3.0385838826476901930462304335378576070070e-01
4.6935993229585903918632538989186286926270e-01
4.3201613196829768970275154060800559818745e-01
0.0000000000000000000000000000000000000000e+00
4.1733710663566658816137078247265890240669e-01
4.3000523540302482139452422416070476174355e-01
0.0000000000000000000000000000000000000000e+00
5.0024024508291298207751651716534979641438e-01
3.9210890075032289736611801345134153962135e-01
3.9302953896270054201522725634276866912842e-01
3.6787462165980300277112746698549017310143e-01
0.0000000000000000000000000000000000000000e+00
4.6997971126690896159772137252730317413807e-01
4.2250255568843719800042890710756182670593e-01
2.7221954885587901218357842481054831296206e-01
3.9622977440258377868076422601006925106049e-01
4.5537512022834369940227361439610831439495e-01
4.8000041370290641440377044091292191296816e-01
4.1219697346339861931951986662170384079218e-01
3.8808713970378072577460670800064690411091e-01
3.5163654672460814554213470728427637368441e-01
3.0385838826476901930462304335378576070070e-01
4.6935993229585903918632538989186286926270e-01
4.3201613196829768970275154060800559818745e-01
0.0000000000000000000000000000000000000000e+00
4.1733710663566658816137078247265890240669e-01
4.3000523540302482139452422416070476174355e-01
0.0000000000000000000000000000000000000000e+00
0.0000000000000000000000000000000000000000e+00
5.0024024508291298207751651716534979641438e-01
3.9210890075032289736611801345134153962135e-01
3.9302953896270054201522725634276866912842e-01
3.6787462165980300277112746698549017310143e-01
0.0000000000000000000000000000000000000000e+00
4.6997971126690896159772137252730317413807e-01
4.2250255568843719800042890710756182670593e-01
2.7221954885587901218357842481054831296206e-01
3.9622977440258377868076422601006925106049e-01
4.5537512022834369940227361439610831439495e-01
4.8000041370290641440377044091292191296816e-01
4.1219697346339861931951986662170384079218e-01
3.8808713970378072577460670800064690411091e-01
3.5163654672460814554213470728427637368441e-01
3.0385838826476901930462304335378576070070e-01
4.6935993229585903918632538989186286926270e-01
4.3201613196829768970275154060800559818745e-01
0.0000000000000000000000000000000000000000e+00
4.1733710663566658816137078247265890240669e-01
4.3000523540302482139452422416070476174355e-01
0.0000000000000000000000000000000000000000e+00
0.0000000000000000000000000000000000000000e+00
0.0000000000000000000000000000000000000000e+00
8.4678062508031700872379587963223457336426e+01
1.1673086519340305500236354419030249118805e+00
