1
0
23
6.8762751395106014307145869679516181349754e-01
3.9259929053867181902859329056809656322002e-01
4.6251270004617900388765860952844377607107e-01
7.3755320181896433240353871951811015605927e-01
3.8735480812158551433554976028972305357456e-01
7.4765149193572799646290150121785700321198e-01
7.3760853992614006102712664869613945484161e-01
3.4651948526719744680946178050362505018711e-01
7.0219711843548393570557664133957587182522e-01
8.5169055815082328475540407453081570565701e-01
6.7120785903948398942731046190601773560047e-01
3.2633860675713194376967862808669451624155e-01
6.4370184168785127276635193993570283055305e-01
8.4999984893578972577898866802570410072803e-01
1.0000000000000000000000000000000000000000e+00
8.1847350724643308517158857284812256693840e-01
0.0000000000000000000000000000000000000000e+00
8.3518983536541302470368464128114283084869e-01
7.3978240282703211505577201023697853088379e-01
8.4975749743265249769308411487145349383354e-01
7.8984130271021801839026466041104868054390e-01
7.9912673211145379692510459790355525910854e-01
5.6674491562991291537798588251462206244469e-01
7.4594888552994198516188362191314809024334e-01
7.0085110379561521565250359344645403325558e-01
7.8094920632090836232208630462992005050182e-01
6.5829385239880566782488813259988091886044e-01
8.0863959213070701892434044566471129655838e-01
7.8235580876145538464783157905912958085537e-01
3.5241861320095818621567218542622867971659e-01
6.7290502747231151214890587652917020022869e-01
7.1547468206245312671853753272444009780884e-01
7.0638492119394147294997310382314026355743e-01
6.6870258770179313856374392344150692224503e-01
4.8578822888348693886939599906327202916145e-01
6.8431292603129700857778061617864295840263e-01
7.1547468206245312671853753272444009780884e-01
6.4117335425764476752874543308280408382416e-02
8.6669083139316194230872270054533146321774e-01
6.1207708555765261149161915454897098243237e-01
7.4607789835768034691909633693285286426544e-01
6.7039973835759270048839653100003488361835e-01
1.0000000000000000000000000000000000000000e+00
7.3052648454899671293105711811222136020660e-01
7.6106052806101764929280761862173676490784e-01
7.8384618082313495257551494432846084237099e-01
3.6392320836254687943522867499268613755703e-01
6.3215441101768721221532132403808645904064e-01
9.1367905852436726021892354765441268682480e-01
9.0180883288614366311009007404209114611149e-01
8.9501663237080908430698400479741394519806e-01
4.2717765800046847424198404041817411780357e-01
8.6443953606913459530858290236210450530052e-01
8.1136665654647643908248255684156902134418e-01
7.1374694953791750773319790823734365403652e-01
7.1670767233793342132486259288270957767963e-01
3.3731274478034811714621810097014531493187e-01
5.9316931957634710936844157913583330810070e-01
8.8008003318188399166643876014859415590763e-01
8.4538504115370227687265014537842944264412e-01
7.7743216428997297118286269324016757309437e-01
5.7412852495470223512796792419976554811001e-01
8.9081268518999012773207368809380568563938e-01
8.1740426618079831122543055244022980332375e-01
7.2529438020808190135113591168192215263844e-01
7.6776871905651788985380790109047666192055e-01
5.2776258222370420192248730018036440014839e-01
3.6514039555280419779847989047993905842304e-01
7.1750235496760494946499875368317589163780e-01
6.7486268811512162280052962159970775246620e-01
8.3260926545004065868482712176046334207058e-01
6.9045676168364245040010018783505074679852e-01
1.0000000000000000000000000000000000000000e+00
7.3640432358193141926250291362521238625050e-01
6.1729454360837721083044016268104314804077e-01
6.8431292603129700857778061617864295840263e-01
8.3931995460989350377190021390561014413834e-01
1.0000000000000000000000000000000000000000e+00
9.4665440779422038719559395758551545441151e-01
3.6115368740306175165954982730909250676632e-01
5.5340421662176608741390282375505194067955e-01
8.5118782131598602624933391780359670519829e-01
7.9188818780387604245873944819322787225246e-01
9.8347839186238195097189418447669595479965e-01
4.0302233091977601731059621670283377170563e-01
8.5337451128471908390338285244069993495941e-01
6.4057635310883509482948738877894356846809e-01
7.5062850843777129128397973545361310243607e-01
9.8131838643881574846261628408683463931084e-01
6.0163234241261587254001597102615050971508e-01
6.0536174620807481350226453287177719175816e-01
8.6548304381567153775733913789736106991768e-01
3.5155460701098140141596104513155296444893e-01
6.5816383284406687614875863800989463925362e-01
9.6247561630210476391056317879701964557171e-01
8.4618821047161296711180966667598113417625e-01
8.0447098232402380890704307603300549089909e-01
6.3349607273437791299386390164727345108986e-01
7.8303473216124652722669452487025409936905e-01
8.9735359781613122098775647828006185591221e-01
8.7642006178409548322605360226589255034924e-01
6.4679929653915946285991367403767071664333e-01
5.3612189715068681028498076557298190891743e-01
5.3602492678009372450986802505212835967541e-01
9.3357864476456464686293656995985656976700e-01
7.1745516040735779483838996384292840957642e-01
2.8884189894507666940270951272395905107260e-01
7.0190127697822213281853009902988560497761e-01
8.8975326368767848617125082455459050834179e-01
7.7751950771954336794067330629331991076469e-01
6.9045676168364245040010018783505074679852e-01
7.1466971217940977734173202406964264810085e-01
8.4975749743265249769308411487145349383354e-01
6.9501076461916355686554425119538791477680e-01
7.3563943759833361202282731028390116989613e-01
8.9766744422892286170423403746099211275578e-01
7.9743776650970432662290932057658210396767e-01
7.8454976516957797283424724810174666345119e-01
7.8454976516957797283424724810174666345119e-01
8.9289812194930173738782741565955802798271e-01
9.9518433932077265957616418745601549744606e-01
2.6152760233794442035204497187805827707052e-01
7.1044442828054665817205659550381824374199e-01
1.0000000000000000000000000000000000000000e+00
8.2951899594259448367239428989705629646778e-01
7.2870388683723630318667119354358874261379e-01
5.1610611264854167057336553625646047294140e-01
8.8028761709974634452890995817142538726330e-01
8.0960898557928329122290733721456490457058e-01
6.9645397668762099030459467030595988035202e-01
8.7120100160938018785117264997097663581371e-01
8.1950433256633203882302041165530681610107e-01
8.3072159331191741671318595763295888900757e-01
7.5237990710572033581371442778618074953556e-01
7.0460422359017260696134599129436537623405e-01
8.1053934505174884961320458387490361928940e-01
7.2999326730459568324249630677513778209686e-01
4.7732102115821328780498333799187093973160e-01
5.7649393533174886350423093972494825720787e-01
7.4093146714446489475847101857652887701988e-01
6.8186769894558130200579171287245117127895e-01
6.9411074325750399260925860289717093110085e-01
5.0340334782099749322270554330316372215748e-01
8.4975749743265249769308411487145349383354e-01
7.6106052806101764929280761862173676490784e-01
6.9395657924687459416901447184500284492970e-01
7.4432759857179653373293604090576991438866e-01
6.8186769894556398252660756043042056262493e-01
6.7126676174970723032231489924015477299690e-01
6.8186769894556398252660756043042056262493e-01
6.3382958909376663214629843423608690500259e-01
6.0547418426905974531138099337113089859486e-01
6.7126676174970723032231489924015477299690e-01
5.5408136353741077595458364157821051776409e-01
3.5311964491071901051100212498567998409271e-01
5.5317509223876792923135781165910884737968e-01
7.4971177656066345651453275422682054340839e-01
9.4607215832777757924532124889083206653595e-01
1.0000000000000000000000000000000000000000e+00
4.9836976407376309960994831271818839013577e-01
9.8963586523112112569577902831952087581158e-01
8.1759549500700035018496691918699070811272e-01
7.4872552389774404968392218506778590381145e-01
6.0701995480067871824303438188508152961731e-01
6.9618482291998406985555902792839333415031e-01
6.6924783395312736899995798012241721153259e-01
7.8454976516957841692345709816436283290386e-01
7.5924100456752352528155824984423816204071e-01
6.0287622378004623868719136225990951061249e-01
9.9872872325586736774738483291002921760082e-01
7.8454976516958474519469746155664324760437e-01
6.0764156136237468253114002436632290482521e-01
0.0000000000000000000000000000000000000000e+00
6.2326602969240885165902454900788143277168e-01
6.9543492368641712797483478425419889390469e-01
6.8265237433406367184574037310085259377956e-01
7.6460937864511280270818360804696567356586e-01
5.6616462332637440546534435270586982369423e-01
7.6063494706995560257212218857603147625923e-01
7.3300994170556499351931734054232947528362e-01
6.2629699925374282543089066166430711746216e-01
5.4372035567053167426365689607337117195129e-01
6.9543492368641712797483478425419889390469e-01
6.1600151572895134322038757090922445058823e-01
8.0362763776186396658118837876827456057072e-01
6.6067358993394420529909893957665190100670e-01
5.4317683560421448074606587397283874452114e-01
7.4896187732709729178992574816220439970493e-01
6.9807480849579472970134474962833337485790e-01
5.6412431554699871139035849409992806613445e-01
6.5106500202662420662136355531401932239532e-01
3.2296235983759963295014472350885625928640e-01
5.7084408180176293701180156858754344284534e-01
8.5500934684356544313033055004780180752277e-01
1.0000000000000000000000000000000000000000e+00
8.4803776237598615939106139194336719810963e-01
7.0986238980380655938517975300783291459084e-01
8.6896066788926396018410969190881587564945e-01
8.1745612029632575001869554398581385612488e-01
7.8214903016734738105952828846056945621967e-01
8.0595391879575317695127978367963805794716e-01
5.3872609743928745462682172728818841278553e-01
5.4634949193904414066480512701673433184624e-01
9.1890182842532697193860258266795426607132e-01
7.3027853778837392706435593936475925147533e-01
6.8309188133387344077362968164379708468914e-01
7.9784548157482415575714185251854360103607e-01
8.7756478397961013016015385801438242197037e-01
6.4918996596389488829004221770446747541428e-01
4.0152105405868310228356676816474646329880e-01
7.2581534834687100321559682924998924136162e-01
3.2820043661501602239027874929888639599085e-01
4.6251270004617900388765860952844377607107e-01
3.8735480812158551433554976028972305357456e-01
3.4651948526719744680946178050362505018711e-01
3.2633860675713194376967862808669451624155e-01
0.0000000000000000000000000000000000000000e+00
5.6674491562991291537798588251462206244469e-01
3.5241861320095818621567218542622867971659e-01
6.4117335425764476752874543308280408382416e-02
3.6392320836254687943522867499268613755703e-01
3.3731274478034811714621810097014531493187e-01
3.6514039555280419779847989047993905842304e-01
3.6115368740306175165954982730909250676632e-01
3.5155460701098140141596104513155296444893e-01
2.8884189894507666940270951272395905107260e-01
2.6152760233794442035204497187805827707052e-01
4.7732102115821328780498333799187093973160e-01
3.5311964491071901051100212498567998409271e-01
0.0000000000000000000000000000000000000000e+00
3.2296235983759963295014472350885625928640e-01
3.2820043661501602239027874929888639599085e-01
0.0000000000000000000000000000000000000000e+00
4.6251270004617900388765860952844377607107e-01
3.8735480812158551433554976028972305357456e-01
3.4651948526719744680946178050362505018711e-01
3.2633860675713194376967862808669451624155e-01
0.0000000000000000000000000000000000000000e+00
5.6674491562991291537798588251462206244469e-01
3.5241861320095818621567218542622867971659e-01
6.4117335425764476752874543308280408382416e-02
3.6392320836254687943522867499268613755703e-01
3.3731274478034811714621810097014531493187e-01
3.6514039555280419779847989047993905842304e-01
3.6115368740306175165954982730909250676632e-01
3.5155460701098140141596104513155296444893e-01
2.8884189894507666940270951272395905107260e-01
2.6152760233794442035204497187805827707052e-01
4.7732102115821328780498333799187093973160e-01
3.5311964491071901051100212498567998409271e-01
0.0000000000000000000000000000000000000000e+00
3.2296235983759963295014472350885625928640e-01
3.2820043661501602239027874929888639599085e-01
0.0000000000000000000000000000000000000000e+00
0.0000000000000000000000000000000000000000e+00
4.6251270004617900388765860952844377607107e-01
3.8735480812158551433554976028972305357456e-01
3.4651948526719744680946178050362505018711e-01
3.2633860675713194376967862808669451624155e-01
0.0000000000000000000000000000000000000000e+00
5.6674491562991291537798588251462206244469e-01
3.5241861320095818621567218542622867971659e-01
6.4117335425764476752874543308280408382416e-02
3.6392320836254687943522867499268613755703e-01
3.3731274478034811714621810097014531493187e-01
3.6514039555280419779847989047993905842304e-01
3.6115368740306175165954982730909250676632e-01
3.5155460701098140141596104513155296444893e-01
2.8884189894507666940270951272395905107260e-01
2.6152760233794442035204497187805827707052e-01
4.7732102115821328780498333799187093973160e-01
3.5311964491071901051100212498567998409271e-01
0.0000000000000000000000000000000000000000e+00
3.2296235983759963295014472350885625928640e-01
3.2820043661501602239027874929888639599085e-01
0.0000000000000000000000000000000000000000e+00
0.0000000000000000000000000000000000000000e+00
0.0000000000000000000000000000000000000000e+00
8.6473855679093958315206691622734069824219e+01
8.0573985635397393778589503199327737092972e-01
