1
0
23
6.9766489640331275090545659622875973582268e-01
3.8091567677013971060517860678373835980892e-01
4.6041828375495225111890817970561329275370e-01
7.2047645995930054141354048624634742736816e-01
3.7335949877755192360950786678586155176163e-01
7.6978290152415829172838357408181764185429e-01
7.5054743964678871659401693250401876866817e-01
3.7150117066904070339816712476022075861692e-01
6.7008221100467091346786219219211488962173e-01
8.2525277399788599108632070056046359241009e-01
6.8226072604023024759101190284127369523048e-01
2.9838332086382124419543515614350326359272e-01
6.0921508377701416581118110116221942007542e-01
8.5644333629201641056027938248007558286190e-01
1.0000000000000000000000000000000000000000e+00
7.8854940599404932388694078326807357370853e-01
0.0000000000000000000000000000000000000000e+00
8.0149710052235245694163268126430921256542e-01
7.5033960190062065631622090222663246095181e-01
8.8451534082956084770188454058370552957058e-01
7.7913923901836479313232075583073310554028e-01
7.5799502626136527894118444237392395734787e-01
5.9025983961359673735103115177480503916740e-01
7.1149863974432614455167822598014026880264e-01
6.9705150757900868896399515506345778703690e-01
8.0511779789199067192129177783499471843243e-01
6.3956750359710101694332706756540574133396e-01
8.3637392734781057512805091391783207654953e-01
7.9210409403853887511104403529316186904907e-01
3.4121372627803736587992489148746244609356e-01
6.3570046973552485347624951828038319945335e-01
6.8075706518370004971529851900413632392883e-01
6.5623132121861338372781347061390988528728e-01
6.1449696965766009704168482130626216530800e-01
4.3984096075747958209944954433012753725052e-01
6.3867142449169389539775920638930983841419e-01
6.5623132121861338372781347061390988528728e-01
0.0000000000000000000000000000000000000000e+00
8.5566765386991172626096613385016098618507e-01
5.9808646622552852356591301941080018877983e-01
7.7247797562540199134417662207852117717266e-01
6.3548082893154289596537864781566895544529e-01
1.0000000000000000000000000000000000000000e+00
6.8320348985584467005338638045941479504108e-01
7.3324840564026572131695047573884949088097e-01
7.4105766926493876756154577378765679895878e-01
3.3975167214254753389468532986938953399658e-01
6.1401545672231949701824760268209502100945e-01
8.9564173380391143286516353327897377312183e-01
9.0209755828997995052986880182288587093353e-01
8.4558208978868432126319021335802972316742e-01
4.2475691043123020573801795762847177684307e-01
7.7980899099188849543651258500176481902599e-01
7.6528239981545653769501313945511355996132e-01
6.1449696965766009704168482130626216530800e-01
6.6076767489883225792368648399133235216141e-01
2.8761373252531702293666171499353367835283e-01
5.7468726758004917698485769506078213453293e-01
8.6458156664943885960639136101235635578632e-01
8.2130295444505085900033236612216569483280e-01
7.2549257944541056808418488799361512064934e-01
5.6101942015307859623618469413486309349537e-01
8.7391895057365642784930059860926121473312e-01
7.9548788072811449367804925714153796434402e-01
6.6517051918625869078027790237683802843094e-01
7.2316469270637617761110504943644627928734e-01
4.7468536635546010327146859708591364324093e-01
3.3388232082900559660743056156206876039505e-01
7.1149863974432614455167822598014026880264e-01
6.6133391340142044789729425247060135006905e-01
8.5891367995018097492021524885785765945911e-01
6.5078040968279471378821199323283508419991e-01
1.0000000000000000000000000000000000000000e+00
7.9210409403853743182111202258965931832790e-01
5.8536722339099223066938293413841165602207e-01
6.5751899271294611537541641155257821083069e-01
8.2223445508939108083978908325661905109882e-01
1.0000000000000000000000000000000000000000e+00
9.4236361203920615547957595481420867145061e-01
3.5246052081695333768607270030770450830460e-01
5.2511788835715178525020974120707251131535e-01
8.4289480473544775573913057087338529527187e-01
8.1364542419963381547631797729991376399994e-01
9.3452539801902412275325104928924702107906e-01
4.2532114452455072051151319101336412131786e-01
8.2634398899707039998219215704011730849743e-01
6.3209787450575816158959696622332558035851e-01
7.2386289033711115337155206361785531044006e-01
9.3964811362718014819961354078259319067001e-01
5.6494337397527283339826453811838291585445e-01
5.8086008028585378593078303310903720557690e-01
8.4662020942305526993720832251710817217827e-01
3.3736903023701192427807882268098182976246e-01
6.4294233632849873139036844804650172591209e-01
9.6078711031911911977232421122607775032520e-01
8.4595550907144234642487390374299138784409e-01
7.8065084811756402238813734584255144000053e-01
6.3764804047228174077588391810422763228416e-01
7.3172033425522509109129032367491163313389e-01
8.4315613403330513797584444546373561024666e-01
8.2739492991889629358581714768661186099052e-01
5.8058243825576028029900044202804565429688e-01
4.9195550380010188984414298829506151378155e-01
4.8923697008491856541567699423467274755239e-01
9.6333742694557300545454836537828668951988e-01
6.8013101953234400554038074915297329425812e-01
2.4700959580335732357347922061308054253459e-01
6.7008221100467091346786219219211488962173e-01
9.1381250886299425495451487222453579306602e-01
7.5984772966709457353573498039622791111469e-01
6.3512404686422252453326109389308840036392e-01
6.9121037963700859840798784716753289103508e-01
8.1402190647728078776168558761128224432468e-01
6.5623132121861105225946175778517499566078e-01
6.8344301448027144907371166482334956526756e-01
8.5568122726604334271627294583595357835293e-01
7.4963407278717697490577620555995963513851e-01
7.5719007978475560971531876930384896695614e-01
7.5984772966709457353573498039622791111469e-01
9.2117436265425012287266781640937551856041e-01
9.9078099843233768950767625938169658184052e-01
2.4508186755710756332682365155051229521632e-01
7.0944753504000901411785662276088260114193e-01
1.0000000000000000000000000000000000000000e+00
9.0477429278347387686665115325013175606728e-01
6.9197013324787703947293948658625595271587e-01
4.8246976075688224883109000984404701739550e-01
9.3850700838000422621121288102585822343826e-01
8.0511779789199067192129177783499471843243e-01
6.6520625983892900379146340128500014543533e-01
8.5476852123525126625480652364785782992840e-01
7.7953004100814027310661913361400365829468e-01
7.8651006051314098499460669700056314468384e-01
7.3788246644778632266081785928690806031227e-01
6.8013101953234400554038074915297329425812e-01
7.7953004100814982102463090996025130152702e-01
7.2513144835642995289504142419900745153427e-01
4.8246976075688224883109000984404701739550e-01
5.5253628441013347138976996575365774333477e-01
7.1469144444117616021827643635333515703678e-01
6.8519637840130653838599528171471320092678e-01
6.8519637840129621331186626775888726115227e-01
5.2842692665932400331030294182710349559784e-01
8.0829363202835380342037296941271051764488e-01
7.5860641386841998201617798258666880428791e-01
6.3794752070271842914195303819724358618259e-01
7.3877933870733136778596872318303212523460e-01
6.5273693956851663866558510562754236161709e-01
6.6029768702942004399147890580934472382069e-01
7.0371243653775128468197408437845297157764e-01
6.4000721934217497111063721604296006262302e-01
5.5253628441013347138976996575365774333477e-01
6.3241912392792454244982991440338082611561e-01
5.3922044433597338120023323426721617579460e-01
3.4794436679188267547147006553132086992264e-01
4.8834617769741528459093160563497804105282e-01
6.7812112046816408472693638032069429755211e-01
8.9681414214054466782499730470590293407440e-01
1.0000000000000000000000000000000000000000e+00
4.3960568770055530318785486088017933070660e-01
1.0000000000000000000000000000000000000000e+00
7.9121711302955410882731257515843026340008e-01
7.2386289033711115337155206361785531044006e-01
5.5798828971846847757376508525339886546135e-01
6.5258250164437880957990500974119640886784e-01
6.2646878824980833933011581393657252192497e-01
7.7577495966127796300781938043655827641487e-01
7.0368720790838223955176999879768118262291e-01
5.8727118529351318709785800820100121200085e-01
9.6494910586249260653346482285996899008751e-01
7.8184043159874616613080888782860711216927e-01
5.5291742493475193320762173243565484881401e-01
0.0000000000000000000000000000000000000000e+00
5.7752377436853452596920988071360625326633e-01
6.6625483236854188273667887187912128865719e-01
6.6691656977520974436401957063935697078705e-01
7.2893359178856742541796620571403764188290e-01
5.2283282136348918633927951304940506815910e-01
6.9575949801936465277663046435918658971786e-01
7.1511940823322261984174019744386896491051e-01
5.6253995926558419959917500818846747279167e-01
4.8569072914581334909911447539343498647213e-01
6.6691656977520974436401957063935697078705e-01
5.7651051785684448436342108834651298820972e-01
7.8284490762685698950207324742223136126995e-01
6.5014518258477593803945637773722410202026e-01
5.0818189172046390744696964247850701212883e-01
6.8999135719385007448067881341557949781418e-01
6.7495405980450229321832011919468641281128e-01
5.5829272953957875813557620858773589134216e-01
6.2971508653371133235054912802297621965408e-01
2.8004186212774967446037521767721045762300e-01
5.3466843546673437082006330456351861357689e-01
8.5810941847016497519007316441275179386139e-01
1.0000000000000000000000000000000000000000e+00
7.9274298287836530985117633463232778012753e-01
6.3989745410717868701055976998759433627129e-01
8.5680890762475536703846046293620020151138e-01
7.7008936430307706189068994717672467231750e-01
7.3821637680191354302650097451987676322460e-01
7.5633444557061912938422665320103988051414e-01
4.9046171544043082324293436613515950739384e-01
4.9588473722183296077403724666510242968798e-01
9.0305903154974487279105233028531074523926e-01
7.1320447927284003064585249376250430941582e-01
6.3697876498834715697228148201247677206993e-01
7.3403769445381839009456825806410051882267e-01
8.6516513678475237547615961375413462519646e-01
6.0624737486673652142599166836589574813843e-01
3.6497452848815453707587153076019603759050e-01
7.0991667914461453747776431555394083261490e-01
2.8336668240317358646862544446776155382395e-01
4.6041828375495225111890817970561329275370e-01
3.7335949877755192360950786678586155176163e-01
3.7150117066904070339816712476022075861692e-01
2.9838332086382124419543515614350326359272e-01
0.0000000000000000000000000000000000000000e+00
5.9025983961359673735103115177480503916740e-01
3.4121372627803736587992489148746244609356e-01
2.6605882799527727579971942886429602266005e-19
3.3975167214254753389468532986938953399658e-01
2.8761373252531702293666171499353367835283e-01
3.3388232082900559660743056156206876039505e-01
3.5246052081695333768607270030770450830460e-01
3.3736903023701192427807882268098182976246e-01
2.4700959580335732357347922061308054253459e-01
2.4508186755710756332682365155051229521632e-01
4.8246976075688224883109000984404701739550e-01
3.4794436679188267547147006553132086992264e-01
0.0000000000000000000000000000000000000000e+00
2.8004186212774967446037521767721045762300e-01
2.8336668240317358646862544446776155382395e-01
0.0000000000000000000000000000000000000000e+00
4.6041828375495225111890817970561329275370e-01
3.7335949877755192360950786678586155176163e-01
3.7150117066904070339816712476022075861692e-01
2.9838332086382124419543515614350326359272e-01
0.0000000000000000000000000000000000000000e+00
5.9025983961359673735103115177480503916740e-01
3.4121372627803736587992489148746244609356e-01
0.0000000000000000000000000000000000000000e+00
3.3975167214254753389468532986938953399658e-01
2.8761373252531702293666171499353367835283e-01
3.3388232082900559660743056156206876039505e-01
3.5246052081695333768607270030770450830460e-01
3.3736903023701192427807882268098182976246e-01
2.4700959580335732357347922061308054253459e-01
2.4508186755710756332682365155051229521632e-01
4.8246976075688224883109000984404701739550e-01
3.4794436679188267547147006553132086992264e-01
0.0000000000000000000000000000000000000000e+00
2.8004186212774967446037521767721045762300e-01
2.8336668240317358646862544446776155382395e-01
0.0000000000000000000000000000000000000000e+00
0.0000000000000000000000000000000000000000e+00
4.6041828375495225111890817970561329275370e-01
3.7335949877755192360950786678586155176163e-01
3.7150117066904070339816712476022075861692e-01
2.9838332086382124419543515614350326359272e-01
0.0000000000000000000000000000000000000000e+00
5.9025983961359673735103115177480503916740e-01
3.4121372627803736587992489148746244609356e-01
0.0000000000000000000000000000000000000000e+00
3.3975167214254753389468532986938953399658e-01
2.8761373252531702293666171499353367835283e-01
3.3388232082900559660743056156206876039505e-01
3.5246052081695333768607270030770450830460e-01
3.3736903023701192427807882268098182976246e-01
2.4700959580335732357347922061308054253459e-01
2.4508186755710756332682365155051229521632e-01
4.8246976075688224883109000984404701739550e-01
3.4794436679188267547147006553132086992264e-01
0.0000000000000000000000000000000000000000e+00
2.8004186212774967446037521767721045762300e-01
2.8336668240317358646862544446776155382395e-01
0.0000000000000000000000000000000000000000e+00
0.0000000000000000000000000000000000000000e+00
0.0000000000000000000000000000000000000000e+00
8.7481692646303599758539348840713500976562e+01
7.7137033794741005632289443383342586457729e-01
