1
0
23
6.6206502293541236170426600438077002763748e-01
3.5401238629414649716764529330248478800058e-01
4.1090728854753882925976427031855564564466e-01
7.5942543992643396499886421224800869822502e-01
2.5747593229763321431846634368412196636200e-01
7.7038582690739332292650942690670490264893e-01
7.2909624554802376916740058732102625072002e-01
4.9149998105082326471659825983806513249874e-01
8.1432274068400367639242176664993166923523e-01
7.4237808978179176122580429364461451768875e-01
6.8536298236175319242846626366372220218182e-01
2.6723902258698073453047072689514607191086e-01
4.8311256669220614679005620928364805877209e-01
8.5679143801630108789879614050732925534248e-01
6.1962471377857109011699776601744815707207e-01
9.4806111806449144818742524876142852008343e-01
0.0000000000000000000000000000000000000000e+00
9.6541357574460318069498043769272044301033e-01
7.9676436213703050182033393866731785237789e-01
9.0904961287591512508754476584726944565773e-01
7.2101121985541150039011881744954735040665e-01
6.4646679974648235678102992096683010458946e-01
4.5223742108568165676274475117679685354233e-01
6.0219626208785825838276650756597518920898e-01
7.7898280459180369028615587012609466910362e-01
8.9309074845523683805481596209574490785599e-01
6.4848352502497985661022994463564828038216e-01
8.5744333004557282684743313438957557082176e-01
8.5744333004557193866901343426434323191643e-01
1.7993954991551255884196791612339438870549e-01
6.2511878386401042995146326575195416808128e-01
8.2702552958854713693881421932019293308258e-01
7.2909624554802376916740058732102625072002e-01
6.7070598870683661996139335315092466771603e-01
5.2270415537078174228469151785247959196568e-01
7.4545063374949616097353555232984945178032e-01
7.9860407773212815918384421820519492030144e-01
2.4212749681211137575687075695896055549383e-01
6.0964966751030535974109625385608524084091e-01
6.9566875414496776031114677607547491788864e-01
9.8121081148708122476875814754748716950417e-01
7.6959336625240504226042048685485497117043e-01
5.5142123021047351194567909260513260960579e-01
8.5041464930954990819600425311364233493805e-01
5.2224974827507464336662224013707600533962e-01
7.4022683476453043915910257055656984448433e-01
1.3508025406277091029494386020814999938011e-01
7.2069681184660139283693069955916143953800e-01
7.0925520484519166686254720843862742185593e-01
7.2015342666473525223835849828901700675488e-01
7.7069143979361609542166888786596246063709e-01
4.7628160351763648705514242465142160654068e-01
7.7017628342974364663575670419959351420403e-01
8.5087900724986464950916342786513268947601e-01
8.1020262416525357096475090656895190477371e-01
7.2794603422897719013917594566009938716888e-01
3.6611369284087114106540639113518409430981e-01
5.9862815182633355437502586937625892460346e-01
7.4035453617815227822518409084295853972435e-01
6.9462648785497427272872528192237950861454e-01
6.4270933890764603280132405416225083172321e-01
2.9264437353801636687578024975664447993040e-01
6.7562377870181833383611547105829231441021e-01
7.8618835180754864655483515889500267803669e-01
5.9091396327375622643529595734435133635998e-01
5.4379465031856044632263547100592404603958e-01
4.3608955456837744657505595569091383367777e-01
1.2655534491181572032125757232279283925891e-01
8.3052861327948679370791751352953724563122e-01
7.7184165111266211933838121694861911237240e-01
7.1605775808351801448026208163355477154255e-01
6.8125304727585267450251649279380217194557e-01
9.5807136173504658938071543161640875041485e-01
7.4545063374949616097353555232984945178032e-01
6.7987389894772076726070508811972104012966e-01
7.2909624554802254792207349964883178472519e-01
8.3690165614326805787470675568329170346260e-01
8.8521522317506806665221574803581461310387e-01
7.6551316207303277128204399559763260185719e-01
4.9383673799048982688830733422946650534868e-01
6.6650883985815034815658464140142314136028e-01
7.7184165111266200831607875443296507000923e-01
9.0356195362994107256326969945803284645081e-01
8.8700260440101708070415043039247393608093e-01
6.6940695965674457124094942628289572894573e-01
7.5634596584936786278774434322258457541466e-01
1.0000000000000000000000000000000000000000e+00
7.8172602047973260841473575055715627968311e-01
6.3919451064732657474820598508813418447971e-01
5.2319239084908508718996245079324580729008e-01
4.5393671759372267171528392282198183238506e-01
6.9192215571277371211067475087475031614304e-01
4.4391763655704397084633683334686793386936e-01
5.5871736816423500648909339361125603318214e-01
7.4504323199202504568461336020845919847488e-01
1.0000000000000000000000000000000000000000e+00
7.3641970818901414386203896356164477765560e-01
5.0421809883806822938367986353114247322083e-01
6.5264502865278095633527755126124247908592e-01
6.1434165831015730141473341063829138875008e-01
7.7937482286363402028683822209131903946400e-01
5.3260959400396734597649128772900439798832e-01
5.0159534010776551937738076958339661359787e-01
3.5071646599493228046995341173897031694651e-01
7.3684360647617519468610680632991716265678e-01
5.4437051558759474989557247681659646332264e-01
5.8008915371821345718927886991878040134907e-02
7.6845030616199250239617413171799853444099e-01
9.7904396734880894115349292405880987644196e-01
7.4648907819033438748590469913324341177940e-01
8.1384376333663066560575316543690860271454e-01
6.0918209639417164602548382390523329377174e-01
1.0000000000000000000000000000000000000000e+00
8.1094118733718856262271401647012680768967e-01
7.0431499496446103858460219271364621818066e-01
8.7395197835278448650342397741042077541351e-01
7.6320759202704591128707534153363667428493e-01
7.2456049322031923498599326194380410015583e-01
8.9745865197524676837304014043183997273445e-01
6.8800695153252489077999598521273583173752e-01
9.1119377827572811678891184783424250781536e-01
2.3117488556821488843162626380944857373834e-01
6.7750330531099578479370393324643373489380e-01
7.3970515853300511377454995454172603785992e-01
7.1427217351835259329106975201284512877464e-01
5.9583036845824732807841428439132869243622e-01
6.5092830329410111822596718411659821867943e-01
8.0768673954948910775897275016177445650101e-01
6.7776639763496071555692878973786719143391e-01
5.7363981211168646456854958159965462982655e-01
7.3288343175724213196531309222336858510971e-01
6.7776639763496071555692878973786719143391e-01
6.3240789643051764645775847384356893599033e-01
7.8696336938060873489320101725752465426922e-01
6.6940695965673635559056720012449659407139e-01
5.8943096409027218030018957506399601697922e-01
8.3378532008930283936365412955638021230698e-01
4.9476513819048162368119392340304329991341e-01
7.1132083094879128282173041952773928642273e-01
7.7888347403306357197294573779799975454807e-01
7.0338146811004986780346825980814173817635e-01
6.8343991135737780506786975820432417094707e-01
6.5815949203557899682692777787451632320881e-01
6.3928210932110707265252358411089517176151e-01
7.0706045885155943686584123497596010565758e-01
5.9384304988505465239256864151684567332268e-01
7.3197284424944486502795371052343398332596e-01
7.2794603422897663502766363308182917535305e-01
5.6290441130464907715236222429666668176651e-01
8.1969610805751935700413923768792301416397e-01
7.4966492380436688947042966901790350675583e-01
5.8598263294318486682499269591062329709530e-01
7.3961456765747835007118737848941236734390e-01
6.3502099207032125516292353495373390614986e-01
4.5189132757914324267645156396611128002405e-01
7.0674353201043194072639153091586194932461e-01
9.6756543307969444800420433239196427166462e-01
7.9205859760411323478024314681533724069595e-01
7.8370322441412298974938721585203893482685e-01
6.8126757703050122572108193708118051290512e-01
1.0000000000000000000000000000000000000000e+00
6.1787381266619068043155493796803057193756e-01
6.4590697161481147592354545849957503378391e-01
7.6176145688753593709918732201913371682167e-01
6.6538022093138771140274911886081099510193e-01
5.0467182720832914899489196614013053476810e-01
6.9172450933830220698439461557427421212196e-01
6.0603138725737748515598468657117336988449e-01
5.3017738089683286162312469969037920236588e-01
8.3514139601407821889011984239914454519749e-01
7.1856903990032439111246276297606527805328e-01
8.0564584440838094003822789090918377041817e-01
1.1680580197757771399036386128500453196466e-01
6.4777100642632001736842539685312658548355e-01
7.8062175281111545466217194189084693789482e-01
8.3260664600408607061154953044024296104908e-01
8.5790732469537278603866070625372231006622e-01
4.6729557082059591799350073415553197264671e-01
5.2949667346946138746233145866426639258862e-01
7.2122724311443053846204520596074871718884e-01
8.8297697634710337055707896070089191198349e-01
5.1777684849897820384967417339794337749481e-01
6.0204453262349266751130016928073018789291e-01
4.8476650897972367593169451538415160030127e-01
7.6390471475278809432296611703350208699703e-01
6.9258653247366819272201610147021710872650e-01
4.3374211360263559278394041029969230294228e-01
8.6232182862227491071394069876987487077713e-01
7.3978242385731529662251659829053096473217e-01
6.9425375842165426565344432674464769661427e-01
5.5914544738142124558066825557034462690353e-01
2.7712359920264867385597540305752772837877e-01
6.0903935536535025452309355387114919722080e-01
6.9336616051657473658309527309029363095760e-01
9.1403341569238827357679610940976999700069e-01
7.0942041831783841931979850414791144430637e-01
5.4136327139471107638968305764137767255306e-01
7.4622154421597197693216685365769080817699e-01
7.0114609192716625951646847170195542275906e-01
6.3746506669231794983687677813577465713024e-01
5.9761774381009580281443049898371100425720e-01
5.9416204142931694498486194788711145520210e-01
4.3733786460862089651158157721511088311672e-01
7.7138412963994706927906008786521852016449e-01
5.7969115471927745719682434355490840971470e-01
5.6576571694689314906412391792400740087032e-01
8.1187998597456756399992627848405390977859e-01
6.4188718876425077120018158893799409270287e-01
7.0114609192716625951646847170195542275906e-01
6.4863410465937787474643982932320795953274e-01
5.2465823566416192047512367935269139707088e-01
2.5580086368673954355656974257726687937975e-01
4.1090728854753882925976427031855564564466e-01
2.5747593229763321431846634368412196636200e-01
4.9149998105082326471659825983806513249874e-01
2.6723902258698073453047072689514607191086e-01
0.0000000000000000000000000000000000000000e+00
4.5223742108568165676274475117679685354233e-01
1.7993954991551255884196791612339438870549e-01
2.4212749681211137575687075695896055549383e-01
1.3508025406277091029494386020814999938011e-01
3.6611369284087114106540639113518409430981e-01
1.2655534491181572032125757232279283925891e-01
4.9383673799048982688830733422946650534868e-01
4.4391763655704397084633683334686793386936e-01
5.8008915371821345718927886991878040134907e-02
2.3117488556821488843162626380944857373834e-01
4.9476513819048162368119392340304329991341e-01
4.5189132757914324267645156396611128002405e-01
1.1680580197757771399036386128500453196466e-01
2.7712359920264867385597540305752772837877e-01
2.5580086368673954355656974257726687937975e-01
0.0000000000000000000000000000000000000000e+00
4.1090728854753882925976427031855564564466e-01
2.5747593229763321431846634368412196636200e-01
4.9149998105082326471659825983806513249874e-01
2.6723902258698073453047072689514607191086e-01
0.0000000000000000000000000000000000000000e+00
4.5223742108568165676274475117679685354233e-01
1.7993954991551255884196791612339438870549e-01
2.4212749681211137575687075695896055549383e-01
1.3508025406277091029494386020814999938011e-01
3.6611369284087114106540639113518409430981e-01
1.2655534491181572032125757232279283925891e-01
4.9383673799048982688830733422946650534868e-01
4.4391763655704397084633683334686793386936e-01
5.8008915371821345718927886991878040134907e-02
2.3117488556821488843162626380944857373834e-01
4.9476513819048162368119392340304329991341e-01
4.5189132757914324267645156396611128002405e-01
1.1680580197757771399036386128500453196466e-01
2.7712359920264867385597540305752772837877e-01
2.5580086368673954355656974257726687937975e-01
0.0000000000000000000000000000000000000000e+00
0.0000000000000000000000000000000000000000e+00
4.1090728854753882925976427031855564564466e-01
2.5747593229763321431846634368412196636200e-01
4.9149998105082326471659825983806513249874e-01
2.6723902258698073453047072689514607191086e-01
0.0000000000000000000000000000000000000000e+00
4.5223742108568165676274475117679685354233e-01
1.7993954991551255884196791612339438870549e-01
2.4212749681211137575687075695896055549383e-01
1.3508025406277091029494386020814999938011e-01
3.6611369284087114106540639113518409430981e-01
1.2655534491181572032125757232279283925891e-01
4.9383673799048982688830733422946650534868e-01
4.4391763655704397084633683334686793386936e-01
5.8008915371821345718927886991878040134907e-02
2.3117488556821488843162626380944857373834e-01
4.9476513819048162368119392340304329991341e-01
4.5189132757914324267645156396611128002405e-01
1.1680580197757771399036386128500453196466e-01
2.7712359920264867385597540305752772837877e-01
2.5580086368673954355656974257726687937975e-01
0.0000000000000000000000000000000000000000e+00
0.0000000000000000000000000000000000000000e+00
0.0000000000000000000000000000000000000000e+00
4.9847174062934051619322417536750435829163e+01
4.1605161824059262443142870324663817882538e+00
