1
0
23
6.7903593459620514849461869744118303060532e-01
3.3560353778638468691397633847373072057962e-01
3.8498182454970913957126299465016927570105e-01
7.0691577852089837463722687971312552690506e-01
2.3110417729633131456168371187231969088316e-01
7.4568957122531009940047397321905009448528e-01
7.0000572974272268211848313512746244668961e-01
4.8006936247875098278115046923630870878696e-01
8.1204261870320215699337040859973058104515e-01
6.8575699237172282884955620829714462161064e-01
6.4455965071055498771812608538311906158924e-01
2.1494568679695114088445961897377856075764e-01
4.2929953597487663374820954231836367398500e-01
7.9047355769737359665327858238015323877335e-01
5.9747946569939147654082489680149592459202e-01
9.9051260052937828426422584016108885407448e-01
0.0000000000000000000000000000000000000000e+00
9.7491809455551781127269350690767168998718e-01
8.0061206750499125384123999538132920861244e-01
8.8018799898315980279051018442260101437569e-01
6.7967644766643187104193657432915642857552e-01
5.7876960743909355855407738999929279088974e-01
4.3193958335172122353640133951557800173759e-01
5.9529328088395006002286891089170239865780e-01
7.7988090646966856667177125927992165088654e-01
8.6930502294745681801657610776601359248161e-01
6.0827680364733283102651739682187326252460e-01
8.5872489683139385796550868690246716141701e-01
8.5554211889494991005733481870265677571297e-01
1.4271076401581228587645000516204163432121e-01
5.6536261556852585030696900503244251012802e-01
8.2656353184955932977828751972992904484272e-01
6.7778061838568348651534734017332084476948e-01
6.5066663550091441425848870494519360363483e-01
4.7468215930158885740297591837588697671890e-01
7.3571404475988722015955545430188067257404e-01
7.4700080422644643540763809141935780644417e-01
1.9102709634758394119380398024077294394374e-01
5.6478425094674877815492664012708701193333e-01
7.1417778251564512093096936951042152941227e-01
9.6716513916141855222718959339545108377934e-01
7.2573028593472599379055054669152013957500e-01
4.2949935272040284939265575303579680621624e-01
8.4113678442283590364070278155850246548653e-01
4.4363796498430851933392204955453053116798e-01
6.6465246964364632642485730684711597859859e-01
9.3365835340162003919139976915175793692470e-02
6.8131391886460990203744358950643800199032e-01
6.5906189597174069660923123592510819435120e-01
6.6472602296863014803562919041723944246769e-01
7.4251929137921068857508544169832020998001e-01
4.0814365257696993971592291927663609385490e-01
7.3547528437342235552165448098094202578068e-01
8.0552725819382442473681749106617644429207e-01
7.3338999334525845075205552348052151501179e-01
6.9934762048397303146884951274842023849487e-01
3.0796605578595170893407839685096405446529e-01
5.4600685219916045287646966244210489094257e-01
7.2986686301597614168201744178077206015587e-01
6.4455965071055876247640981091535650193691e-01
5.6201004680819266479119278301368467509747e-01
2.4485733751107446876105200317397247999907e-01
6.1761666166901318941739873480401001870632e-01
7.3934213108101443090447446593316271901131e-01
4.7948774956982703754349017799540888518095e-01
4.7391558997123356400393845433427486568689e-01
3.6048536738314268523808436839317437261343e-01
5.8196990543653556726688691469462355598807e-02
8.2710353313695850197007075621513649821281e-01
7.7052005268956480499298322683898732066154e-01
6.8166836000370201187337215742445550858974e-01
6.4367873865802560651161456917179748415947e-01
9.4098837078225860963698323757853358983994e-01
7.3710488622370806677253085581469349563122e-01
6.6181831299942628366039798493147827684879e-01
6.8651545179790229855854022389394231140614e-01
7.9064556645996963979428073798771947622299e-01
9.1527052394923869016452044888865202665329e-01
6.9502694736394188268491234339307993650436e-01
4.8131087340191719414761450934747699648142e-01
6.2281368001936643352678402152378112077713e-01
7.7684895050819990913737456139642745256424e-01
9.2318796941090042196265130769461393356323e-01
8.0223975854810114505255569383734837174416e-01
6.4064670678931645575460152031155303120613e-01
7.2835088189714713990952077438123524188995e-01
9.9424136861410095100666239886777475476265e-01
7.2835088189714913831096509966300800442696e-01
6.0022076560345816176322841783985495567322e-01
4.7030008120118144132604243168316315859556e-01
3.7149999831886182377616023586597293615341e-01
6.8880727964512056260559802467469125986099e-01
3.7149999831886182377616023586597293615341e-01
4.8855674333894283378754153090994805097580e-01
7.5867794839523472472109233422088436782360e-01
9.2971856803984476158575489534996449947357e-01
6.6907123782749433615890666260384023189545e-01
4.7398177507254046769702426900039426982403e-01
6.1530198592432705506638512815698049962521e-01
5.5439517139965899250597658465267159044743e-01
7.4596782833171459969889838248491287231445e-01
4.9820233032598548739144916908117011189461e-01
4.3724623576512555711559571136604063212872e-01
2.7527031894006337431335396104259416460991e-01
7.0941559345562776872640142755699343979359e-01
5.0389205107473022948738616832997649908066e-01
0.0000000000000000000000000000000000000000e+00
7.8420623374669695682115388990496285259724e-01
9.6453222829855578268620774906594306230545e-01
7.1542520501908291041814891286776401102543e-01
8.1494922403829261892127533428720198571682e-01
5.4839705791791149014358097701915539801121e-01
1.0000000000000000000000000000000000000000e+00
8.0958606910970631886925730213988572359085e-01
6.5838018876569182058489104747422970831394e-01
8.3026501927176643569339375972049310803413e-01
7.1316115564138304883101682207779958844185e-01
6.9938304641232496017266839771764352917671e-01
9.5035293706064294383395463228225708007812e-01
6.5580287778901369399875420640455558896065e-01
9.0484711364306358305498179106507450342178e-01
2.1974301171182847314256036952428985387087e-01
6.3201961065900591485444692807504907250404e-01
7.0933374095699430750272540535661391913891e-01
6.7350801775047564046161596706951968371868e-01
5.5098365144767258438918133833794854581356e-01
6.0608469509750062531594494430464692413807e-01
8.2149012144811861535487196306348778307438e-01
6.4055362282526862038878334715263918042183e-01
5.2003121367776716788000612723408266901970e-01
6.5071427477717302956250478018773719668388e-01
6.1188856223001342193867913010763004422188e-01
5.5647734478368415800275670335395261645317e-01
7.4823410599414763577641451774979941546917e-01
6.0575437540826504445590217073913663625717e-01
5.2750851647455831994193431455641984939575e-01
8.3867791443220063296593025370384566485882e-01
4.3809535727387638459617846820037811994553e-01
6.8131391886461134532737560220994055271149e-01
7.7660948842608323872127584763802587985992e-01
6.7897361911003040191303625761065632104874e-01
6.4140104989849611172303411876782774925232e-01
6.4290028767526741226845388155197724699974e-01
6.2355284865341742417399473197292536497116e-01
6.9020453498876022102592742157867178320885e-01
5.4179040019164936836659762775525450706482e-01
7.1861241812003173734524352767039090394974e-01
6.9389217770815792007965683296788483858109e-01
5.3806637945349955476359582462464459240437e-01
8.2400154375161926978421433886978775262833e-01
6.7797461544137160860401536410790868103504e-01
5.5306713268073037781391576572787016630173e-01
7.5417370380735615498224433395080268383026e-01
6.1062150601466691490770699601853266358376e-01
4.3319275526425687905529571253282483667135e-01
6.8131391886460779261369680170901119709015e-01
9.6848523709156464356340165977599099278450e-01
7.2763555704101035015440857023349963128567e-01
7.8350691571255470790902109001763164997101e-01
6.0740462637796199807382890867302194237709e-01
1.0000000000000000000000000000000000000000e+00
5.5246645491451684684136580472113564610481e-01
6.0176846217750057377315897610969841480255e-01
6.8607918574085358098813003380200825631618e-01
6.4631208017410901600641182085382752120495e-01
4.7948774956982703754349017799540888518095e-01
6.4512712700927088427249600499635562300682e-01
5.6882272054193117050147066038334742188454e-01
4.7625170338668298963824554448365233838558e-01
8.6225146106233885312519760191207751631737e-01
6.6737184028663798507352566957706585526466e-01
7.3077320320697947142463135605794377624989e-01
1.3679406717854145081325611954525811597705e-01
5.9494216100925123580367426256998442113400e-01
7.0933374095699075478904660485568456351757e-01
8.1768865559950876242822914718999527394772e-01
8.2958536516972336549713418207829818129539e-01
4.3119939010476632246238182233355473726988e-01
4.7293207233799539057628180671599693596363e-01
6.8182575228018205137914264923892915248871e-01
8.1694743859019747223015883719199337065220e-01
4.7344394252374638609737189653969835489988e-01
5.4649440084450251475800541811622679233551e-01
4.4168156723387824724724737279757391661406e-01
7.2511292471710842022503129555843770503998e-01
6.1049656337749436119111123844049870967865e-01
3.9523564421208556840525716324918903410435e-01
8.7041654394281064988092566636623814702034e-01
7.0377491789783119813250777951907366514206e-01
6.4320607782874039681786371147609315812588e-01
4.9562899238384505729015927499858662486076e-01
2.2617650476134287806928568898001685738564e-01
5.7526318096126805023970973707037046551704e-01
6.3513586669278243590497368131764233112335e-01
8.7755155780075710936216637492179870605469e-01
6.6574283664411926242365780126419849693775e-01
4.7322956293862555865459285087126772850752e-01
7.1766031911540517640446523728314787149429e-01
6.6574283664412658989562032729736529290676e-01
5.7590814813784285686182329300208948552608e-01
5.1178015424101885866292604987393133342266e-01
5.4897247992055164811375789213343523442745e-01
3.6718009953211916407411763429990969598293e-01
7.4823410599414597044187758001498878002167e-01
5.2670617722178070252425641228910535573959e-01
4.9817013404440180224241885298397392034531e-01
8.0166457494075094025731686997460201382637e-01
5.8980446480203008174925116691156290471554e-01
6.8249955201239631552567743710824288427830e-01
5.9729874498409674110632749943761155009270e-01
4.3876369261926678744245577945548575371504e-01
2.2316927194576355319988181236112723127007e-01
3.8498182454970913957126299465016927570105e-01
2.3110417729633131456168371187231969088316e-01
4.8006936247875098278115046923630870878696e-01
2.1494568679695114088445961897377856075764e-01
0.0000000000000000000000000000000000000000e+00
4.3193958335172122353640133951557800173759e-01
1.4271076401581228587645000516204163432121e-01
1.9102709634758394119380398024077294394374e-01
9.3365835340162003919139976915175793692470e-02
3.0796605578595170893407839685096405446529e-01
5.8196990543653556726688691469462355598807e-02
4.8131087340191719414761450934747699648142e-01
3.7149999831886182377616023586597293615341e-01
0.0000000000000000000000000000000000000000e+00
2.1974301171182847314256036952428985387087e-01
4.3809535727387638459617846820037811994553e-01
4.3319275526425687905529571253282483667135e-01
1.3679406717854145081325611954525811597705e-01
2.2617650476134287806928568898001685738564e-01
2.2316927194576355319988181236112723127007e-01
0.0000000000000000000000000000000000000000e+00
3.8498182454970913957126299465016927570105e-01
2.3110417729633131456168371187231969088316e-01
4.8006936247875098278115046923630870878696e-01
2.1494568679695114088445961897377856075764e-01
0.0000000000000000000000000000000000000000e+00
4.3193958335172122353640133951557800173759e-01
1.4271076401581228587645000516204163432121e-01
1.9102709634758394119380398024077294394374e-01
9.3365835340162003919139976915175793692470e-02
3.0796605578595170893407839685096405446529e-01
5.8196990543653556726688691469462355598807e-02
4.8131087340191719414761450934747699648142e-01
3.7149999831886182377616023586597293615341e-01
0.0000000000000000000000000000000000000000e+00
2.1974301171182847314256036952428985387087e-01
4.3809535727387638459617846820037811994553e-01
4.3319275526425687905529571253282483667135e-01
1.3679406717854145081325611954525811597705e-01
2.2617650476134287806928568898001685738564e-01
2.2316927194576355319988181236112723127007e-01
0.0000000000000000000000000000000000000000e+00
0.0000000000000000000000000000000000000000e+00
3.8498182454970913957126299465016927570105e-01
2.3110417729633131456168371187231969088316e-01
4.8006936247875098278115046923630870878696e-01
2.1494568679695114088445961897377856075764e-01
0.0000000000000000000000000000000000000000e+00
4.3193958335172122353640133951557800173759e-01
1.4271076401581228587645000516204163432121e-01
1.9102709634758394119380398024077294394374e-01
9.3365835340162003919139976915175793692470e-02
3.0796605578595170893407839685096405446529e-01
5.8196990543653556726688691469462355598807e-02
4.8131087340191719414761450934747699648142e-01
3.7149999831886182377616023586597293615341e-01
0.0000000000000000000000000000000000000000e+00
2.1974301171182847314256036952428985387087e-01
4.3809535727387638459617846820037811994553e-01
4.3319275526425687905529571253282483667135e-01
1.3679406717854145081325611954525811597705e-01
2.2617650476134287806928568898001685738564e-01
2.2316927194576355319988181236112723127007e-01
0.0000000000000000000000000000000000000000e+00
0.0000000000000000000000000000000000000000e+00
0.0000000000000000000000000000000000000000e+00
5.1177515413747954653445049189031124114990e+01
4.0296382080850081663925266184378415346146e+00
