1
0
23
6.8899715541157680043227173882769420742989e-01
3.3697022348679062098142367176478728652000e-01
4.1112679302258503533096245519118383526802e-01
7.0025411505805323919560123613337054848671e-01
2.4547974128298855056584670819574967026711e-01
7.7121289252196967289876283757621422410011e-01
7.2672214619488462172824938534176908433437e-01
5.0502913605202914837377647927496582269669e-01
8.2681024699667393651481006600079126656055e-01
7.1692836748656074696839368698420003056526e-01
6.2036445827704778110955885495059192180634e-01
2.3056393269951511171278468737000366672873e-01
4.5197418456112281592851331879501231014729e-01
8.1570784236337390282756132364738732576370e-01
6.1710872677991113199880146567011252045631e-01
9.9013280606654685556122785783372819423676e-01
0.0000000000000000000000000000000000000000e+00
1.0000000000000000000000000000000000000000e+00
9.0253505827038760234160008621984161436558e-01
9.0072595602461058561516438203398138284683e-01
7.0132742073503062663064611115260049700737e-01
5.8382528247776388496959043550305068492889e-01
4.7358124840406756739241700415732339024544e-01
6.2555464971453378364429909197497181594372e-01
8.1218156178547173951187687634956091642380e-01
8.4376060774768091299335992516716942191124e-01
6.1164589185361539769303362845676019787788e-01
9.3455832052971610224290088808629661798477e-01
9.2065392159445991193678082709084264934063e-01
1.6228118057132678853093921134131960570812e-01
5.6346042059392242862259081448428332805634e-01
8.3878293587221708360601724052685312926769e-01
6.5031210137856954034418777155224233865738e-01
6.6837319490793511977955176917021162807941e-01
4.5353263307397717607472031886572949588299e-01
7.4619383529265315146972170623484998941422e-01
7.3542016542827115532787729534902609884739e-01
1.6252516066392150295705221196840284392238e-01
5.5460476680738468591158607523539103567600e-01
7.1732832780529098837263290988630615174770e-01
9.9671976592501199121443278272636234760284e-01
7.3566494104922419694503332721069455146790e-01
5.9775203053705605604761785798473283648491e-01
9.0170538334161787208387295322609134018421e-01
4.3303509941616674661091224152187351137400e-01
6.2298612145119769412104915318195708096027e-01
1.2444600680823353355819449461705517023802e-01
7.0576707392258730688894274862832389771938e-01
6.7751691304551209249495968833798542618752e-01
6.8276425814717767170947126942337490618229e-01
7.6035264613437070213564084042445756494999e-01
3.9019291446677206725013320465222932398319e-01
7.1012356558243783233308477065293118357658e-01
8.1218156178547173951187687634956091642380e-01
6.9068745015308852241986414810526184737682e-01
6.8276425814716978912599643081193789839745e-01
3.3001872691886585675646870186028536409140e-01
5.2384364075534739502160164192900992929935e-01
7.2304046402661414916224202897865325212479e-01
6.0265031913238098493224015328451059758663e-01
5.2384364075535139182449029249255545437336e-01
2.2262214292608886734292639175691874697804e-01
5.9945308572363265042781677038874477148056e-01
7.6087631823399393127260736946482211351395e-01
4.5891083367684365468264218179683666676283e-01
4.7772890347032664903892396068840753287077e-01
3.5339417564349506761800512322224676609039e-01
2.1805096348285448598636193651145731564611e-02
8.9503938365704349688911634075338952243328e-01
7.9795757678305490046000159054528921842575e-01
6.8276425814717323081737276879721321165562e-01
6.8513723865512032862312707948149181902409e-01
9.9365193924217642962304353204672224819660e-01
7.7496961193920177457528097875183448195457e-01
7.0383480761974581696449604351073503494263e-01
6.5031210137858008746292171053937636315823e-01
8.7774956869713172125102573772892355918884e-01
1.0000000000000000000000000000000000000000e+00
6.5086570492557205280803600544459186494350e-01
4.7333508914081662277695272678101900964975e-01
6.0236714799678747755962149312836118042469e-01
7.8122642304740197438661652995506301522255e-01
8.8888909193147280785041175477090291678905e-01
7.6755057618209976411094430659431964159012e-01
6.3321142810933717104404649944626726210117e-01
6.8866478458937807616280224465299397706985e-01
9.6324925082370649320750999322626739740372e-01
7.2091885921260345782002332271076738834381e-01
5.6263982764205355824316256985184736549854e-01
4.7296926172032144330970027112925890833139e-01
3.5363572037961016336637953827448654919863e-01
7.7565458468623216248261087457649409770966e-01
3.5363572037961016336637953827448654919863e-01
4.7601825356095028851655115431640297174454e-01
7.7897453197086630183321176446042954921722e-01
1.0000000000000000000000000000000000000000e+00
7.4537275276270209545259604055900126695633e-01
4.8210177299152157104344951221719384193420e-01
6.2198511762080133102870149741647765040398e-01
5.7063017833070761586355956751503981649876e-01
7.2963511009569559373488800702034495770931e-01
5.1121987834948212636732023383956402540207e-01
4.0843924771019513020320346186053939163685e-01
2.7288935327382746187652173830429092049599e-01
7.3672591584187685498363862279802560806274e-01
4.6095938032392452798902127142355311661959e-01
0.0000000000000000000000000000000000000000e+00
8.4685476407843540691544603760121390223503e-01
9.7257947061708549529868150784750469028950e-01
7.3995853346863216248863182045170105993748e-01
8.6652476094502051129353503711172379553318e-01
5.4792592168158416043866054678801447153091e-01
1.0000000000000000000000000000000000000000e+00
8.2178693931753166168618918163701891899109e-01
6.6837319490792479470542275521438568830490e-01
8.9513322750464929811187175801023840904236e-01
7.5544907818813311628503015526803210377693e-01
6.7653330554426327481110092776361852884293e-01
1.0000000000000000000000000000000000000000e+00
6.6229696407681792891253280686214566230774e-01
9.2009072656932222589176717519876547157764e-01
2.6842404451319817892951391513634007424116e-01
6.3535821543418002921299603258376009762287e-01
7.4168452191119993432977253178250975906849e-01
6.5099272402193142372794909533695317804813e-01
5.3444459300447755278895556330098770558834e-01
5.9561409911839624520268898777430877089500e-01
7.6814211767189599644467534744762815535069e-01
6.2955750859580628109313238383037969470024e-01
4.8864350024555247564705950935604050755501e-01
6.1258341873161525903412893967470154166222e-01
6.0667876252962538163870931384735740721226e-01
4.9728293744688756294891618381370790302753e-01
7.8278758829898487103804427533759735524654e-01
6.0801992025121587293057245915406383574009e-01
4.7526228586355873106938929595344234257936e-01
8.5380222959468576870989409144385717809200e-01
4.3682340992412582725279435180709697306156e-01
7.3396263487595225782911256828811019659042e-01
7.8774025122446722502189686565543524920940e-01
6.6686654380121535012904132599942386150360e-01
6.8683278684909598865715452120639383792877e-01
6.3171514883820689689741811889689415693283e-01
6.7153663388126638711383975532953627407551e-01
7.1133586035916640533116606093244627118111e-01
5.3730969021915853112147942738374695181847e-01
7.8515725232416411216718188370577991008759e-01
6.8329699552708955678781421738676726818085e-01
5.3826426044716624286223805029294453561306e-01
8.7774956869713172125102573772892355918884e-01
6.8555414342708975716789154830621555447578e-01
5.8553202050508468268219530727947130799294e-01
8.4685476407843540691544603760121390223503e-01
6.3668172920916943358093931237817741930485e-01
4.6927437091185797424230941032874397933483e-01
6.8685313830183791772299173317151144146919e-01
9.3090043062267080475891134483390487730503e-01
7.1868663412264710554921975926845334470272e-01
8.5381699462467319783343100425554439425468e-01
6.3131104542600180451472624554298818111420e-01
1.0000000000000000000000000000000000000000e+00
4.9189372621690391484960969137318897992373e-01
6.2688052660077731026433411898324266076088e-01
7.2022444524563822287888115170062519609928e-01
6.5893008857783763598803261629655025899410e-01
4.5891083367682883320526343595702201128006e-01
7.4766095744905458619911087225773371756077e-01
5.4337012408688356579489209252642467617989e-01
4.7561308285882530899613129804492928087711e-01
8.9246666307224720160462538842693902552128e-01
6.5893008857783308407363165315473452210426e-01
7.7280914208778073160033272870350629091263e-01
2.2562662328458049643131744232960045337677e-01
5.9025144330960110927719597384566441178322e-01
6.8281434672084895254329239833168685436249e-01
8.0852183438447222663114644092274829745293e-01
7.8335028944153717311849050020100548863411e-01
3.4423555508778352907128805782122071832418e-01
4.7364260622233311792683707608375698328018e-01
6.9644349605494271227001945590018294751644e-01
7.8483603693690895397594431415200233459473e-01
4.6061314862127922253876022296026349067688e-01
5.5447062765633325920333618341828696429729e-01
4.1427814152414088599840624738135375082493e-01
7.1630313306149084873197807610267773270607e-01
5.7371343526815610225355612783459946513176e-01
3.5709407504166534863543347455561161041260e-01
8.7310829259941413749146477130125276744366e-01
6.6579884092462482403362855620798654854298e-01
6.2543597952862506339499759633326902985573e-01
5.0153113882704936088430258678272366523743e-01
1.9167438634561115295973365846293745562434e-01
5.5859834257401774770812608039705082774162e-01
6.3535396113789355254652946314308792352676e-01
8.7553768837805145963670838682446628808975e-01
6.5925735197400325837691070773871615529060e-01
4.5950967874809978130912213600822724401951e-01
7.0041279827162594706635445618303492665291e-01
6.8243653688685712577211006646393798291683e-01
5.4745930701446976485158302239142358303070e-01
5.0521086600294007329381429372006095945835e-01
5.5413572288476198313134091222309507429600e-01
3.2890221162906296825667595840059220790863e-01
7.4978134429264287064142990857362747192383e-01
4.9730739913476817992687983860378153622150e-01
4.8210177299150319685239196587644983083010e-01
8.5956721398527102806497168785426765680313e-01
5.8652139229801814046538765978766605257988e-01
7.3837128683849340138323213977855630218983e-01
5.3515323689464122658421274536522105336189e-01
3.7269864435346095055123782913142349570990e-01
2.1069588176577375149278736898850183933973e-01
4.1112679302258503533096245519118383526802e-01
2.4547974128298855056584670819574967026711e-01
5.0502913605202914837377647927496582269669e-01
2.3056393269951511171278468737000366672873e-01
0.0000000000000000000000000000000000000000e+00
4.7358124840406756739241700415732339024544e-01
1.6228118057132678853093921134131960570812e-01
1.6252516066392150295705221196840284392238e-01
1.2444600680823353355819449461705517023802e-01
3.3001872691886585675646870186028536409140e-01
2.1805096348285448598636193651145731564611e-02
4.7333508914081662277695272678101900964975e-01
3.5363572037961016336637953827448654919863e-01
0.0000000000000000000000000000000000000000e+00
2.6842404451319817892951391513634007424116e-01
4.3682340992412582725279435180709697306156e-01
4.6927437091185797424230941032874397933483e-01
2.2562662328458049643131744232960045337677e-01
1.9167438634561115295973365846293745562434e-01
2.1069588176577375149278736898850183933973e-01
0.0000000000000000000000000000000000000000e+00
4.1112679302258503533096245519118383526802e-01
2.4547974128298855056584670819574967026711e-01
5.0502913605202914837377647927496582269669e-01
2.3056393269951511171278468737000366672873e-01
0.0000000000000000000000000000000000000000e+00
4.7358124840406756739241700415732339024544e-01
1.6228118057132678853093921134131960570812e-01
1.6252516066392150295705221196840284392238e-01
1.2444600680823353355819449461705517023802e-01
3.3001872691886585675646870186028536409140e-01
2.1805096348285448598636193651145731564611e-02
4.7333508914081662277695272678101900964975e-01
3.5363572037961016336637953827448654919863e-01
0.0000000000000000000000000000000000000000e+00
2.6842404451319817892951391513634007424116e-01
4.3682340992412582725279435180709697306156e-01
4.6927437091185797424230941032874397933483e-01
2.2562662328458049643131744232960045337677e-01
1.9167438634561115295973365846293745562434e-01
2.1069588176577375149278736898850183933973e-01
0.0000000000000000000000000000000000000000e+00
0.0000000000000000000000000000000000000000e+00
4.1112679302258503533096245519118383526802e-01
2.4547974128298855056584670819574967026711e-01
5.0502913605202914837377647927496582269669e-01
2.3056393269951511171278468737000366672873e-01
0.0000000000000000000000000000000000000000e+00
4.7358124840406756739241700415732339024544e-01
1.6228118057132678853093921134131960570812e-01
1.6252516066392150295705221196840284392238e-01
1.2444600680823353355819449461705517023802e-01
3.3001872691886585675646870186028536409140e-01
2.1805096348285448598636193651145731564611e-02
4.7333508914081662277695272678101900964975e-01
3.5363572037961016336637953827448654919863e-01
0.0000000000000000000000000000000000000000e+00
2.6842404451319817892951391513634007424116e-01
4.3682340992412582725279435180709697306156e-01
4.6927437091185797424230941032874397933483e-01
2.2562662328458049643131744232960045337677e-01
1.9167438634561115295973365846293745562434e-01
2.1069588176577375149278736898850183933973e-01
0.0000000000000000000000000000000000000000e+00
0.0000000000000000000000000000000000000000e+00
0.0000000000000000000000000000000000000000e+00
5.0798167337843366908600728493183851242065e+01
3.9145511694464460994424825912574306130409e+00
