1
0
23
6.8530629410955290481410884240176528692245e-01
3.3842631718035498522567650070413947105408e-01
3.9891838517789207640973359048075508326292e-01
7.0437978046608273885453854745719581842422e-01
2.5734236629223022907453355401230510324240e-01
7.7525414306049689194821894488995894789696e-01
7.2450787400008986871569049981189891695976e-01
5.0209186664060312388357942836591973900795e-01
8.2669290217752555705033046251628547906876e-01
7.2012407710733050691942480625584721565247e-01
6.3783299287555716983177944712224416434765e-01
2.3695066467224365491794912941259099170566e-01
4.5321670128708158031827224476728588342667e-01
8.0383738637806145810316138522466644644737e-01
6.1647345756315752307585853486671112477779e-01
1.0000000000000000000000000000000000000000e+00
0.0000000000000000000000000000000000000000e+00
1.0000000000000000000000000000000000000000e+00
8.8258915514324254303346606320701539516449e-01
8.8432867707346141106228287753765471279621e-01
7.0718155221153011780188535340130329132080e-01
5.7628288650866421605201139755081385374069e-01
4.6687854807973533377563057911174837499857e-01
6.2614466846436678260090502590173855423927e-01
8.2697196832610653238759823580039665102959e-01
8.4977435450992477861120732995914295315742e-01
6.1001753575974437815432338538812473416328e-01
9.2650417349197033978214221860980615019798e-01
9.1405229212542182803957757641910575330257e-01
1.5949658743826641837948443480854621157050e-01
5.5792256900644854322735000096145085990429e-01
8.3701921543770563260977723984979093074799e-01
6.5294230045179302290847545009455643594265e-01
6.6901776833798798360675164076383225619793e-01
4.6321344615815102097045041773526463657618e-01
7.4853449885384704121094046058715321123600e-01
7.3558157556771386342830965077155269682407e-01
1.7088883485938960449246337702788878232241e-01
5.5979867044602171777256671703071333467960e-01
7.2227028916721336404549447252065874636173e-01
9.9546974296130863457676696270937100052834e-01
7.5095669902493167313650701544247567653656e-01
5.3610143285236411259120359318330883979797e-01
9.2383987309793258457801812255638651549816e-01
4.5145931645662373821181745370267890393734e-01
6.3703522212378915767772014078218489885330e-01
1.3933768302850380038648836489301174879074e-01
7.0842886436922869464183349919039756059647e-01
6.8045849974897909540061391453491523861885e-01
6.7285042633567426761942442681174725294113e-01
7.3722609574408592969518849713495001196861e-01
3.9577331772614171567781227167870383709669e-01
7.2026912040161983341590712370816618204117e-01
8.2106363873552434817781886522425338625908e-01
7.0140022249777178586782611091621220111847e-01
6.8971280048307326282497342617716640233994e-01
3.3685790037791846218695468451187480241060e-01
5.4171296698358351040525349162635393440723e-01
7.3201477327880715151309232169296592473984e-01
6.2729110431317225415881466688006184995174e-01
5.3683611094263339325038941751699894666672e-01
2.2881475259448000314499438445636769756675e-01
6.0880199569750392818434647779213264584541e-01
7.7233272330020374951686790154781192541122e-01
4.6392407886065828437338609546713996678591e-01
4.8073633282704852920375060421065427362919e-01
3.5685366814086871833922032237751409411430e-01
3.6192774987729769975430826889351010322571e-02
8.7919474032556443887642672052606940269470e-01
8.0932825929266483111490515511832199990749e-01
7.0295339123297950756352747703203931450844e-01
6.6686914010863274082652196739218197762966e-01
9.6610252523254092071880450021126307547092e-01
7.6637907595757170930994561786064878106117e-01
6.8735376829476280136077548377215862274170e-01
6.6517004736563745126431967946700751781464e-01
8.6113234411931882661406234547030180692673e-01
1.0000000000000000000000000000000000000000e+00
6.5918569870908261254527360506472177803516e-01
4.7675517805347811250982204001047648489475e-01
6.1323547137032574649850857895216904580593e-01
8.1114342130355021609489085676614195108414e-01
9.1537148468730089589939780125860124826431e-01
8.0792540021007130945918106590397655963898e-01
6.5290531756537140140039809921290725469589e-01
7.3068331690090904118051184923388063907623e-01
1.0000000000000000000000000000000000000000e+00
7.3123491169958998447953035793034359812737e-01
5.9555490465525373622313054511323571205139e-01
4.9209031355870391788442930192104540765285e-01
3.5643925169345691550404353620251640677452e-01
7.7260074227577713035230999594205059111118e-01
3.5643925169345691550404353620251640677452e-01
4.7813598962352793497743164152780082076788e-01
7.7039250896746802599324155380600132048130e-01
1.0000000000000000000000000000000000000000e+00
7.2835555071129343129854305516346357762814e-01
4.8370237694076401169240853050723671913147e-01
6.2988659020530546328586751769762486219406e-01
5.5229703515653616463509933964814990758896e-01
7.4466904523299604079511482268571853637695e-01
4.8960799161906676246758252091240137815475e-01
4.2679439390299067635936580700217746198177e-01
2.7422115836916571840475853605312295258045e-01
7.2291595607336622819616422930266708135605e-01
4.6630514599941125242210659962438512593508e-01
0.0000000000000000000000000000000000000000e+00
8.3773294767193695609108772259787656366825e-01
9.6225092259020372775779605944990180432796e-01
7.3795507088304812537415955375763587653637e-01
8.7140886510200754599964056978933513164520e-01
5.5697759979845962163835793035104870796204e-01
1.0000000000000000000000000000000000000000e+00
8.1889300383873842026360989621025510132313e-01
6.6867956825439156531842854747083038091660e-01
8.8122915213071784101828143320744857192039e-01
7.4957539907678949475666740909218788146973e-01
6.8379610248537148198266777399112470448017e-01
1.0000000000000000000000000000000000000000e+00
6.6719395268270464960380650154547765851021e-01
9.7277009444975970353652883204631507396698e-01
2.5044687995064157659541592693130951374769e-01
6.3905287907357088972304381968569941818714e-01
7.4527173268453650312181935078115202486515e-01
6.5937890876922944372040547023061662912369e-01
5.3942868229416640613038680385216139256954e-01
6.1205961999986779886739896028302609920502e-01
7.9498959120482926010708979447372257709503e-01
6.3594097131045335125065776082919910550117e-01
5.0356105991265198706940964257228188216686e-01
6.1687558146403398406931728459312580525875e-01
6.1745996936768532403760900706402026116848e-01
5.1978615891937329784866506088292226195335e-01
7.8221096106920762203174035676056519150734e-01
6.1096996678574011507834029544028453528881e-01
4.8178980475891231005647341589792631566525e-01
8.5061469117081811575076244480442255735397e-01
4.4114492914036107507058659393806010484695e-01
7.2466350732144790836031233993708156049252e-01
7.9282549555811887564971129904733970761299e-01
6.6525697148562068505839306453708559274673e-01
6.7177636281276409402352101096767000854015e-01
6.5000213272966289590470978509983979165554e-01
6.6522858862603495566645506187342107295990e-01
7.1542608214982728043196402722969651222229e-01
5.3545229380322900691879794976557604968548e-01
7.7345171497544751293418130444479174911976e-01
6.9044862446825694402008366523659788072109e-01
5.3883199525378544514353507111081853508949e-01
8.7572925695879011431799199272063560783863e-01
6.8992523859705556787957902997732162475586e-01
5.7829674851935730650609457370592281222343e-01
8.3006926519483603676974325935589149594307e-01
6.3905287907357088972304381968569941818714e-01
4.7234049914265230363241698796628043055534e-01
6.8556482510033400767923694729688577353954e-01
9.0931435534307025747580155439209192991257e-01
7.2941365714436523504105025494936853647232e-01
8.3965491605665143470815792170469649136066e-01
6.0841401143789886063473204558249562978745e-01
1.0000000000000000000000000000000000000000e+00
5.0857316830694143661162343050818890333176e-01
6.1512038916770916952003744881949387490749e-01
7.0053968289346801867623071302659809589386e-01
6.4856208273703619404670916992472484707832e-01
4.6392407886065828437338609546713996678591e-01
7.1291353216685449112333117227535694837570e-01
5.5795067956724397895129641256062313914299e-01
4.4113332035434549283081651083193719387054e-01
8.7814238308691150436402494960930198431015e-01
6.6907552007247150793745049668359570205212e-01
7.6583426203485738259502113578491844236851e-01
2.0678364425660233916204333581845276057720e-01
5.8187145623687874795848529174691066145897e-01
6.8045849974897887335600898950360715389252e-01
8.0681293533984888011190150791662745177746e-01
7.9148158029522464040894647041568532586098e-01
3.6183184565728793158356779713358264416456e-01
4.6687854807973533377563057911174837499857e-01
7.0217249231550016297376259899465367197990e-01
7.9123251195687760439767544085043482482433e-01
4.6126573922410785133507715727319009602070e-01
5.5553585815826744820355997944716364145279e-01
4.1585854216453604914605080011824611574411e-01
7.1433211356224157739802649302873760461807e-01
5.9147856197410764167443630867637693881989e-01
3.6963239245812312683270306479244027286768e-01
8.7328298946814486569678592786658555269241e-01
6.8028737776934677938811546482611447572708e-01
6.3248693318586779454903989972081035375595e-01
4.8393210903663752553427457314683124423027e-01
2.1301212573436284491990022615937050431967e-01
5.5997278300230590719621659445692785084248e-01
6.4588345104672750807139891549013555049896e-01
8.7692868732148243626767225578078068792820e-01
6.7686585486267603073429199866950511932373e-01
4.6626359325786381759826326742768287658691e-01
7.1356661787443820266219063341850414872169e-01
6.7163145892030085004620332256308756768703e-01
5.5997278300230857173147569483262486755848e-01
5.0574385108631780827437296466086991131306e-01
5.5582257120716660470094439006061293184757e-01
3.3662904969681334277353812467481475323439e-01
7.5665430455807480836227796316961757838726e-01
5.1998989329367617528987466357648372650146e-01
4.7014170573530267294160012170323170721531e-01
8.6456140882707654959915544168325141072273e-01
5.9117047815513446007429365636198781430721e-01
7.3033295929932495749170584531384520232677e-01
5.2270563033661421314945982885546982288361e-01
3.7865528788419233752193804320995695888996e-01
2.1327685296284848437409209509496577084064e-01
3.9891838517789207640973359048075508326292e-01
2.5734236629223022907453355401230510324240e-01
5.0209186664060312388357942836591973900795e-01
2.3695066467224365491794912941259099170566e-01
0.0000000000000000000000000000000000000000e+00
4.6687854807973533377563057911174837499857e-01
1.5949658743826641837948443480854621157050e-01
1.7088883485938960449246337702788878232241e-01
1.3933768302850380038648836489301174879074e-01
3.3685790037791846218695468451187480241060e-01
3.6192774987729769975430826889351010322571e-02
4.7675517805347811250982204001047648489475e-01
3.5643925169345691550404353620251640677452e-01
0.0000000000000000000000000000000000000000e+00
2.5044687995064157659541592693130951374769e-01
4.4114492914036107507058659393806010484695e-01
4.7234049914265230363241698796628043055534e-01
2.0678364425660233916204333581845276057720e-01
2.1301212573436284491990022615937050431967e-01
2.1327685296284848437409209509496577084064e-01
0.0000000000000000000000000000000000000000e+00
3.9891838517789207640973359048075508326292e-01
2.5734236629223022907453355401230510324240e-01
5.0209186664060312388357942836591973900795e-01
2.3695066467224365491794912941259099170566e-01
0.0000000000000000000000000000000000000000e+00
4.6687854807973533377563057911174837499857e-01
1.5949658743826641837948443480854621157050e-01
1.7088883485938960449246337702788878232241e-01
1.3933768302850380038648836489301174879074e-01
3.3685790037791846218695468451187480241060e-01
3.6192774987729769975430826889351010322571e-02
4.7675517805347811250982204001047648489475e-01
3.5643925169345691550404353620251640677452e-01
0.0000000000000000000000000000000000000000e+00
2.5044687995064157659541592693130951374769e-01
4.4114492914036107507058659393806010484695e-01
4.7234049914265230363241698796628043055534e-01
2.0678364425660233916204333581845276057720e-01
2.1301212573436284491990022615937050431967e-01
2.1327685296284848437409209509496577084064e-01
0.0000000000000000000000000000000000000000e+00
0.0000000000000000000000000000000000000000e+00
3.9891838517789207640973359048075508326292e-01
2.5734236629223022907453355401230510324240e-01
5.0209186664060312388357942836591973900795e-01
2.3695066467224365491794912941259099170566e-01
0.0000000000000000000000000000000000000000e+00
4.6687854807973533377563057911174837499857e-01
1.5949658743826641837948443480854621157050e-01
1.7088883485938960449246337702788878232241e-01
1.3933768302850380038648836489301174879074e-01
3.3685790037791846218695468451187480241060e-01
3.6192774987729769975430826889351010322571e-02
4.7675517805347811250982204001047648489475e-01
3.5643925169345691550404353620251640677452e-01
0.0000000000000000000000000000000000000000e+00
2.5044687995064157659541592693130951374769e-01
4.4114492914036107507058659393806010484695e-01
4.7234049914265230363241698796628043055534e-01
2.0678364425660233916204333581845276057720e-01
2.1301212573436284491990022615937050431967e-01
2.1327685296284848437409209509496577084064e-01
0.0000000000000000000000000000000000000000e+00
0.0000000000000000000000000000000000000000e+00
0.0000000000000000000000000000000000000000e+00
4.8974498616010322393776732496917247772217e+01
3.9356131875962132582458252727519720792770e+00
