1
0
23
6.2348924331119737196615915308939293026924e-01
4.0395050535801296787141723143577110022306e-01
4.7033238993562287433292112837079912424088e-01
8.2092214052058376516640691988868638873100e-01
3.3399455541693534588176817123894579708576e-01
8.4505139367658765880975124673568643629551e-01
7.9762902626912779435741640554624609649181e-01
5.0753899991151163462177464680280536413193e-01
8.9295900792572457937978924746857956051826e-01
8.2691819144181644141156084515387192368507e-01
6.9653232836804368499628026256687007844448e-01
3.6454095673076619688046662304259371012449e-01
7.0866822278860785999654581246431916952133e-01
9.5620842921333149000417961360653862357140e-01
7.7446262384957953450737022649263963103294e-01
1.0000000000000000000000000000000000000000e+00
0.0000000000000000000000000000000000000000e+00
8.7273364727723201639264516416005790233612e-01
7.6161523375825834758501287069520913064480e-01
8.5925910548037642833207883086288347840309e-01
7.7725374905553357152143689745571464300156e-01
7.9933968640964914165181198768550530076027e-01
5.0230248093583806934248059405945241451263e-01
7.1529319379980838000676612864481285214424e-01
7.4470185280035916530749773301067762076855e-01
8.3185322292481300721078696369659155607224e-01
7.1671396041370216689614380811690352857113e-01
9.4607901897422208570276325190206989645958e-01
7.8747417217284687573908286140067502856255e-01
2.8987979727325074996713283326243981719017e-01
7.1920020680772112076084567888756282627583e-01
8.5222457111803462392884966902784071862698e-01
8.0170399022014016132686720084166154265404e-01
7.6195331694433843239266934688203036785126e-01
7.3615379151084259223836170349386520683765e-01
8.3221564335336950524180110733141191303730e-01
8.4038267063102500831206498332903720438480e-01
3.4303484938257938763328525055840145796537e-01
7.5981274286532485273681913895416073501110e-01
7.1529694450562986141051169397542253136635e-01
8.0170399022013993928226227581035345792770e-01
8.9295900792572180382222768457722850143909e-01
8.2274732016247587029766918931272812187672e-01
7.5452625753464874769349535199580714106560e-01
6.7640179005537925949198552189045585691929e-01
8.2106487725182653036881674779579043388367e-01
1.7155811940264084625162865904712816700339e-01
8.0183718827461392120170557973324321210384e-01
8.1570189631228362525661168547230772674084e-01
8.4867244239566941299557356614968739449978e-01
9.1660958651210622250005144451279193162918e-01
6.4900817209979011490617040180950425565243e-01
8.6686238065715537359778863901738077402115e-01
9.0528742996251498897919418595847673714161e-01
9.1489519141756658893172016178141348063946e-01
8.2033043196131449903418797475751489400864e-01
4.5046473774979706172771898309292737394571e-01
7.7563505868019166911153661203570663928986e-01
8.3069257898072235146713637732318602502346e-01
8.5925910548037831571122069362900219857693e-01
8.1388169800758625171965832123532891273499e-01
5.7232294801436334186206522645079530775547e-01
8.4016713749610039130288896558340638875961e-01
8.6914953534630290388207640717155300080776e-01
8.4016713749610005823598157803644426167011e-01
7.5981274286532518580372652650112286210060e-01
6.1772975883241465488993071630829945206642e-01
3.3882886565701231251779290687409229576588e-01
8.3457112740679118001452252428862266242504e-01
7.6374493334305826319763355058967135846615e-01
8.0930002288915625641152473690453916788101e-01
7.6195331694433843239266934688203036785126e-01
1.0000000000000000000000000000000000000000e+00
7.6979436842832038578876563406083732843399e-01
7.2079444105969692202506848843768239021301e-01
8.1808545451671221826472901739180088043213e-01
8.3069257898072113022180928965099155902863e-01
9.0528742996251909680438529903767630457878e-01
8.9281635104808532155118427908746525645256e-01
4.8989713559934355835423502867342904210091e-01
7.7094597534326814169958197453524917364120e-01
8.2092214052058321005489460731041617691517e-01
9.2334414683279975033514119786559604108334e-01
9.8335304675539447760712619128753431141376e-01
7.3746526747075857866065007328870706260204e-01
9.1364227722333690717704257622244767844677e-01
9.0868898070510328857096737920073792338371e-01
8.3871384116589597912394538070657290518284e-01
7.1859176302481997389293155720224604010582e-01
6.5953641191063228088609093902050517499447e-01
5.9593149791953059501992129298741929233074e-01
8.0044462366744040249244562801322899758816e-01
5.9593149791953059501992129298741929233074e-01
7.8401122134484235726148426692816428840160e-01
8.5222457111801674933815320400753989815712e-01
9.3661852500965869783300377093837596476078e-01
9.0389030246847845706525959030841477215290e-01
7.4695046650374885555123682934208773076534e-01
8.6827070763775426875952234695432707667351e-01
8.1362943669692877612931170006049796938896e-01
9.1747157180154992328624530273373238742352e-01
6.6375889156476264307826795629807747900486e-01
6.5489405757859864287695472739869728684425e-01
5.7540005867275645368152936498518101871014e-01
8.5222457111802052409643692953977733850479e-01
6.5489405757859564527478823947603814303875e-01
2.5266182342583143327630068597500212490559e-01
7.8401122134484235726148426692816428840160e-01
8.8732152269310748948782929801382124423981e-01
8.4160859522368824947591292584547773003578e-01
8.3128721128620486346960660739568993449211e-01
7.3810231773066903304680863584508188068867e-01
9.1364227722333690717704257622244767844677e-01
8.1796217865358100684858300155610777437687e-01
8.3040220893348071218298400708590634167194e-01
8.7573429998254259665202425821917131543159e-01
8.3040220893348137831679878217983059585094e-01
8.2963613064842012256860925845103338360786e-01
8.5607991945533734590156882404698990285397e-01
7.8635522237162758241169058237574063241482e-01
9.7312655047966489796351652330486103892326e-01
2.5088796329321622069485897554841358214617e-01
7.2340667100574185255368320213165134191513e-01
7.6374493334305826319763355058967135846615e-01
7.5740498430749292335661948527558706700802e-01
7.2701713546287871636764066352043300867081e-01
7.6530831586357395135422621024190448224545e-01
8.1573074090651398471152333513600751757622e-01
7.4949890597181145768246324223582632839680e-01
7.1920020680772422938531462932587601244450e-01
8.6125843737893981177933255821699276566505e-01
8.3040220893347893582614460683544166386127e-01
8.3185322292482688499859477815334685146809e-01
8.1213489177046460643083491959259845316410e-01
7.8824646617102200885085494519444182515144e-01
7.9447620600204615914918804264743812382221e-01
8.0628927717952403320111898210598155856133e-01
5.4904729813270936045199732689070515334606e-01
7.6669614205132141648846300086006522178650e-01
8.3069257898072235146713637732318602502346e-01
7.7160994558041495761102623873739503324032e-01
8.0551059326684715244937251554802060127258e-01
7.3615379151084481268441095380694605410099e-01
7.7959488928871023549760366222471930086613e-01
7.9486049023865068541283562808530405163765e-01
7.6390193566243469458498793756007216870785e-01
8.6062972909879076333083958161296322941780e-01
7.7669275490747702317406719885184429585934e-01
7.5277898178690916264343968578032217919827e-01
8.3069257898072279555634622738580219447613e-01
8.8721218330139595131811347528127953410149e-01
7.3431824247613042278004513718769885599613e-01
7.9149958621009686154934570367913693189621e-01
7.1920020680772422938531462932587601244450e-01
5.2452206726530903324601240456104278564453e-01
7.9546478393993291788888200244400650262833e-01
9.1525115674031098933483008295297622680664e-01
9.5620787992535960508888592812581919133663e-01
9.0066913790187674848652932269033044576645e-01
7.4253752708573461660535031114704906940460e-01
1.0000000000000000000000000000000000000000e+00
7.8921765116005060392012637748848646879196e-01
8.2595765403948029348413228944991715252399e-01
9.2562257359447841498223397138644941151142e-01
8.2843559858092852277167139618541114032269e-01
7.1989543500248187601897598142386414110661e-01
8.2027717401851774070564715657383203506470e-01
7.0912727089413019054831011089845560491085e-01
6.7419649184237828709598261411883868277073e-01
8.8661051963108672424596079508773982524872e-01
9.0066913790187674848652932269033044576645e-01
9.5083800848473565281437913654372096061707e-01
1.1232726108018221966577954162858077324927e-01
8.1955559688778101268269438151037320494652e-01
8.7746125751394299374652518963557668030262e-01
9.5399591393803873096146617172053083777428e-01
1.0000000000000000000000000000000000000000e+00
7.1195020388264806943112716908217407763004e-01
7.4812987253575824464491006438038311898708e-01
8.3185322292481311823308942621224559843540e-01
9.3870170480893710962533305064425803720951e-01
7.0473984560077140848477483814349398016930e-01
7.3868094655472060772183340304763987660408e-01
6.9252244065228674152479015901917591691017e-01
8.4519189975512343249164359804126434028149e-01
8.0781525893768302282182958151679486036301e-01
6.0626958625742999320351600545109249651432e-01
9.3219811805536889615098061767639592289925e-01
8.3185322292481300721078696369659155607224e-01
8.1955559688778578664170026968349702656269e-01
7.1741249674554341542176416623988188803196e-01
3.7284594476412707964030346374784130603075e-01
6.9250740008661582081117558118421584367752e-01
8.2060571708089580234002369252266362309456e-01
9.4317669718388519317642249006894417107105e-01
8.5445696577553376105385041228146292269230e-01
6.8937389494466405626127425421145744621754e-01
8.6576112442311703443209580655093304812908e-01
8.4038267063102245479910834546899423003197e-01
8.3506240510519003095168955042026937007904e-01
7.4304458196428257998888966540107503533363e-01
6.1772975883241465488993071630829945206642e-01
6.1772975883240066607982043933589011430740e-01
9.0283215488941426229985154350288212299347e-01
6.9420201563066652461486683023395016789436e-01
7.1066444379515503193545100657502189278603e-01
8.3295996576969455471584069528034888207912e-01
7.5977135502385606535824535967549309134483e-01
7.5754390273870420013935245151515118777752e-01
8.1766870577830275124142644926905632019043e-01
6.9529680012795125332303314280579797923565e-01
4.0355435315480225888506993214832618832588e-01
4.7033238993562287433292112837079912424088e-01
3.3399455541693534588176817123894579708576e-01
5.0753899991151163462177464680280536413193e-01
3.6454095673076619688046662304259371012449e-01
0.0000000000000000000000000000000000000000e+00
5.0230248093583806934248059405945241451263e-01
2.8987979727325074996713283326243981719017e-01
3.4303484938257938763328525055840145796537e-01
1.7155811940264084625162865904712816700339e-01
4.5046473774979706172771898309292737394571e-01
3.3882886565701231251779290687409229576588e-01
4.8989713559934355835423502867342904210091e-01
5.9593149791953059501992129298741929233074e-01
2.5266182342583143327630068597500212490559e-01
2.5088796329321622069485897554841358214617e-01
5.4904729813270936045199732689070515334606e-01
5.2452206726530903324601240456104278564453e-01
1.1232726108018221966577954162858077324927e-01
3.7284594476412707964030346374784130603075e-01
4.0355435315480225888506993214832618832588e-01
0.0000000000000000000000000000000000000000e+00
4.7033238993562287433292112837079912424088e-01
3.3399455541693534588176817123894579708576e-01
5.0753899991151163462177464680280536413193e-01
3.6454095673076619688046662304259371012449e-01
0.0000000000000000000000000000000000000000e+00
5.0230248093583806934248059405945241451263e-01
2.8987979727325074996713283326243981719017e-01
3.4303484938257938763328525055840145796537e-01
1.7155811940264084625162865904712816700339e-01
4.5046473774979706172771898309292737394571e-01
3.3882886565701231251779290687409229576588e-01
4.8989713559934355835423502867342904210091e-01
5.9593149791953059501992129298741929233074e-01
2.5266182342583143327630068597500212490559e-01
2.5088796329321622069485897554841358214617e-01
5.4904729813270936045199732689070515334606e-01
5.2452206726530903324601240456104278564453e-01
1.1232726108018221966577954162858077324927e-01
3.7284594476412707964030346374784130603075e-01
4.0355435315480225888506993214832618832588e-01
0.0000000000000000000000000000000000000000e+00
0.0000000000000000000000000000000000000000e+00
4.7033238993562287433292112837079912424088e-01
3.3399455541693534588176817123894579708576e-01
5.0753899991151163462177464680280536413193e-01
3.6454095673076619688046662304259371012449e-01
0.0000000000000000000000000000000000000000e+00
5.0230248093583806934248059405945241451263e-01
2.8987979727325074996713283326243981719017e-01
3.4303484938257938763328525055840145796537e-01
1.7155811940264084625162865904712816700339e-01
4.5046473774979706172771898309292737394571e-01
3.3882886565701231251779290687409229576588e-01
4.8989713559934355835423502867342904210091e-01
5.9593149791953059501992129298741929233074e-01
2.5266182342583143327630068597500212490559e-01
2.5088796329321622069485897554841358214617e-01
5.4904729813270936045199732689070515334606e-01
5.2452206726530903324601240456104278564453e-01
1.1232726108018221966577954162858077324927e-01
3.7284594476412707964030346374784130603075e-01
4.0355435315480225888506993214832618832588e-01
0.0000000000000000000000000000000000000000e+00
0.0000000000000000000000000000000000000000e+00
0.0000000000000000000000000000000000000000e+00
4.8385366182686645686317206127569079399109e+01
5.5689449862203153074347028450574725866318e+00
