1
0
23
6.7902437706666263217414325481513515114784e-01
3.3862780441325979197131346154492348432541e-01
4.0503668253533903209628874719783198088408e-01
7.1504491783543921989974023745162412524223e-01
2.5401172645502984037690907825890462845564e-01
7.7340353321930788155214031576178967952728e-01
7.3578862425309621286828587471973150968552e-01
4.8783908185900087817188364169851411134005e-01
8.1926219381565423827140648427302949130535e-01
7.1704291838531009073420818822341971099377e-01
6.5316319687982959951710881796316243708134e-01
2.2752654671324470947446627633325988426805e-01
4.4722557054545353238950156082864850759506e-01
7.9326697585252192723714870226103812456131e-01
6.2480531934408423122562226126319728791714e-01
9.8038056283625829578909360861871391534805e-01
0.0000000000000000000000000000000000000000e+00
9.9987197430793506303103868049220182001591e-01
8.5840125555151636227435574255650863051414e-01
9.1225753419735378102473077888134866952896e-01
6.8521491326606032146173674846068024635315e-01
5.8024846152169839985646149216336198151112e-01
4.4334355780578094119448451237985864281654e-01
6.1871521504289694881606465060031041502953e-01
8.1757498241362225321893220097990706562996e-01
8.5966572667737795043763071589637547731400e-01
5.9875271173590893791782718835747800767422e-01
8.7725849085539797655997062975075095891953e-01
8.6062547317613957709170335874659940600395e-01
1.5437551010349501168228414371696999296546e-01
5.5916644599578824159635814794455654919147e-01
8.5667997838468701310432606987887993454933e-01
6.7737600265437369895238362005329690873623e-01
6.5808350884335120589696543902391567826271e-01
4.6640270360448871089786848642688710242510e-01
7.3555866998440855297758389497175812721252e-01
7.5002846278848811500949977926211431622505e-01
1.8279248007346912685555651023605605587363e-01
5.5963279308694613423114105899003334343433e-01
7.2132506986198219323114244616590440273285e-01
9.7826756325358321664253935523447580635548e-01
7.4419516144173269989181562777957879006863e-01
4.7887704698110211687378523492952808737755e-01
8.5005973991923822197236404463183134794235e-01
4.3910594813953734982803212005819659680128e-01
6.4884432924260526664994586099055595695972e-01
1.1946253441336340817002792391576804220676e-01
7.0761151059007221242325158527819439768791e-01
6.7464253480261004991547224562964402139187e-01
6.7593722810453826799204080089111812412739e-01
7.2934118997038688281264739998732693493366e-01
4.0586546134072548630555843374168034642935e-01
7.3115296747406477440023309100070036947727e-01
8.1757498241362225321893220097990706562996e-01
7.2978091897029795376283800578676164150238e-01
6.8653247084147683843013965088175609707832e-01
3.2683939563265262950864098456804640591145e-01
5.3978356668571114695964752172585576772690e-01
7.4700375646567329646074995253002271056175e-01
6.4270162136848663081423183029983192682266e-01
5.4616592740211300505137614891282282769680e-01
2.4268444292684257512782153298758203163743e-01
6.1569169596872175276303096325136721134186e-01
7.6289956915849943541729771823156625032425e-01
4.7350688552853714696766473934985697269440e-01
4.7350688552854169888206570249167270958424e-01
3.6115367581339108404847593192243948578835e-01
4.7446926750374700254564430679238284938037e-02
8.4798528212979262796977764082839712500572e-01
8.0840346640477822592885104313609190285206e-01
6.9721666311750296607385735114803537726402e-01
6.5316319687982782316026941771269775927067e-01
1.0000000000000000000000000000000000000000e+00
7.6704599609038337515443117808899842202663e-01
6.8292124647214735855271783293574117124081e-01
6.7790499517454128053373096918221563100815e-01
8.0650199022352697664217657802510075271130e-01
9.6583509429157121672915309318341314792633e-01
6.7136942619642947516211961556109599769115e-01
4.8824001497710062258406082946748938411474e-01
6.0611271375399955463336709726718254387379e-01
8.1413598259083519437240283878054469823837e-01
9.2135733334428460139520211669150739908218e-01
8.2901325866108344087024306645616888999939e-01
6.5251413590590678914793443254893645644188e-01
7.5166923087029968719718908687354996800423e-01
9.7344654666445262769514101819368079304695e-01
7.4059479201978772877623669046442955732346e-01
5.9397347298423697203872961836168542504311e-01
4.8306724029710701451278964668745175004005e-01
3.7137819888924189504209039114357437938452e-01
7.3940429141956842684635375917423516511917e-01
3.7137819888924189504209039114357437938452e-01
4.8599256440888211061590595818415749818087e-01
7.7574955610084161961026438802946358919144e-01
1.0000000000000000000000000000000000000000e+00
6.9851079820499684114309957294608466327190e-01
4.8247501764752342978681554086506366729736e-01
6.1830058680554611516555496564251370728016e-01
5.4850806261729401214211065962444990873337e-01
7.4366217943959789238306257175281643867493e-01
4.9358336406890357395127466588746756315231e-01
4.3555503283779878342940605762123595923185e-01
2.7476813664557075966854426951613277196884e-01
7.3075127306453013797948869978426955640316e-01
4.6014129538396647545184237060311716049910e-01
0.0000000000000000000000000000000000000000e+00
8.1374258318492176389469250352703966200352e-01
9.5639080106856277918581099584116600453854e-01
7.3645767105040704780805072005023248493671e-01
8.5831191682672869358583511711913160979748e-01
5.5459313481030336756560927824466489255428e-01
1.0000000000000000000000000000000000000000e+00
8.1757498241359360946489687194116413593292e-01
6.5882434163680736460833031742367893457413e-01
8.5110591452012085422751397345564328134060e-01
7.2655848379911169843126117484644055366516e-01
6.8872486960427592439515365185798145830631e-01
1.0000000000000000000000000000000000000000e+00
6.6072588556776667978454042895464226603508e-01
9.2666484579344909899845106338034383952618e-01
2.3181331361632553922369481824716785922647e-01
6.4114349745115295498010254959808662533760e-01
7.3594958343909022691065047183656133711338e-01
6.7525071051499285790242765870061703026295e-01
5.4730952248983211205768384388647973537445e-01
6.0786925190675311636567812456632964313030e-01
8.0898717335457837052103968744631856679916e-01
6.2949595832933813444043380513903684914112e-01
5.1037985061911694817382567634922452270985e-01
6.1930075379656224221491811476880684494972e-01
6.1079882671911267522091293358244001865387e-01
5.4092882837787126248940694495104253292084e-01
7.7179841202799193133898825180949643254280e-01
6.0605392118506340448647051744046621024609e-01
5.0390216964485912143345558433793485164642e-01
8.4919635790448855239276326756225898861885e-01
4.3151895414487934088398901621985714882612e-01
6.9792910583782874489600089873420074582100e-01
7.9255741650184585722627161885611712932587e-01
6.7827391568716466352384486526716500520706e-01
6.5029780845408380329786268703173846006393e-01
6.5703856502491053692693867560592480003834e-01
6.4311974590053300193659424621728248894215e-01
6.9843580506749525227405683835968375205994e-01
5.4585572343611798995510753229609690606594e-01
7.4507370479827450537868571700528264045715e-01
6.8653247084147683843013965088175609707832e-01
5.3880542748233473115959668575669638812542e-01
8.5081010372963383758815325563773512840271e-01
6.6587628486828875917780123927514068782330e-01
5.6279333260150810058775050492840819060802e-01
7.9971265652450795879957468059728853404522e-01
6.2449362233924654574934720585588365793228e-01
4.5527105766181402701775482455559540539980e-01
6.8415868745076990897757696075132116675377e-01
9.3868111545332832967858394113136455416679e-01
7.3093204404950551378306045080535113811493e-01
8.4426540706036690142610723341931588947773e-01
6.1255524667132277283343455565045587718487e-01
1.0000000000000000000000000000000000000000e+00
5.3082460243713569525425555184483528137207e-01
6.0209854728155032255187961709452793002129e-01
6.7241466292470575272233190844417549669743e-01
6.4241922592587030749200494028627872467041e-01
4.7350688552854430790617357160954270511866e-01
6.8289818101134369676685764716239646077156e-01
5.6013494192743706889814347960054874420166e-01
4.3854522767515269343618911079829558730125e-01
8.9781256553669097630887563354917801916599e-01
6.5754848276619715097268681347486563026905e-01
7.0502034446870831541076540815993212163448e-01
1.6393371716021620798642288718838244676590e-01
5.7798424986405283476642580353654921054840e-01
7.0069687197852736915137938922271132469177e-01
8.2222016392646668503374485226231627166271e-01
8.1926219381564990840161044616252183914185e-01
3.9535653704392564877778681875497568398714e-01
4.6757296464408593106298894781502895057201e-01
6.7506672750217888712143121665576472878456e-01
7.8788677571268650456914883761783130466938e-01
4.6661459073321281953994343894009944051504e-01
5.4670514032965145112541449634591117501259e-01
4.2540261001208262703343621069507207721472e-01
7.2563506654805920437212307660956867039204e-01
5.9060795818067512996663026569876819849014e-01
3.8504434801440551305873327692097518593073e-01
8.7052492750170973323520229314453899860382e-01
7.0000212298531705457094176381360739469528e-01
6.4252125716344432593274405007832683622837e-01
4.7611078162035858074574434795067645609379e-01
2.1232176684183537429539967433811398223042e-01
5.6658932225168479046573111190809868276119e-01
6.4363689815958247120164514853968285024166e-01
9.0103977773235821580044557777000591158867e-01
6.8964777805411925371004144835751503705978e-01
4.7504844661277489947792673774529248476028e-01
7.1308852902593156120047979129594750702381e-01
6.7913628068739018139865493139950558543205e-01
5.7886585491491726607193868403555825352669e-01
5.1147426546767460475706457145861349999905e-01
5.5685574562574802204295565388747490942478e-01
3.5777545216381256842907987447688356041908e-01
7.7179841202799015498214885155903175473213e-01
5.3493490701200430148531950180768035352230e-01
4.8382444590300671682925326422264333814383e-01
8.2012742723738341066308521476457826793194e-01
5.9029649610314549601497446928988210856915e-01
7.1281921566280037616536446876125410199165e-01
5.5488758594075193730787987078656442463398e-01
4.0591232202275162599391933326842263340950e-01
2.3496999118154665575630701823683921247721e-01
4.0503668253533903209628874719783198088408e-01
2.5401172645502984037690907825890462845564e-01
4.8783908185900087817188364169851411134005e-01
2.2752654671324470947446627633325988426805e-01
0.0000000000000000000000000000000000000000e+00
4.4334355780578094119448451237985864281654e-01
1.5437551010349501168228414371696999296546e-01
1.8279248007346912685555651023605605587363e-01
1.1946253441336340817002792391576804220676e-01
3.2683939563265262950864098456804640591145e-01
4.7446926750374700254564430679238284938037e-02
4.8824001497710062258406082946748938411474e-01
3.7137819888924189504209039114357437938452e-01
0.0000000000000000000000000000000000000000e+00
2.3181331361632553922369481824716785922647e-01
4.3151895414487934088398901621985714882612e-01
4.5527105766181402701775482455559540539980e-01
1.6393371716021620798642288718838244676590e-01
2.1232176684183537429539967433811398223042e-01
2.3496999118154665575630701823683921247721e-01
0.0000000000000000000000000000000000000000e+00
4.0503668253533903209628874719783198088408e-01
2.5401172645502984037690907825890462845564e-01
4.8783908185900087817188364169851411134005e-01
2.2752654671324470947446627633325988426805e-01
0.0000000000000000000000000000000000000000e+00
4.4334355780578094119448451237985864281654e-01
1.5437551010349501168228414371696999296546e-01
1.8279248007346912685555651023605605587363e-01
1.1946253441336340817002792391576804220676e-01
3.2683939563265262950864098456804640591145e-01
4.7446926750374700254564430679238284938037e-02
4.8824001497710062258406082946748938411474e-01
3.7137819888924189504209039114357437938452e-01
0.0000000000000000000000000000000000000000e+00
2.3181331361632553922369481824716785922647e-01
4.3151895414487934088398901621985714882612e-01
4.5527105766181402701775482455559540539980e-01
1.6393371716021620798642288718838244676590e-01
2.1232176684183537429539967433811398223042e-01
2.3496999118154665575630701823683921247721e-01
0.0000000000000000000000000000000000000000e+00
0.0000000000000000000000000000000000000000e+00
4.0503668253533903209628874719783198088408e-01
2.5401172645502984037690907825890462845564e-01
4.8783908185900087817188364169851411134005e-01
2.2752654671324470947446627633325988426805e-01
0.0000000000000000000000000000000000000000e+00
4.4334355780578094119448451237985864281654e-01
1.5437551010349501168228414371696999296546e-01
1.8279248007346912685555651023605605587363e-01
1.1946253441336340817002792391576804220676e-01
3.2683939563265262950864098456804640591145e-01
4.7446926750374700254564430679238284938037e-02
4.8824001497710062258406082946748938411474e-01
3.7137819888924189504209039114357437938452e-01
0.0000000000000000000000000000000000000000e+00
2.3181331361632553922369481824716785922647e-01
4.3151895414487934088398901621985714882612e-01
4.5527105766181402701775482455559540539980e-01
1.6393371716021620798642288718838244676590e-01
2.1232176684183537429539967433811398223042e-01
2.3496999118154665575630701823683921247721e-01
0.0000000000000000000000000000000000000000e+00
0.0000000000000000000000000000000000000000e+00
0.0000000000000000000000000000000000000000e+00
5.0405578927383039911092055262997746467590e+01
3.9728800895752240940339561348082497715950e+00
