1
0
23
6.7344567373550523470271400583442300558090e-01
3.3617002750420504897377327324647922068834e-01
3.7742491401696404151877572985540609806776e-01
7.0957583011277403084449133530142717063427e-01
2.1360610428461557219748101488221436738968e-01
7.3699872175877045865632908316911198198795e-01
6.9280197480185778946548680323758162558079e-01
4.6684826866329554029277915105922147631645e-01
8.0541050398612679117604784551076591014862e-01
6.9280197480184557701221592651563696563244e-01
6.4524816875665846893639354675542563199997e-01
2.1922639723768677644244462499045766890049e-01
4.5236357259088905147237369419599417597055e-01
7.9747010590402178653590681278728879988194e-01
5.9944591454702567112633460055803880095482e-01
9.8792207229827888603779229015344753861427e-01
0.0000000000000000000000000000000000000000e+00
9.6778844471469060994905930783716030418873e-01
7.7435129595182838890821130917174741625786e-01
8.8675631023270018449267126925406046211720e-01
6.8484691966593136402963182263192720711231e-01
6.0659787291971090095188401392078958451748e-01
4.2663274003808121515035622905998025089502e-01
5.7941575825504210150995731964940205216408e-01
7.6905909864083010774038484669290482997894e-01
8.6857072302351834292011290017399005591869e-01
6.1649375915723036989390948292566463351250e-01
8.3524073173906332456795098551083356142044e-01
8.4377109457744403631096474782680161297321e-01
1.4838031194191950157268422572087729349732e-01
5.7824455289200205054811476657050661742687e-01
8.1138267466712599151890117354923859238625e-01
6.8933713463673873533821279124822467565536e-01
6.4458137742497612077130497709731571376324e-01
4.9206339324165887516571160631428938359022e-01
7.2686800909397708547743377494043670594692e-01
7.5542715430606721671580316979088820517063e-01
2.0049713491603943227303830099117476493120e-01
5.7340585179770364732121379347518086433411e-01
6.9412026708880070202667411649599671363831e-01
9.6070186498722431878150018746964633464813e-01
7.3335277855314540129683109626057557761669e-01
4.8065430758957999879399380915856454521418e-01
8.1727116008921796286301741929491981863976e-01
4.6323473969237100034135323767259251326323e-01
6.8227813223062727665535476262448355555534e-01
9.5091203786380695817115338286384940147400e-02
6.8294559052017977940352011501090601086617e-01
6.5278055193213457840784030850045382976532e-01
6.7845606284679493835909624976920895278454e-01
7.3318136499743735701173363850102759897709e-01
4.3305636578929923574676763564639259129763e-01
7.4153722830914203800745099215419031679630e-01
8.2733864070490170661287265829741954803467e-01
7.5904705924171500530661660377518273890018e-01
7.0031557568336855190693768236087635159492e-01
3.1996396214437644589523301874578464776278e-01
5.4973525628987762736699096421943977475166e-01
7.0900385936194498803786245844094082713127e-01
6.4249014074302035481878192513249814510345e-01
5.8143386340519298549622817517956718802452e-01
2.5467906666703593598910515538591425865889e-01
6.3326901482529351916639370756456628441811e-01
7.3844349200188330595295838065794669091702e-01
5.1621421392214628109940122158150188624859e-01
4.8769066168339714195667511376086622476578e-01
3.7270102340409155816658426374488044530153e-01
7.0216138407405787047466105832427274435759e-02
8.1271062726377685248024818065459839999676e-01
7.5831326978984292530583388725062832236290e-01
6.7885859276500359893447011927491985261440e-01
6.4598657778895651748740647235536016523838e-01
9.2491610848528837962589932431001216173172e-01
7.2686800909397708547743377494043670594692e-01
6.5605872268328502272538571560289710760117e-01
6.9347130669299716920761511573800817131996e-01
8.0691145430563171458970828098244965076447e-01
8.8682457029917627355786180487484671175480e-01
7.1216766268644060566828102309955283999443e-01
4.7450353203718098615837561737862415611744e-01
6.2788404097285599458899696401203982532024e-01
7.5080982390064621156966495618689805269241e-01
8.8607316919087120155040793179068714380264e-01
8.4700557475791604655768196607823483645916e-01
6.3772022597886635075781214254675433039665e-01
7.2060392693964236965342706753290258347988e-01
9.4610082602065237455946089539793320000172e-01
7.2686800909397952796808795028482563793659e-01
6.2662007274459152750267776355030946433544e-01
4.8692160863138539417249717189406510442495e-01
3.9717138925948675121091469009115826338530e-01
6.7788636901233578768710685835685580968857e-01
3.9717138925948675121091469009115826338530e-01
5.0520843867297626772483454260509461164474e-01
7.4465903622438978093356354293064214289188e-01
9.4008996495522501035679852066095918416977e-01
6.9512964862326409587467423989437520503998e-01
4.7623439742669693153231946780579164624214e-01
5.9513264608108140674147534809890203177929e-01
5.7860384593828217969502247797208838164806e-01
7.5545616935712556205828605015994980931282e-01
5.0060218251636190434084028311190195381641e-01
4.5686533965441472604496198073320556432009e-01
2.9753767507176981377270408302138093858957e-01
7.0727014110194086349281406000955030322075e-01
5.2483258194248572081619386153761297464371e-01
1.6635599116262604624250087681502918712795e-02
7.5831059848437165626933165185619145631790e-01
9.5545081231032480406639706416171975433826e-01
7.0736700119124784613688916579121723771095e-01
7.8767882094175190044182954807183705270290e-01
5.6786806997898153781534347217530012130737e-01
1.0000000000000000000000000000000000000000e+00
8.0456550246710345497547223203582689166069e-01
6.5984987730584965248681328375823795795441e-01
8.2707382626490666410745689063332974910736e-01
7.1236064802181964239480294054374098777771e-01
6.8946138769802500778638432166189886629581e-01
9.1248188564021215363197825354291126132011e-01
6.5799144201701198486631483319797553122044e-01
9.0335948026203849448023674995056353509426e-01
2.0936297067931988746813942725566448643804e-01
6.3746200072341996367697447567479684948921e-01
7.0571948113988547390817984705790877342224e-01
6.7885859276500160053302579399314709007740e-01
5.5272652305712766107603783893864601850510e-01
6.2500560360062185072393958762404508888721e-01
8.0015321446959986051439273069263435900211e-01
6.4533313341231068882564159139292314648628e-01
5.3174729504029905058359872782602906227112e-01
6.6769467405642712876101541041862219572067e-01
6.2324606394588666358202999617788009345531e-01
5.7642475911797064203057061604340560734272e-01
7.5713544180603786770689112017862498760223e-01
6.2288754421059921995151853479910641908646e-01
5.3466798796218395484203256273758597671986e-01
8.2454652563279318133737660900806076824665e-01
4.5321093686517066601027181604877114295959e-01
6.7661908100287215805934692980372346937656e-01
7.6463021576749401475581180420704185962677e-01
6.7661908100287215805934692980372346937656e-01
6.3807695762342619971718704618979245424271e-01
6.3772022597887401129668205612688325345516e-01
6.0856905243375669645189418588415719568729e-01
6.8076906492655564484550723136635497212410e-01
5.5099949608869791539689231285592541098595e-01
7.1855380230897225590780408310820348560810e-01
6.9916096079170653165846260890248231589794e-01
5.2973961214418041620888288889545947313309e-01
8.0884082236289622791503006737912073731422e-01
6.8414442957960064362055163655895739793777e-01
5.5922033383524194505298510193824768066406e-01
7.2178516363952349710331191090517677366734e-01
6.0484109909647854053105220373254269361496e-01
4.3131049192361858857225342944730073213577e-01
6.8136954830082518963507709486293606460094e-01
9.4348076425078741813479155098320916295052e-01
7.3346605151286525803300264669815078377724e-01
7.5283377470942713927115619299001991748810e-01
6.5697918143734557183677225111750885844231e-01
1.0000000000000000000000000000000000000000e+00
5.8333184308949836971436297972104512155056e-01
6.1641614031128821871163836476625874638557e-01
7.2212002976530564879453777393791824579239e-01
6.4539716834157945246630561086931265890598e-01
4.7250290748485651581844990687386598438025e-01
6.5374643364352902352720775525085628032684e-01
5.8312687215080671876421547494828701019287e-01
4.8477228920633036457488174164609517902136e-01
8.3779361060750767720151088724378496408463e-01
6.7791893573021566599123843843699432909489e-01
7.3542315367926935909537178304162807762623e-01
1.2828249165987287705448238739336375147104e-01
5.9857861541940204919143297956907190382481e-01
7.1639978147334837377258054402773268520832e-01
7.9958462576404021326936799596296623349190e-01
8.2345260267927911090879433686495758593082e-01
4.3853773158969150403052594811015296727419e-01
4.7041023190149716670660495765332598239183e-01
6.7473446334295816839699000411201268434525e-01
8.2047596261879496282176660315599292516708e-01
4.7138486109174621008222061391279567033052e-01
5.6332435848390893795567535562440752983093e-01
4.4215115662729531642582969652721658349037e-01
7.2938925510702268262264169607078656554222e-01
6.2913604765247788108695203845854848623276e-01
4.0218989906302754500089235989435110241175e-01
8.3988367253133378032003975022234953939915e-01
7.0449823289821700278423577401554211974144e-01
6.4816191966531677692842094984371215105057e-01
5.1202928090195032329035029761143960058689e-01
2.3213665427758156667437106079887598752975e-01
5.7533351068639504433122056070715188980103e-01
6.4327322327423042125360552745405584573746e-01
8.8675631023270029551497373176971450448036e-01
6.7127354132266292552344566502142697572708e-01
4.9520651815958816044371815223712474107742e-01
7.2418153090941173033456834673415869474411e-01
6.6125659248555224145604825025657191872597e-01
5.8425016424350195709536137655959464609623e-01
5.4042819712862011360954284100444056093693e-01
5.5926447185964500707910929122590459883213e-01
3.7957828061962700649800694918667431920767e-01
7.4867867486344163996392353510600514709949e-01
5.2976745627396026883104696025839075446129e-01
5.1239064287434066269355525946593843400478e-01
7.8688611009290554410000595453311689198017e-01
5.9792052857986177638593972005764953792095e-01
6.7258060378574835436182866033050231635571e-01
6.2809379207542059830871039594057947397232e-01
4.6134946821671740657677673880243673920631e-01
2.2245473897075374036802486443775705993176e-01
3.7742491401696404151877572985540609806776e-01
2.1360610428461557219748101488221436738968e-01
4.6684826866329554029277915105922147631645e-01
2.1922639723768677644244462499045766890049e-01
0.0000000000000000000000000000000000000000e+00
4.2663274003808121515035622905998025089502e-01
1.4838031194191950157268422572087729349732e-01
2.0049713491603943227303830099117476493120e-01
9.5091203786380695817115338286384940147400e-02
3.1996396214437644589523301874578464776278e-01
7.0216138407405787047466105832427274435759e-02
4.7450353203718098615837561737862415611744e-01
3.9717138925948675121091469009115826338530e-01
1.6635599116262604624250087681502918712795e-02
2.0936297067931988746813942725566448643804e-01
4.5321093686517066601027181604877114295959e-01
4.3131049192361858857225342944730073213577e-01
1.2828249165987287705448238739336375147104e-01
2.3213665427758156667437106079887598752975e-01
2.2245473897075374036802486443775705993176e-01
0.0000000000000000000000000000000000000000e+00
3.7742491401696404151877572985540609806776e-01
2.1360610428461557219748101488221436738968e-01
4.6684826866329554029277915105922147631645e-01
2.1922639723768677644244462499045766890049e-01
0.0000000000000000000000000000000000000000e+00
4.2663274003808121515035622905998025089502e-01
1.4838031194191950157268422572087729349732e-01
2.0049713491603943227303830099117476493120e-01
9.5091203786380695817115338286384940147400e-02
3.1996396214437644589523301874578464776278e-01
7.0216138407405787047466105832427274435759e-02
4.7450353203718098615837561737862415611744e-01
3.9717138925948675121091469009115826338530e-01
1.6635599116262604624250087681502918712795e-02
2.0936297067931988746813942725566448643804e-01
4.5321093686517066601027181604877114295959e-01
4.3131049192361858857225342944730073213577e-01
1.2828249165987287705448238739336375147104e-01
2.3213665427758156667437106079887598752975e-01
2.2245473897075374036802486443775705993176e-01
0.0000000000000000000000000000000000000000e+00
0.0000000000000000000000000000000000000000e+00
3.7742491401696404151877572985540609806776e-01
2.1360610428461557219748101488221436738968e-01
4.6684826866329554029277915105922147631645e-01
2.1922639723768677644244462499045766890049e-01
0.0000000000000000000000000000000000000000e+00
4.2663274003808121515035622905998025089502e-01
1.4838031194191950157268422572087729349732e-01
2.0049713491603943227303830099117476493120e-01
9.5091203786380695817115338286384940147400e-02
3.1996396214437644589523301874578464776278e-01
7.0216138407405787047466105832427274435759e-02
4.7450353203718098615837561737862415611744e-01
3.9717138925948675121091469009115826338530e-01
1.6635599116262604624250087681502918712795e-02
2.0936297067931988746813942725566448643804e-01
4.5321093686517066601027181604877114295959e-01
4.3131049192361858857225342944730073213577e-01
1.2828249165987287705448238739336375147104e-01
2.3213665427758156667437106079887598752975e-01
2.2245473897075374036802486443775705993176e-01
0.0000000000000000000000000000000000000000e+00
0.0000000000000000000000000000000000000000e+00
0.0000000000000000000000000000000000000000e+00
5.0325762193598656324411422247067093849182e+01
4.0890696847276828407302673440426588058472e+00
