1
0
23
8.4814729988719828046583870673202909529209e-01
4.0741173989970164148743947407638188451529e-01
5.7463320104971615798206130421021953225136e-01
9.3948206907838605062011083646211773157120e-01
4.0223529366406585161541897832648828625679e-01
7.9349969202366432696749143360648304224014e-01
6.3722061537364782513037653188803233206272e-01
4.5253547582727698950222361418127547949553e-01
8.6708704558366589409956759482156485319138e-01
6.3260175167860066558489506860496476292610e-01
7.4182694038766383570759899157565087080002e-01
9.0994133971777815816928125514095881953835e-02
6.9489667653238629263512393663404509425163e-01
6.9216951300490103804463615233544260263443e-01
5.8961568847712841900943203654605895280838e-01
7.4664203451797794830469001681194640696049e-01
0.0000000000000000000000000000000000000000e+00
8.5601918522435860303687604755396023392677e-01
7.9546649160828541980094996688421815633774e-01
6.7616591527941349859531783295096829533577e-01
5.4063521998334107543371374049456790089607e-01
1.0000000000000000000000000000000000000000e+00
5.4063521998334107543371374049456790089607e-01
9.2261348516481078707585083975573070347309e-01
7.7284619110736252345361663174116984009743e-01
6.6669873080176222934767338301753625273705e-01
5.5397921783837833498154168410110287368298e-01
1.0000000000000000000000000000000000000000e+00
7.1546551709696748488909179286565631628036e-01
5.1848756466949041943337306292960420250893e-01
7.3744776405594469892434972280170768499374e-01
7.3315972666447726258098782636807300150394e-01
6.6062019244256076078158912423532456159592e-01
7.2206967405634681078652192809386178851128e-01
6.4471488657823394774482039792928844690323e-01
6.5838828378759906012618330350960604846478e-01
8.6251028269687557425982049608137458562851e-01
9.1721071899403983085363734062411822378635e-02
7.6146798294378448268560077849542722105980e-01
7.9734206193548695651429625286255031824112e-01
4.8919070103092848755821364647999871522188e-01
5.4187599906138017580303767317673191428185e-01
9.0054498197419607929958829117822460830212e-01
5.4063521998334107543371374049456790089607e-01
7.3698460361467910129107394823222421109676e-01
8.1245888197350701886989554623141884803772e-01
4.8919070103092848755821364647999871522188e-01
8.3991776094666736884875035684672184288502e-01
7.9152517679138933992533111450029537081718e-01
7.4067763794388152831515981233678758144379e-01
9.7635557720435539597048091309261508285999e-01
7.9509878958531898796024961484363302588463e-01
8.7047882752593164212839838000945746898651e-01
8.0613806883932925817504155929782427847385e-01
7.8245606590081562270455606267205439507961e-01
7.7255114402132496476127698770142160356045e-01
4.1843679066471345384670144085248466581106e-01
7.1219588906725250776474922531633637845516e-01
7.1625639466916490860626254288945347070694e-01
6.6389047353288765940249049890553578734398e-01
5.9273578559151496314427731704199686646461e-01
5.3543466922693427889612394210416823625565e-01
7.5717588051697626294611609409912489354610e-01
7.2100920446785021766800127807073295116425e-01
6.9620426603920515518098000029567629098892e-01
8.9718249341123723628044217548449523746967e-01
5.5745512796621743412117666593985632061958e-01
2.6383262952189601158181631035404279828072e-01
7.6050029049826339822004683810519054532051e-01
8.7742666417946768575575333670713007450104e-01
7.4067763794388308262739428755594417452812e-01
7.1076190869645683445554595891735516488552e-01
9.9681074226355070866389951333985663950443e-01
7.4189596888339526259414924425072968006134e-01
7.0992182972608475211018230766057968139648e-01
7.6366709408183197638209094293415546417236e-01
6.0472499984366034908589426777325570583344e-01
8.3359413641539292783022574440110474824905e-01
8.0492847240279497000869923795107752084732e-01
6.0472499984366034908589426777325570583344e-01
7.9082563100260672150909613264957442879677e-01
8.5260874405892606020529456145595759153366e-01
5.5756291849278216687935127993114292621613e-01
6.9201426259867959700500250619370490312576e-01
5.6441335269187697942783188409521244466305e-01
7.9742160252776028706023225822718814015388e-01
7.2770919745436957182249670950113795697689e-01
8.7893672090060737112082733801798895001411e-01
5.7503026807710133638806837552692741155624e-01
6.7532255353110060003274384143878705799580e-01
7.1073107191844553387483074402553029358387e-01
8.1786501776621844950199147206149064004421e-01
5.1414664027824452663395504714571870863438e-01
8.1520994616268160903871375921880826354027e-01
9.0013216127128747867658375980681739747524e-01
9.1204696472108959248714654677314683794975e-01
6.7397170711487530692096470374963246285915e-01
8.7557425564547686214211807964602485299110e-01
7.9901045967529826796749148343224078416824e-01
5.3609982714465875819342954855528660118580e-01
8.3865744387821039573793768795439973473549e-01
6.3537884238784436696789725829148665070534e-01
8.0012288480922477695855832280358299612999e-01
5.9048171599146415111647456797072663903236e-01
8.1141447456424453665846385774784721434116e-01
5.1414664027824452663395504714571870863438e-01
2.5397957915201350986844630597261129878461e-03
8.1733217268289370949219119211193174123764e-01
9.1265753827009032939088228886248543858528e-01
9.1568231301690139467552853602683171629906e-01
6.3260175167860421829857386910589411854744e-01
9.2634029208508472663652355549857020378113e-01
6.4645384641418945914637106398004107177258e-01
7.3046580600655097725848463596776127815247e-01
5.9664146322192268545592241935082711279392e-01
5.7355407521498869005682763599907048046589e-01
7.1493515047725164635039618588052690029144e-01
7.1381001529490939461197740456555038690567e-01
7.8911328105530775811615740167326293885708e-01
1.0000000000000000000000000000000000000000e+00
6.7999285475691806368558900430798530578613e-01
1.5267832308420231646195475150307174772024e-01
7.6378602463518041609802367020165547728539e-01
7.9546649160828486468943765430594794452190e-01
8.6111067023930243369278514364850707352161e-01
8.9965529003799860063850246660877019166946e-01
8.2276563126956014926349780580494552850723e-01
8.0345496720491849096390524209709838032722e-01
8.8715619845652016195458600122947245836258e-01
6.9955640023678489214375986193772405385971e-01
8.4673631497758450326074353142757900059223e-01
8.1953428967506602997872278137947432696819e-01
9.2145692581163840539915099725476466119289e-01
8.0303596014883771303516368789132684469223e-01
8.8523659853028002775232607746147550642490e-01
7.7599695651824718289901738899061456322670e-01
7.8794964483722340631288716394919902086258e-01
6.5511315697973893090733099597855471074581e-01
6.6837888621671670552615296401199884712696e-01
7.3508856084997808988390488593722693622112e-01
9.8329001569980167829498896026052534580231e-01
6.3644012376245984174971681568422354757786e-01
1.0000000000000000000000000000000000000000e+00
7.9427097974433058524823536572512239217758e-01
8.8311344245282752396519754256587475538254e-01
5.5695605518931556865425136493286117911339e-01
7.7070112383053235305396810872480273246765e-01
7.9096376223776143632449020515196025371552e-01
5.4548101958408556910740117018576711416245e-01
7.9096376223776576619428624326246790587902e-01
5.4548101958408556910740117018576711416245e-01
7.3008513273715547331477182524395175278187e-01
6.8905825356693073402425397944170981645584e-01
7.3584328958132416698134647958795540034771e-01
5.4548101958408556910740117018576711416245e-01
8.9012458857921794574963314516935497522354e-01
9.1419709983773567163467532736831344664097e-01
6.0382983912795040737364615779370069503784e-01
5.1180091719862419452624635596293956041336e-01
4.9233729515108393126610053514013998210430e-01
1.0000000000000000000000000000000000000000e+00
8.4724194439542888090954875224269926548004e-01
3.1703739502557853890962746845616493374109e-01
1.0000000000000000000000000000000000000000e+00
6.4846998249183451790145227278117090463638e-01
7.4349697692854888053659578872611746191978e-01
1.0000000000000000000000000000000000000000e+00
5.1414664027824452663395504714571870863438e-01
5.5405209861815851724031745106913149356842e-01
1.0000000000000000000000000000000000000000e+00
8.8244501057332125348864337865961715579033e-01
7.2854926825608146145896171219646930694580e-01
0.0000000000000000000000000000000000000000e+00
7.5386703623671713625498114197398535907269e-01
8.6869872430783678929344659991329535841942e-01
7.5386703623670492380171026525204069912434e-01
7.8947015772723549975609103057649917900562e-01
1.0000000000000000000000000000000000000000e+00
6.1778043035751828426782594760879874229431e-01
8.0269199671241509008723369333893060684204e-01
1.0000000000000000000000000000000000000000e+00
8.4457286366804440458366798338829539716244e-01
9.9123396877576719354863143962575122714043e-01
6.9620426603920282371262828746694140136242e-01
9.3413327988214001074140924174571409821510e-01
7.2619144954877956621430712402798235416412e-01
6.6359083801903040455982818457414396107197e-01
8.6480814589897248012562158692162483930588e-01
8.3150518647070736921733669078093953430653e-01
6.5837085469572886875511130710947327315807e-01
8.6480814589897070376878218667116016149521e-01
4.8220359527827927337284563691355288028717e-01
6.0363292557260739279456629446940496563911e-01
7.5207879312716596764687437826069071888924e-01
6.3732726015848328859902949261595495045185e-01
7.4925695497224020780180353540345095098019e-01
5.0251122397661818208547401809482835233212e-01
9.4610607445334626852684323239373043179512e-01
7.9712155965901487775226996745914220809937e-01
6.2272577764190839566538215876789763569832e-01
7.0819441606948230205631489297957159578800e-01
6.8019396931230102776311241541407071053982e-01
6.1349621055833658544997888384386897087097e-01
9.2300095344057686563843390104011632502079e-01
7.6995003576369025477532659351709298789501e-01
7.1628446232474485277919029613258317112923e-01
9.7910338176328148840354970161570236086845e-01
8.0433097859337954194103303962037898600101e-01
7.0046994413101548726530154453939758241177e-01
7.5744334955428993527704051302862353622913e-01
8.7022695119711046540800225557177327573299e-01
5.0251122397661818208547401809482835233212e-01
5.7463320104971615798206130421021953225136e-01
4.0223529366406585161541897832648828625679e-01
4.5253547582727698950222361418127547949553e-01
9.0994133971777815816928125514095881953835e-02
0.0000000000000000000000000000000000000000e+00
5.4063521998334107543371374049456790089607e-01
5.1848756466949041943337306292960420250893e-01
9.1721071899403983085363734062411822378635e-02
4.8919070103092848755821364647999871522188e-01
4.1843679066471345384670144085248466581106e-01
2.6383262952189601158181631035404279828072e-01
6.0472499984366034908589426777325570583344e-01
5.1414664027824452663395504714571870863438e-01
2.5397957915201350986844630597261129878461e-03
1.5267832308420231646195475150307174772024e-01
6.5511315697973893090733099597855471074581e-01
5.4548101958408556910740117018576711416245e-01
0.0000000000000000000000000000000000000000e+00
4.8220359527827927337284563691355288028717e-01
5.0251122397661818208547401809482835233212e-01
0.0000000000000000000000000000000000000000e+00
5.7463320104971615798206130421021953225136e-01
4.0223529366406585161541897832648828625679e-01
4.5253547582727698950222361418127547949553e-01
9.0994133971777815816928125514095881953835e-02
0.0000000000000000000000000000000000000000e+00
5.4063521998334107543371374049456790089607e-01
5.1848756466949041943337306292960420250893e-01
9.1721071899403983085363734062411822378635e-02
4.8919070103092848755821364647999871522188e-01
4.1843679066471345384670144085248466581106e-01
2.6383262952189601158181631035404279828072e-01
6.0472499984366034908589426777325570583344e-01
5.1414664027824452663395504714571870863438e-01
2.5397957915201350986844630597261129878461e-03
1.5267832308420231646195475150307174772024e-01
6.5511315697973893090733099597855471074581e-01
5.4548101958408556910740117018576711416245e-01
0.0000000000000000000000000000000000000000e+00
4.8220359527827927337284563691355288028717e-01
5.0251122397661818208547401809482835233212e-01
0.0000000000000000000000000000000000000000e+00
0.0000000000000000000000000000000000000000e+00
5.7463320104971615798206130421021953225136e-01
4.0223529366406585161541897832648828625679e-01
4.5253547582727698950222361418127547949553e-01
9.0994133971777815816928125514095881953835e-02
0.0000000000000000000000000000000000000000e+00
5.4063521998334107543371374049456790089607e-01
5.1848756466949041943337306292960420250893e-01
9.1721071899403983085363734062411822378635e-02
4.8919070103092848755821364647999871522188e-01
4.1843679066471345384670144085248466581106e-01
2.6383262952189601158181631035404279828072e-01
6.0472499984366034908589426777325570583344e-01
5.1414664027824452663395504714571870863438e-01
2.5397957915201350986844630597261129878461e-03
1.5267832308420231646195475150307174772024e-01
6.5511315697973893090733099597855471074581e-01
5.4548101958408556910740117018576711416245e-01
0.0000000000000000000000000000000000000000e+00
4.8220359527827927337284563691355288028717e-01
5.0251122397661818208547401809482835233212e-01
0.0000000000000000000000000000000000000000e+00
0.0000000000000000000000000000000000000000e+00
0.0000000000000000000000000000000000000000e+00
7.7403151181588327744975686073303222656250e+01
1.7006219258190005128028587932931259274483e+00
