1
0
23
8.6835599053034795424821368214907124638557e-01
4.0404368993962824774257569515611976385117e-01
5.8048158016841377992989237100118771195412e-01
9.5737043253031461897961662543821148574352e-01
4.1722963477697733170046490158711094409227e-01
8.3122642994297102347900363383814692497253e-01
6.2933817850123230375203320363652892410755e-01
5.0235655978284876610473475011531263589859e-01
8.4695563171192744800208629385451786220074e-01
6.7447468708076141474805353936972096562386e-01
7.5931243251398150562181399436667561531067e-01
1.1460982801349475779240094652777770534158e-01
6.4276488107957874262865516357123851776123e-01
7.7260166136201258169080574589315801858902e-01
5.2798159480240780538906619767658412456512e-01
8.0303631736121328099642369124921970069408e-01
0.0000000000000000000000000000000000000000e+00
8.5818923742147512623290595001890324056149e-01
7.8226175873137870908635704836342483758926e-01
7.1862655068306080519136003204039297997952e-01
5.7025678371081178763546404297812841832638e-01
1.0000000000000000000000000000000000000000e+00
5.7025678371081178763546404297812841832638e-01
9.4874244833473564408876654852065257728100e-01
7.7811263866397284427733893608092330396175e-01
6.7340196163602017431770718758343718945980e-01
5.6902865219030662746746429547783918678761e-01
1.0000000000000000000000000000000000000000e+00
7.2990376332705220185914640751434490084648e-01
5.2553218108949717457534234199556522071362e-01
7.2328139544144576245088273935834877192974e-01
7.0237708988575653368258144837454892694950e-01
6.2254813232788630550373909500194713473320e-01
7.1998100034085077414403031070833094418049e-01
6.0281682721199314478610631340416148304939e-01
6.1475765264002046883717866876395419239998e-01
8.3602351151318587962890660492121241986752e-01
3.9546928774428877217950173417193582281470e-02
7.2705932415826235448719216947210952639580e-01
7.8025280899318583127666215659701265394688e-01
5.0235655978284876610473475011531263589859e-01
5.4604199450859125519741610332857817411423e-01
9.6728132213177175913187966216355562210083e-01
5.7025678371081178763546404297812841832638e-01
7.7910540134113703825136099112569354474545e-01
8.0288737850500535575548610722762532532215e-01
5.0235655978284876610473475011531263589859e-01
8.4758619695288384132680903348955325782299e-01
7.5840061006739278859356545581249520182610e-01
7.2130632245356929299617831929936073720455e-01
1.0000000000000000000000000000000000000000e+00
7.4749049311613890989036690370994620025158e-01
8.9160982948388844970821764945867471396923e-01
7.7958041405808053969650472936336882412434e-01
7.7108652726682780365052849447238259017467e-01
8.1930630917746138930368715591612271964550e-01
4.0628020472948050967332278560206759721041e-01
7.2390556303239028679286093392875045537949e-01
6.9107090697062401041250723210396245121956e-01
6.6620505892459958019458099442999809980392e-01
5.8787322209187775623462357543758116662502e-01
5.4685362807467796653071445689420215785503e-01
7.2915471053173808169134417767054401338100e-01
6.9825950909888800932634467244497500360012e-01
6.9107090697062401041250723210396245121956e-01
8.8646631835319178449594801350031048059464e-01
5.4896323030335580916982962662586942315102e-01
2.4440911936114195768254830909427255392075e-01
7.8712593903522631855196323158452287316322e-01
9.0808920626451583579807902424363419413567e-01
7.9811203575507949636858029407449066638947e-01
6.8032272142235350465000465192133560776711e-01
1.0000000000000000000000000000000000000000e+00
7.5971943929226670721988057266571559011936e-01
7.0843205740893144817249549305415712296963e-01
7.9925535923745416599928148571052588522434e-01
6.3369867827731973797256159741664305329323e-01
8.3178617758768669254720862227259203791618e-01
8.2141759187994700663892899683560244739056e-01
6.3369867827731973797256159741664305329323e-01
7.8609620955076819903695195534965023398399e-01
8.9357159813053577135377736340160481631756e-01
5.4497060105009720309965359774651005864143e-01
6.7967189437854313993625510192941874265671e-01
5.0183196716880185128673019789857789874077e-01
8.1603343072932288393417366023641079664230e-01
7.4344281602265149810904176774783991277218e-01
8.0850737061363320279383515298832207918167e-01
6.3565338672368942862789253922528587281704e-01
6.4689093065255476311392612842610105872154e-01
6.9822975087622496381811743049183860421181e-01
8.3514786957958830893034019027254544198513e-01
5.0183196716880185128673019789857789874077e-01
7.8275839557248017008816987072350457310677e-01
8.8716388263772794076089667214546352624893e-01
8.8393086039906632045415335596771910786629e-01
5.9423211039409051803517058942816220223904e-01
8.6149246923783628915316512575373053550720e-01
7.8233823488940235080235652276314795017242e-01
5.2553218108949717457534234199556522071362e-01
8.1514257714215021533021854338585399091244e-01
6.5064253531246918349495444999774917960167e-01
7.8017208477886912376675354607868939638138e-01
5.4896323030335658632594686423544771969318e-01
7.9670827753416717520451584277907386422157e-01
5.0183196716880185128673019789857789874077e-01
0.0000000000000000000000000000000000000000e+00
8.5608397740584285529052976926323026418686e-01
9.0366410240712136126006726044579409062862e-01
9.0111638928823112326682576167513616383076e-01
5.9268824916286722004343801017967052757740e-01
1.0000000000000000000000000000000000000000e+00
6.5122644256257466999215921532595530152321e-01
7.1467574110092246808534355295705609023571e-01
6.2869443524506463116807708502165041863918e-01
6.3168962571395326222045696340501308441162e-01
7.1041245220665771853418846148997545242310e-01
6.6161067105771287355509002736653201282024e-01
7.5218352208006655779115590121364220976830e-01
1.0000000000000000000000000000000000000000e+00
6.3423207861575248145413752354215830564499e-01
1.6547422929678903824601832184271188452840e-01
7.7311666492495789704264552710810676217079e-01
7.8564475757144003331688963953638449311256e-01
9.0632980325780487795839235332095995545387e-01
9.0515705567994164670864165600505657494068e-01
7.9409627737630850141670180164510384202003e-01
8.1540922235321122713003205717541277408600e-01
9.3223461740152735455211541193420998752117e-01
6.9218122200481024819396225211676210165024e-01
8.6866723315740901334436330216703936457634e-01
8.5223633326011172250957770302193239331245e-01
9.0632980325780398977997265319572761654854e-01
8.0721458168133020105727837290032766759396e-01
8.9138307137055883266896216809982433915138e-01
7.5189600925003130527102257474325597286224e-01
7.8648385542698728833954646688653156161308e-01
6.6633169188223495549294739248580299317837e-01
6.5654400849702521103523622514330781996250e-01
7.2508770779850584276005065476056188344955e-01
1.0000000000000000000000000000000000000000e+00
6.1479371976910857089393402929999865591526e-01
9.9578813348063932586740065744379535317421e-01
7.9488351628862052855595266009913757443428e-01
8.4710110017090300971176475286483764648438e-01
5.3854886767324394725164893316105008125305e-01
7.4100416507974298241379074170254170894623e-01
8.1735676250043753920948574887006543576717e-01
5.3854886767324394725164893316105008125305e-01
8.3724542005486113360746003309031948447227e-01
5.4876438537330551881154860893730074167252e-01
6.6511806295450526249624090269207954406738e-01
6.6818999338157292200435222184751182794571e-01
7.4756095401032596203805269396980293095112e-01
5.3854886767324394725164893316105008125305e-01
8.9728954475218380970602538582170382142067e-01
9.1406911511036081918746276642195880413055e-01
5.8558260504978476568282985681435093283653e-01
5.4473160087405902984869499050546437501907e-01
4.9234329018424505264306390017736703157425e-01
1.0000000000000000000000000000000000000000e+00
8.2224493426707234711159344442421570420265e-01
2.6350207716639606481123792036669328808784e-01
1.0000000000000000000000000000000000000000e+00
6.0283138653159351605381743866018950939178e-01
7.1758509250020197089980911187012679874897e-01
1.0000000000000000000000000000000000000000e+00
5.0183196716880185128673019789857789874077e-01
5.6102020515196437955296460131648927927017e-01
1.0000000000000000000000000000000000000000e+00
8.9449039030597443655778988613747060298920e-01
6.8278863862786964844531212293077260255814e-01
0.0000000000000000000000000000000000000000e+00
7.3812003964619432583305069783818908035755e-01
8.8660710493117356190140299077029339969158e-01
7.6090174875845295598963957672822289168835e-01
7.9047127163477615141573551227338612079620e-01
1.0000000000000000000000000000000000000000e+00
6.1618529738582472621288843583897687494755e-01
7.9047127163477615141573551227338612079620e-01
9.9633591955687572649935646040830761194229e-01
8.2831771523623687336623788723954930901527e-01
1.0000000000000000000000000000000000000000e+00
6.9154442776458746600098947965307161211967e-01
9.7309555400394665003460659136180765926838e-01
7.0621703366101384879982560960343107581139e-01
6.6222320574158055617175477891578339040279e-01
8.6076624809528978765627016400685533881187e-01
8.4587624617147771921565890806959941983223e-01
6.5573532865812078629375037053250707685947e-01
8.6076624809528978765627016400685533881187e-01
4.7928360725103447137485090934205800294876e-01
5.8048158016841377992989237100118771195412e-01
6.9611802232539332635496975854039192199707e-01
6.2933817850123230375203320363652892410755e-01
7.3575667974961378448028881393838673830032e-01
4.5737064464224497228883592470083385705948e-01
9.3876678991734319179585099846008233726025e-01
7.5444677540147031535866517515387386083603e-01
5.8048158016841600037594162131426855921745e-01
7.0050385383271251971137871805694885551929e-01
6.5243818768138517327770387055352330207825e-01
5.8799843895590664377692746711545623838902e-01
9.1399928111608252923048212323919869959354e-01
7.8609620955076331405564360466087237000465e-01
6.8924179316171674258839630056172609329224e-01
9.3562235992478481882983487594174221158028e-01
7.8523240780786873749264032085193321108818e-01
6.7539381733473835556225139953312464058399e-01
7.4000907632758650134263689324143342673779e-01
8.4898517469250533995506202700198628008366e-01
4.5737064464224497228883592470083385705948e-01
5.8048158016841377992989237100118771195412e-01
4.1722963477697733170046490158711094409227e-01
5.0235655978284876610473475011531263589859e-01
1.1460982801349475779240094652777770534158e-01
0.0000000000000000000000000000000000000000e+00
5.7025678371081178763546404297812841832638e-01
5.2553218108949717457534234199556522071362e-01
3.9546928774428877217950173417193582281470e-02
5.0235655978284876610473475011531263589859e-01
4.0628020472948050967332278560206759721041e-01
2.4440911936114195768254830909427255392075e-01
6.3369867827731973797256159741664305329323e-01
5.0183196716880185128673019789857789874077e-01
0.0000000000000000000000000000000000000000e+00
1.6547422929678903824601832184271188452840e-01
6.6633169188223495549294739248580299317837e-01
5.3854886767324394725164893316105008125305e-01
0.0000000000000000000000000000000000000000e+00
4.7928360725103447137485090934205800294876e-01
4.5737064464224497228883592470083385705948e-01
0.0000000000000000000000000000000000000000e+00
5.8048158016841377992989237100118771195412e-01
4.1722963477697733170046490158711094409227e-01
5.0235655978284876610473475011531263589859e-01
1.1460982801349475779240094652777770534158e-01
0.0000000000000000000000000000000000000000e+00
5.7025678371081178763546404297812841832638e-01
5.2553218108949717457534234199556522071362e-01
3.9546928774428877217950173417193582281470e-02
5.0235655978284876610473475011531263589859e-01
4.0628020472948050967332278560206759721041e-01
2.4440911936114195768254830909427255392075e-01
6.3369867827731973797256159741664305329323e-01
5.0183196716880185128673019789857789874077e-01
0.0000000000000000000000000000000000000000e+00
1.6547422929678903824601832184271188452840e-01
6.6633169188223495549294739248580299317837e-01
5.3854886767324394725164893316105008125305e-01
0.0000000000000000000000000000000000000000e+00
4.7928360725103447137485090934205800294876e-01
4.5737064464224497228883592470083385705948e-01
0.0000000000000000000000000000000000000000e+00
0.0000000000000000000000000000000000000000e+00
5.8048158016841377992989237100118771195412e-01
4.1722963477697733170046490158711094409227e-01
5.0235655978284876610473475011531263589859e-01
1.1460982801349475779240094652777770534158e-01
0.0000000000000000000000000000000000000000e+00
5.7025678371081178763546404297812841832638e-01
5.2553218108949717457534234199556522071362e-01
3.9546928774428877217950173417193582281470e-02
5.0235655978284876610473475011531263589859e-01
4.0628020472948050967332278560206759721041e-01
2.4440911936114195768254830909427255392075e-01
6.3369867827731973797256159741664305329323e-01
5.0183196716880185128673019789857789874077e-01
0.0000000000000000000000000000000000000000e+00
1.6547422929678903824601832184271188452840e-01
6.6633169188223495549294739248580299317837e-01
5.3854886767324394725164893316105008125305e-01
0.0000000000000000000000000000000000000000e+00
4.7928360725103447137485090934205800294876e-01
4.5737064464224497228883592470083385705948e-01
0.0000000000000000000000000000000000000000e+00
0.0000000000000000000000000000000000000000e+00
0.0000000000000000000000000000000000000000e+00
7.7336030728674060696903325151652097702026e+01
1.6621352748323665604601728773559443652630e+00
