1
0
23
8.6197764237380891660933457387727685272694e-01
4.0425890572033107428495668500545434653759e-01
5.7966549452267357445123252546181902289391e-01
9.4123295693064357170243283690069802105427e-01
4.0803175376768796578375031458563171327114e-01
8.1858310478281703925773626906448043882847e-01
6.2188714689846003036421961951418779790401e-01
4.9600725587899430202298844960751011967659e-01
8.5804419031093637215690250741317868232727e-01
6.4599288067288462844572904941742308437824e-01
7.4969934876597899009453840335481800138950e-01
9.7191373947927525711598661928292131051421e-02
6.4253056728571500411106853789533488452435e-01
7.8486736382309763015996395552065223455429e-01
5.5026879355743418820168244565138593316078e-01
7.6361242744580792862763019002159126102924e-01
0.0000000000000000000000000000000000000000e+00
8.5499702215078809963699768559308722615242e-01
7.8434897075768184038224717369303107261658e-01
7.0602013493777759922664927216828800737858e-01
5.5529751638198832086601441915263421833515e-01
1.0000000000000000000000000000000000000000e+00
5.5529751638198832086601441915263421833515e-01
9.3781135869209575339766615797998383641243e-01
7.7661581615005703671528181075700558722019e-01
6.6230393172990698058555381066980771720409e-01
5.5264398416916049594505011555156670510769e-01
9.8444727762575634510966438028845004737377e-01
7.2830739872534822065830439896672032773495e-01
5.2316607533056536105675604630960151553154e-01
7.3003836262956300906523665616987273097038e-01
7.1412779994937014560463239831733517348766e-01
6.4920356616559349305362047743983566761017e-01
7.3154860075964034393791735055856406688690e-01
6.0364158666132661235081968698068521916866e-01
6.0849376135907862206408935890067368745804e-01
8.3793866175356190861833738381392322480679e-01
5.4324296230179015820827004290549666620791e-02
7.2196502544912510845875885934219695627689e-01
7.8780006799261048655580452759750187397003e-01
4.9600725587899430202298844960751011967659e-01
5.2507521309787685837022763735149055719376e-01
9.2297171175058012604353052665828727185726e-01
5.5529751638198832086601441915263421833515e-01
7.5039005515116197209124493383569642901421e-01
8.1262849421197691501816962045268155634403e-01
4.9600725587899430202298844960751011967659e-01
8.5320414572195546476507388433674350380898e-01
7.7661581615006447520954679930582642555237e-01
7.2781161305765085245411682990379631519318e-01
1.0000000000000000000000000000000000000000e+00
7.5986339428792792904943098619696684181690e-01
8.9315174958795173765224717499222606420517e-01
7.8756376820585205500435677095083519816399e-01
7.6889201326567013783375159619026817381382e-01
7.7903756628024878327920532683492638170719e-01
4.1754017557008415995056793690309859812260e-01
7.0678761203607765040146659885067492723465e-01
6.9205283562373298700265422667143866419792e-01
6.6371201708626970106053022391279228031635e-01
5.8011647458142079347709341163863427937031e-01
5.2915324334277047402252946994849480688572e-01
7.3297093890817888173216942959697917103767e-01
6.9886168479743882020471801297389902174473e-01
6.8512941380601599661304135224781930446625e-01
8.7548208043253972210351321336929686367512e-01
5.4453285396198003454060199146624654531479e-01
2.3178786108769347529268145535752410069108e-01
7.7701617849838788831817737445817328989506e-01
9.0238800405196895049186878168256953358650e-01
8.0218835664625709469532921502832323312759e-01
7.0622636831970220239185209720744751393795e-01
1.0000000000000000000000000000000000000000e+00
7.6496476997745677106621542407083325088024e-01
7.1296755901633068752687449887162074446678e-01
7.9141383248885510681702726287767291069031e-01
6.3677293098787401959270937368273735046387e-01
8.4034509414220293077590895336470566689968e-01
8.1036540110735810760189679058385081589222e-01
6.3677293098787401959270937368273735046387e-01
7.8052158744476096696729428003891371190548e-01
8.7420289606817380700931607862003147602081e-01
5.4150770591464580938634298945544287562370e-01
6.7175168220122527529269973456393927335739e-01
5.0166740001421306072160177791374735534191e-01
8.1363863911991762822850660086260177195072e-01
7.3055385153882246296319635803229175508022e-01
8.3793866175356057635070783362607471644878e-01
5.7554612724115017385884129907935857772827e-01
6.7871236237453214101833509630523622035980e-01
6.9007638580180830079058296178118325769901e-01
8.2982369746122996989612374818534590303898e-01
5.0166740001421306072160177791374735534191e-01
7.9583360223666632649042185221333056688309e-01
8.7093423408312209410553350608097389340401e-01
8.9053500515956252048255237241392023861408e-01
6.1984413532389126544330792967230081558228e-01
8.4959446963784024386967530517722479999065e-01
7.7435800751100414274219474464189261198044e-01
5.2316607533056536105675604630960151553154e-01
8.1441519694811304042048050177982077002525e-01
6.0983754590459104960586955712642520666122e-01
7.7800267125068234275175882430630736052990e-01
5.5477440972969094268307799211470410227776e-01
8.1300790796507527158354378116200678050518e-01
5.0166740001421306072160177791374735534191e-01
0.0000000000000000000000000000000000000000e+00
8.4118096668616193500866984322783537209034e-01
8.9240616671489636502201392431743443012238e-01
8.9240616671489636502201392431743443012238e-01
6.1175356991988694144168903221725486218929e-01
9.8624647833869050206345718834199942648411e-01
6.4143901109501033630522215389646589756012e-01
7.0927460419651655598727302276529371738434e-01
6.3071013025028266341109883796889334917068e-01
6.1552938537318058198621884002932347357273e-01
6.9776005843695310115748497992171905934811e-01
6.6359747280354230980492502567358314990997e-01
7.6159306531650217131357294420013204216957e-01
1.0000000000000000000000000000000000000000e+00
6.2348474795667341297189523174893110990524e-01
1.4929676274865177898476531481719575822353e-01
7.6444959421588543069248089523171074688435e-01
7.8576424501016195467428815391031093895435e-01
8.9473576374227847818332293172716163098812e-01
8.9519344014500357165076138699078001081944e-01
8.0488370416843391108585592519375495612621e-01
8.1363863911991762822850660086260177195072e-01
9.1658763987794822369892244751099497079849e-01
6.7894029288553614520651535713113844394684e-01
8.4034509414220925904714931675698608160019e-01
8.4034509414220293077590895336470566689968e-01
9.0368508566855521024763220339082181453705e-01
8.1146721264519128258285718402476049959660e-01
8.8138922577629541521559985994827002286911e-01
7.5093311273767371361032019194681197404861e-01
7.8576424501016195467428815391031093895435e-01
6.6764399369208360379701616693637333810329e-01
6.6474904653251820629833446218981407582760e-01
7.2811571180489809140823354027816094458103e-01
1.0000000000000000000000000000000000000000e+00
6.1777919396151170783326733726426027715206e-01
1.0000000000000000000000000000000000000000e+00
8.0212015499416933206333624184480868279934e-01
8.6059962219639307701157804331160150468349e-01
5.4036839756926746680676387768471613526344e-01
7.4488204836387283958032412556349299848080e-01
8.1537116503896489572156269787228666245937e-01
5.4036839756926746680676387768471613526344e-01
8.1537116503896489572156269787228666245937e-01
5.4036839756926746680676387768471613526344e-01
6.8642399568448331237391357717569917440414e-01
6.7817206337656588122086986913927830755711e-01
7.4136672184970608956433579805889166891575e-01
5.4036839756926746680676387768471613526344e-01
9.0688137834324666908258905095863156020641e-01
9.2833850087082947499794727264088578522205e-01
5.9461471563012391339242412868770770728588e-01
5.3221542545051336858819013286847621202469e-01
4.6428857829447267580036395884235389530659e-01
1.0000000000000000000000000000000000000000e+00
8.5053297029101215809276936852256767451763e-01
2.8219942961250943369577726116403937339783e-01
1.0000000000000000000000000000000000000000e+00
6.3276665649004970592983454480418004095554e-01
7.2046454259253256413586541384574957191944e-01
1.0000000000000000000000000000000000000000e+00
5.0166740001421306072160177791374735534191e-01
5.7227470524645140947939125908305868506432e-01
1.0000000000000000000000000000000000000000e+00
9.0703462992113526031090486867469735443592e-01
7.2046454259251313523293447360629215836525e-01
0.0000000000000000000000000000000000000000e+00
7.3790909846252428216928365145577117800713e-01
8.7652319975448211852864233151194639503956e-01
7.5595301197547282168187621209654025733471e-01
7.9324585628432153772138235581223852932453e-01
1.0000000000000000000000000000000000000000e+00
6.0929962795438441514050964542548172175884e-01
7.9324585628432153772138235581223852932453e-01
9.9413379710298621638742133654886856675148e-01
8.3699272579930161786165854209684766829014e-01
1.0000000000000000000000000000000000000000e+00
6.8512941380601599661304135224781930446625e-01
9.5839764502533175694054534687893465161324e-01
7.1190638698312669330192647976218722760677e-01
6.6194732653247179143818357260897755622864e-01
8.8049413416775135221570280918967910110950e-01
8.3623467103996595994885865366086363792419e-01
6.6594455371343941330053439742187038064003e-01
8.8049413416777411178770762489875778555870e-01
5.0480313027564549521741810167441144585609e-01
5.8946920321856821622930056037148460745811e-01
7.1992314322105954715880216099321842193604e-01
6.5698551620790468508204185127397067844868e-01
7.3635031752137014571246709238039329648018e-01
4.6787481594349916713682091540249530225992e-01
9.2783152455908424194319650268880650401115e-01
7.7151227290046575646442761353682726621628e-01
5.8946920321856821622930056037148460745811e-01
6.8836206066728022889833482622634619474411e-01
6.6600122359643454394984019018011167645454e-01
5.9021369429740877521339825761970132589340e-01
9.2505203495182997119883339109946973621845e-01
7.6808234558921506529571843202575109899044e-01
7.0546252667072451014718126316438429057598e-01
9.4479010576714106406370774493552744388580e-01
7.8576424501016195467428815391031093895435e-01
6.7874420975422866675330624275375157594681e-01
7.6714412407240861746515747654484584927559e-01
8.6161303893746299387146336812293156981468e-01
4.6787481594349916713682091540249530225992e-01
5.7966549452267357445123252546181902289391e-01
4.0803175376768796578375031458563171327114e-01
4.9600725587899430202298844960751011967659e-01
9.7191373947927525711598661928292131051421e-02
0.0000000000000000000000000000000000000000e+00
5.5529751638198832086601441915263421833515e-01
5.2316607533056536105675604630960151553154e-01
5.4324296230179015820827004290549666620791e-02
4.9600725587899430202298844960751011967659e-01
4.1754017557008415995056793690309859812260e-01
2.3178786108769347529268145535752410069108e-01
6.3677293098787401959270937368273735046387e-01
5.0166740001421306072160177791374735534191e-01
0.0000000000000000000000000000000000000000e+00
1.4929676274865177898476531481719575822353e-01
6.6764399369208360379701616693637333810329e-01
5.4036839756926746680676387768471613526344e-01
0.0000000000000000000000000000000000000000e+00
5.0480313027564549521741810167441144585609e-01
4.6787481594349916713682091540249530225992e-01
0.0000000000000000000000000000000000000000e+00
5.7966549452267357445123252546181902289391e-01
4.0803175376768796578375031458563171327114e-01
4.9600725587899430202298844960751011967659e-01
9.7191373947927525711598661928292131051421e-02
0.0000000000000000000000000000000000000000e+00
5.5529751638198832086601441915263421833515e-01
5.2316607533056536105675604630960151553154e-01
5.4324296230179015820827004290549666620791e-02
4.9600725587899430202298844960751011967659e-01
4.1754017557008415995056793690309859812260e-01
2.3178786108769347529268145535752410069108e-01
6.3677293098787401959270937368273735046387e-01
5.0166740001421306072160177791374735534191e-01
0.0000000000000000000000000000000000000000e+00
1.4929676274865177898476531481719575822353e-01
6.6764399369208360379701616693637333810329e-01
5.4036839756926746680676387768471613526344e-01
0.0000000000000000000000000000000000000000e+00
5.0480313027564549521741810167441144585609e-01
4.6787481594349916713682091540249530225992e-01
0.0000000000000000000000000000000000000000e+00
0.0000000000000000000000000000000000000000e+00
5.7966549452267357445123252546181902289391e-01
4.0803175376768796578375031458563171327114e-01
4.9600725587899430202298844960751011967659e-01
9.7191373947927525711598661928292131051421e-02
0.0000000000000000000000000000000000000000e+00
5.5529751638198832086601441915263421833515e-01
5.2316607533056536105675604630960151553154e-01
5.4324296230179015820827004290549666620791e-02
4.9600725587899430202298844960751011967659e-01
4.1754017557008415995056793690309859812260e-01
2.3178786108769347529268145535752410069108e-01
6.3677293098787401959270937368273735046387e-01
5.0166740001421306072160177791374735534191e-01
0.0000000000000000000000000000000000000000e+00
1.4929676274865177898476531481719575822353e-01
6.6764399369208360379701616693637333810329e-01
5.4036839756926746680676387768471613526344e-01
0.0000000000000000000000000000000000000000e+00
5.0480313027564549521741810167441144585609e-01
4.6787481594349916713682091540249530225992e-01
0.0000000000000000000000000000000000000000e+00
0.0000000000000000000000000000000000000000e+00
0.0000000000000000000000000000000000000000e+00
7.8157721744846682554452854674309492111206e+01
1.6746035459276007451023815519874915480614e+00
