1
0
23
7.8319234921161628992791747805313207209110e-01
4.2051972954155653061647512913623359054327e-01
5.8315893963773091090985190021456219255924e-01
9.3400851619574243311916461607324890792370e-01
4.0391028339649270861855256953276693820953e-01
7.5318373375413028014691008138470351696014e-01
6.4634692226942291881641722284257411956787e-01
4.5305435037827856969983031376614235341549e-01
8.7599118702779266154578863279311917722225e-01
6.8580215210860140384596661533578298985958e-01
7.5296117227292025386731211256119422614574e-01
1.2233920563882033638591906310466583818197e-01
6.9553306238442047515491140075027942657471e-01
6.3973827767240609709631371515570208430290e-01
5.4157697403496440902159747565747238695621e-01
7.4193968586785374874637000175425782799721e-01
0.0000000000000000000000000000000000000000e+00
8.5703078697826928777914190504816360771656e-01
8.0732825680480579944031660488690249621868e-01
7.0498160642666929387445406973711214959621e-01
5.5323583145674737338026716315653175115585e-01
1.0000000000000000000000000000000000000000e+00
5.5323583145674737338026716315653175115585e-01
8.7556844328670013766213742201216518878937e-01
7.5920148708701551409916419288492761552334e-01
6.9516394249627688761705712749972008168697e-01
6.0273256063272218074899910789099521934986e-01
1.0000000000000000000000000000000000000000e+00
6.9660965397326823911328119720565155148506e-01
5.4184418931065780888900462741730734705925e-01
7.3219799360222104223083761098678223788738e-01
7.7453042068610067349965220273588784039021e-01
6.8822263425344631926350302819628268480301e-01
7.7428161958243024720616176637122407555580e-01
7.1455338196448092702439680579118430614471e-01
7.2969239125420348734962772141443565487862e-01
8.7203507219633424885074646226712502539158e-01
1.4905907069314355828382190338743384927511e-01
7.7540087330855611558177997721941210329533e-01
8.8673165383171426157105088350363075733185e-01
5.2401044500189097874454091652296483516693e-01
6.2590103444470446270031516178278252482414e-01
8.1793460152082675396201238982030190527439e-01
5.7971421724835536792852508369833230972290e-01
7.6478910955955037298537035894696600735188e-01
8.3550023765949932297303348605055361986160e-01
5.2367644132062485251566386068589054048061e-01
8.5133309596546880015921487938612699508667e-01
8.1152825767116743005402668131864629685879e-01
7.7800268044676490486466491347528062760830e-01
1.0000000000000000000000000000000000000000e+00
8.1475655269980984396482881493284367024899e-01
8.8588075245494535270296410089940764009953e-01
8.3335489185966737935018500138539820909500e-01
7.9337433992094319457066831091651692986488e-01
8.9362007064010662293895848051761277019978e-01
4.4157729036747411788255135434155818074942e-01
7.2304845010687912587599157632212154567242e-01
7.7453042068610067349965220273588784039021e-01
6.8796167413595243900203968223650008440018e-01
6.2336781971583732353536788650671951472759e-01
5.4874046556564082255391667786170728504658e-01
7.6947108929630692042422879239893518388271e-01
7.6748831293168962019990431144833564758301e-01
6.9911525632128834750744772463804110884666e-01
9.4048595269346080272043764125555753707886e-01
5.9592904923053402477250983793055638670921e-01
3.1483505741740724914734528283588588237762e-01
7.5318373375413028014691008138470351696014e-01
8.3053186933583078577214564575115218758583e-01
7.4789968683356855549959618656430393457413e-01
7.8381191546396988822920093298307619988918e-01
9.8671874830648609311367636109935119748116e-01
7.7626020579467314153276902288780547678471e-01
7.3856622800389781779983877640916034579277e-01
7.5652717522744528100275829274323768913746e-01
6.3622270989750573377818909648340195417404e-01
8.7377692492267022839058654426480643451214e-01
8.5515107664800482645262036385247483849525e-01
6.1665557502762669006557416651048697531223e-01
8.0495614360268963327627034232136793434620e-01
8.5347236379619528801043770727119408547878e-01
5.9829836062882857383726786792976781725883e-01
7.0049180609402073027780488700955174863338e-01
5.8429328904552790824311614414909854531288e-01
8.0666733167756565769934695708798244595528e-01
7.4745036072404702487403937993803992867470e-01
9.5405031470994205999858195355045609176159e-01
6.1174952707545215968565344155649654567242e-01
7.2134196282165352620552312146173790097237e-01
8.0495614360268574749568415427347645163536e-01
8.8108770698913385643891160725615918636322e-01
5.8429328904552790824311614414909854531288e-01
7.9130206635697031281040381145430728793144e-01
9.2801053755932805255923767617787234485149e-01
9.2079498700573592095963704196037724614143e-01
7.7262152272157891275128349661827087402344e-01
8.9524460945545847323501220671460032463074e-01
8.0117178053810766957809619270847178995609e-01
5.9085009365535878789188473092508502304554e-01
8.6273061710520548839298271559528075158596e-01
6.8094213365625411160664270937559194862843e-01
7.9091890966158284737019812382641248404980e-01
6.3676305188519599642660296012763865292072e-01
8.0641257588137849054987782437819987535477e-01
5.8850974172816461482682370842667296528816e-01
0.0000000000000000000000000000000000000000e+00
8.4721095033102711280292851370177231729031e-01
9.4257413754346830447872207514592446386814e-01
9.7427216983196174293624380879919044673443e-01
6.5784480757596508482265562633983790874481e-01
9.6149439129733993425475091498810797929764e-01
6.5536627974635519588986198868951760232449e-01
7.5920148708701551409916419288492761552334e-01
6.4467727668580987465674070335808210074902e-01
6.2205709588362534390171276754699647426605e-01
7.4053634317619565496926270498079247772694e-01
7.5920148708701551409916419288492761552334e-01
8.0860494140811767227461359652807004749775e-01
1.0000000000000000000000000000000000000000e+00
6.9405987492280685202672430023085325956345e-01
1.7514540775347636758496605580148752778769e-01
7.6115088205082459538175498892087489366531e-01
7.6659555133005408134039271317305974662304e-01
8.2704460589627282196545365877682343125343e-01
9.0730953521753099355606764220283366739750e-01
8.2335813402723556642115454451413825154305e-01
8.1731528189795177308241136415745131671429e-01
8.7962004946307037478447909961687400937080e-01
7.3002215888138000110529901576228439807892e-01
8.8206906430794873585909954272210597991943e-01
8.3094840655199841972233798514935187995434e-01
9.0730953521753210377909226735937409102917e-01
8.0860494140811767227461359652807004749775e-01
9.0250244700478921000552645637071691453457e-01
7.9478752120991447149833675211993977427483e-01
7.8269755672820029435143851515022106468678e-01
6.2972261896496717348270522052189335227013e-01
6.8793903146476131915676432981854304671288e-01
7.4378159757273332175486757478211075067520e-01
1.0000000000000000000000000000000000000000e+00
6.6049730206209278371431992127327248454094e-01
1.0000000000000000000000000000000000000000e+00
8.1343648328532092151021970494184643030167e-01
9.1465511780442987355144168759579770267010e-01
6.0127388057112696184702826940338127315044e-01
8.5318302342732188492391287581995129585266e-01
8.0628562123938285477464660289115272462368e-01
5.8429328904552790824311614414909854531288e-01
8.2756866971067699623176849854644387960434e-01
5.8429328904552790824311614414909854531288e-01
7.4001896790064192188651759352069348096848e-01
7.1907997465998352293325979189830832183361e-01
7.5556589067149304561610279051819816231728e-01
5.8429328904552790824311614414909854531288e-01
8.7599118702778566714073349430691450834274e-01
9.5202596449845600101724585329066030681133e-01
6.5076812346849666202075468390830792486668e-01
6.0916476691386600705868659133557230234146e-01
5.8891200433206569719857270683860406279564e-01
1.0000000000000000000000000000000000000000e+00
8.5274973111998808583678055583732202649117e-01
3.5967819024013114592719375650631263852119e-01
1.0000000000000000000000000000000000000000e+00
6.7625112110612228821793223687564022839069e-01
7.7690273120476671664391687954775989055634e-01
1.0000000000000000000000000000000000000000e+00
5.8429328904552790824311614414909854531288e-01
6.2786548960519072970498655195115134119987e-01
1.0000000000000000000000000000000000000000e+00
8.9910124181984274471801654726732522249222e-01
7.7217720806408673972498490911675617098808e-01
0.0000000000000000000000000000000000000000e+00
8.0480202375919052126818087344872765243053e-01
8.7474083501984156718833673949120566248894e-01
7.5783360293436885513074230402708053588867e-01
8.3398419600172879473376497116987593472004e-01
1.0000000000000000000000000000000000000000e+00
6.6496248071770225340770821276237256824970e-01
8.3233654221981778764671844328404404222965e-01
1.0000000000000000000000000000000000000000e+00
8.0480202375919052126818087344872765243053e-01
9.6008771501384881918994551597279496490955e-01
7.4324468054413861395346430072095245122910e-01
9.4232097575549056411858828141703270375729e-01
7.9619082768819782192082357141771353781223e-01
6.4751255536666263434852908176253549754620e-01
8.4455623943388313801250433243694715201855e-01
8.4042559194437782554842897297930903732777e-01
7.3529013944059018470511546183843165636063e-01
8.9961978386514096506232363026356324553490e-01
4.3390767672087543482817295625864062458277e-01
6.3259398044833303753620157294790260493755e-01
7.6659555133005263805046070046955719590187e-01
6.8556630441822330457313228180282749235630e-01
7.4316519354883991965721179440151900053024e-01
4.8381664661296980289861835444753523916006e-01
9.4493452370234543025162565754726529121399e-01
8.0748723532197685948119669774314388632774e-01
6.8651292847702161115108765443437732756138e-01
7.6071034231580547668727376731112599372864e-01
6.8798257857174471840977503234171308577061e-01
6.3259398044833303753620157294790260493755e-01
9.6552225825778514867181456793332472443581e-01
8.0495614360267842002372162824030965566635e-01
7.4165274121573021570696937487809918820858e-01
9.4661300880276455504969135290593840181828e-01
8.4179183944531321692750225338386371731758e-01
7.2902636644110707653254621618543751537800e-01
7.4265585365044695098646343467407859861851e-01
8.2604508610648386124353237391915172338486e-01
4.8381664661296980289861835444753523916006e-01
5.8315893963773091090985190021456219255924e-01
4.0391028339649270861855256953276693820953e-01
4.5305435037827856969983031376614235341549e-01
1.2233920563882033638591906310466583818197e-01
0.0000000000000000000000000000000000000000e+00
5.5323583145674737338026716315653175115585e-01
5.4184418931065780888900462741730734705925e-01
1.4905907069314355828382190338743384927511e-01
5.2367644132062485251566386068589054048061e-01
4.4157729036747411788255135434155818074942e-01
3.1483505741740724914734528283588588237762e-01
6.1665557502762669006557416651048697531223e-01
5.8429328904552790824311614414909854531288e-01
0.0000000000000000000000000000000000000000e+00
1.7514540775347636758496605580148752778769e-01
6.2972261896496717348270522052189335227013e-01
5.8429328904552790824311614414909854531288e-01
0.0000000000000000000000000000000000000000e+00
4.3390767672087543482817295625864062458277e-01
4.8381664661296980289861835444753523916006e-01
0.0000000000000000000000000000000000000000e+00
5.8315893963773091090985190021456219255924e-01
4.0391028339649270861855256953276693820953e-01
4.5305435037827856969983031376614235341549e-01
1.2233920563882033638591906310466583818197e-01
0.0000000000000000000000000000000000000000e+00
5.5323583145674737338026716315653175115585e-01
5.4184418931065780888900462741730734705925e-01
1.4905907069314355828382190338743384927511e-01
5.2367644132062485251566386068589054048061e-01
4.4157729036747411788255135434155818074942e-01
3.1483505741740724914734528283588588237762e-01
6.1665557502762669006557416651048697531223e-01
5.8429328904552790824311614414909854531288e-01
0.0000000000000000000000000000000000000000e+00
1.7514540775347636758496605580148752778769e-01
6.2972261896496717348270522052189335227013e-01
5.8429328904552790824311614414909854531288e-01
0.0000000000000000000000000000000000000000e+00
4.3390767672087543482817295625864062458277e-01
4.8381664661296980289861835444753523916006e-01
0.0000000000000000000000000000000000000000e+00
0.0000000000000000000000000000000000000000e+00
5.8315893963773091090985190021456219255924e-01
4.0391028339649270861855256953276693820953e-01
4.5305435037827856969983031376614235341549e-01
1.2233920563882033638591906310466583818197e-01
0.0000000000000000000000000000000000000000e+00
5.5323583145674737338026716315653175115585e-01
5.4184418931065780888900462741730734705925e-01
1.4905907069314355828382190338743384927511e-01
5.2367644132062485251566386068589054048061e-01
4.4157729036747411788255135434155818074942e-01
3.1483505741740724914734528283588588237762e-01
6.1665557502762669006557416651048697531223e-01
5.8429328904552790824311614414909854531288e-01
0.0000000000000000000000000000000000000000e+00
1.7514540775347636758496605580148752778769e-01
6.2972261896496717348270522052189335227013e-01
5.8429328904552790824311614414909854531288e-01
0.0000000000000000000000000000000000000000e+00
4.3390767672087543482817295625864062458277e-01
4.8381664661296980289861835444753523916006e-01
0.0000000000000000000000000000000000000000e+00
0.0000000000000000000000000000000000000000e+00
0.0000000000000000000000000000000000000000e+00
7.6864280012610791459337633568793535232544e+01
1.7867398518028585474581859671161510050297e+00
