1
0
23
8.1406867435861540727159990638028830289841e-01
4.1702949553886958788950778398429974913597e-01
5.8388304673668867117442005110206082463264e-01
9.2660622322103936010506686216103844344616e-01
4.0629164724687322207685724606562871485949e-01
7.6539150133230637873538171334075741469860e-01
6.3903076357296151321918387111509218811989e-01
4.5100820395115692740262147708563134074211e-01
8.8353803649601081460218665597494691610336e-01
6.5847869066896158596335908441687934100628e-01
7.5091467086268726127684658422367647290230e-01
1.0204692458347870698265325017928262241185e-01
7.1156860518604825305288841263973154127598e-01
6.7259290342433786236142623238265514373779e-01
5.8141044241279238313779842428630217909813e-01
7.6912201617476294579489604075206443667412e-01
0.0000000000000000000000000000000000000000e+00
8.4055059977169122031881443035672418773174e-01
8.0819418168526857559896825478062964975834e-01
6.8713059122374242626563045632792636752129e-01
5.3136915270815643363988556302501820027828e-01
1.0000000000000000000000000000000000000000e+00
5.3136915270815643363988556302501820027828e-01
8.9664761640400381104143434640718623995781e-01
7.6833964022174661145925256278133019804955e-01
6.7742461989309732395270202687242999672890e-01
5.8445629854836356198433122699498198926449e-01
1.0000000000000000000000000000000000000000e+00
6.8889231439812981250270240707322955131531e-01
5.3507330072438863410866360936779528856277e-01
7.4731859830343749795389385326416231691837e-01
7.6468766938078081008001163354492746293545e-01
6.7742461989309732395270202687242999672890e-01
7.4641998134509146556325731580727733671665e-01
6.8225266449255295153619726988836191594601e-01
7.0576837085348098632664459728403016924858e-01
8.7451682234803340687534500830224715173244e-01
1.3775492618198917349481291694246465340257e-01
7.6777710350125538685261972204898484051228e-01
8.6667313682603885904853768806788139045238e-01
5.2307247791663380453996978758368641138077e-01
5.9527690933705346143511860645958222448826e-01
8.5462327735710164056115445418981835246086e-01
5.4949998138805777880833147719386033713818e-01
7.6257188351242533030927006620913743972778e-01
8.6067496658616082783055389882065355777740e-01
5.2307247791663380453996978758368641138077e-01
8.6409817335668404059134672934305854141712e-01
8.0073926800598271835696095877210609614849e-01
7.6877983292233442735863491179770790040493e-01
1.0000000000000000000000000000000000000000e+00
8.2819311509047466302035900298506021499634e-01
8.7889253712283921249337481640395708382130e-01
8.2727710646276941819365902119898237287998e-01
7.9824422474154022033587807527510449290276e-01
8.7610117164123690880472850039950571954250e-01
4.4272700878147208669588508200831711292267e-01
7.3308616961300632208775596154737286269665e-01
7.5762223630024305709440568534773774445057e-01
6.7913094494649506316363840596750378608704e-01
6.2444481416433317289005344719043932855129e-01
5.6152009497201493815055073355324566364288e-01
7.6217639152887894926635681258630938827991e-01
7.5776909509431755740394009990268386900425e-01
7.1402628044939997487006166920764371752739e-01
9.2391307814628265138168217163183726370335e-01
5.8818299173073618213436475343769416213036e-01
3.0682678358838405552333483683469239622355e-01
7.6072538581140802804725353780668228864670e-01
8.5108381791255383053140803895075805485249e-01
7.5280510177985726638638652730151079595089e-01
7.6072538581140991542639540057280100882053e-01
1.0000000000000000000000000000000000000000e+00
7.5663669623876672609696925064781680703163e-01
7.3082204918074755717327661841409280896187e-01
7.6373895352082787901792926277266815304756e-01
6.1521178157693667820637983822962269186974e-01
8.7140076032652147297596911812433972954750e-01
8.5108381791255072190693908851244486868382e-01
6.1521178157692912868981238716514781117439e-01
8.1152774529724258645302370496210642158985e-01
8.4788365240312602022498822407214902341366e-01
5.9005948255784423928105297818547114729881e-01
6.9176556114489828885893984988797456026077e-01
5.9703829302694244596239059319486841559410e-01
8.0998829803391492188069378244108520448208e-01
7.3278008540311256879817847220692783594131e-01
9.4089587740391211756474376670666970312595e-01
5.8923977096978685796813124397885985672474e-01
7.0977188080898157007680993046960793435574e-01
7.8493988636754385979088510794099420309067e-01
8.6304288913944193772920243645785376429558e-01
5.6949840924454819823807838474749587476254e-01
8.0093086310348393652702725376002490520477e-01
9.2090156837405134915286453178850933909416e-01
9.0557969387029058072613452168297953903675e-01
7.3315200379546785480755488606519065797329e-01
9.0340488754106029745116757112555205821991e-01
7.8966698956255498842438100837171077728271e-01
5.7183068161385097738502736319787800312042e-01
8.7079950844545295218779301649192348122597e-01
6.7400283507743508071285987170995213091373e-01
7.9577593325671514001840023411205038428307e-01
6.2932430765020619389815692557021975517273e-01
8.2051732356509721189041783873108215630054e-01
5.6949840924454819823807838474749587476254e-01
0.0000000000000000000000000000000000000000e+00
8.4390086641283013069170237940852530300617e-01
9.4376892446420923565852945102960802614689e-01
9.4533558162862918461399885927676223218441e-01
6.1968740093312935091063309300807304680347e-01
9.7527306901264920746541520202299579977989e-01
6.3920571953563709577395002270350232720375e-01
7.5226808074003814752472862892318516969681e-01
6.2859485969607964417349421637482009828091e-01
6.1124272043057714665081903149257414042950e-01
7.2905454721717755095511392937623895704746e-01
7.5364349808926656137941790802869945764542e-01
8.1268434900410391197311810174142010509968e-01
1.0000000000000000000000000000000000000000e+00
6.9371817970627169813724322011694312095642e-01
1.7042440721148596760592397458822233602405e-01
7.6125087518919287710161825089016929268837e-01
7.7836332931889939956704438372980803251266e-01
8.5804804811853008228439421145594678819180e-01
9.1233825388116851495823311779531650245190e-01
8.2687730331444153630826576772960834205151e-01
8.0998829803391492188069378244108520448208e-01
8.7393357850099406824995185161242261528969e-01
7.2135313592453109698965363349998369812965e-01
8.7610117164123690880472850039950571954250e-01
8.2562596021024270420696211658651009202003e-01
9.3329593395669985245177713295561261475086e-01
8.1268434900410391197311810174142010509968e-01
8.9553068079652253796751892878091894090176e-01
7.9008300433393219286415387614397332072258e-01
7.8864643883948604141664873168338090181351e-01
6.4929861100986252520073094274266622960567e-01
6.7547784460806969963897472553071565926075e-01
7.4186787382923258249434184108395129442215e-01
1.0000000000000000000000000000000000000000e+00
6.4434312875805577203180973810958676040173e-01
1.0000000000000000000000000000000000000000e+00
7.9817332915844740881539109977893531322479e-01
8.9019172043195371468726762032019905745983e-01
5.9223434411479802808031536187627352774143e-01
8.2318016221147893851650678698206320405006e-01
8.0460354654238530613952207204420119524002e-01
5.6949840924454819823807838474749587476254e-01
8.1635298337440664884212537799612618982792e-01
5.6949840924454819823807838474749587476254e-01
7.4167983858531760787968778458889573812485e-01
7.0812005961399115960830386029556393623352e-01
7.6374545665027893104337408658466301858425e-01
5.6949840924454819823807838474749587476254e-01
9.0046342688747560423223603720543906092644e-01
9.8846751636055296685867688211146742105484e-01
6.4359185082369096964072241462417878210545e-01
6.2402618634407891473614427013671956956387e-01
5.5687018292059686785933081409893929958344e-01
1.0000000000000000000000000000000000000000e+00
8.6470482451792518574507084849756211042404e-01
3.6153095839764753938183616810420062392950e-01
1.0000000000000000000000000000000000000000e+00
6.7183257551293873444109294723602943122387e-01
7.7974308243176404520369260353618301451206e-01
1.0000000000000000000000000000000000000000e+00
5.6949840924454819823807838474749587476254e-01
6.1158244665109762205901233755866996943951e-01
1.0000000000000000000000000000000000000000e+00
9.0359708829853990774694239007658325135708e-01
7.5319592602849505524886808416340500116348e-01
0.0000000000000000000000000000000000000000e+00
7.9143038489013717295961214404087513685226e-01
8.8054613518960567208893053248175419867039e-01
7.6539150133231259598431961421738378703594e-01
7.9143038489013717295961214404087513685226e-01
1.0000000000000000000000000000000000000000e+00
6.3558510021266023670705180848017334938049e-01
8.1547495829903682285078048153081908822060e-01
1.0000000000000000000000000000000000000000e+00
7.9676745559739181601344171212986111640930e-01
9.8226006190476189416926899866666644811630e-01
7.3368214890613303591493377098231576383114e-01
9.4043477594893021276334366120863705873489e-01
7.6107612830848780927084362701862119138241e-01
6.8405007333589551432595499136368744075298e-01
8.5640416015503462165980863574077375233173e-01
8.3146074523031232583747396347462199628353e-01
7.0796363582726828944657881947932764887810e-01
8.8806465867557282667377194229629822075367e-01
4.5092019014008904997936610925535205751657e-01
6.2342132579429654359870482949190773069859e-01
7.6559353987462286372789321831078268587589e-01
6.6308087736680609847184086902416311204433e-01
7.4493725523638398833270457544131204485893e-01
4.9218674698280007184791884355945512652397e-01
9.2872050236582426308018511917907744646072e-01
7.9872587118684779117216976374038495123386e-01
6.7476297930579987038868239324074238538742e-01
7.4963027230629242225745656469371169805527e-01
6.8720603576233396658778929122490808367729e-01
6.2994077027876949070872569791390560567379e-01
9.4571157923123061461723182219429872930050e-01
7.9481970462017648149100068621919490396976e-01
7.5104621946503224982905067008687183260918e-01
9.5132267471105980138901259124395437538624e-01
8.2562596021024048376091286627342924475670e-01
7.2301870817172986249943278380669653415680e-01
7.7348969208841333866644163208547979593277e-01
8.2688406504201139579635082554887048900127e-01
4.9218674698280007184791884355945512652397e-01
5.8388304673668867117442005110206082463264e-01
4.0629164724687322207685724606562871485949e-01
4.5100820395115692740262147708563134074211e-01
1.0204692458347870698265325017928262241185e-01
0.0000000000000000000000000000000000000000e+00
5.3136915270815643363988556302501820027828e-01
5.3507330072438863410866360936779528856277e-01
1.3775492618198917349481291694246465340257e-01
5.2307247791663380453996978758368641138077e-01
4.4272700878147208669588508200831711292267e-01
3.0682678358838405552333483683469239622355e-01
6.1521178157692912868981238716514781117439e-01
5.6949840924454819823807838474749587476254e-01
0.0000000000000000000000000000000000000000e+00
1.7042440721148596760592397458822233602405e-01
6.4929861100986252520073094274266622960567e-01
5.6949840924454819823807838474749587476254e-01
0.0000000000000000000000000000000000000000e+00
4.5092019014008904997936610925535205751657e-01
4.9218674698280007184791884355945512652397e-01
0.0000000000000000000000000000000000000000e+00
5.8388304673668867117442005110206082463264e-01
4.0629164724687322207685724606562871485949e-01
4.5100820395115692740262147708563134074211e-01
1.0204692458347870698265325017928262241185e-01
0.0000000000000000000000000000000000000000e+00
5.3136915270815643363988556302501820027828e-01
5.3507330072438863410866360936779528856277e-01
1.3775492618198917349481291694246465340257e-01
5.2307247791663380453996978758368641138077e-01
4.4272700878147208669588508200831711292267e-01
3.0682678358838405552333483683469239622355e-01
6.1521178157692912868981238716514781117439e-01
5.6949840924454819823807838474749587476254e-01
0.0000000000000000000000000000000000000000e+00
1.7042440721148596760592397458822233602405e-01
6.4929861100986252520073094274266622960567e-01
5.6949840924454819823807838474749587476254e-01
0.0000000000000000000000000000000000000000e+00
4.5092019014008904997936610925535205751657e-01
4.9218674698280007184791884355945512652397e-01
0.0000000000000000000000000000000000000000e+00
0.0000000000000000000000000000000000000000e+00
5.8388304673668867117442005110206082463264e-01
4.0629164724687322207685724606562871485949e-01
4.5100820395115692740262147708563134074211e-01
1.0204692458347870698265325017928262241185e-01
0.0000000000000000000000000000000000000000e+00
5.3136915270815643363988556302501820027828e-01
5.3507330072438863410866360936779528856277e-01
1.3775492618198917349481291694246465340257e-01
5.2307247791663380453996978758368641138077e-01
4.4272700878147208669588508200831711292267e-01
3.0682678358838405552333483683469239622355e-01
6.1521178157692912868981238716514781117439e-01
5.6949840924454819823807838474749587476254e-01
0.0000000000000000000000000000000000000000e+00
1.7042440721148596760592397458822233602405e-01
6.4929861100986252520073094274266622960567e-01
5.6949840924454819823807838474749587476254e-01
0.0000000000000000000000000000000000000000e+00
4.5092019014008904997936610925535205751657e-01
4.9218674698280007184791884355945512652397e-01
0.0000000000000000000000000000000000000000e+00
0.0000000000000000000000000000000000000000e+00
0.0000000000000000000000000000000000000000e+00
7.8199687749448301588017784524708986282349e+01
1.7441925388465233659474051819415763020515e+00
