1
0
23
8.5090226191379436659900648010079748928547e-01
4.0875939082978546279534270979638677090406e-01
5.7582450399208517932692075191880576312542e-01
9.3566821564609736761042313446523621678352e-01
3.9854374457560642897036018439393956214190e-01
8.0319775321339159646072403120342642068863e-01
6.3106042029720943453696690994547680020332e-01
4.6181237158141663634580709185684099793434e-01
8.6818518044032877423177296805079095065594e-01
6.4122206589749164429292704880936071276665e-01
7.4786349259023210400698644662043079733849e-01
1.0199422921791603813268523026636103168130e-01
6.8403727877085118702638055765419267117977e-01
7.0792866863536918486943250172771513462067e-01
5.7604853659906174456750704848673194646835e-01
7.4456252033884007257569237481220625340939e-01
0.0000000000000000000000000000000000000000e+00
8.6589818891520975441267182759474962949753e-01
7.9206809529941524239404770924011245369911e-01
6.7896302568686028866551396276918239891529e-01
5.5406464458637005865426772288628853857517e-01
1.0000000000000000000000000000000000000000e+00
5.5406464458637005865426772288628853857517e-01
9.2698036204603195820084238221170380711555e-01
7.7543676886169454753883201192365959286690e-01
6.6583226871043788008819319657050073146820e-01
5.6163854141512081774578746262704953551292e-01
1.0000000000000000000000000000000000000000e+00
7.2391808917501299092123190348502248525620e-01
5.2139605182531223448449964052997529506683e-01
7.3247947392853107739796314490376971662045e-01
7.3067038906539749643087588992784731090069e-01
6.6115785118673631171049009935813955962658e-01
7.2072379206383518912559793534455820918083e-01
6.3737352900320187742977395828347653150558e-01
6.4839625167387604509627863080822862684727e-01
8.7141626162721574910818844728055410087109e-01
8.4895002006904668467868191328307148069143e-02
7.5766843724329013820550926538999192416668e-01
7.9491986152722726721719936904264613986015e-01
4.8752287192246651637006493729131761938334e-01
5.2312626158404873510932020508334971964359e-01
8.8899004140775228499649074365152046084404e-01
5.5406464458637005865426772288628853857517e-01
7.4461356565378422622814014175673946738243e-01
8.2625459942906998023204323544632643461227e-01
4.8752287192246651637006493729131761938334e-01
8.4581935408916308904991865347255952656269e-01
7.9682669581305842765317493103793822228909e-01
7.3069725826004894297938108138623647391796e-01
9.8874740440852715295250163762830197811127e-01
7.9702429680075304041508843511110171675682e-01
8.8105677350649946877325646710232831537724e-01
8.1431954141802909141745203669415786862373e-01
7.8533847380375521041173669800627976655960e-01
7.6427659173883577548025414216681383550167e-01
4.2186584141354738219931164167064707726240e-01
7.1913548512603375773011293858871795237064e-01
7.1895729595886848084518305768142454326153e-01
6.7406503123987671077799177510314621031284e-01
5.9373158540778170344509589995141141116619e-01
5.4019635743830995977532438701018691062927e-01
7.6647126011527966227276920108124613761902e-01
7.2322269182075016313859805450192652642727e-01
7.0096692312528463553178426082013174891472e-01
9.0658237744084502196528774220496416091919e-01
5.6140850738146486076374230833607725799084e-01
2.6787783566653639022447919160185847431421e-01
7.7001605907451298183019616772071458399296e-01
8.8184562870659000122230963825131766498089e-01
7.5694724760609977121106339836842380464077e-01
7.0231064292630673850936773305875249207020e-01
1.0000000000000000000000000000000000000000e+00
7.5694724760609977121106339836842380464077e-01
7.0795738176771416672039549666806124150753e-01
7.7004045548428068368451704373001120984554e-01
6.2319359222519199459355832004803232848644e-01
8.3028367457906238069398341394844464957714e-01
8.1417127754575169262807321501895785331726e-01
6.2319359222519199459355832004803232848644e-01
7.9229706889087270216265324052073992788792e-01
8.6527287025725574398649087015655823051929e-01
5.3462388195545951230513992413762025535107e-01
6.9203471868601629246597894962178543210030e-01
5.3629717236999552287812775830389000475407e-01
7.9090986313976674448866788225132040679455e-01
7.4748726662772957407554486053413711488247e-01
8.7141626162721497195207120967097580432892e-01
5.8413883966701718453151670473744161427021e-01
6.7621662596995024685497810423839837312698e-01
7.1427695539445690275925926471245475113392e-01
8.0650442694110313635036391133326105773449e-01
5.1866727861957417911042966807144694030285e-01
7.9999211898154698463514478135039098560810e-01
8.8625188344731631318040854239370673894882e-01
9.0629377602231842026014874136308208107948e-01
6.3906142713011648837095890485215932130814e-01
8.5587098776061720784014141827356070280075e-01
7.9387516738947228045475412727682851254940e-01
5.2295075086227194027799214381957426667213e-01
8.3414204217539467123287977301515638828278e-01
6.1879167518598277020203113352181389927864e-01
7.9828251021668783504736666145618073642254e-01
5.8697911349796139113266235654009506106377e-01
8.2240987965566525463856351052527315914631e-01
5.1866727861957417911042966807144694030285e-01
0.0000000000000000000000000000000000000000e+00
8.2806795298255619908189828493050299584866e-01
9.0545761278760750201399787329137325286865e-01
9.0921486991416389233933159630396403372288e-01
6.4122206589749475291739599924767389893532e-01
9.8202805666442083420974995533470064401627e-01
6.5645954482872703739104736087028868496418e-01
7.3049683210393667742721390823135152459145e-01
6.0750355747617401647175938705913722515106e-01
5.8135112585054471434631295778672210872173e-01
7.1987034267563865252981258890940807759762e-01
7.1425744927961465347010516779846511781216e-01
7.9068169002329136141327126097166910767555e-01
1.0000000000000000000000000000000000000000e+00
6.7411673346507239301672598230652511119843e-01
1.5171535509557304566286006775044370442629e-01
7.6965587463024087711005449818912893533707e-01
7.9206809529941413217102308408357203006744e-01
8.7114316321637619289219856000272557139397e-01
9.1019905087648622643570206491858698427677e-01
8.2832916146514068422845866734860464930534e-01
8.0742292835895912439525545778451487421989e-01
9.0045448293304053422048127686139196157455e-01
7.0111587091457905351887802680721506476402e-01
8.3750494639388162187998432273161597549915e-01
8.3028367457906238069398341394844464957714e-01
9.3395792746289496566447496661567129194736e-01
8.0391888481437845381805118449847213923931e-01
8.9078769924597889229289648937992751598358e-01
7.7863797418708513564666873207897879183292e-01
7.9410027681920647424362869060132652521133e-01
6.6701748386652259803497599932597950100899e-01
6.7479105206761047508479123280267231166363e-01
7.4599888328875640919335410217172466218472e-01
9.8880641954574988172765870331204496324062e-01
6.4122206589749197735983443635632283985615e-01
1.0000000000000000000000000000000000000000e+00
8.1498901275118451614787318249000236392021e-01
8.8957806861770594153426827688235789537430e-01
5.5356248141707309340375786632648669183254e-01
7.8214426310750384541137236737995408475399e-01
8.0361333365106968340541016004863195121288e-01
5.5279881969334787594760882711852900683880e-01
8.0361333365106968340541016004863195121288e-01
5.5279881969334787594760882711852900683880e-01
7.2038409137328296427682516878121532499790e-01
6.8793805450356182440430075075710192322731e-01
7.4111416168856114605745233347988687455654e-01
5.5279881969334787594760882711852900683880e-01
8.9760184935701559094667345561902038753033e-01
9.1272235302341186979901976883411407470703e-01
5.9306035823688441066536825019284151494503e-01
5.0378527224770563996969485742738470435143e-01
4.7209120611068966510970312810968607664108e-01
1.0000000000000000000000000000000000000000e+00
8.4320407255771778753938860972994007170200e-01
3.0299856542555669847160970675759017467499e-01
1.0000000000000000000000000000000000000000e+00
6.3946655137728747320124966790899634361267e-01
7.2900981534654496485359231883194297552109e-01
1.0000000000000000000000000000000000000000e+00
5.1866727861957417911042966807144694030285e-01
5.3188452322996382370945411821594461798668e-01
1.0000000000000000000000000000000000000000e+00
8.6044511152956881794295895815594121813774e-01
7.1630146211489409413530893289134837687016e-01
0.0000000000000000000000000000000000000000e+00
7.5126497322091234654095615042024292051792e-01
8.7530625318249066779685563233215361833572e-01
7.5473419534981711631616008162382058799267e-01
8.0291628216405308560155162922455929219723e-01
1.0000000000000000000000000000000000000000e+00
6.2089672420807839881007339499774388968945e-01
8.0291628216405308560155162922455929219723e-01
1.0000000000000000000000000000000000000000e+00
8.5498091149307742231400197852053679525852e-01
1.0000000000000000000000000000000000000000e+00
7.0096692312528463553178426082013174891472e-01
9.4484411327339823394311224546981975436211e-01
7.0995105863191454442784333878080360591412e-01
6.6667770762815359297803752269828692078590e-01
8.8820285938569820682886302165570668876171e-01
8.3414204217539333896525022282730787992477e-01
6.6379373900062554891832178327604196965694e-01
8.6167830512433118972381862477050162851810e-01
4.9690431811664548256146645144326612353325e-01
5.9580715523342731021472218344570137560368e-01
7.4915331485133007660692783247213810682297e-01
6.4884882913349806177194523115758784115314e-01
7.4330345933873398500679741118801757693291e-01
4.9673854104565440259477782092289999127388e-01
9.4398206479419699554966882715234532952309e-01
7.9143074297330617827839205347117967903614e-01
6.1503860980114455347944613095023669302464e-01
7.3205756216916462175703372849966399371624e-01
6.8629101549326754216906465444481000304222e-01
6.1503860980114322121181658076238818466663e-01
9.2601311475237535475457661959808319807053e-01
7.7483172417090528938388160895556211471558e-01
7.0532653260012634355291538668097928166389e-01
9.7266896436833993888626537227537482976913e-01
8.0425284183183531894201223622076213359833e-01
7.0210881227419874583972614345839247107506e-01
7.5224100011232808427052987099159508943558e-01
8.6391970481166080464419110285234637558460e-01
4.9673854104565440259477782092289999127388e-01
5.7582450399208517932692075191880576312542e-01
3.9854374457560642897036018439393956214190e-01
4.6181237158141663634580709185684099793434e-01
1.0199422921791603813268523026636103168130e-01
0.0000000000000000000000000000000000000000e+00
5.5406464458637005865426772288628853857517e-01
5.2139605182531223448449964052997529506683e-01
8.4895002006904668467868191328307148069143e-02
4.8752287192246651637006493729131761938334e-01
4.2186584141354738219931164167064707726240e-01
2.6787783566653639022447919160185847431421e-01
6.2319359222519199459355832004803232848644e-01
5.1866727861957417911042966807144694030285e-01
0.0000000000000000000000000000000000000000e+00
1.5171535509557304566286006775044370442629e-01
6.6701748386652259803497599932597950100899e-01
5.5279881969334787594760882711852900683880e-01
0.0000000000000000000000000000000000000000e+00
4.9690431811664548256146645144326612353325e-01
4.9673854104565440259477782092289999127388e-01
0.0000000000000000000000000000000000000000e+00
5.7582450399208517932692075191880576312542e-01
3.9854374457560642897036018439393956214190e-01
4.6181237158141663634580709185684099793434e-01
1.0199422921791603813268523026636103168130e-01
0.0000000000000000000000000000000000000000e+00
5.5406464458637005865426772288628853857517e-01
5.2139605182531223448449964052997529506683e-01
8.4895002006904668467868191328307148069143e-02
4.8752287192246651637006493729131761938334e-01
4.2186584141354738219931164167064707726240e-01
2.6787783566653639022447919160185847431421e-01
6.2319359222519199459355832004803232848644e-01
5.1866727861957417911042966807144694030285e-01
0.0000000000000000000000000000000000000000e+00
1.5171535509557304566286006775044370442629e-01
6.6701748386652259803497599932597950100899e-01
5.5279881969334787594760882711852900683880e-01
0.0000000000000000000000000000000000000000e+00
4.9690431811664548256146645144326612353325e-01
4.9673854104565440259477782092289999127388e-01
0.0000000000000000000000000000000000000000e+00
0.0000000000000000000000000000000000000000e+00
5.7582450399208517932692075191880576312542e-01
3.9854374457560642897036018439393956214190e-01
4.6181237158141663634580709185684099793434e-01
1.0199422921791603813268523026636103168130e-01
0.0000000000000000000000000000000000000000e+00
5.5406464458637005865426772288628853857517e-01
5.2139605182531223448449964052997529506683e-01
8.4895002006904668467868191328307148069143e-02
4.8752287192246651637006493729131761938334e-01
4.2186584141354738219931164167064707726240e-01
2.6787783566653639022447919160185847431421e-01
6.2319359222519199459355832004803232848644e-01
5.1866727861957417911042966807144694030285e-01
0.0000000000000000000000000000000000000000e+00
1.5171535509557304566286006775044370442629e-01
6.6701748386652259803497599932597950100899e-01
5.5279881969334787594760882711852900683880e-01
0.0000000000000000000000000000000000000000e+00
4.9690431811664548256146645144326612353325e-01
4.9673854104565440259477782092289999127388e-01
0.0000000000000000000000000000000000000000e+00
0.0000000000000000000000000000000000000000e+00
0.0000000000000000000000000000000000000000e+00
7.7634488257903541352789034135639667510986e+01
1.6925836266729668011521425796672701835632e+00
