1
0
23
7.4058208576276773893454219432896934449673e-01
4.2558495241483784710112558968830853700638e-01
5.8648291382552375505810005051898770034313e-01
9.3152194743677163568662535908515565097332e-01
3.4815981220352276714891104347771033644676e-01
7.4149066551059772400833480787696316838264e-01
6.5492435190540432277117588455439545214176e-01
4.2601446218757188511006006592651829123497e-01
8.6255604295625531996449808502802625298500e-01
7.3012215550079884174294875265331938862801e-01
7.3504825994225841956364320139982737600803e-01
1.9857170487378172918369045873987488448620e-01
6.9859943191943807416777190155698917806149e-01
5.9241779189744492306601841846713796257973e-01
5.5978120435689326939154852880164980888367e-01
7.6301634136185148005182554697967134416103e-01
0.0000000000000000000000000000000000000000e+00
8.2712067983025006068231732569984160363674e-01
7.5341471048253660924842733948025852441788e-01
7.2604756389533908755851143723702989518642e-01
6.2318093517544992376855361726484261453152e-01
1.0000000000000000000000000000000000000000e+00
5.1437714621844410345374853932298719882965e-01
8.5986260244828438548125859597348608076572e-01
7.4521023349837323124233989801723510026932e-01
7.2165598354222926236190005511161871254444e-01
6.5434901028141723156039688547025434672832e-01
1.0000000000000000000000000000000000000000e+00
6.9553797051359333991626954230014234781265e-01
5.2140778263384057744644906051689758896828e-01
7.4680288234063574304144594862009398639202e-01
8.2657850953269618177188249319442547857761e-01
7.2317298780317906814474326893105171620846e-01
7.8158694491427549433382182542118243873119e-01
7.6415346798334782274508825139491818845272e-01
7.7183899710282133366234802451799623668194e-01
8.7374156129669455772557284944923594594002e-01
2.0185070621633394161165142577374354004860e-01
7.6376374690279802415204812859883531928062e-01
8.6983189576167896372993482145830057561398e-01
5.5978120435688760725412294050329364836216e-01
6.7271609429727718953984094696352258324623e-01
7.6778765488434219665947466637589968740940e-01
5.7228000702471759630896031012525781989098e-01
7.7470431579243226316577874968061223626137e-01
8.2666565559758664605283229320775717496872e-01
4.4405016342588010669345521819195710122585e-01
8.3740231875892057189503248082473874092102e-01
8.1211714230599874042582086985930800437927e-01
7.8429290215472158287468573689693585038185e-01
9.8689641429217944690321928646881133317947e-01
8.5174671744227314906794390481081791222095e-01
8.7346187406611097703290624849614687263966e-01
8.4750443395844732297206292059854604303837e-01
7.8668338790051661746360878169070929288864e-01
8.8893294991982285679910091857891529798508e-01
4.1718611860171084249060413640108890831470e-01
7.4149066551059772400833480787696316838264e-01
8.0394993930626634792702134291175752878189e-01
7.2823698535065028991652980039361864328384e-01
6.7491729494606600425754550087731331586838e-01
5.8190471084441008908783032893552444875240e-01
8.1354968624107792951605233611189760267735e-01
7.8709987877694265190342548521584831178188e-01
7.3047114812983771070520333523745648562908e-01
9.4066788403667112028472274687374010682106e-01
6.0614584496748458164461226260755211114883e-01
3.4493805301026786436224824683449696749449e-01
7.4636458107734193756499507799162529408932e-01
7.6602143494992458450099093170138075947762e-01
7.4857454189048766579617222305387258529663e-01
7.7847010642271463609631609870120882987976e-01
1.0000000000000000000000000000000000000000e+00
7.3385604885784294637574021180626004934311e-01
7.2156429924690357324834621977061033248901e-01
7.7847010642270120239771813430706970393658e-01
6.1468140399795478945321747232810594141483e-01
8.7834104978061322555049628135748207569122e-01
8.4160741718641896014219128119293600320816e-01
5.7097850624380208639507827683701179921627e-01
7.8909321351265637733973790091113187372684e-01
8.6514374629862578203187695180531591176987e-01
6.1071153644550035810567578664631582796574e-01
7.6741535184177855910547805251553654670715e-01
6.4039576622744509570850368618266656994820e-01
7.5211530815961258333857131219701841473579e-01
7.3458226446478558369079792100819759070873e-01
9.8492655504512516273507571895606815814972e-01
6.6307263612378797290602960856631398200989e-01
7.2992677890532042805915580174769274890423e-01
7.8709987877694265190342548521584831178188e-01
8.8642074508405788169085326444474048912525e-01
6.0481602047088667273300188753637485206127e-01
8.1060890904790472433205650304444134235382e-01
9.4518059476399896023934843469760380685329e-01
9.2883080923735861222922949309577234089375e-01
7.9775262048856232510729569185059517621994e-01
9.3576390039871926163073112547863274812698e-01
7.8196851351303475752274607657454907894135e-01
6.2110329221537807775632700213463976979256e-01
8.6665903848654168850629275766550563275814e-01
6.7236818032425771374249734435579739511013e-01
7.2511254900059207706419783789897337555885e-01
6.4607474537853926133124105035676620900631e-01
8.2351023911089682449926385743310675024986e-01
6.0481602047088667273300188753637485206127e-01
0.0000000000000000000000000000000000000000e+00
8.3162196489905915175455675125704146921635e-01
9.6179129630164983399964739874121733009815e-01
9.3863900878525829973852978582726791501045e-01
7.3504825994225697627371118869632482528687e-01
9.7964581907114645087375492948922328650951e-01
6.4971144626516463826959579819231294095516e-01
7.7859188428183834229656667957897298038006e-01
7.2554839181043007112492659871350042521954e-01
6.0988927940213089051724182354519143700600e-01
7.7839081992144409927192327813827432692051e-01
7.6756842863379959318592682393500581383705e-01
7.9459752815291351257798169172019697725773e-01
1.0000000000000000000000000000000000000000e+00
7.0204959124930854663659829384414479136467e-01
1.8832737088730611141329518432030454277992e-01
7.4680288234063574304144594862009398639202e-01
7.6602143494992780414776234465534798800945e-01
8.0868041793199607614184287740499712526798e-01
8.9413319703182281283915244785021059215069e-01
8.2922890479176014633111435614409856498241e-01
8.0644394053301216018780905869789421558380e-01
8.5078983491620940871058564880513586103916e-01
7.5537782960717336777634045574814081192017e-01
8.7734828997305358555536258791107684373856e-01
8.5300320955620101415206590900197625160217e-01
8.7074196704486073183915095796692185103893e-01
7.5799447795567498342705903269234113395214e-01
8.9455125127093448877957371223601512610912e-01
8.3503750270730003890662374033126980066299e-01
7.6577474306990567232134026198764331638813e-01
5.8743939633521169429997144106891937553883e-01
7.3027751968765164392038968799170106649399e-01
7.6067069641439621907608170658932067453861e-01
1.0000000000000000000000000000000000000000e+00
6.8242658552919754910703886707779020071030e-01
1.0000000000000000000000000000000000000000e+00
8.1452921088215013423194932329352013766766e-01
8.9789869109146880354899167286930605769157e-01
6.6005486516996703105775168296531774103642e-01
8.8532286556632633356400674529140815138817e-01
8.2755660178930490200599479067022912204266e-01
6.0614584496747503372660048626130446791649e-01
8.2982896346340162541110885285888798534870e-01
6.1270770296808907406926891781040467321873e-01
7.3116023100812743695797735199448652565479e-01
7.2511254900058252914618606155272573232651e-01
7.5537782960717336777634045574814081192017e-01
6.0614584496747503372660048626130446791649e-01
8.4654175709407353256352735115797258913517e-01
9.0471381190577848663281201879726722836494e-01
7.3430587284633941358436004520626738667488e-01
7.6061754865627784205628358904505148530006e-01
4.9970370866056612602079667340149171650410e-01
1.0000000000000000000000000000000000000000e+00
8.1508428680106148611628213984658941626549e-01
3.6634886476074002281677621795097365975380e-01
9.9893049780700482465078948735026642680168e-01
6.7103811427102733055960470665013417601585e-01
7.6493597297955973068894763855496421456337e-01
9.1817403609386072371734144326183013617992e-01
6.0481602047088667273300188753637485206127e-01
6.4702271762933538656881182760116644203663e-01
1.0000000000000000000000000000000000000000e+00
8.4675311219980464727541402680799365043640e-01
7.1184589248012075657356945157516747713089e-01
0.0000000000000000000000000000000000000000e+00
8.1811730274668181817077083906042389571667e-01
8.6042076867964845110492433377658016979694e-01
7.6005874873591128260130744820344261825085e-01
8.7441925338394399513930466127931140363216e-01
1.0000000000000000000000000000000000000000e+00
6.7909599931716313481189217782230116426945e-01
8.1811730274668181817077083906042389571667e-01
1.0000000000000000000000000000000000000000e+00
8.0664178836041866560435664723627269268036e-01
9.0655384698224805717359231493901461362839e-01
7.6656080217638222773501865958678536117077e-01
8.7687949610971971381445655424613505601883e-01
7.9591352500188061735997280266019515693188e-01
6.5798681277997317362604690060834400355816e-01
8.4576673532379376130307946368702687323093e-01
8.5078983491620940871058564880513586103916e-01
7.3849486961365418125069481902755796909332e-01
8.4576673532379376130307946368702687323093e-01
3.9947305885277534232002949465822894126177e-01
6.5539546350213273573359629153856076300144e-01
7.8957936377385762316549744355143047869205e-01
7.2662273235955221473147958022309467196465e-01
7.9092478270284749530816270635114051401615e-01
5.2288677620377732591094854797120206058025e-01
9.4226859618559455356034959550015628337860e-01
8.0868041793199108013823206420056521892548e-01
7.1332897312997156635816509151482023298740e-01
7.6414732611669711204172017460223287343979e-01
6.6126339189361893478036336091463454067707e-01
6.3954166368433940093041201180312782526016e-01
9.9328880674757979996059020777465775609016e-01
7.8909321351265637733973790091113187372684e-01
7.2873850201568557416464955167612060904503e-01
9.9845442938409867394966568099334836006165e-01
8.5078983491620940871058564880513586103916e-01
7.6827498987230447013985212834086269140244e-01
7.3574268470442549805454746092436835169792e-01
8.1811730274668148510386345151346176862717e-01
5.1005105986447019095209043371141888201237e-01
5.8648291382552375505810005051898770034313e-01
3.4815981220352276714891104347771033644676e-01
4.2601446218757188511006006592651829123497e-01
1.9857170487378172918369045873987488448620e-01
0.0000000000000000000000000000000000000000e+00
5.1437714621844410345374853932298719882965e-01
5.2140778263384057744644906051689758896828e-01
2.0185070621633394161165142577374354004860e-01
4.4405016342588010669345521819195710122585e-01
4.1718611860171084249060413640108890831470e-01
3.4493805301026786436224824683449696749449e-01
5.7097850624380208639507827683701179921627e-01
6.0481602047088667273300188753637485206127e-01
0.0000000000000000000000000000000000000000e+00
1.8832737088730611141329518432030454277992e-01
5.8743939633521169429997144106891937553883e-01
6.0614584496747503372660048626130446791649e-01
0.0000000000000000000000000000000000000000e+00
3.9947305885277534232002949465822894126177e-01
5.1005105986447019095209043371141888201237e-01
0.0000000000000000000000000000000000000000e+00
5.8648291382552375505810005051898770034313e-01
3.4815981220352276714891104347771033644676e-01
4.2601446218757188511006006592651829123497e-01
1.9857170487378172918369045873987488448620e-01
0.0000000000000000000000000000000000000000e+00
5.1437714621844410345374853932298719882965e-01
5.2140778263384057744644906051689758896828e-01
2.0185070621633394161165142577374354004860e-01
4.4405016342588010669345521819195710122585e-01
4.1718611860171084249060413640108890831470e-01
3.4493805301026786436224824683449696749449e-01
5.7097850624380208639507827683701179921627e-01
6.0481602047088667273300188753637485206127e-01
0.0000000000000000000000000000000000000000e+00
1.8832737088730611141329518432030454277992e-01
5.8743939633521169429997144106891937553883e-01
6.0614584496747503372660048626130446791649e-01
0.0000000000000000000000000000000000000000e+00
3.9947305885277534232002949465822894126177e-01
5.1005105986447019095209043371141888201237e-01
0.0000000000000000000000000000000000000000e+00
0.0000000000000000000000000000000000000000e+00
5.8648291382552375505810005051898770034313e-01
3.4815981220352276714891104347771033644676e-01
4.2601446218757188511006006592651829123497e-01
1.9857170487378172918369045873987488448620e-01
0.0000000000000000000000000000000000000000e+00
5.1437714621844410345374853932298719882965e-01
5.2140778263384057744644906051689758896828e-01
2.0185070621633394161165142577374354004860e-01
4.4405016342588010669345521819195710122585e-01
4.1718611860171084249060413640108890831470e-01
3.4493805301026786436224824683449696749449e-01
5.7097850624380208639507827683701179921627e-01
6.0481602047088667273300188753637485206127e-01
0.0000000000000000000000000000000000000000e+00
1.8832737088730611141329518432030454277992e-01
5.8743939633521169429997144106891937553883e-01
6.0614584496747503372660048626130446791649e-01
0.0000000000000000000000000000000000000000e+00
3.9947305885277534232002949465822894126177e-01
5.1005105986447019095209043371141888201237e-01
0.0000000000000000000000000000000000000000e+00
0.0000000000000000000000000000000000000000e+00
0.0000000000000000000000000000000000000000e+00
7.7788056164852221741057292092591524124146e+01
1.9464667940398248102695788475102744996548e+00
