1
0
23
8.6842370297401483281163336869212798774242e-01
4.0445499939558637869652102381223812699318e-01
5.7940329294404169235832569029298610985279e-01
9.5535740300927207702130772304371930658817e-01
4.1659001779829923917120026999327819794416e-01
8.3102320989117517413546920579392462968826e-01
6.2981499470597668288718296025763265788555e-01
5.0453627674811940551080624572932720184326e-01
8.4881317180815851752839762411895208060741e-01
6.7380604548157407851505240614642389118671e-01
7.5910506759375007135304258554242551326752e-01
1.1304594017238608905095986756350612267852e-01
6.4219883974901925682843284448608756065369e-01
7.6878482251766899757683404459385201334953e-01
5.2934263788447033505235594930127263069153e-01
8.0644017861765560084563730924855917692184e-01
0.0000000000000000000000000000000000000000e+00
8.5698078273509303848243234824622049927711e-01
7.8337136472878821091825329858693294227123e-01
7.1821145490022986201950061513343825936317e-01
5.7018555211680765903992096355068497359753e-01
1.0000000000000000000000000000000000000000e+00
5.7018555211680765903992096355068497359753e-01
9.4811765527842239986711092569748871028423e-01
7.8002786149914160596097190136788412928581e-01
6.7313670621640941948982117537525482475758e-01
5.7156132995575392730103203575708903372288e-01
1.0000000000000000000000000000000000000000e+00
7.3322215361044307257998298155143857002258e-01
5.2721980619449737570647585016558878123760e-01
7.2167068362511155310556887343409471213818e-01
7.0119665524233643072449240207788534462452e-01
6.2507545852733192859318478440400213003159e-01
7.2279709142356229900627795359469018876553e-01
6.0502956044449740513613278380944393575191e-01
6.1431403975480791679331105115124955773354e-01
8.3781053467166810566624235434574075043201e-01
4.1073000707941210996043679415379301644862e-02
7.2495951867362296017205380849190987646580e-01
7.8590613323704039405726007316843606531620e-01
5.0472160242097363624935724146780557930470e-01
5.5009855590275580361492302472470328211784e-01
9.6314853693653168509314355105743743479252e-01
5.7018555211680765903992096355068497359753e-01
7.7746520397065077556675305459066294133663e-01
8.0347091281690607988963392926962114870548e-01
5.0472160242097363624935724146780557930470e-01
8.4797549787650683406070584169356152415276e-01
7.5863268426873697869439183705253526568413e-01
7.2185134605950751485181626776466146111488e-01
1.0000000000000000000000000000000000000000e+00
7.4920531235499032707281230614171363413334e-01
8.9129720938693968168564651932683773338795e-01
7.8281786859995661220779084032983519136906e-01
7.7337642990541766163659076482872478663921e-01
8.2015055826164751096030158805660903453827e-01
4.0811560401609503490050201435224153101444e-01
7.2433079026188507132388849640847183763981e-01
6.9300551709489133234143309891805984079838e-01
6.6659996343870597801384292324655689299107e-01
5.8783557568354050104630914574954658746719e-01
5.4440310243204270701511404695338569581509e-01
7.3322215361044307257998298155143857002258e-01
7.0036160410285286381792957399738952517509e-01
6.9300551709489133234143309891805984079838e-01
8.9151827322045973378550343113602139055729e-01
5.5207304638764809201489924816996790468693e-01
2.4720719482316827475543163927795831114054e-01
7.8692195403591946867294382172985933721066e-01
9.0691377884181956225972953689051792025566e-01
7.9936397941844095083041565885650925338268e-01
6.8082349734804292751277898787520825862885e-01
1.0000000000000000000000000000000000000000e+00
7.5888787605839735928014988530776463449001e-01
7.1012954935157446278992665611440315842628e-01
7.9945515267400113490481317057856358587742e-01
6.3414346796799825334289835154777392745018e-01
8.3476464795644811367480997432721778750420e-01
8.2327024311457830396676627060514874756336e-01
6.3414346796799825334289835154777392745018e-01
7.8481273552083730127293392797582782804966e-01
8.9541776651287130484035969857359305024147e-01
5.4301837041202427602826219299458898603916e-01
6.8017671467466167545268262983881868422031e-01
5.0329054607123469011753513768780976533890e-01
8.1525313319189474103865222787135280668736e-01
7.4699097566713767992752082136576063930988e-01
8.1245696146039081408929405370145104825497e-01
6.4913870183510702371876277538831345736980e-01
6.5142159816621469925479459561756812036037e-01
6.9966717814293177823969926976133137941360e-01
8.3578834569382920438584960720618255436420e-01
5.0329054607123469011753513768780976533890e-01
7.8150277057681483139361944267875514924526e-01
8.8661434052938692396139686024980619549751e-01
8.8165507205081639074961685764719732105732e-01
5.9005859943402749756558023364050313830376e-01
8.6621687389836699022538368808454833924770e-01
7.7758220502674768592754617202444933354855e-01
5.2721980619449737570647585016558878123760e-01
8.1055986020398640423678671140805818140507e-01
6.5707078386719208751287624181713908910751e-01
7.8281786859996582705889522912912070751190e-01
5.5109759662608603925093575526261702179909e-01
7.9939900005733688370668232892057858407497e-01
5.0329054607123469011753513768780976533890e-01
0.0000000000000000000000000000000000000000e+00
8.5824810777761773028515790429082699120045e-01
9.0313180542224769098424985713791102170944e-01
9.0465193239954355686194276131573133170605e-01
5.9875267004225118938620653352700173854828e-01
1.0000000000000000000000000000000000000000e+00
6.5276381057217203185416565247578546404839e-01
7.1507439713165221739643584442092105746269e-01
6.2934932258317721753826390340691432356834e-01
6.2900821857842870166166449052980169653893e-01
7.1896162387582951414088938690838403999805e-01
6.6209378101297033936134539544582366943359e-01
7.5523549178044069307702557125594466924667e-01
1.0000000000000000000000000000000000000000e+00
6.4177053674187245491111752926371991634369e-01
1.7052442947180299070986109200021019205451e-01
7.7392796428382482076813175808638334274292e-01
7.8993161228011887775579680237569846212864e-01
9.1008214252919095166305396560346707701683e-01
9.0536070459084883044198477364261634647846e-01
7.9889326336691279806245802319608628749847e-01
8.1317329883641786825165809204918332397938e-01
9.3138678167776955962864349203300662338734e-01
6.9513435940957235548154358184547163546085e-01
8.7100089278340497855879220878705382347107e-01
8.5705854509553580644620751627371646463871e-01
9.1150293598951026563526056634145788848400e-01
8.1004545624133328374227858148515224456787e-01
8.9104045087481509312965499702841043472290e-01
7.5460748368784602568837271974189206957817e-01
7.8890302531849565426114168076310306787491e-01
6.7249371817818892616003267903579398989677e-01
6.5728030542421267412578345101792365312576e-01
7.2823405210086156191806594506488181650639e-01
1.0000000000000000000000000000000000000000e+00
6.1833949257476350513940133168944157660007e-01
1.0000000000000000000000000000000000000000e+00
7.9583167983668001710384487523697316646576e-01
8.5068631346843603946439316132455132901669e-01
5.4197221408773377238077273432281799614429e-01
7.4921844994144803919766673061531037092209e-01
8.1942794544001062995164375024614855647087e-01
5.4197221408773377238077273432281799614429e-01
8.3782905693317355488858311218791641294956e-01
5.5416904871681882394085505438852123916149e-01
6.6908273385403571609231221373192965984344e-01
6.6927537698705774626972697660676203668118e-01
7.5183031770418373707087766888434998691082e-01
5.4197221408773377238077273432281799614429e-01
9.0033778908232098281416710960911586880684e-01
9.1089416940753720197676557290833443403244e-01
5.7852157502597978400160627643344923853874e-01
5.3424340983397222704098794565652497112751e-01
4.9800892442598143627918716447311453521252e-01
1.0000000000000000000000000000000000000000e+00
8.1519771630924087180147807885077781975269e-01
2.6421315001053408133557809378544334322214e-01
1.0000000000000000000000000000000000000000e+00
6.0296777258851463887623367554624564945698e-01
7.1651688219783449262934027501614764332771e-01
1.0000000000000000000000000000000000000000e+00
5.0329054607123469011753513768780976533890e-01
5.5985644551456281714507667857105843722820e-01
1.0000000000000000000000000000000000000000e+00
8.8973098836444342030205234550521709024906e-01
6.8180409240949801930042895037331618368626e-01
0.0000000000000000000000000000000000000000e+00
7.3476784653732729601927076146239414811134e-01
8.8724794063682221878508471490931697189808e-01
7.6248726930943144797225841102772392332554e-01
7.9193633562484966326167068473296239972115e-01
1.0000000000000000000000000000000000000000e+00
6.1431403975480791679331105115124955773354e-01
7.8800199828008921087985072517767548561096e-01
1.0000000000000000000000000000000000000000e+00
8.2775593491005616808564582242979668080807e-01
1.0000000000000000000000000000000000000000e+00
6.9300551709489133234143309891805984079838e-01
9.6895016704909997518058162313536740839481e-01
7.0378806956248529669295521671301685273647e-01
6.6948663954731957304034040134865790605545e-01
8.5057087061794589555319134888122789561749e-01
8.4742785817577859219795755052473396062851e-01
6.5678949781482998115933469307492487132549e-01
8.5057087061794589555319134888122789561749e-01
4.7574136624162965958362292440142482519150e-01
5.7940329294404169235832569029298610985279e-01
6.9772776925561752481286248439573682844639e-01
6.2981499470597668288718296025763265788555e-01
7.3602635383766201737643086744355969130993e-01
4.5547496428475076069020133218145929276943e-01
9.3555616112478690027387528971303254365921e-01
7.5318625572187314354266618465771898627281e-01
5.7940329294404679938423896601307205855846e-01
7.0082733986600265208011251161224208772182e-01
6.5448806703823914077133849787060171365738e-01
5.8783557568354050104630914574954658746719e-01
9.1163269864936935515942195706884376704693e-01
7.8481273552083730127293392797582782804966e-01
6.8558964057704507855106612623785622417927e-01
9.3547321580759634773727384526864625513554e-01
7.8500849011914042296922389141400344669819e-01
6.7855205087217218551387531988439150154591e-01
7.3669658392067627339372393180383369326591e-01
8.4742785817578547558071022649528458714485e-01
4.5547496428475076069020133218145929276943e-01
5.7940329294404169235832569029298610985279e-01
4.1659001779829923917120026999327819794416e-01
5.0453627674811940551080624572932720184326e-01
1.1304594017238608905095986756350612267852e-01
0.0000000000000000000000000000000000000000e+00
5.7018555211680765903992096355068497359753e-01
5.2721980619449737570647585016558878123760e-01
4.1073000707941210996043679415379301644862e-02
5.0472160242097363624935724146780557930470e-01
4.0811560401609503490050201435224153101444e-01
2.4720719482316827475543163927795831114054e-01
6.3414346796799825334289835154777392745018e-01
5.0329054607123469011753513768780976533890e-01
0.0000000000000000000000000000000000000000e+00
1.7052442947180299070986109200021019205451e-01
6.7249371817818892616003267903579398989677e-01
5.4197221408773377238077273432281799614429e-01
0.0000000000000000000000000000000000000000e+00
4.7574136624162965958362292440142482519150e-01
4.5547496428475076069020133218145929276943e-01
0.0000000000000000000000000000000000000000e+00
5.7940329294404169235832569029298610985279e-01
4.1659001779829923917120026999327819794416e-01
5.0453627674811940551080624572932720184326e-01
1.1304594017238608905095986756350612267852e-01
0.0000000000000000000000000000000000000000e+00
5.7018555211680765903992096355068497359753e-01
5.2721980619449737570647585016558878123760e-01
4.1073000707941210996043679415379301644862e-02
5.0472160242097363624935724146780557930470e-01
4.0811560401609503490050201435224153101444e-01
2.4720719482316827475543163927795831114054e-01
6.3414346796799825334289835154777392745018e-01
5.0329054607123469011753513768780976533890e-01
0.0000000000000000000000000000000000000000e+00
1.7052442947180299070986109200021019205451e-01
6.7249371817818892616003267903579398989677e-01
5.4197221408773377238077273432281799614429e-01
0.0000000000000000000000000000000000000000e+00
4.7574136624162965958362292440142482519150e-01
4.5547496428475076069020133218145929276943e-01
0.0000000000000000000000000000000000000000e+00
0.0000000000000000000000000000000000000000e+00
5.7940329294404169235832569029298610985279e-01
4.1659001779829923917120026999327819794416e-01
5.0453627674811940551080624572932720184326e-01
1.1304594017238608905095986756350612267852e-01
0.0000000000000000000000000000000000000000e+00
5.7018555211680765903992096355068497359753e-01
5.2721980619449737570647585016558878123760e-01
4.1073000707941210996043679415379301644862e-02
5.0472160242097363624935724146780557930470e-01
4.0811560401609503490050201435224153101444e-01
2.4720719482316827475543163927795831114054e-01
6.3414346796799825334289835154777392745018e-01
5.0329054607123469011753513768780976533890e-01
0.0000000000000000000000000000000000000000e+00
1.7052442947180299070986109200021019205451e-01
6.7249371817818892616003267903579398989677e-01
5.4197221408773377238077273432281799614429e-01
0.0000000000000000000000000000000000000000e+00
4.7574136624162965958362292440142482519150e-01
4.5547496428475076069020133218145929276943e-01
0.0000000000000000000000000000000000000000e+00
0.0000000000000000000000000000000000000000e+00
0.0000000000000000000000000000000000000000e+00
7.7982479088268632949620950967073440551758e+01
1.6618978210042083532016476965509355068207e+00
