1
0
23
8.6779963184971919964993958274135366082191e-01
4.0493917285364389169188825690071098506451e-01
5.8160120695042061278456912987167015671730e-01
9.6195650181412739598840744292829185724258e-01
4.1410393565899544787711761273385491222143e-01
8.3239356893302385298483159203897230327129e-01
6.2886922741327466734873041787068359553814e-01
5.0149834480961708038648794172331690788269e-01
8.4938130220491547817118771490640938282013e-01
6.6664908669763411896980187520966865122318e-01
7.6277300685979987360241239002789370715618e-01
1.1624819011579418104318506266281474381685e-01
6.4895363843187059416095507913269102573395e-01
7.5660547534962985238848887092899531126022e-01
5.3498830028038946160506839078152552247047e-01
7.8303522566773342550305869735893793404102e-01
0.0000000000000000000000000000000000000000e+00
8.6063232042713888603202576632611453533173e-01
7.8521193157335589241085926914820447564125e-01
7.1819832090829793802555514048435725271702e-01
5.6959971410962706439562452942482195794582e-01
1.0000000000000000000000000000000000000000e+00
5.6959971410962706439562452942482195794582e-01
9.4974419435650891951894436715519987046719e-01
7.7981252788780086593334317512926645576954e-01
6.7111858145333191938419759026146493852139e-01
5.6451459559459782333590283087687566876411e-01
1.0000000000000000000000000000000000000000e+00
7.3392502747791843464852945544407702982426e-01
5.2938610709804323484206634020665660500526e-01
7.2922731718259414801508455639122985303402e-01
7.0548911163450733763369271400733850896358e-01
6.2837903025558361491675896104425191879272e-01
7.1576814297871038661469356156885623931885e-01
6.1202096120780746790757120834314264357090e-01
6.1791907794200051640132187458220869302750e-01
8.4179674645136359778518908569822087883949e-01
4.3838537841877814327240514558070572093129e-02
7.2997433528730204521650648530339822173119e-01
7.7416454709606652428988127212505787611008e-01
5.0149834480961708038648794172331690788269e-01
5.3229363520784611640834782519959844648838e-01
9.4762176851365276242233903758460655808449e-01
5.6960859923341844446298409820883534848690e-01
7.7971367764708410241780711658066138625145e-01
8.0645367777242638052115353275439701974392e-01
5.0149834480961708038648794172331690788269e-01
8.5073507223551025901997491018846631050110e-01
7.6635336528418562807019043248146772384644e-01
7.2219974547829179911673236347269266843796e-01
1.0000000000000000000000000000000000000000e+00
7.4895667442827729143317583293537609279156e-01
8.9493948698050385104352244525216519832611e-01
7.8383084544095182888412409738521091639996e-01
7.6877824844737707721264996507670730352402e-01
8.0758808388338221284641349484445527195930e-01
4.1056972605156760725009235102334059774876e-01
7.2112548771042839224065801317919977009296e-01
6.9390438274604693269509425590513274073601e-01
6.6709570120210925914250310597708448767662e-01
5.8985070569799491480011965904850512742996e-01
5.4927497324952867518987886796821840107441e-01
7.3128630534124550166552580776624381542206e-01
7.0256151785926801434101207632920704782009e-01
6.9431861508054237841491840299568139016628e-01
8.9155424443942854484390636571333743631840e-01
5.5112543564017990593839613211457617580891e-01
2.4616740234783507368376831436762586236000e-01
7.8685376312330823633800491734291426837444e-01
9.0267015167217312665570716490037739276886e-01
7.9757976495735161126532375419628806412220e-01
6.7449851478904709889405921785510145127773e-01
1.0000000000000000000000000000000000000000e+00
7.5961947563446574616108364352839998900890e-01
7.0964532264962187912971103287418372929096e-01
7.9753165579730522782853086027898825705051e-01
6.3410392122999470476685246467241086065769e-01
8.3202017118949356255797056292067281901836e-01
8.1828690039998419614164504309883341193199e-01
6.3410392122999470476685246467241086065769e-01
7.8651757190678939224426358123309910297394e-01
8.8921772650449704133990280752186663448811e-01
5.4556939773029922147173920166096650063992e-01
6.7876855713815975601477248346782289445400e-01
5.0404949216019656610399124474497511982918e-01
8.2181136062559712041064585719141177833080e-01
7.3442067652738107774723630427615717053413e-01
8.1927329328277687103820881020510569214821e-01
6.2943258294445936229521976201795041561127e-01
6.4522943636777851939001493519754149019718e-01
6.9318501930236808838969864154933020472527e-01
8.3416495206749285973302221464109607040882e-01
5.0404949216019656610399124474497511982918e-01
7.8823840962865132642178878086269833147526e-01
8.8814544985805565779912740254076197743416e-01
8.9256102165442652296434289382887072861195e-01
5.9988149299120929747175523516489192843437e-01
8.5049254065472756902721584992832504212856e-01
7.9094302972785457406246223399648442864418e-01
5.2938610709804323484206634020665660500526e-01
8.1725482656924897106875960162142291665077e-01
6.5081933095604438399561786354752257466316e-01
7.8182384336278820669008382537867873907089e-01
5.5337092955238464941913889560964889824390e-01
7.9753165579730445067241362266940996050835e-01
5.0404949216019656610399124474497511982918e-01
0.0000000000000000000000000000000000000000e+00
8.5125000556405228113732164274551905691624e-01
9.0267015167217312665570716490037739276886e-01
8.9385133884187029096324295096565037965775e-01
6.0071588323772007189660371295758523046970e-01
1.0000000000000000000000000000000000000000e+00
6.4809824830067619405582490799133665859699e-01
7.1756234559411635753889413535944186151028e-01
6.3033420883617041763358201933442614972591e-01
6.2362520467883775232564858015393838286400e-01
7.1414784910034523335298217716626822948456e-01
6.5991191742776666995240475444006733596325e-01
7.5488007635934417649536953831557184457779e-01
1.0000000000000000000000000000000000000000e+00
6.2823432602646778200039534567622467875481e-01
1.5991875986171288914761134947184473276138e-01
7.7727789243277256581166057003429159522057e-01
7.8521193157335600343316173166385851800442e-01
9.0647805898209798947107174171833321452141e-01
9.1104251875052078002426014791126362979412e-01
8.0437396011456430144903606560546904802322e-01
8.2181136062559922983439264498883858323097e-01
9.3470010196593056317482250960892997682095e-01
6.9431861508054237841491840299568139016628e-01
8.5806483386511400723861697770189493894577e-01
8.5114468456001335372462790473946370184422e-01
9.0619834132319743158490155110484920442104e-01
8.0528296437857249667757741917739622294903e-01
8.9375814803199504776642925207852385938168e-01
7.4877863981870973475452046841382980346680e-01
7.8727437147236478676148863087291829288006e-01
6.6746997424409570953685033600777387619019e-01
6.5931367378964966796672797499923035502434e-01
7.2943262765804528502400216893875040113926e-01
1.0000000000000000000000000000000000000000e+00
6.1866954881575941804783269617473706603050e-01
1.0000000000000000000000000000000000000000e+00
8.0014657210924244878924582735635340213776e-01
8.5952255762499540914234330557519569993019e-01
5.4274795020696797731574179124436341226101e-01
7.4352187964943960984953719162149354815483e-01
8.1982640418780106106311222902149893343449e-01
5.4274795020696797731574179124436341226101e-01
8.3228745973671602875754160777432844042778e-01
5.4556709515414747446726551061146892607212e-01
6.7165732530326449634117125242482870817184e-01
6.7614840306218904064650132568203844130039e-01
7.4783000897815299357063167917658574879169e-01
5.4274795020696797731574179124436341226101e-01
8.9676767190008110919308137454208917915821e-01
9.0696477555129895176122545308317057788372e-01
5.8755119993436544234555185539647936820984e-01
5.4758423411351364595844870564178563654423e-01
5.0155957350295943264484321844065561890602e-01
1.0000000000000000000000000000000000000000e+00
8.2794047727264608038666438005748204886913e-01
2.7091745975467729223851165443193167448044e-01
1.0000000000000000000000000000000000000000e+00
6.0461106616022330939586026943288743495941e-01
7.2585415129059338568140447023324668407440e-01
1.0000000000000000000000000000000000000000e+00
5.0404949216019656610399124474497511982918e-01
5.6389634075705319382620928081450983881950e-01
1.0000000000000000000000000000000000000000e+00
8.9515021452192178319506865591392852365971e-01
6.9564266975631539047242313245078548789024e-01
0.0000000000000000000000000000000000000000e+00
7.3984205603302355402917100946069695055485e-01
8.8824309483286534305790382859413512051105e-01
7.5423493583317169353108511131722480058670e-01
7.9358304845853966380531119284569285809994e-01
1.0000000000000000000000000000000000000000e+00
6.1943177807623073238829647380043752491474e-01
7.9242538716322075131870406039524823427200e-01
9.8444829096937958023971759757841937243938e-01
8.4102578621146195647639842718490399420261e-01
1.0000000000000000000000000000000000000000e+00
6.9431861508054237841491840299568139016628e-01
9.7606841449701930990556775213917717337608e-01
7.0753726220431745197458894836017861962318e-01
6.5960257822672196947877409911598078906536e-01
8.6846631821803776940527086480869911611080e-01
8.4273336319850078446336283377604559063911e-01
6.5821294479808634125816979576484300196171e-01
8.6846631821803776940527086480869911611080e-01
4.8363223713274094972547345605562441051006e-01
5.8160120695042061278456912987167015671730e-01
7.0156053187182998431836722375010140240192e-01
6.3440310946799516322869294526753947138786e-01
7.3026291125305009543922096781898289918900e-01
4.5838381902532754352819210907910019159317e-01
9.4793734711540944548602283248328603804111e-01
7.6015348224879286664901201220345683395863e-01
5.8160120695042372140903808030998334288597e-01
7.0136705318004255449437778224819339811802e-01
6.5465183414497929437203538327594287693501e-01
5.8985070569799491480011965904850512742996e-01
9.1279438112598276777731598485843278467655e-01
7.8651757190679694176083103229757398366928e-01
6.9119199132714159716783797193784266710281e-01
9.4121557889743678870786425250116735696793e-01
7.8546034934614061828739295378909446299076e-01
6.7475690799349641313398251440958119928837e-01
7.5798936560901541970025618866202421486378e-01
8.5460732596170696506732156194630078971386e-01
4.5838381902532754352819210907910019159317e-01
5.8160120695042061278456912987167015671730e-01
4.1410393565899544787711761273385491222143e-01
5.0149834480961708038648794172331690788269e-01
1.1624819011579418104318506266281474381685e-01
0.0000000000000000000000000000000000000000e+00
5.6959971410962706439562452942482195794582e-01
5.2938610709804323484206634020665660500526e-01
4.3838537841877814327240514558070572093129e-02
5.0149834480961708038648794172331690788269e-01
4.1056972605156760725009235102334059774876e-01
2.4616740234783507368376831436762586236000e-01
6.3410392122999470476685246467241086065769e-01
5.0404949216019656610399124474497511982918e-01
0.0000000000000000000000000000000000000000e+00
1.5991875986171288914761134947184473276138e-01
6.6746997424409570953685033600777387619019e-01
5.4274795020696797731574179124436341226101e-01
0.0000000000000000000000000000000000000000e+00
4.8363223713274094972547345605562441051006e-01
4.5838381902532754352819210907910019159317e-01
0.0000000000000000000000000000000000000000e+00
5.8160120695042061278456912987167015671730e-01
4.1410393565899544787711761273385491222143e-01
5.0149834480961708038648794172331690788269e-01
1.1624819011579418104318506266281474381685e-01
0.0000000000000000000000000000000000000000e+00
5.6959971410962706439562452942482195794582e-01
5.2938610709804323484206634020665660500526e-01
4.3838537841877814327240514558070572093129e-02
5.0149834480961708038648794172331690788269e-01
4.1056972605156760725009235102334059774876e-01
2.4616740234783507368376831436762586236000e-01
6.3410392122999470476685246467241086065769e-01
5.0404949216019656610399124474497511982918e-01
0.0000000000000000000000000000000000000000e+00
1.5991875986171288914761134947184473276138e-01
6.6746997424409570953685033600777387619019e-01
5.4274795020696797731574179124436341226101e-01
0.0000000000000000000000000000000000000000e+00
4.8363223713274094972547345605562441051006e-01
4.5838381902532754352819210907910019159317e-01
0.0000000000000000000000000000000000000000e+00
0.0000000000000000000000000000000000000000e+00
5.8160120695042061278456912987167015671730e-01
4.1410393565899544787711761273385491222143e-01
5.0149834480961708038648794172331690788269e-01
1.1624819011579418104318506266281474381685e-01
0.0000000000000000000000000000000000000000e+00
5.6959971410962706439562452942482195794582e-01
5.2938610709804323484206634020665660500526e-01
4.3838537841877814327240514558070572093129e-02
5.0149834480961708038648794172331690788269e-01
4.1056972605156760725009235102334059774876e-01
2.4616740234783507368376831436762586236000e-01
6.3410392122999470476685246467241086065769e-01
5.0404949216019656610399124474497511982918e-01
0.0000000000000000000000000000000000000000e+00
1.5991875986171288914761134947184473276138e-01
6.6746997424409570953685033600777387619019e-01
5.4274795020696797731574179124436341226101e-01
0.0000000000000000000000000000000000000000e+00
4.8363223713274094972547345605562441051006e-01
4.5838381902532754352819210907910019159317e-01
0.0000000000000000000000000000000000000000e+00
0.0000000000000000000000000000000000000000e+00
0.0000000000000000000000000000000000000000e+00
7.6904904446635654835517925675958395004272e+01
1.6642029595436749200842996287974528968334e+00
