1
0
23
8.5422593166132343434071572119137272238731e-01
4.0854924656148239314745751471491530537605e-01
5.8204512634654881342299859170452691614628e-01
9.4536446067961776851262811760534532368183e-01
4.0897851894164571895373683219077065587044e-01
8.2544369505005965592658867535647004842758e-01
6.3241328643166927481189532045391388237476e-01
4.9281496307209371465773983800318092107773e-01
8.7077827027004561788459113813587464392185e-01
6.4881848845746037390824767498997971415520e-01
7.5924407777174807154807467668433673679829e-01
1.0906296028314742263543024591854191385210e-01
6.6014769643970150347911385324550792574883e-01
7.6635692532721977343612707045394927263260e-01
5.5739961808471227833194916456704959273338e-01
7.5805344817245856603449283284135162830353e-01
0.0000000000000000000000000000000000000000e+00
8.6264299780048092625150957246660254895687e-01
7.8870089596242409779591753249405883252621e-01
6.9944672214925329711832091561518609523773e-01
5.5675054324766493074605477886507287621498e-01
1.0000000000000000000000000000000000000000e+00
5.5675054324766493074605477886507287621498e-01
9.3502992911480131699164530800771899521351e-01
7.8216183077568102177679065789561718702316e-01
6.6954488484298824158003071715938858687878e-01
5.6359663363836809413243145172600634396076e-01
9.8671600625252797733821807923959568142891e-01
7.2772888137744839998077850395929999649525e-01
5.2307272472353816272772064621676690876484e-01
7.3327865139410919326223847747314721345901e-01
7.2036100406780312344068306629196740686893e-01
6.6237560365024517050613894753041677176952e-01
7.3295163834304499772542840219102799892426e-01
6.2624644062636469765692481814767234027386e-01
6.2927930521493213866790483734803274273872e-01
8.5253988394402646644465448844130150973797e-01
6.1603866430723949743075706919626099988818e-02
7.4650111080486292181035423709545284509659e-01
8.0116143644159187875430916392360813915730e-01
5.0355625549275040420127425022656098008156e-01
5.3765325959686793844127805641619488596916e-01
9.1696087104832502134854621544945985078812e-01
5.5675054324766493074605477886507287621498e-01
7.5257621329320345537894354492891579866409e-01
8.3815342284556570984221934850211255252361e-01
5.0355625549275040420127425022656098008156e-01
8.5515309938796180144748859675019048154354e-01
7.8530584476710896257856120428186841309071e-01
7.3581011466292356448803957391646690666676e-01
1.0000000000000000000000000000000000000000e+00
7.8410451151770121924755585496313869953156e-01
8.9006624011056090228777293305029161274433e-01
8.0526779085613231501383779686875641345978e-01
7.7586659556785864122474549731123261153698e-01
7.8742823664132810534965756232850253582001e-01
4.3300552054544683144854388956446200609207e-01
7.1913524700332043249062508039060048758984e-01
7.1183895380509065731189366488251835107803e-01
6.7773694142358176240037437310093082487583e-01
5.8972300843068647946410010263207368552685e-01
5.4480385375320106167151834597461856901646e-01
7.5731913917034554550866687350207939743996e-01
7.1131174393943752409796843494405038654804e-01
6.9877455186993642222148537257453426718712e-01
9.0514510214749965832936595688806846737862e-01
5.5600770048393233224715004325844347476959e-01
2.5905285239718395251529159395431634038687e-01
7.8764142602074882493212726330966688692570e-01
8.9427081521846696343658322803094051778316e-01
7.8952596637963567971496559039223939180374e-01
7.1630715740707850969215542136225849390030e-01
1.0000000000000000000000000000000000000000e+00
7.6789287497541414140300730650778859853745e-01
7.1777284908808758334686217494891025125980e-01
7.8356004506214982363587751024169847369194e-01
6.4008019627481527180634657270275056362152e-01
8.5252234743099075675587528166943229734898e-01
8.2086918513096862604072612157324329018593e-01
6.4008019627481527180634657270275056362152e-01
7.8818149297930695240665954770520329475403e-01
8.7343096123458141555317979509709402918816e-01
5.3826769189624268374672055870178155601025e-01
6.8623449455901763816001448503811843693256e-01
5.2026237375700001841494213294936344027519e-01
8.1017073970060105025936536549124866724014e-01
7.4811017261453238713642122093006037175655e-01
8.5850436994989021144419893971644341945648e-01
6.0073591730665976129444061371032148599625e-01
6.8861732481747173206798606770462356507778e-01
7.0942994383729041096842138358624652028084e-01
8.2085783810100731994197076346608810126781e-01
5.2026237375700001841494213294936344027519e-01
7.9267944148818125782440802140627056360245e-01
8.7821505627801865756509869243018329143524e-01
8.9503288664624924830803820441360585391521e-01
6.3294655234358776496605969441588968038559e-01
8.5122632599944036968508953577838838100433e-01
7.8381931959492368022779373859521001577377e-01
5.2307272472353816272772064621676690876484e-01
8.1888117997594311869846706031239591538906e-01
6.1575560067118528806417998566757887601852e-01
7.8945881526604988476236712813260965049267e-01
5.7169980567676725868864195945207029581070e-01
8.2143752494917210427161080588120967149734e-01
5.2026237375700001841494213294936344027519e-01
0.0000000000000000000000000000000000000000e+00
8.5542687874158751526465493952855467796326e-01
9.0808335309203425111945762182585895061493e-01
9.1522254827883298133883727132342755794525e-01
6.4345308738834472439549472255748696625233e-01
1.0000000000000000000000000000000000000000e+00
6.5038823176349125354533953213831409811974e-01
7.2671867725938177340339052534545771777630e-01
6.2607235916442383061308873948291875422001e-01
6.1252989702879512279309892619494348764420e-01
7.2195939469422409917598315587383694946766e-01
6.9790770608048924295019332930678501725197e-01
7.8356004506214982363587751024169847369194e-01
1.0000000000000000000000000000000000000000e+00
6.6304565722580477427072764839977025985718e-01
1.6560892289022885459637279836897505447268e-01
7.7015082886225050273765191377606242895126e-01
7.9193810423896537908916570813744328916073e-01
8.9306240540100112479393601461197249591351e-01
9.0071378159901593907221695189946331083775e-01
7.9810165474006344865642859076615422964096e-01
8.1017073970059894083561857769382186233997e-01
9.0963568905473846104570156967383809387684e-01
6.9049147285672152207780527533032000064850e-01
8.5075268891097710621806982089765369892120e-01
8.3981614983549934816409177074092440307140e-01
9.2306449299524873097766430873889476060867e-01
8.1297022612759795023862352536525577306747e-01
8.9281860173559612903204651956912130117416e-01
7.7599168312313293593973639872274361550808e-01
7.8823859669314899623060455269296653568745e-01
6.8078975620772952392911747665493749082088e-01
6.7333224506538513765008246991783380508423e-01
7.3986212691708230781983957058400847017765e-01
9.9264705827528887382982247800100594758987e-01
6.3421118216563276970276774591184221208096e-01
1.0000000000000000000000000000000000000000e+00
8.2115482438592524161435903806705027818680e-01
8.8468221015364034709449470028630457818508e-01
5.4432641219442912117187916010152548551559e-01
7.6494096547933398966279128217138350009918e-01
8.2052275913312688881973144816583953797817e-01
5.4432641219442912117187916010152548551559e-01
8.2052275913312699984203391068149358034134e-01
5.5630601988826477999339203961426392197609e-01
7.0800832517292067169734082199283875524998e-01
6.8636569973540606515172157742199487984180e-01
7.4645791887370194217510288581252098083496e-01
5.4432641219442912117187916010152548551559e-01
9.0073104385146351980040435591945424675941e-01
9.5919671280638274524221742467489093542099e-01
6.0851393325629465902437686963821761310101e-01
5.4025731229820417311771052482072263956070e-01
4.6128160236136217520197533303871750831604e-01
1.0000000000000000000000000000000000000000e+00
8.4379581783204082867655415611807256937027e-01
3.1242741395486040012485773331718519330025e-01
1.0000000000000000000000000000000000000000e+00
6.6029809918332338369850731396581977605820e-01
7.3817581687545619217871717410162091255188e-01
1.0000000000000000000000000000000000000000e+00
5.2026237375700001841494213294936344027519e-01
5.5751119924203695887854337343014776706696e-01
1.0000000000000000000000000000000000000000e+00
9.0071378159901582804991448938380926847458e-01
7.3749727251619701107188120658975094556808e-01
0.0000000000000000000000000000000000000000e+00
7.4637834803328417798695681995013728737831e-01
8.8118609985127127615101016999687999486923e-01
7.6277283839470610971034147951286286115646e-01
8.0801470791428364748298918129876255989075e-01
1.0000000000000000000000000000000000000000e+00
6.1964059468732035629301435619709081947803e-01
8.0526779085613231501383779686875641345978e-01
1.0000000000000000000000000000000000000000e+00
8.4840696081985433885108704998856410384178e-01
1.0000000000000000000000000000000000000000e+00
6.9877455186993642222148537257453426718712e-01
9.5504760694124024578144371844246052205563e-01
7.0486878675411357431102032933267764747143e-01
6.6630807405881020688553917352692224085331e-01
8.9056669684298483957718417514115571975708e-01
8.4294558735132074644980093580670654773712e-01
6.7978924006469332308455477686948142945766e-01
8.8573431744518837938073829718632623553276e-01
5.0059823946055048704550927141099236905575e-01
5.9562737287840883393386093302979134023190e-01
7.4046252238678766932622465901658870279789e-01
6.6232839648547703337300163184409029781818e-01
7.3865735092495343749874336936045438051224e-01
4.8907742017906818965400361776119098067284e-01
9.3932083009319544686377412290312349796295e-01
7.8238603316166943635323605121811851859093e-01
6.0516847508251381260180323806707747280598e-01
7.2561814044732242390267629161826334893703e-01
6.8390241355124747890670278138713911175728e-01
6.0516847508250637410753824951825663447380e-01
9.3853368250358137903077704322640784084797e-01
7.8203626010064297702228941489011049270630e-01
7.0915738798895411321154824690893292427063e-01
9.6173514648070423938008843833813443779945e-01
7.9941681441782364014869699531118385493755e-01
6.9798081803647682441749111603712663054466e-01
7.7522661170258144736067151825409382581711e-01
8.5716339209850422875547337753232568502426e-01
4.8907742017906818965400361776119098067284e-01
5.8204512634654881342299859170452691614628e-01
4.0897851894164571895373683219077065587044e-01
4.9281496307209371465773983800318092107773e-01
1.0906296028314742263543024591854191385210e-01
0.0000000000000000000000000000000000000000e+00
5.5675054324766493074605477886507287621498e-01
5.2307272472353816272772064621676690876484e-01
6.1603866430723949743075706919626099988818e-02
5.0355625549275040420127425022656098008156e-01
4.3300552054544683144854388956446200609207e-01
2.5905285239718395251529159395431634038687e-01
6.4008019627481527180634657270275056362152e-01
5.2026237375700001841494213294936344027519e-01
0.0000000000000000000000000000000000000000e+00
1.6560892289022885459637279836897505447268e-01
6.8078975620772952392911747665493749082088e-01
5.4432641219442912117187916010152548551559e-01
0.0000000000000000000000000000000000000000e+00
5.0059823946055048704550927141099236905575e-01
4.8907742017906818965400361776119098067284e-01
0.0000000000000000000000000000000000000000e+00
5.8204512634654881342299859170452691614628e-01
4.0897851894164571895373683219077065587044e-01
4.9281496307209371465773983800318092107773e-01
1.0906296028314742263543024591854191385210e-01
0.0000000000000000000000000000000000000000e+00
5.5675054324766493074605477886507287621498e-01
5.2307272472353816272772064621676690876484e-01
6.1603866430723949743075706919626099988818e-02
5.0355625549275040420127425022656098008156e-01
4.3300552054544683144854388956446200609207e-01
2.5905285239718395251529159395431634038687e-01
6.4008019627481527180634657270275056362152e-01
5.2026237375700001841494213294936344027519e-01
0.0000000000000000000000000000000000000000e+00
1.6560892289022885459637279836897505447268e-01
6.8078975620772952392911747665493749082088e-01
5.4432641219442912117187916010152548551559e-01
0.0000000000000000000000000000000000000000e+00
5.0059823946055048704550927141099236905575e-01
4.8907742017906818965400361776119098067284e-01
0.0000000000000000000000000000000000000000e+00
0.0000000000000000000000000000000000000000e+00
5.8204512634654881342299859170452691614628e-01
4.0897851894164571895373683219077065587044e-01
4.9281496307209371465773983800318092107773e-01
1.0906296028314742263543024591854191385210e-01
0.0000000000000000000000000000000000000000e+00
5.5675054324766493074605477886507287621498e-01
5.2307272472353816272772064621676690876484e-01
6.1603866430723949743075706919626099988818e-02
5.0355625549275040420127425022656098008156e-01
4.3300552054544683144854388956446200609207e-01
2.5905285239718395251529159395431634038687e-01
6.4008019627481527180634657270275056362152e-01
5.2026237375700001841494213294936344027519e-01
0.0000000000000000000000000000000000000000e+00
1.6560892289022885459637279836897505447268e-01
6.8078975620772952392911747665493749082088e-01
5.4432641219442912117187916010152548551559e-01
0.0000000000000000000000000000000000000000e+00
5.0059823946055048704550927141099236905575e-01
4.8907742017906818965400361776119098067284e-01
0.0000000000000000000000000000000000000000e+00
0.0000000000000000000000000000000000000000e+00
0.0000000000000000000000000000000000000000e+00
7.7536993808651786252994497772306203842163e+01
1.6817132627191697658020075323292985558510e+00
