1
0
23
9.7622707627614868641785506042651832103729e-01
3.3608615391607504774285075654915999621153e-01
4.9664873904347983657459053574712015688419e-01
7.5789183981544983037537122072535566985607e-01
2.6903780650634401272469631294370628893375e-01
7.6447489241686494843008858879329636693001e-01
7.6447489241686483740778612627764232456684e-01
2.4649573462707496940282680952805094420910e-01
9.7848494547584718983301854677847586572170e-01
6.5202482829457708568554608064005151391029e-01
5.7102626436948289434525349861360155045986e-01
2.6025263098420109431074820349749643355608e-01
8.5386061770215571087305761466268450021744e-01
9.3316658478735403647874591115396469831467e-01
7.4528574244496215150945772620616480708122e-01
6.2096145497985832939491501747397705912590e-01
0.0000000000000000000000000000000000000000e+00
6.2754330930515245245970845644478686153889e-01
4.7381240240317157308425066730706021189690e-01
5.9509764199174586263296760080265812575817e-01
4.9948960127421182519924514053855091333389e-01
1.0000000000000000000000000000000000000000e+00
2.5105716263990751624390895813121460378170e-01
8.7771944672560542333172861617640592157841e-01
6.4025211021420547208293783114640973508358e-01
5.4899071312264657862556305190082639455795e-01
6.0490973831173788788362344348570331931114e-01
1.0000000000000000000000000000000000000000e+00
5.0629621050440887231047781824599951505661e-01
3.9593758145394911118764014190674060955644e-02
6.9602833728867108398219443188281729817390e-01
9.3563304868335706032667076215147972106934e-01
7.4422607651120142868705897853942587971687e-01
6.9929640018922545330326556722866371273994e-01
1.0000000000000000000000000000000000000000e+00
8.2955117182295867728214489034144207835197e-01
6.9107436812049549690328831275110132992268e-01
3.9377983354089063361413991515291854739189e-01
9.7614126907962495138804115413222461938858e-01
9.1745862097296249082489794091088697314262e-01
4.9250390872097116190531096435734070837498e-01
9.0469987149626862610318767110584303736687e-01
1.0000000000000000000000000000000000000000e+00
6.0111268890359004224421823892043903470039e-01
4.3443884970933610567556115711340680718422e-01
6.4687244273513533343589188007172197103500e-01
0.0000000000000000000000000000000000000000e+00
6.2403070911112767937822809471981599926949e-01
7.6361774906218227165766165853710845112801e-01
7.0620721229621852277347215931513346731663e-01
5.0181920046079453445742046824307180941105e-01
1.0000000000000000000000000000000000000000e+00
4.9948960127421176968809390928072389215231e-01
6.7235930132960963767629891663091257214546e-01
7.8546102999798339538983782404102385044098e-01
4.5288314243987293217230671871220692992210e-01
2.3775753526451154362675310949271079152822e-01
8.9117671105567353162513200004468671977520e-01
1.0000000000000000000000000000000000000000e+00
9.5199424042344293894757356611080467700958e-01
5.7102626436948289434525349861360155045986e-01
5.9308958259164823445530601020436733961105e-01
8.0295197169455856389674863748950883746147e-01
7.1966446847742726600216656152042560279369e-01
9.0941527291527746168497969847521744668484e-01
9.0469987149626862610318767110584303736687e-01
3.4912411919336955312687109653779771178961e-01
2.7342792728381426492489936208585277199745e-01
7.5789183981544983037537122072535566985607e-01
3.9028211726165967787594013316265773028135e-01
3.0662066289833844745515989416162483394146e-01
5.1200146166767035449396416879608295857906e-01
1.0000000000000000000000000000000000000000e+00
6.2257933441709878419345614020130597054958e-01
4.6828715874005133468216399705852381885052e-01
5.6213931933389904571640727226622402667999e-01
7.8997619711343092241406793618807569146156e-01
7.0620721229621818970656477176817134022713e-01
9.3481413399636881234044949451345019042492e-01
8.5080669962112970283740764898539055138826e-02
8.2479886371208621653750014957040548324585e-01
1.0000000000000000000000000000000000000000e+00
9.1083329454805062042055396887008100748062e-01
1.0000000000000000000000000000000000000000e+00
1.0000000000000000000000000000000000000000e+00
9.6302433931216069318281824962468817830086e-01
1.0000000000000000000000000000000000000000e+00
9.1094463652799739783461063780123367905617e-01
4.1601153898511211703947765272459946572781e-01
3.0277689412070279972866160278499592095613e-01
5.9254268716419888907154245316633023321629e-01
1.0000000000000000000000000000000000000000e+00
2.7825649116839062946482385996205266565084e-01
1.0000000000000000000000000000000000000000e+00
5.5755606136764368496727684032521210610867e-01
7.6447489241686605865311321394983679056168e-01
5.6111676433957546894504275769577361643314e-01
7.6919021285633482065691168827470391988754e-01
1.0000000000000000000000000000000000000000e+00
6.6883798029578966914954207823029719293118e-01
6.9107436812049494179177600017283111810684e-01
4.3514261416589206099558850837638601660728e-01
3.7405257674120229172132212625001557171345e-01
4.1347237522935459397288582295004744082689e-01
8.3780667027808197744320750643964856863022e-01
5.1756992801583789898245413496624678373337e-01
0.0000000000000000000000000000000000000000e+00
5.4612382029010109185662713571218773722649e-01
6.3226774008806430060758430045098066329956e-01
7.9794477265210439487219673537765629589558e-01
3.5294332807036882249107634379470255225897e-01
1.0000000000000000000000000000000000000000e+00
6.7604900383475119429732558273826725780964e-01
6.3453091209593082133721964055439457297325e-01
7.2953379191747502741094422162859700620174e-01
6.1646018301780358683572558220475912094116e-01
7.3922084779721997094270591333042830228806e-01
6.8467701771729172488534231888479553163052e-01
8.8975491723972433000255932711297646164894e-01
7.6219373221655561945198087414610199630260e-01
5.6357466927591715055712029425194486975670e-01
0.0000000000000000000000000000000000000000e+00
7.8050471146222399898562116504763253033161e-01
6.8548659966057023940066983413998968899250e-01
6.5374098368734734343377112963935360312462e-01
6.3682293314948212881176914379466325044632e-01
8.3157529893730419701114442432299256324768e-01
8.5581133871101822130356140405638143420219e-01
6.5374098368734701036686374209239147603512e-01
1.0000000000000000000000000000000000000000e+00
7.1066479532110582439941026677843183279037e-01
8.9912346966627687550044356612488627433777e-01
8.7793447429200255349712733732303604483604e-01
8.5901880964907972870747698834748007357121e-01
5.9229309437041155472769560219603590667248e-01
8.3885316136146848009502718923613429069519e-01
7.0486002619640908406495327653829008340836e-01
4.9901655898233343577885534614324569702148e-01
6.5380289282341130796538664071704261004925e-01
6.7141347880940627224077843493432737886906e-01
6.1236511978673380252047309113549999892712e-01
5.4426482059349567954598114738473668694496e-01
5.1963209264048215718645451488555409014225e-01
5.1963209264048215718645451488555409014225e-01
7.7674655685343363398231986138853244483471e-01
6.9929640018922500921405571716604754328728e-01
1.0000000000000000000000000000000000000000e+00
6.1945617673745212439229135270579718053341e-01
6.1196932873656273432771968145971186459064e-01
5.7474185194430116307984235390904359519482e-01
5.7033402424589163537405056558782234787941e-01
5.6264578963413980350338761127204634249210e-01
5.3557382533242792188588055068976245820522e-01
6.6505884306403084682557391715818084776402e-01
5.1963209264048215718645451488555409014225e-01
8.2403583313124795228787888845545239746571e-01
6.2128959201883193763649160246131941676140e-01
1.0000000000000000000000000000000000000000e+00
6.1220556435529271954720798021298833191395e-01
1.0000000000000000000000000000000000000000e+00
2.7994777438435336502919881240813992917538e-01
3.2836128553513416195031027200457174330950e-01
1.0000000000000000000000000000000000000000e+00
2.2474146431295594084076583385467529296875e-01
6.6022759434464117767049629037501290440559e-01
6.2721108399632186092276242561638355255127e-01
3.8868851841999074725464424773235805332661e-01
6.9558742991786215448257735260995104908943e-01
2.7273538788121470810565938336367253214121e-01
7.1861510902869252248592601972632110118866e-01
6.4688766220950655316812571982154622673988e-01
5.1963209264048215718645451488555409014225e-01
0.0000000000000000000000000000000000000000e+00
7.7877143723600061875345090811606496572495e-01
4.5740841123888914543371697618567850440741e-01
7.3984913575119093387399971106788143515587e-01
5.0557919002340789838001455791527405381203e-01
7.1811785300941965992649329564301297068596e-01
4.7381240240317179512885559233836829662323e-01
3.8347915366405010972883360409468878060579e-01
9.7608927837591474840905902965459972620010e-01
8.4112809542334721069067882126546464860439e-01
3.4912411919338132149093212319712620228529e-01
5.4247724063900371049840032355859875679016e-01
3.6030562869451920882113427069270983338356e-01
5.2193250467656593372112183715216815471649e-01
2.5803174809176437909385981583909597247839e-01
5.2611074857168227403292348753893747925758e-01
6.3107973462346111936938086728332564234734e-01
5.8278828100041013549059698561904951930046e-01
2.2465056803471938895455650708754546940327e-01
8.7329235847462993724832358566345646977425e-02
6.9602833728867108398219443188281729817390e-01
8.0135119425330736397938835580134764313698e-01
1.0000000000000000000000000000000000000000e+00
5.1250966127078279033213448201422579586506e-01
5.5679433212782170059540476358961313962936e-01
7.4854542879286700696184198022820055484772e-01
9.5607561895832082754509428923483937978745e-01
8.4502380699294965538115320669021457433701e-01
5.0292699448911815096607824671082198619843e-01
4.7485030722295035188196266062732320278883e-01
5.5562310670084202879337453850894235074520e-01
4.7427748345186954148644531414902303367853e-01
7.3815898788369715965984596550697460770607e-01
7.0128397862810631924190829522558487951756e-01
7.0218472425985845042362143431091681122780e-01
8.0135119425330736397938835580134764313698e-01
5.3783224266739104724166509186034090816975e-01
6.2013116168716075904399076534900814294815e-01
6.8426341447531746631227633770322427153587e-01
4.7427748345186954148644531414902303367853e-01
4.9664873904347983657459053574712015688419e-01
2.6903780650634401272469631294370628893375e-01
2.4649573462707496940282680952805094420910e-01
2.6025263098420109431074820349749643355608e-01
0.0000000000000000000000000000000000000000e+00
2.5105716263990751624390895813121460378170e-01
3.9593758145394911118764014190674060955644e-02
3.9377983354089063361413991515291854739189e-01
0.0000000000000000000000000000000000000000e+00
2.3775753526451154362675310949271079152822e-01
2.7342792728381426492489936208585277199745e-01
8.5080669962112970283740764898539055138826e-02
2.7825649116839062946482385996205266565084e-01
2.3072866684273068854617853322979736674782e-18
0.0000000000000000000000000000000000000000e+00
4.9901655898233343577885534614324569702148e-01
5.1963209264048215718645451488555409014225e-01
0.0000000000000000000000000000000000000000e+00
8.7329235847462993724832358566345646977425e-02
4.7427748345186954148644531414902303367853e-01
0.0000000000000000000000000000000000000000e+00
4.9664873904347983657459053574712015688419e-01
2.6903780650634401272469631294370628893375e-01
2.4649573462707496940282680952805094420910e-01
2.6025263098420109431074820349749643355608e-01
0.0000000000000000000000000000000000000000e+00
2.5105716263990751624390895813121460378170e-01
3.9593758145394911118764014190674060955644e-02
3.9377983354089063361413991515291854739189e-01
0.0000000000000000000000000000000000000000e+00
2.3775753526451154362675310949271079152822e-01
2.7342792728381426492489936208585277199745e-01
8.5080669962112970283740764898539055138826e-02
2.7825649116839062946482385996205266565084e-01
0.0000000000000000000000000000000000000000e+00
0.0000000000000000000000000000000000000000e+00
4.9901655898233343577885534614324569702148e-01
5.1963209264048215718645451488555409014225e-01
0.0000000000000000000000000000000000000000e+00
8.7329235847462993724832358566345646977425e-02
4.7427748345186954148644531414902303367853e-01
0.0000000000000000000000000000000000000000e+00
0.0000000000000000000000000000000000000000e+00
4.9664873904347983657459053574712015688419e-01
2.6903780650634401272469631294370628893375e-01
2.4649573462707496940282680952805094420910e-01
2.6025263098420109431074820349749643355608e-01
0.0000000000000000000000000000000000000000e+00
2.5105716263990751624390895813121460378170e-01
3.9593758145394911118764014190674060955644e-02
3.9377983354089063361413991515291854739189e-01
0.0000000000000000000000000000000000000000e+00
2.3775753526451154362675310949271079152822e-01
2.7342792728381426492489936208585277199745e-01
8.5080669962112970283740764898539055138826e-02
2.7825649116839062946482385996205266565084e-01
0.0000000000000000000000000000000000000000e+00
0.0000000000000000000000000000000000000000e+00
4.9901655898233343577885534614324569702148e-01
5.1963209264048215718645451488555409014225e-01
0.0000000000000000000000000000000000000000e+00
8.7329235847462993724832358566345646977425e-02
4.7427748345186954148644531414902303367853e-01
0.0000000000000000000000000000000000000000e+00
0.0000000000000000000000000000000000000000e+00
0.0000000000000000000000000000000000000000e+00
8.3762409519072690500252065248787403106689e+01
8.1722318125641313368845430886722169816494e-01
