1
0
23
9.5985756158217272471233627584297209978104e-01
3.4120502317760031951721089171769563108683e-01
5.1549193908253676532638110074913129210472e-01
7.5185767617005405671903872644179500639439e-01
2.9351206315078792741246616060379892587662e-01
7.7571344946394893415941851344541646540165e-01
7.6589183232497537456850977832800708711147e-01
2.5433080637976807070188556281209457665682e-01
9.7119825766743106409961683311848901212215e-01
6.5918511706355786827771225944161415100098e-01
5.7122801829437364062869164627045392990112e-01
2.7415881742204140092411535079008899629116e-01
8.4905974257007166272614995250478386878967e-01
9.7733449506645775350932581204688176512718e-01
8.4691320437081785144073364790529012680054e-01
6.3715288238351597271957871271297335624695e-01
0.0000000000000000000000000000000000000000e+00
6.3210138860573594765668303807615302503109e-01
4.8177985430417236134559288984746672213078e-01
6.0112457077049497033982561333687044680119e-01
5.0776457974924893434831574268173426389694e-01
1.0000000000000000000000000000000000000000e+00
2.2387208099506747394080719004705315455794e-01
8.7801226700956436221900958116748370230198e-01
6.5235660790831939692679952713660895824432e-01
5.6035698091313812518876602553064003586769e-01
6.1327470504411951690570958817261271178722e-01
1.0000000000000000000000000000000000000000e+00
5.0776457974924560367924186721211299300194e-01
3.7899317919576895608013700211813556961715e-02
7.0325813568151041010878543602302670478821e-01
9.3423011500518260419312355224974453449249e-01
7.5093461959912621850321556848939508199692e-01
7.0379013611225971214224728100816719233990e-01
1.0000000000000000000000000000000000000000e+00
8.4014026803103591944932304613757878541946e-01
6.9407243076933733405553539341781288385391e-01
3.8973974798315413892169090104289352893829e-01
9.9210259710992032555765263168723322451115e-01
8.7126148784874168917724546190584078431129e-01
5.0660023292065470279510464024497196078300e-01
8.9696906021722055957212660359800793230534e-01
1.0000000000000000000000000000000000000000e+00
7.0677397995073898417928148774080909788609e-01
4.3110496833838046759623807702155318111181e-01
6.5771581199125384031844987475778907537460e-01
0.0000000000000000000000000000000000000000e+00
6.3210138860573594765668303807615302503109e-01
7.8849502204923371806444265530444681644440e-01
7.3938157437875751121225675888126716017723e-01
5.1564664987644204252603685745270922780037e-01
1.0000000000000000000000000000000000000000e+00
5.0776457974924560367924186721211299300194e-01
6.7177474537232717555212957449839450418949e-01
7.8784817678660257200817795819602906703949e-01
4.6603200466533001300462046856409870088100e-01
2.6443313756581854345739657219382934272289e-01
9.0174724421117835593264544513658620417118e-01
1.0000000000000000000000000000000000000000e+00
9.6383276199425094166173266785335727035999e-01
5.7876787132163820537300580326700583100319e-01
6.1786728447328753688339020300190895795822e-01
8.2272681362726196585555271667544730007648e-01
7.2537802100341963740248729664017446339130e-01
9.0217648427437158176189768710173666477203e-01
8.9696906021722055957212660359800793230534e-01
3.5958088709139118810398372261261101812124e-01
2.8511539053782436470285688301373738795519e-01
7.6480586318289700553663124082959257066250e-01
3.8412966729796271803110130349523387849331e-01
3.5257601911341812650491078784398268908262e-01
5.3144062891528021097542477946262806653976e-01
1.0000000000000000000000000000000000000000e+00
6.0777667773786547833481108682462945580482e-01
4.6149949073174661995366818700858857482672e-01
5.7396618037918933907803875626996159553528e-01
7.4334654933083710304231317422818392515182e-01
7.3938157437875751121225675888126716017723e-01
9.1627545469425342172797854800592176616192e-01
9.6644499854006998829092367486737202852964e-02
8.3147072522987131026894758178968913853168e-01
1.0000000000000000000000000000000000000000e+00
9.2837131027082198109212640702025964856148e-01
1.0000000000000000000000000000000000000000e+00
1.0000000000000000000000000000000000000000e+00
9.5162400055099116702450601223972626030445e-01
1.0000000000000000000000000000000000000000e+00
9.2848803932172896402619244327070191502571e-01
4.7426730114638160351603346498450264334679e-01
3.1420515911201757353055086241511162370443e-01
6.1502063817111785049007721681846305727959e-01
9.6447013005247539396691536239814013242722e-01
2.7643139722157039628314123547170311212540e-01
1.0000000000000000000000000000000000000000e+00
5.5105972885986487241893883037846535444260e-01
7.7254378687358649102634444716386497020721e-01
5.6655596798799723323725174850551411509514e-01
7.4236219309805295818449621947365812957287e-01
1.0000000000000000000000000000000000000000e+00
6.7274454572680641994963934848783537745476e-01
6.9407243076933733405553539341781288385391e-01
4.3251272796668821518650815960427280515432e-01
3.9617721374376219101165474967274349182844e-01
4.2434490177752148820644606530549935996532e-01
8.1849327010948813576618476872681640088558e-01
5.2599829364802397346778661813004873692989e-01
0.0000000000000000000000000000000000000000e+00
5.5300396323378686602723064424935728311539e-01
6.4766431692290771238162960798945277929306e-01
7.9825908632651065843788273923564702272415e-01
3.6280480037464851728046255630033556371927e-01
1.0000000000000000000000000000000000000000e+00
6.9961625944712868552244344755308702588081e-01
6.4229214051911298621888590787420980632305e-01
7.3713442784497540394283987552626058459282e-01
7.0764158673320820547303355851909145712852e-01
7.5954131816580638947300485597224906086922e-01
6.9884443886888114594313492489163763821125e-01
8.6822336275293532370511684348457492887974e-01
7.9460442947099108046415949502261355519295e-01
5.6092599002795517915131995323463343083858e-01
0.0000000000000000000000000000000000000000e+00
7.9183108510176769545552133422461338341236e-01
6.9286806423678637401053492794744670391083e-01
6.6051629208407669491265323813422583043575e-01
6.3758712505136738712963051511906087398529e-01
8.5062219283696205440747917236876673996449e-01
8.5602989350460800821451812225859612226486e-01
6.6051629208408202398317143888561986386776e-01
1.0000000000000000000000000000000000000000e+00
7.2243738524039136095211688370909541845322e-01
8.8699123220897102548576640401734039187431e-01
8.8881840723677585369699727380066178739071e-01
8.5159172852649001050906463206047192215919e-01
6.2180743313321851228892001017811708152294e-01
8.4269234179020724440078993211500346660614e-01
7.0764158673321664316802070970879867672920e-01
5.1636821311692793212699825744493864476681e-01
6.6579729035454360275281260328483767807484e-01
6.9169131016371510067841654745279811322689e-01
6.3464361171793859384138158929999917745590e-01
5.4638520828024006448231375543400645256042e-01
5.3825674607662832293897281488170847296715e-01
5.3825674607662832293897281488170847296715e-01
7.9696252123402655520578719006152823567390e-01
7.2241886719826553520107381700654514133930e-01
1.0000000000000000000000000000000000000000e+00
6.3210138860575026953370070259552448987961e-01
6.2001520163096757176646178777446039021015e-01
6.1315434544024283169960654049646109342575e-01
6.0368105111863445966235985906678251922131e-01
5.6092599002795817675348644115729257464409e-01
5.5557091319241314053556379803922027349472e-01
6.7553680157740125800103214714908972382545e-01
5.3825674607662832293897281488170847296715e-01
7.9041858658964592176943142476375214755535e-01
6.3500960668240469253476021549431607127190e-01
1.0000000000000000000000000000000000000000e+00
6.0423499579994699448803885388770140707493e-01
1.0000000000000000000000000000000000000000e+00
2.5099294586019027519796509295701980590820e-01
3.2119803066079344322503175135352648794651e-01
1.0000000000000000000000000000000000000000e+00
2.1984728431293498740473069119616411626339e-01
6.2927753163985977735706001112703233957291e-01
6.4376088936864506173662903165677562355995e-01
3.8209231015398498199076016135222744196653e-01
6.5546821161847335091010791074950248003006e-01
2.5099294586018988661990647415223065763712e-01
6.6714798919162776602576059303828515112400e-01
6.4115143122240447759452308673644438385963e-01
5.3825674607662832293897281488170847296715e-01
0.0000000000000000000000000000000000000000e+00
7.9825585451266267700276557661709375679493e-01
4.6751872609385974888240866675914730876684e-01
7.1155991014872121969148111020331270992756e-01
5.6655596798799345847896802297327667474747e-01
7.3192596169837431663296456463285721838474e-01
4.8177985430417280543480273991008289158344e-01
4.0341030296868896076745159007259644567966e-01
9.3356108993051323263756557935266755521297e-01
8.3473040601185466424993819600786082446575e-01
3.6490538574377362479594921751413494348526e-01
5.7307676596678958080843813149840570986271e-01
3.6535096467373628925656703358981758356094e-01
5.0613401506605770752145190272131003439426e-01
2.4744063357417409032557031878241105005145e-01
5.1764094948541838903111056424677371978760e-01
6.3327931417593541496557918435428291559219e-01
5.9141815635534100703551985134254209697247e-01
2.2040282360293483865376629182719625532627e-01
6.7942431923825763462332361086737364530563e-02
7.0325813568150707943971156055340543389320e-01
8.1309007291231472080994535645004361867905e-01
1.0000000000000000000000000000000000000000e+00
5.1853302419676539081194732716539874672890e-01
6.0112864766515639036725815458339639008045e-01
7.6887937811314810421237098125857301056385e-01
9.4954393234371015086736633747932501137257e-01
8.4014026803103591944932304613757878541946e-01
4.8425679932435200525375762481417041271925e-01
4.8538286217567117031279622096917591989040e-01
5.7185047974427039019218454996007494628429e-01
4.8425679932435200525375762481417041271925e-01
7.4411803726103742384623274119803681969643e-01
6.9407243076933733405553539341781288385391e-01
6.9961625944712568792027695963042788207531e-01
8.0539585337655605901119315603864379227161e-01
5.4638520828024006448231375543400645256042e-01
6.3198591468737119747345332143595442175865e-01
6.9044004060694497137973257849807851016521e-01
4.8425679932435200525375762481417041271925e-01
5.1549193908253676532638110074913129210472e-01
2.9351206315078792741246616060379892587662e-01
2.5433080637976807070188556281209457665682e-01
2.7415881742204140092411535079008899629116e-01
0.0000000000000000000000000000000000000000e+00
2.2387208099506747394080719004705315455794e-01
3.7899317919576895608013700211813556961715e-02
3.8973974798315413892169090104289352893829e-01
0.0000000000000000000000000000000000000000e+00
2.6443313756581854345739657219382934272289e-01
2.8511539053782436470285688301373738795519e-01
9.6644499854006998829092367486737202852964e-02
2.7643139722157039628314123547170311212540e-01
0.0000000000000000000000000000000000000000e+00
0.0000000000000000000000000000000000000000e+00
5.1636821311692793212699825744493864476681e-01
5.3825674607662832293897281488170847296715e-01
0.0000000000000000000000000000000000000000e+00
6.7942431923825763462332361086737364530563e-02
4.8425679932435200525375762481417041271925e-01
0.0000000000000000000000000000000000000000e+00
5.1549193908253676532638110074913129210472e-01
2.9351206315078792741246616060379892587662e-01
2.5433080637976807070188556281209457665682e-01
2.7415881742204140092411535079008899629116e-01
0.0000000000000000000000000000000000000000e+00
2.2387208099506747394080719004705315455794e-01
3.7899317919576895608013700211813556961715e-02
3.8973974798315413892169090104289352893829e-01
0.0000000000000000000000000000000000000000e+00
2.6443313756581854345739657219382934272289e-01
2.8511539053782436470285688301373738795519e-01
9.6644499854006998829092367486737202852964e-02
2.7643139722157039628314123547170311212540e-01
0.0000000000000000000000000000000000000000e+00
0.0000000000000000000000000000000000000000e+00
5.1636821311692793212699825744493864476681e-01
5.3825674607662832293897281488170847296715e-01
0.0000000000000000000000000000000000000000e+00
6.7942431923825763462332361086737364530563e-02
4.8425679932435200525375762481417041271925e-01
0.0000000000000000000000000000000000000000e+00
0.0000000000000000000000000000000000000000e+00
5.1549193908253676532638110074913129210472e-01
2.9351206315078792741246616060379892587662e-01
2.5433080637976807070188556281209457665682e-01
2.7415881742204140092411535079008899629116e-01
0.0000000000000000000000000000000000000000e+00
2.2387208099506747394080719004705315455794e-01
3.7899317919576895608013700211813556961715e-02
3.8973974798315413892169090104289352893829e-01
0.0000000000000000000000000000000000000000e+00
2.6443313756581854345739657219382934272289e-01
2.8511539053782436470285688301373738795519e-01
9.6644499854006998829092367486737202852964e-02
2.7643139722157039628314123547170311212540e-01
0.0000000000000000000000000000000000000000e+00
0.0000000000000000000000000000000000000000e+00
5.1636821311692793212699825744493864476681e-01
5.3825674607662832293897281488170847296715e-01
0.0000000000000000000000000000000000000000e+00
6.7942431923825763462332361086737364530563e-02
4.8425679932435200525375762481417041271925e-01
0.0000000000000000000000000000000000000000e+00
0.0000000000000000000000000000000000000000e+00
0.0000000000000000000000000000000000000000e+00
8.2131813542745589984406251460313796997070e+01
8.2234353824320771675360219887807033956051e-01
