1
0
23
9.7490624559953298344794347940478473901749e-01
3.3431748870284816455011878133518621325493e-01
4.8956569041067055092497639634530059993267e-01
7.7380999789132021149384854652453213930130e-01
2.9455806442787896282098358824441675096750e-01
7.6074554056993459738578167161904275417328e-01
7.6074554056993459738578167161904275417328e-01
2.0674245127345472483604282842861721292138e-01
9.3889624814766925453568546799942851066589e-01
6.5498493505047594709367331233806908130646e-01
5.7788507560955382214018527520238421857357e-01
2.6189041009087238309760437005024868994951e-01
8.6293664197028530082889119512401521205902e-01
9.3942932314079996558575658127665519714355e-01
7.7957693486615631250913338590180501341820e-01
5.7140852341417058823935803957283496856689e-01
0.0000000000000000000000000000000000000000e+00
6.1562623940046223847133433082490228116512e-01
5.2390449051027720983597646409180015325546e-01
5.9221757979034750363211969670373946428299e-01
4.7472437520102461760984624561388045549393e-01
1.0000000000000000000000000000000000000000e+00
2.3092430353110904306390693818684667348862e-01
8.8325716401012366318923341168556362390518e-01
6.7934537617705492706932091095950454473495e-01
5.1589532169293006447219340770971029996872e-01
6.1023627920518963563267789140809327363968e-01
1.0000000000000000000000000000000000000000e+00
5.0346905338427472287321506883017718791962e-01
2.1064512847675631590504963241983205080032e-02
6.7622071044249487670185772003605961799622e-01
9.4064547080607208151548093155724927783012e-01
7.7281518971965779130073315172921866178513e-01
7.1181587032483528698634245301946066319942e-01
1.0000000000000000000000000000000000000000e+00
7.9502442478888846189022387989098206162453e-01
6.7622071044250475768677688392926938831806e-01
3.8564148777681339641532076711882837116718e-01
9.2538103119429804266360406472813338041306e-01
9.4948581372596374539085672950022853910923e-01
4.7098791807829981648225725621159654110670e-01
8.8817435272403066903734725201502442359924e-01
1.0000000000000000000000000000000000000000e+00
6.1661236362477145345195594927645288407803e-01
3.7015181039812006247302633710205554962158e-01
6.4734711618212459338650432982831262052059e-01
0.0000000000000000000000000000000000000000e+00
6.1562623940046223847133433082490228116512e-01
7.6454663408231082755150964658241719007492e-01
6.6779748308511621690541915086214430630207e-01
4.9270846069823936996812108191079460084438e-01
1.0000000000000000000000000000000000000000e+00
4.7472437520102500618790486441866960376501e-01
6.2997661511895208796829592756694182753563e-01
7.4712988115576095538017398212105035781860e-01
3.9264487384266599789839347067754715681076e-01
2.3890043170445837694693125285994028672576e-01
8.9245949168976745902170932822627946734428e-01
1.0000000000000000000000000000000000000000e+00
9.7063597224991360334911405516322702169418e-01
5.6603873703534335337650418296107091009617e-01
6.3900921863286419544181171659147366881371e-01
8.3442252694173280058720365559565834701061e-01
7.2874531082838078788199709379114210605621e-01
8.9846628629152047729178320878418162465096e-01
8.7467844191349408689006850181613117456436e-01
3.4141007324578803716619290753442328423262e-01
2.9078141102380400395688297976448666304350e-01
7.6074554056992638173539944546064361929893e-01
4.2606170618317767972982323954056482762098e-01
2.3304367791167465706614336795610142871737e-01
5.2680755160574443962673285568598657846451e-01
1.0000000000000000000000000000000000000000e+00
6.4177316279037488477854367374675348401070e-01
4.5902841265225241551561907726863864809275e-01
5.5308306100060977694710118157672695815563e-01
7.6431769623607381802798954595346003770828e-01
6.9799837920949903136147440818604081869125e-01
9.3484067155089101142095842078560963273048e-01
7.1323468664009417872229334989242488518357e-02
8.5159692801286213104106082028010860085487e-01
1.0000000000000000000000000000000000000000e+00
9.0709696640766668274125095194904133677483e-01
1.0000000000000000000000000000000000000000e+00
9.8641243389753319181778579149977304041386e-01
9.7453275361233782092540423036552965641022e-01
1.0000000000000000000000000000000000000000e+00
9.4798615975199029826114838215289637446404e-01
4.9492693421350697491334358346648514270782e-01
3.4001839588418725224272520790691487491131e-01
5.9946002516102958601607042510295286774635e-01
1.0000000000000000000000000000000000000000e+00
2.8824260790114242247739184676902368664742e-01
9.4775534421887130953621181106427684426308e-01
5.7211358914789411933554674760671332478523e-01
7.1106019103242878998116793809458613395691e-01
6.1873733043579426382763131186948157846928e-01
7.5184758534628537418598170916084200143814e-01
1.0000000000000000000000000000000000000000e+00
6.3130739546356962055284611778915859758854e-01
6.7622071044249487670185772003605961799622e-01
4.4922311813561566218311327247647568583488e-01
3.9460950644405978771089849033160135149956e-01
4.1521007789060071502262871945276856422424e-01
7.9776556373197837768174167649704031646252e-01
6.3130739546356995361975350533612072467804e-01
0.0000000000000000000000000000000000000000e+00
5.4320315569559296520196767232846468687057e-01
6.2724815728275384874024211967480368912220e-01
7.6816924907187633664307213621214032173157e-01
3.7099656540662540038510996964760124683380e-01
1.0000000000000000000000000000000000000000e+00
6.8829760786154770002553959784563630819321e-01
6.0453162873299659541004302809596993029118e-01
7.1839989495704648092555544280912727117538e-01
5.2524589468633298139366161194629967212677e-01
7.8818298957688237571517220203531906008720e-01
6.8398491016993578917038121289806440472603e-01
9.0232107680089179702065393939847126603127e-01
8.0070475466684143395212913674185983836651e-01
5.5503574758131613009481952758505940437317e-01
0.0000000000000000000000000000000000000000e+00
7.6435174414619699856388024272746406495571e-01
6.9196154184791081043215399404289200901985e-01
6.6027803874268231609789836511481553316116e-01
6.3177939803482996428130036292714066803455e-01
8.4743310551007144937329940148629248142242e-01
8.9523849577586844805665577951003797352314e-01
6.6027803874268264916480575266177766025066e-01
1.0000000000000000000000000000000000000000e+00
6.8516204187526097424409954328439198434353e-01
8.9805599001860436647604046811466105282307e-01
8.8113761451825178827590434593730606138706e-01
8.5504507689401632042347500828327611088753e-01
5.9993312588165592647015955662936903536320e-01
8.8026230121009019224942449000081978738308e-01
7.0103328790304386686216275847982615232468e-01
5.0625145462022791420508838200476020574570e-01
6.4112869241040493228922514390433207154274e-01
6.7418642027888386891731897776480764150620e-01
5.7994558934659246052234493618016131222248e-01
5.3928783367013288785329905294929631054401e-01
5.2003718156304212794083241533371619880199e-01
5.2003718156304212794083241533371619880199e-01
7.6334387874857434486131069206749089062214e-01
6.8667457456288560901924711288302205502987e-01
1.0000000000000000000000000000000000000000e+00
6.0392361176796038879643901964300312101841e-01
6.0214974443546442905983440141426399350166e-01
5.7342060079196088828723532060394063591957e-01
5.7116453782679299511215731399715878069401e-01
5.5116740720986812096526819004793651401997e-01
5.2439164047930075795989068865310400724411e-01
6.7418642027888386891731897776480764150620e-01
5.2003718156304212794083241533371619880199e-01
8.0075911280916423073961141199106350541115e-01
6.2216783978073009198084264426142908632755e-01
1.0000000000000000000000000000000000000000e+00
5.6619349330612944726226487546227872371674e-01
1.0000000000000000000000000000000000000000e+00
2.7005592871720496273013623067527078092098e-01
3.6235614918233821635240587966109160333872e-01
1.0000000000000000000000000000000000000000e+00
8.1243568671970578520813432987779378890991e-02
6.7360426692619235211623163195326924324036e-01
6.3540576286146754902972588752163574099541e-01
3.7157732382813801752519111687433905899525e-01
7.0240764248516973644598238024627789855003e-01
2.5447595715538423588597538582689594477415e-01
7.2603822596506861763998585956869646906853e-01
6.2947208543507793265803229587618261575699e-01
5.2003718156304212794083241533371619880199e-01
0.0000000000000000000000000000000000000000e+00
7.6074554056992638173539944546064361929893e-01
4.6613951461584024471562770486343652009964e-01
7.7887697530106558829743335081730037927628e-01
4.7178127447789330872751634160522371530533e-01
8.1366911232123695363327442464651539921761e-01
4.5659792177381708366823431788361631333828e-01
3.4141007324578803716619290753442328423262e-01
9.8154682140957827396476886860909871757030e-01
7.9135628162538784735602348519023507833481e-01
3.4141007324578803716619290753442328423262e-01
5.4372818571319492253479666032944805920124e-01
3.5795078252254108885921368710114620625973e-01
4.8935079941248754709093304882117081433535e-01
2.5700178050128952289554717935970984399319e-01
5.2795403494856907311572058461024425923824e-01
6.4218761440711358279287424011272378265858e-01
5.8785369660185227136395269553759135305882e-01
2.2525920700589430190063922054832801222801e-01
7.8501312417549165556529544574004830792546e-02
6.7900714383416083119726636141422204673290e-01
7.8068153651793414926629566252813674509525e-01
1.0000000000000000000000000000000000000000e+00
5.2680755160574521678285009329556487500668e-01
5.0221604502998096197785571348504163324833e-01
7.6929188840585926989490417327033355832100e-01
9.7582834315395250435187790571944788098335e-01
8.4237021864120165126621486706426367163658e-01
4.7871767249351004913648921501589938998222e-01
4.6416453536560364767638020566664636135101e-01
5.6537761135303155057840740482788532972336e-01
4.6416453536560364767638020566664636135101e-01
6.8630216726537440763422637246549129486084e-01
6.8112211970542679839724087287322618067265e-01
6.8829760786154825513705191042390652000904e-01
8.2180175903149765836985807254677638411522e-01
5.3997161204112165133750522727495990693569e-01
6.1415131144848333910601922980276867747307e-01
6.7831745216229033523802627314580604434013e-01
4.6416453536560364767638020566664636135101e-01
4.8956569041067055092497639634530059993267e-01
2.9455806442787896282098358824441675096750e-01
2.0674245127345472483604282842861721292138e-01
2.6189041009087238309760437005024868994951e-01
0.0000000000000000000000000000000000000000e+00
2.3092430353110904306390693818684667348862e-01
2.1064512847675631590504963241983205080032e-02
3.8564148777681339641532076711882837116718e-01
0.0000000000000000000000000000000000000000e+00
2.3890043170445837694693125285994028672576e-01
2.9078141102380400395688297976448666304350e-01
7.1323468664009417872229334989242488518357e-02
2.8824260790114242247739184676902368664742e-01
0.0000000000000000000000000000000000000000e+00
0.0000000000000000000000000000000000000000e+00
5.0625145462022791420508838200476020574570e-01
5.2003718156304212794083241533371619880199e-01
0.0000000000000000000000000000000000000000e+00
7.8501312417549165556529544574004830792546e-02
4.6416453536560364767638020566664636135101e-01
0.0000000000000000000000000000000000000000e+00
4.8956569041067055092497639634530059993267e-01
2.9455806442787896282098358824441675096750e-01
2.0674245127345472483604282842861721292138e-01
2.6189041009087238309760437005024868994951e-01
0.0000000000000000000000000000000000000000e+00
2.3092430353110904306390693818684667348862e-01
2.1064512847675631590504963241983205080032e-02
3.8564148777681339641532076711882837116718e-01
0.0000000000000000000000000000000000000000e+00
2.3890043170445837694693125285994028672576e-01
2.9078141102380400395688297976448666304350e-01
7.1323468664009417872229334989242488518357e-02
2.8824260790114242247739184676902368664742e-01
0.0000000000000000000000000000000000000000e+00
0.0000000000000000000000000000000000000000e+00
5.0625145462022791420508838200476020574570e-01
5.2003718156304212794083241533371619880199e-01
0.0000000000000000000000000000000000000000e+00
7.8501312417549165556529544574004830792546e-02
4.6416453536560364767638020566664636135101e-01
0.0000000000000000000000000000000000000000e+00
0.0000000000000000000000000000000000000000e+00
4.8956569041067055092497639634530059993267e-01
2.9455806442787896282098358824441675096750e-01
2.0674245127345472483604282842861721292138e-01
2.6189041009087238309760437005024868994951e-01
0.0000000000000000000000000000000000000000e+00
2.3092430353110904306390693818684667348862e-01
2.1064512847675631590504963241983205080032e-02
3.8564148777681339641532076711882837116718e-01
0.0000000000000000000000000000000000000000e+00
2.3890043170445837694693125285994028672576e-01
2.9078141102380400395688297976448666304350e-01
7.1323468664009417872229334989242488518357e-02
2.8824260790114242247739184676902368664742e-01
0.0000000000000000000000000000000000000000e+00
0.0000000000000000000000000000000000000000e+00
5.0625145462022791420508838200476020574570e-01
5.2003718156304212794083241533371619880199e-01
0.0000000000000000000000000000000000000000e+00
7.8501312417549165556529544574004830792546e-02
4.6416453536560364767638020566664636135101e-01
0.0000000000000000000000000000000000000000e+00
0.0000000000000000000000000000000000000000e+00
0.0000000000000000000000000000000000000000e+00
8.0858768379473076493013650178909301757812e+01
8.0343913920609189016630580226774327456951e-01
