1
0
23
7.5376447951334923924804343187133781611919e-01
3.8783817952262511496996921778190881013870e-01
2.1730715131275046836378805892309173941612e-01
5.4463397944741598344364774675341323018074e-01
0.0000000000000000000000000000000000000000e+00
5.4463397944741520628753050914383493363857e-01
4.6732608676896641997089432152279186993837e-01
2.9885203270738602832068409043131396174431e-01
6.8135876436535225408874794084113091230392e-01
6.2390739443105514006049361341865733265877e-01
4.1737232462873596894326055917190387845039e-01
3.9290445245461699808053879223734838888049e-02
7.2068840325222838227858801474212668836117e-01
8.8683140603374122079571861831936985254288e-01
3.6178770948673444340926153017790056765079e-01
7.5050685522592475162895198081969283521175e-01
0.0000000000000000000000000000000000000000e+00
9.7250765138821548827507967871497385203838e-01
5.7863239533734855957192166897584684193134e-01
6.2814084078742649097648609313182532787323e-01
5.6740494199525315366372524295002222061157e-01
4.1606085531250036613215570469037629663944e-01
3.8683042546330004274324210200575180351734e-01
6.0508809860704881877779826027108356356621e-01
6.5667584422253721943008031303179450333118e-01
6.2769693857334996067720567225478589534760e-01
5.1795765492381695693779875000473111867905e-01
1.0000000000000000000000000000000000000000e+00
4.9364585302365848740180354070616886019707e-01
4.2994235834579808130939682087046094238758e-01
5.8621024377524144632900515716755762696266e-01
1.0000000000000000000000000000000000000000e+00
7.4386786470670296367302398721221834421158e-01
5.4736600687830760936236629277118481695652e-01
5.5779232669488965079551689996151253581047e-01
1.0000000000000000000000000000000000000000e+00
7.4386786470669830073632056155474856495857e-01
3.7569434130665335658250114647671580314636e-01
1.0000000000000000000000000000000000000000e+00
1.0000000000000000000000000000000000000000e+00
6.2814084078742649097648609313182532787323e-01
8.3567322431046864306125598886865191161633e-01
1.0000000000000000000000000000000000000000e+00
3.8683042546330004274324210200575180351734e-01
9.9702929038448417919937583064893260598183e-01
7.4386786470669830073632056155474856495857e-01
0.0000000000000000000000000000000000000000e+00
5.4846709855712150183393305269419215619564e-01
8.8683140603374055466190384322544559836388e-01
8.1907985078053091587690914820996113121510e-01
7.6954362875649751085660454918979667127132e-01
6.4732940392680937691238796105608344078064e-01
5.9049948415007158519784979944233782589436e-01
4.8708776055518704373170635335554834455252e-01
6.2346088283582989930664552957750856876373e-01
8.9606793612880175636803414818132296204567e-01
1.4462687996184980798730634887760970741510e-01
5.5240383553482252931843277110601775348186e-01
8.7004506325245023479197925553307868540287e-01
6.0402047829882410390212044148938730359077e-01
9.1620790437767141156655270606279373168945e-01
4.5285811350963162125182748241059016436338e-01
5.1868089410413287243528657199931330978870e-01
9.6685766786542925999015096749644726514816e-01
8.6330291080437715489637184873572550714016e-01
7.1917760886485637694676142928074114024639e-01
2.9072754288917418419302407528448384255171e-01
1.5063304715025671587369515691534616053104e-01
7.7395970684664716632283898434252478182316e-01
7.1857390209477411957550430088303983211517e-01
6.0162292346990231539649585101869888603687e-01
5.9899700909422748384969281687517650425434e-01
1.0000000000000000000000000000000000000000e+00
6.2391778407914488813190700966515578329563e-01
6.2769693857335417952469924784963950514793e-01
9.1110279779582348247402023844188079237938e-01
9.2242748432787202705895879262243397533894e-01
1.0000000000000000000000000000000000000000e+00
6.0010769958126808365506121845101006329060e-01
4.3360177075068762064802285749465227127075e-01
4.2174895016320923524233421630924567580223e-01
4.4226250901121999525855699175735935568810e-01
6.9285314051428992243586435506585985422134e-01
1.0000000000000000000000000000000000000000e+00
1.0000000000000000000000000000000000000000e+00
9.6090469446298332201195080415345728397369e-01
9.9702929038448406817707336813327856361866e-01
5.9143282253507445389573149441275745630264e-01
1.0000000000000000000000000000000000000000e+00
2.9854444108333488827611290616914629936218e-01
4.4665368396575583220808880469121504575014e-01
7.0751273348580723254741542405099608004093e-01
2.5698904279595113919754112430382519960403e-01
5.5044549442205137346206811344018206000328e-01
5.6346925789007495932736446775379590690136e-01
5.6937693382205445402632904006168246269226e-01
6.9682963098275774171952434699051082134247e-01
5.4652031304875170469870226952480152249336e-01
9.7250765138821582134198706626193597912788e-01
7.7887430164574233959484672595863230526447e-01
6.4523694518990171165029323674389161169529e-01
8.0362333592854806596506023197434842586517e-01
3.5209625410468703421429381705820560455322e-01
5.6734782677997830369065468403277918696404e-01
8.1640720506959219004983197010005824267864e-01
6.6805753904739728632478090730728581547737e-01
0.0000000000000000000000000000000000000000e+00
5.2580595710148481103374251688364893198013e-01
6.6638671859972831157392647583037614822388e-01
6.4422637329072218737024968504556454718113e-01
6.3913851510687458290504991964553482830524e-01
7.2068840325222505160951413927250541746616e-01
7.2174700472661623695813659651321358978748e-01
6.2204685711869500686077572026988491415977e-01
6.4523694518990171165029323674389161169529e-01
6.9972301114623092210820232139667496085167e-01
6.2901283077639114083012827904894948005676e-01
8.2428657432053586973097480949945747852325e-01
8.4036099370204531133765613049035891890526e-01
7.1220910997682373988482140703126788139343e-01
7.7484148380634165764746512650162912905216e-01
2.4821487509053832831718011675548041239381e-01
6.5280047712674249549280602877843193709850e-01
9.9991630842730516715022304197191260755062e-01
5.5514435365103587116664130007848143577576e-01
5.6139933266132280298421619590953923761845e-01
6.1724002488667517596354628039989620447159e-01
9.0791035827983290751319600531132891774178e-01
7.0116261816927039074442973287659697234631e-01
9.5738894684789099809307799660018645226955e-01
9.7211934385699105831690758350305259227753e-01
6.9826818980814397974654639256186783313751e-01
6.3392894256448106826695720883435569703579e-01
6.5813576555379404986467761773383244872093e-01
5.5514435365103587116664130007848143577576e-01
9.4310789689788032674755413609091192483902e-01
7.0310799125086786975913355490774847567081e-01
5.5514435365103587116664130007848143577576e-01
7.7395970684664583405520943415467627346516e-01
1.0000000000000000000000000000000000000000e+00
6.3856461102124628670395622975775040686131e-01
6.8528946681131353013682883101864717900753e-01
7.2134096002092995547627651831135153770447e-01
6.8800816141749254750692443849402479827404e-01
8.4121802071453477545048826868878677487373e-01
9.1494144862494597436608501084265299141407e-01
1.0000000000000000000000000000000000000000e+00
6.0698133315849744917613861616700887680054e-01
6.0620609707322914427862770025967620313168e-01
7.6167541223114176851538559276377782225609e-01
7.2427471141187838021835432300576940178871e-01
7.7887430164574156243872948834905400872231e-01
6.2204685711869578401689295787946321070194e-01
8.6867186890404846089097645744914188981056e-01
6.0098915088385296279227532068034633994102e-01
1.0000000000000000000000000000000000000000e+00
1.0000000000000000000000000000000000000000e+00
1.0000000000000000000000000000000000000000e+00
1.0000000000000000000000000000000000000000e+00
3.5044892694873497340779522346565499901772e-01
1.0000000000000000000000000000000000000000e+00
6.7931883515685265173544848948949947953224e-01
7.3488562070416418858798124347231350839138e-01
5.8491781189509084448729936411837115883827e-01
6.7312515103313652620187212960445322096348e-01
2.1651346257042372589474155120115028694272e-01
8.5352968406860918459955200887634418904781e-01
5.3451138431960376617979591173934750258923e-01
4.1860492466689280810498985374579206109047e-01
9.3362818091771215822660678895772434771061e-01
5.7025159562760086018329275248106569051743e-01
6.0098915088385296279227532068034633994102e-01
0.0000000000000000000000000000000000000000e+00
7.8411200483316623177643123199231922626495e-01
8.0131389119198082049422282580053433775902e-01
5.2840716764233786051363495062105357646942e-01
8.3567322431046864306125598886865191161633e-01
8.7084204231799411388692533364519476890564e-01
3.8683042546330004274324210200575180351734e-01
4.8606006628366821287201560153334867209196e-01
9.5277893862590579132643142656888812780380e-01
1.0000000000000000000000000000000000000000e+00
5.0762999213698123401883322003413923084736e-01
6.0305200865483898908792070869822055101395e-01
9.5995335492136546484687187330564484000206e-01
3.6357692754031628590283276025729719549417e-01
3.5553790073447899544589745346456766128540e-01
7.6334374867269627618071581309777684509754e-01
7.2380048913106653785121125110890716314316e-01
6.8528946681131353013682883101864717900753e-01
7.0740210672298431404669827315956354141235e-01
3.5553790073447899544589745346456766128540e-01
5.3179813937613529262193878821562975645065e-01
5.3761686065571578918564910054556094110012e-01
7.5229921419693202011558241792954504489899e-01
7.1450927383521545266376051586121320724487e-01
5.1536709907292710397541668498888611793518e-01
9.4960482838893678358971328634652309119701e-01
9.0034288854811361790808632576954551041126e-01
8.0104767454213721133982062383438460528851e-01
8.1237236107418575592475917801493778824806e-01
3.2316859630295935446042676630895584821701e-01
4.0974306868915982837719980125257279723883e-01
7.5794346856900496334219496930018067359924e-01
4.9606149111918940164400737558025866746902e-01
4.7208723607136404698536580326617695391178e-01
7.2017963851402022612546716118231415748596e-01
6.7262607277652797233002957000280730426311e-01
6.9024609053356733578965531705762259662151e-01
5.1839011737922235933950787512003444135189e-01
5.6217866560141804832539946801261976361275e-01
3.1441212407224122804549892862269189208746e-01
2.1730715131275046836378805892309173941612e-01
0.0000000000000000000000000000000000000000e+00
2.9885203270738602832068409043131396174431e-01
3.9290445245461699808053879223734838888049e-02
0.0000000000000000000000000000000000000000e+00
3.8683042546330004274324210200575180351734e-01
4.2994235834579808130939682087046094238758e-01
3.7569434130665335658250114647671580314636e-01
0.0000000000000000000000000000000000000000e+00
1.4462687996184980798730634887760970741510e-01
1.5063304715025671587369515691534616053104e-01
4.3360177075068762064802285749465227127075e-01
2.5698904279595113919754112430382519960403e-01
0.0000000000000000000000000000000000000000e+00
2.4821487509053832831718011675548041239381e-01
5.5514435365103587116664130007848143577576e-01
6.0098915088385296279227532068034633994102e-01
0.0000000000000000000000000000000000000000e+00
3.5553790073447899544589745346456766128540e-01
3.1441212407224122804549892862269189208746e-01
0.0000000000000000000000000000000000000000e+00
2.1730715131275046836378805892309173941612e-01
0.0000000000000000000000000000000000000000e+00
2.9885203270738602832068409043131396174431e-01
3.9290445245461699808053879223734838888049e-02
0.0000000000000000000000000000000000000000e+00
3.8683042546330004274324210200575180351734e-01
4.2994235834579808130939682087046094238758e-01
3.7569434130665335658250114647671580314636e-01
0.0000000000000000000000000000000000000000e+00
1.4462687996184980798730634887760970741510e-01
1.5063304715025671587369515691534616053104e-01
4.3360177075068762064802285749465227127075e-01
2.5698904279595113919754112430382519960403e-01
0.0000000000000000000000000000000000000000e+00
2.4821487509053832831718011675548041239381e-01
5.5514435365103587116664130007848143577576e-01
6.0098915088385296279227532068034633994102e-01
0.0000000000000000000000000000000000000000e+00
3.5553790073447899544589745346456766128540e-01
3.1441212407224122804549892862269189208746e-01
0.0000000000000000000000000000000000000000e+00
0.0000000000000000000000000000000000000000e+00
2.1730715131275046836378805892309173941612e-01
0.0000000000000000000000000000000000000000e+00
2.9885203270738602832068409043131396174431e-01
3.9290445245461699808053879223734838888049e-02
0.0000000000000000000000000000000000000000e+00
3.8683042546330004274324210200575180351734e-01
4.2994235834579808130939682087046094238758e-01
3.7569434130665335658250114647671580314636e-01
0.0000000000000000000000000000000000000000e+00
1.4462687996184980798730634887760970741510e-01
1.5063304715025671587369515691534616053104e-01
4.3360177075068762064802285749465227127075e-01
2.5698904279595113919754112430382519960403e-01
0.0000000000000000000000000000000000000000e+00
2.4821487509053832831718011675548041239381e-01
5.5514435365103587116664130007848143577576e-01
6.0098915088385296279227532068034633994102e-01
0.0000000000000000000000000000000000000000e+00
3.5553790073447899544589745346456766128540e-01
3.1441212407224122804549892862269189208746e-01
0.0000000000000000000000000000000000000000e+00
0.0000000000000000000000000000000000000000e+00
0.0000000000000000000000000000000000000000e+00
8.7809781742211100663553224876523017883301e+01
2.5720159000914971647588913583604153245687e-01
