1
0
23
7.1244059848695595604795016697607934474945e-01
3.8488482092964987346661587253038305789232e-01
2.5060978283399865107483606152527499943972e-01
5.2794599795412922027537661051610484719276e-01
0.0000000000000000000000000000000000000000e+00
5.5036041071697894278003104773233644664288e-01
4.4171348966341167363580666460620705038309e-01
3.0623682059410961553425067904754541814327e-01
7.0900743459867099360849351796787232160568e-01
6.4085896140639841966901713021798059344292e-01
4.2020099817794653862534914878779090940952e-01
9.8218367793933378240289755467529175803065e-02
6.8037928985419582339488897559931501746178e-01
9.5629588776240215253210408263839781284332e-01
5.4539401297422451797558551334077492356300e-01
8.4855237088709423165511225306545384228230e-01
0.0000000000000000000000000000000000000000e+00
9.4386438769732050602101480762939900159836e-01
5.8186817356876019413647327382932417094707e-01
5.8516190589480221451168517887708730995655e-01
6.4234539571252435852244389025145210325718e-01
7.3798625804899820046500735770678147673607e-01
4.1155038800945181742818590464594308286905e-01
6.1776245742267921201573699363507330417633e-01
6.0973501836020238542346305621322244405746e-01
6.3210725540596734983722626566304825246334e-01
5.3183017156609235787101397363585419952869e-01
1.0000000000000000000000000000000000000000e+00
5.4288713816786626775723334503709338605404e-01
4.0562719889063009182095242977084126323462e-01
5.7599913040364880689736537533462978899479e-01
1.0000000000000000000000000000000000000000e+00
6.8101392281193995348331782224704511463642e-01
6.2226197673922767350518370221834629774094e-01
6.1542062742364178618004189047496765851974e-01
1.0000000000000000000000000000000000000000e+00
7.6766168760950825866729019253398291766644e-01
3.4760757457286128868645391776226460933685e-01
1.0000000000000000000000000000000000000000e+00
1.0000000000000000000000000000000000000000e+00
6.4684337228296928667958809455740265548229e-01
7.7486872504572312791992771963123232126236e-01
1.0000000000000000000000000000000000000000e+00
4.1295615885706393743959097264450974762440e-01
1.0000000000000000000000000000000000000000e+00
7.6766168760950825866729019253398291766644e-01
0.0000000000000000000000000000000000000000e+00
5.6415258260757572550403438071953132748604e-01
9.0300708442830834865588940374436788260937e-01
8.4639439432606888846777337676030583679676e-01
8.6470298314256632821184211934451013803482e-01
6.0631611017404518637619048604392446577549e-01
6.1168262462744416030346883417223580181599e-01
5.2979558789951453068312048344523645937443e-01
6.1200366641962855585035185868036933243275e-01
7.5306454534281264123762866802280768752098e-01
2.2843096044185107196256012684898450970650e-01
6.0344902653915999390932256574160419404507e-01
8.1774064458589090786944097999366931617260e-01
5.8593990464539558171708222289453260600567e-01
8.7338594355347232145447833318030461668968e-01
4.7355257534201983249388945296232122927904e-01
5.8516190589480165940017286629881709814072e-01
9.6550598562535938640394306275993585586548e-01
8.1293479217629627253671742437290959060192e-01
6.8492568363660444319407361035700887441635e-01
3.5283304909734963805689744731353130191565e-01
1.8563054041515961167796433528565103188157e-01
7.5210803643363888237871606179396621882915e-01
6.1333948775963131883059986648731864988804e-01
6.2677782634004242101610770987463183701038e-01
6.1333948775963131883059986648731864988804e-01
1.0000000000000000000000000000000000000000e+00
6.1799516896034323298891877129790373146534e-01
6.3210725540596912619406566591351293027401e-01
8.5440714546895168979290247079916298389435e-01
9.5837845374602503856209523291909135878086e-01
9.7867592234496858516479278478072956204414e-01
6.5961108940558577096169301512418314814568e-01
4.1258147257057298240567888569785282015800e-01
4.6440222404063569161536406681989319622517e-01
4.8218601411240069598562740793568082153797e-01
7.2195743349508123554159055856871418654919e-01
1.0000000000000000000000000000000000000000e+00
1.0000000000000000000000000000000000000000e+00
8.9237467776652723561170432731159962713718e-01
1.0000000000000000000000000000000000000000e+00
6.0289232795722946800509589593275450170040e-01
1.0000000000000000000000000000000000000000e+00
3.4526022919432136637496455477958079427481e-01
4.3352974924713594262470905960071831941605e-01
7.8190859564094761235963915169122628867626e-01
1.7196790960019536775860160560114309191704e-01
5.8748624030318608024714421844691969454288e-01
5.3806552083489289639572916712495498359203e-01
5.7555742289424405289111064121243543922901e-01
6.4781808519528660816888532281154766678810e-01
6.5111629849891261567762512640911154448986e-01
9.6062615973814990955048642717883922159672e-01
7.2950159686104976142217992673977278172970e-01
6.3076466033421396684133242160896770656109e-01
7.1104133775030675668205049078096635639668e-01
3.8550329421626405856926567139453254640102e-01
5.3924236378693979343523778879898600280285e-01
8.0516314720376991331818317121360450983047e-01
6.9284344538082109909993278051842935383320e-01
0.0000000000000000000000000000000000000000e+00
5.7281587245165310751104925657273270189762e-01
6.4352202075259190561240529859787784516811e-01
6.3210725540597378913076909157098270952702e-01
6.4477634136543249265827171257114969193935e-01
6.7054858734579447787638173394952900707722e-01
7.8170525594498274646326763104298152029514e-01
6.4337921755014548796935969221522100269794e-01
6.6811048886065604879291868201107718050480e-01
6.9951482985282908977353599766502156853676e-01
7.2271839785330227456938700925093144178391e-01
8.1185008253444979064994413420208729803562e-01
7.6398893421923430580022795766126364469528e-01
6.2642835257808915372379487962462007999420e-01
7.7093435007452071339173471642425283789635e-01
2.8570690158351053078433778864564374089241e-01
6.2511707503094338100879667763365432620049e-01
9.2998944217345813623154526794678531587124e-01
5.3023693924760995077605230108019895851612e-01
5.3980871996715751315321085712639614939690e-01
7.0337539606199339647929491547984071075916e-01
9.0665605078755229229159340320620685815811e-01
7.1235448949811186469815993405063636600971e-01
9.0542627627091154529637151426868513226509e-01
1.0000000000000000000000000000000000000000e+00
6.6097949237304509662038753958768211305141e-01
6.5961108940558554891708809009287506341934e-01
6.5961108940558488278327331499895080924034e-01
5.8565892257126495046293257473735138773918e-01
9.1847972709862268914093874627724289894104e-01
6.6811048886065604879291868201107718050480e-01
5.3023693924760995077605230108019895851612e-01
7.5210803643363888237871606179396621882915e-01
1.0000000000000000000000000000000000000000e+00
5.9171750920892851599575124055263586342335e-01
6.8665296590385604957873511011712253093719e-01
8.4072627384868781064142240211367607116699e-01
7.3054714475756221681024271674687042832375e-01
8.5651960886494049596251443290384486317635e-01
8.6191116472367745870997168822214007377625e-01
9.7156366490630641230552555498434230685234e-01
6.3942029667136723869447223478346131742001e-01
6.3696598984665531162363549810834228992462e-01
7.5300392632200774389872321989969350397587e-01
7.0596459981329739985511650957050733268261e-01
7.1995574493691105733006452283007092773914e-01
6.4337921755014504388014984215260483324528e-01
8.1273749954822549490529581817099824547768e-01
5.3593275999991840663483344542328268289566e-01
1.0000000000000000000000000000000000000000e+00
1.0000000000000000000000000000000000000000e+00
1.0000000000000000000000000000000000000000e+00
1.0000000000000000000000000000000000000000e+00
3.2971272086308744952987126453081145882607e-01
9.9929443756351432615048224761267192661762e-01
6.8365308473961994284451293424353934824467e-01
7.3878656488455307638218982901889830827713e-01
5.2035621348599980784399576805299147963524e-01
8.1099312033941473032427893485873937606812e-01
3.0098734916951236373350297981232870370150e-01
9.3719914796509906640409326428198255598545e-01
4.6440222404063569161536406681989319622517e-01
4.8803208049275670354916201176820322871208e-01
9.4732778478514223508000213769264519214630e-01
7.3858927225648018932702143501956015825272e-01
7.2472618274900679757877242082031443715096e-01
0.0000000000000000000000000000000000000000e+00
7.8206989085470135503186384084983728826046e-01
7.3650219345348499899728267337195575237274e-01
6.6716563647236915013394309426075778901577e-01
8.3566135152818021847309637450962327420712e-01
8.7900174221872140467581857592449523508549e-01
4.1155038800945181742818590464594308286905e-01
5.2898312725130891553959600059897638857365e-01
8.9261984703046737266163290769327431917191e-01
7.8430187672229745299290470939013175666332e-01
4.9865808068163419708440642352798022329807e-01
6.2560331694846471606297200196422636508942e-01
1.0000000000000000000000000000000000000000e+00
3.7041913350354160883171061868779361248016e-01
4.0664330931636882837665325496345758438110e-01
7.5591475812641317766349402518244460225105e-01
7.5591475812641317766349402518244460225105e-01
7.3650219345348799659944916129461489617825e-01
7.4714353616732243068554453202523291110992e-01
3.6564977648661201037327828089473769068718e-01
5.5036041071697849869082119766972027719021e-01
5.7841177720335623657632595495670102536678e-01
6.4555762151022366701624832785455510020256e-01
7.9949347276200632972376070028985850512981e-01
5.5955487566172523727914267510641366243362e-01
9.1192290174641976729930092915310524404049e-01
8.7472326042982739835451866383664309978485e-01
8.1407680494356016165369283044128678739071e-01
9.1804811322063351042288559256121516227722e-01
4.1640716928176552125151488326082471758127e-01
4.5825452769170099687201513916079420596361e-01
7.1603919889000966492176303290762007236481e-01
5.5036041071697838766851873515406623482704e-01
5.1690907660931029177220352721633389592171e-01
7.4382850740866290895070278565981425344944e-01
6.5305987115100849749182998493779450654984e-01
6.9595284793833578351751611990039236843586e-01
5.2534424404142532338823912141378968954086e-01
5.9858383124576053369025885331211611628532e-01
3.0254451279785521400356174126500263810158e-01
2.5060978283399865107483606152527499943972e-01
0.0000000000000000000000000000000000000000e+00
3.0623682059410961553425067904754541814327e-01
9.8218367793933378240289755467529175803065e-02
0.0000000000000000000000000000000000000000e+00
4.1155038800945181742818590464594308286905e-01
4.0562719889063009182095242977084126323462e-01
3.4760757457286128868645391776226460933685e-01
0.0000000000000000000000000000000000000000e+00
2.2843096044185107196256012684898450970650e-01
1.8563054041515961167796433528565103188157e-01
4.1258147257057298240567888569785282015800e-01
1.7196790960019536775860160560114309191704e-01
0.0000000000000000000000000000000000000000e+00
2.8570690158351053078433778864564374089241e-01
5.3023693924760995077605230108019895851612e-01
5.3593275999991840663483344542328268289566e-01
0.0000000000000000000000000000000000000000e+00
3.6564977648661201037327828089473769068718e-01
3.0254451279785521400356174126500263810158e-01
0.0000000000000000000000000000000000000000e+00
2.5060978283399865107483606152527499943972e-01
0.0000000000000000000000000000000000000000e+00
3.0623682059410961553425067904754541814327e-01
9.8218367793933378240289755467529175803065e-02
0.0000000000000000000000000000000000000000e+00
4.1155038800945181742818590464594308286905e-01
4.0562719889063009182095242977084126323462e-01
3.4760757457286128868645391776226460933685e-01
0.0000000000000000000000000000000000000000e+00
2.2843096044185107196256012684898450970650e-01
1.8563054041515961167796433528565103188157e-01
4.1258147257057298240567888569785282015800e-01
1.7196790960019536775860160560114309191704e-01
0.0000000000000000000000000000000000000000e+00
2.8570690158351053078433778864564374089241e-01
5.3023693924760995077605230108019895851612e-01
5.3593275999991840663483344542328268289566e-01
0.0000000000000000000000000000000000000000e+00
3.6564977648661201037327828089473769068718e-01
3.0254451279785521400356174126500263810158e-01
0.0000000000000000000000000000000000000000e+00
0.0000000000000000000000000000000000000000e+00
2.5060978283399865107483606152527499943972e-01
0.0000000000000000000000000000000000000000e+00
3.0623682059410961553425067904754541814327e-01
9.8218367793933378240289755467529175803065e-02
0.0000000000000000000000000000000000000000e+00
4.1155038800945181742818590464594308286905e-01
4.0562719889063009182095242977084126323462e-01
3.4760757457286128868645391776226460933685e-01
0.0000000000000000000000000000000000000000e+00
2.2843096044185107196256012684898450970650e-01
1.8563054041515961167796433528565103188157e-01
4.1258147257057298240567888569785282015800e-01
1.7196790960019536775860160560114309191704e-01
0.0000000000000000000000000000000000000000e+00
2.8570690158351053078433778864564374089241e-01
5.3023693924760995077605230108019895851612e-01
5.3593275999991840663483344542328268289566e-01
0.0000000000000000000000000000000000000000e+00
3.6564977648661201037327828089473769068718e-01
3.0254451279785521400356174126500263810158e-01
0.0000000000000000000000000000000000000000e+00
0.0000000000000000000000000000000000000000e+00
0.0000000000000000000000000000000000000000e+00
8.6673251049256592182246095035225152969360e+01
3.3810991518437100156191377209324855357409e-01
