1
0
23
7.5398099396208928535401128101511858403683e-01
3.8016981084867612628030997257155831903219e-01
1.8175947372319886663483146094222320243716e-01
5.4778818628346326313760528137208893895149e-01
0.0000000000000000000000000000000000000000e+00
5.3275048965174920390097668132511898875237e-01
4.7759275785091270805082785955164581537247e-01
3.3215209002541168370470359150203876197338e-01
6.0359643143171914925204646351630799472332e-01
6.4882930157909046720021706278203055262566e-01
3.7374393378029041601351423196319956332445e-01
0.0000000000000000000000000000000000000000e+00
6.6932005491719392953342548935324884951115e-01
7.7580167872041005949768077698536217212677e-01
4.4410869259967422628676558815641328692436e-01
8.0753688034077186763681766024092212319374e-01
0.0000000000000000000000000000000000000000e+00
1.0000000000000000000000000000000000000000e+00
5.3479784126118290465967675118008628487587e-01
6.8399055369180139507534477161243557929993e-01
5.8556209902217826179793291885289363563061e-01
5.7098732504932281361931245555751956999302e-01
3.4932457505187841650950986149837262928486e-01
5.4160120595027538836774283481645397841930e-01
6.1519327760758324430412358196917921304703e-01
5.8049064050269816306126813287846744060516e-01
4.7424134831339576079400899288884829729795e-01
1.0000000000000000000000000000000000000000e+00
4.4418242233802934793018835080147255212069e-01
3.6743628677846229546588574521592818200588e-01
5.8920032098552721500084317085565999150276e-01
1.0000000000000000000000000000000000000000e+00
7.4218178540121582109634346124948933720589e-01
4.4336631777098384210589188114681746810675e-01
5.1604353576059847075185871290159411728382e-01
9.7616893941531124312405154341831803321838e-01
7.2080081433143816660447100730380043387413e-01
3.7107258961745026581979800539556890726089e-01
1.0000000000000000000000000000000000000000e+00
9.8570467646591708454906211045454256236553e-01
5.9282469668204218482543410573271103203297e-01
8.6819648912426017339782902126898989081383e-01
1.0000000000000000000000000000000000000000e+00
3.9262069586100478701951033144723623991013e-01
1.0000000000000000000000000000000000000000e+00
7.2080081433143816660447100730380043387413e-01
0.0000000000000000000000000000000000000000e+00
5.3275048965174809367795205616857856512070e-01
8.8551359882920854804666532800183631479740e-01
8.6888926371877706067436974990414455533028e-01
8.3762174917157283804414191763498820364475e-01
5.6578849676540465818419534116401337087154e-01
6.1565660607822259020593946843291632831097e-01
4.5275333075448176423094537312863394618034e-01
6.1900213684467819685863787526614032685757e-01
9.6247633424890022268982647801749408245087e-01
2.1241139320490998176893526760977692902088e-01
5.3820819167487399248273050034185871481895e-01
8.3192592504888063231760497728828340768814e-01
6.3775862547895734167013870319351553916931e-01
1.0000000000000000000000000000000000000000e+00
4.1540900680488213048136003635590896010399e-01
5.4116539504699101570395214366726577281952e-01
9.2856161307091689138815127080306410789490e-01
8.8040477501858294129277737738448195159435e-01
6.8132679426643927289575231043272651731968e-01
2.6187436605063513228586202785663772374392e-01
1.7199217349176962321699591029755538329482e-01
7.2149345878560222633524290358764119446278e-01
8.1368779771119581489813299413071945309639e-01
6.4399239280908171512152193827205337584019e-01
5.3696081780258808624495259209652431309223e-01
1.0000000000000000000000000000000000000000e+00
6.2562096436708525271086500652018003165722e-01
5.7358654921338414478526601669727824628353e-01
8.8709734945464790989433367940364405512810e-01
8.9471248094963895525211228232365101575851e-01
9.5435132087978957748930497473338618874550e-01
5.4913400657486255429517996162758208811283e-01
3.8013724569606999192927787589724175632000e-01
3.8321446585371182758095187637081835418940e-01
4.8161963131669405235868453019065782427788e-01
6.6641901156650074078413581446511670947075e-01
1.0000000000000000000000000000000000000000e+00
1.0000000000000000000000000000000000000000e+00
9.5359034955090826723989039237494580447674e-01
1.0000000000000000000000000000000000000000e+00
6.8113991841140131278109492996009066700935e-01
1.0000000000000000000000000000000000000000e+00
2.9904125509130452531536548121948726475239e-01
5.0335480277823441142004412540700286626816e-01
7.0872902934386883266881795861991122364998e-01
2.9904125509130452531536548121948726475239e-01
5.5117696744975197553628731839125975966454e-01
6.1968498226753054858306768437614664435387e-01
5.8049064050269560954831149501842446625233e-01
7.0986725600486377807385451887967064976692e-01
6.4452611996725817089526344716432504355907e-01
9.3764623076126751843872852987260557711124e-01
7.6761093844258176943640137324109673500061e-01
6.6315400629825904665892721823183819651604e-01
7.5057102717764889732166011526715010404587e-01
4.3523233196448929405164562922436743974686e-01
5.7582424828174405551095560440444387495518e-01
8.2157464932097135079658301037852652370930e-01
6.3732876382605885279275526045239530503750e-01
0.0000000000000000000000000000000000000000e+00
4.8088004227805514201321557266055606305599e-01
6.2334756022039161660330819358932785689831e-01
6.2030617194604087405451764425379224121571e-01
6.2137366246523717538963182960287667810917e-01
6.6932005491719070988665407639928162097931e-01
7.6087640163559311368146609311224892735481e-01
5.8194123107830586505428982491139322519302e-01
6.2030617194604054098761025670683011412621e-01
7.2684008438847436117669076338643208146095e-01
5.6578849676540721169715197902405634522438e-01
8.5525534918263212968980724326684139668941e-01
8.2157464932097257204191009805072098970413e-01
6.3864047504502075014443107647821307182312e-01
8.2157464932097090670737316031591035425663e-01
2.1064466640129198005126909265527501702309e-01
6.4625988147299806563239599199732765555382e-01
9.6901188449849728900886702831485308706760e-01
5.3262233591704666313404459287994541227818e-01
5.5904150720966971910286247293697670102119e-01
6.7788182479390890478043729672208428382874e-01
8.8443231047539438982596493588062003254890e-01
6.5296634075448112266570888095884583890438e-01
1.0000000000000000000000000000000000000000e+00
1.0000000000000000000000000000000000000000e+00
6.8224184021831268953661719933734275400639e-01
6.0678586140800006010209699525148607790470e-01
6.1246586466856167696448665083153173327446e-01
5.5341752408608801960809842057642526924610e-01
9.2964383177453169260218146519036963582039e-01
6.8224184021831268953661719933734275400639e-01
5.3262233591704666313404459287994541227818e-01
7.7932295876787516242245601461036130785942e-01
1.0000000000000000000000000000000000000000e+00
6.2637839158370889336424625071231275796890e-01
6.4655401120239952561519203300122171640396e-01
7.4252960258067257637293323568883351981640e-01
7.0829038012497524956501138149178586900234e-01
8.3830885510147423733684490798623301088810e-01
9.9999999999999433786257441170164383947849e-01
7.7751507286931564877363598498050123453140e-01
6.0369477690890327448158814149792306125164e-01
5.9196937468494192913226470409426838159561e-01
7.5665054025751332655858050202368758618832e-01
6.4839821319692236833986953570274636149406e-01
8.0044491905299997025480251977569423615932e-01
5.8194123107830619812119721245835535228252e-01
7.9618823997799215153037266645696945488453e-01
5.8194123107830619812119721245835535228252e-01
1.0000000000000000000000000000000000000000e+00
1.0000000000000000000000000000000000000000e+00
1.0000000000000000000000000000000000000000e+00
1.0000000000000000000000000000000000000000e+00
3.6217063430000195900504422752419486641884e-01
9.8789085090808315126054139909683726727962e-01
6.7190922014330578537766314184409566223621e-01
7.1003661139247398192964055851916782557964e-01
5.8288107580602810386949386156629770994186e-01
7.8801416615805019993956648249877616763115e-01
2.8084869614840868301541831897338852286339e-01
8.5636344985710111110677189572015777230263e-01
6.7839813385729019756809066166169941425323e-01
3.4105687839876031031138836624450050294399e-01
1.0000000000000000000000000000000000000000e+00
5.3262233591704666313404459287994541227818e-01
5.8194123107830619812119721245835535228252e-01
0.0000000000000000000000000000000000000000e+00
7.8869408603280366509835630495217628777027e-01
9.1278945605390027218106752116000279784203e-01
4.4699680700602872907012397263315506279469e-01
7.4392110945873157756835780674009583890438e-01
7.5438918600840576544896975974552333354950e-01
3.4932457505187841650950986149837262928486e-01
4.4503059223391056020702194473415147513151e-01
8.9739851726377883878171815013047307729721e-01
1.0000000000000000000000000000000000000000e+00
4.9848136196392367480711982352659106254578e-01
5.9107023470614417082202862729900516569614e-01
1.0000000000000000000000000000000000000000e+00
4.7979297650509011852193452796200290322304e-01
3.5102510931946617755983197639579884707928e-01
7.9807953948254128917483285476919263601303e-01
7.8398699753802947309822002353030256927013e-01
6.8721298639500771887611563215614296495914e-01
6.7839813385729019756809066166169941425323e-01
3.4932457505187841650950986149837262928486e-01
5.2163250152077089705215939829940907657146e-01
5.0950387086940862602091328881215304136276e-01
8.9502660176279391635034698992967605590820e-01
6.5535848681621655664741865621181204915047e-01
4.6746460226041219865322773330262862145901e-01
9.1610780284916815130458189742057584226131e-01
9.1610780284916815130458189742057584226131e-01
7.8596551019874028032319301928509958088398e-01
7.9184306845067931046600051558925770223141e-01
2.9495636409621345253029289779078681021929e-01
4.0433601194380919263693385801161639392376e-01
7.3257928762078172724159230710938572883606e-01
5.2163250152077045296294954823679290711880e-01
5.0638651509637078174108637540484778583050e-01
7.5048904397278648481517393520334735512733e-01
6.5651417939109169008560229485738091170788e-01
6.7036301185714597394849079137202352285385e-01
5.0638651509637044867417898785788565874100e-01
5.7607753574386300066123567376052960753441e-01
2.9495636409621345253029289779078681021929e-01
1.8175947372319886663483146094222320243716e-01
0.0000000000000000000000000000000000000000e+00
3.3215209002541168370470359150203876197338e-01
0.0000000000000000000000000000000000000000e+00
0.0000000000000000000000000000000000000000e+00
3.4932457505187841650950986149837262928486e-01
3.6743628677846229546588574521592818200588e-01
3.7107258961745026581979800539556890726089e-01
0.0000000000000000000000000000000000000000e+00
2.1241139320490998176893526760977692902088e-01
1.7199217349176962321699591029755538329482e-01
3.8013724569606999192927787589724175632000e-01
2.9904125509130452531536548121948726475239e-01
0.0000000000000000000000000000000000000000e+00
2.1064466640129198005126909265527501702309e-01
5.3262233591704666313404459287994541227818e-01
5.8194123107830619812119721245835535228252e-01
0.0000000000000000000000000000000000000000e+00
3.4932457505187841650950986149837262928486e-01
2.9495636409621345253029289779078681021929e-01
0.0000000000000000000000000000000000000000e+00
1.8175947372319886663483146094222320243716e-01
0.0000000000000000000000000000000000000000e+00
3.3215209002541168370470359150203876197338e-01
0.0000000000000000000000000000000000000000e+00
0.0000000000000000000000000000000000000000e+00
3.4932457505187841650950986149837262928486e-01
3.6743628677846229546588574521592818200588e-01
3.7107258961745026581979800539556890726089e-01
0.0000000000000000000000000000000000000000e+00
2.1241139320490998176893526760977692902088e-01
1.7199217349176962321699591029755538329482e-01
3.8013724569606999192927787589724175632000e-01
2.9904125509130452531536548121948726475239e-01
0.0000000000000000000000000000000000000000e+00
2.1064466640129198005126909265527501702309e-01
5.3262233591704666313404459287994541227818e-01
5.8194123107830619812119721245835535228252e-01
0.0000000000000000000000000000000000000000e+00
3.4932457505187841650950986149837262928486e-01
2.9495636409621345253029289779078681021929e-01
0.0000000000000000000000000000000000000000e+00
0.0000000000000000000000000000000000000000e+00
1.8175947372319886663483146094222320243716e-01
0.0000000000000000000000000000000000000000e+00
3.3215209002541168370470359150203876197338e-01
0.0000000000000000000000000000000000000000e+00
0.0000000000000000000000000000000000000000e+00
3.4932457505187841650950986149837262928486e-01
3.6743628677846229546588574521592818200588e-01
3.7107258961745026581979800539556890726089e-01
0.0000000000000000000000000000000000000000e+00
2.1241139320490998176893526760977692902088e-01
1.7199217349176962321699591029755538329482e-01
3.8013724569606999192927787589724175632000e-01
2.9904125509130452531536548121948726475239e-01
0.0000000000000000000000000000000000000000e+00
2.1064466640129198005126909265527501702309e-01
5.3262233591704666313404459287994541227818e-01
5.8194123107830619812119721245835535228252e-01
0.0000000000000000000000000000000000000000e+00
3.4932457505187841650950986149837262928486e-01
2.9495636409621345253029289779078681021929e-01
0.0000000000000000000000000000000000000000e+00
0.0000000000000000000000000000000000000000e+00
0.0000000000000000000000000000000000000000e+00
8.7106205262950865630955377127975225448608e+01
2.1411820477829915376766223289450863376260e-01
