1
0
23
7.5338302765101961000482333474792540073395e-01
3.9359120552844556462090963577793445438147e-01
2.0608879133328486532583667667495319619775e-01
5.4202386082769837827299852506257593631744e-01
0.0000000000000000000000000000000000000000e+00
5.4202386082769971054062807525042444467545e-01
4.9160264590445279520025678721140138804913e-01
3.3006059085947336839694798982236534357071e-01
6.7917427695951204658086908239056356251240e-01
6.5225646676541371160595872424892149865627e-01
4.5866667479300704535205568390665575861931e-01
5.9125572746601615103934079797909362241626e-02
7.2839885953216709779667326074559241533279e-01
8.0518621657733291385738993994891643524170e-01
4.4243348326174747331407388628576882183552e-01
8.5295622000555082475869994595996104180813e-01
0.0000000000000000000000000000000000000000e+00
9.7728723537806561072471822626539506018162e-01
5.5101827320184215697196350447484292089939e-01
6.9279520166876296105584742690552957355976e-01
5.9846367908932729395843352904194034636021e-01
4.9696868364093171877016175130847841501236e-01
3.5497464060664163376657143089687451720238e-01
5.8717362490474322989086886082077398896217e-01
6.4317274794994072628639969479991123080254e-01
6.4217028662764585877908984912210144102573e-01
5.3509711303428153517103282865718938410282e-01
1.0000000000000000000000000000000000000000e+00
4.9133802698226120009294959345425013452768e-01
4.1596541862020541824307429124019108712673e-01
6.0407605791206819834116004130919463932514e-01
1.0000000000000000000000000000000000000000e+00
7.7937809425477366787049504637252539396286e-01
5.1272053284625596081269804926705546677113e-01
5.9052942885454107191378625429933890700340e-01
1.0000000000000000000000000000000000000000e+00
7.4937652598722448438195442577125504612923e-01
3.9292312895748154888408976148639339953661e-01
1.0000000000000000000000000000000000000000e+00
1.0000000000000000000000000000000000000000e+00
6.3499872157639869474365923451841808855534e-01
8.9079139190551948068730325758224353194237e-01
1.0000000000000000000000000000000000000000e+00
3.5497464060664163376657143089687451720238e-01
1.0000000000000000000000000000000000000000e+00
7.4937652598722448438195442577125504612923e-01
0.0000000000000000000000000000000000000000e+00
5.5510849650952798217673489489243365824223e-01
8.9902384572623694758419787831371650099754e-01
8.7449706989984776761559714941540732979774e-01
8.4149656389386118249262835888657718896866e-01
6.4066328637748481966696090239565819501877e-01
5.9156785811541146014036485212272964417934e-01
5.0022613327058251808665545468102209270000e-01
6.3755364553853166587060741221648640930653e-01
9.7605440438310786532838392304256558418274e-01
1.9888420822590763270554248265398200601339e-01
5.5401253996147770131130982917966321110725e-01
8.3891800920604886471210193121805787086487e-01
6.4062084201359437152234477252932265400887e-01
9.4443746935448147361569226632127538323402e-01
4.6800559549689035865327468854957260191441e-01
5.2709767161855913819579200207954272627831e-01
9.3715137236879531013045152576523832976818e-01
8.7687343398161265994872337614651769399643e-01
7.1471029947825348571655013074632734060287e-01
3.0197205762881723645207898698572535067797e-01
1.6630359690668297667492936398048186674714e-01
7.7468049443615383253813888586591929197311e-01
7.9530903058574553554649355646688491106033e-01
6.4062084201359437152234477252932265400887e-01
6.0130472528757061834170372094376944005489e-01
1.0000000000000000000000000000000000000000e+00
6.7112204283092113943354206639924086630344e-01
6.1550272796157057264565537479938939213753e-01
9.4562259333701237373759340698597952723503e-01
9.5644360558183927345510255690896883606911e-01
9.8503041067335284086681213011615909636021e-01
5.9461017396222981545861330232582986354828e-01
4.8742716787913298315260135495918802917004e-01
4.2430834173927767238865271792747080326080e-01
4.5469969362230311382688796584261581301689e-01
6.5531647487766209181359045032877475023270e-01
1.0000000000000000000000000000000000000000e+00
1.0000000000000000000000000000000000000000e+00
8.9307617415195739152267151439446024596691e-01
1.0000000000000000000000000000000000000000e+00
6.7182868412443941252831791643984615802765e-01
1.0000000000000000000000000000000000000000e+00
3.2594040851284872273296855382795911282301e-01
4.5272738423566194487790426137507893145084e-01
7.3267537070867927440076528000645339488983e-01
3.0284183032714739880475462996400892734528e-01
5.7894480588646635155214426049496978521347e-01
5.7022664193485228523172736458946019411087e-01
5.5411346283438378534924595442134886980057e-01
7.4712472927903894603929302320466376841068e-01
5.7101361201750433504997772615752182900906e-01
9.6208973621185744917738702497445046901703e-01
7.8073506397586833749357992928707972168922e-01
6.8578593300393719811580695022712461650372e-01
7.5234482885573228383435662181000225245953e-01
4.2095431847707948103121111671498510986567e-01
5.9132139867889954576440914024715311825275e-01
8.3502944592848205029866903714719228446484e-01
6.6049166948202642224430292117176577448845e-01
0.0000000000000000000000000000000000000000e+00
5.2896877548404741542498186390730552375317e-01
6.8695265098406277370912675905856303870678e-01
6.6354345273205217470291472636745311319828e-01
6.7727422951213489543675905224517919123173e-01
7.5003254880580338959106256879749707877636e-01
7.4821536228146767744107137332321144640446e-01
6.1458782247356680272787343710660934448242e-01
6.6354345273205361799284673907095566391945e-01
6.6284644008884974208939411255414597690105e-01
6.2798210849896474172737725893966853618622e-01
8.8361272091440024034625366766704246401787e-01
8.4902363604823904985607896378496661782265e-01
6.8811846570820234259002745602629147469997e-01
8.4184743015468443960713784690597094595432e-01
2.5074114429969629469496794627048075199127e-01
6.4848548717277965103278347669402137398720e-01
1.0000000000000000000000000000000000000000e+00
5.5763629999145558624462637453689239919186e-01
6.1237845614525576731779210604145191609859e-01
6.2957317665895295988320867763832211494446e-01
8.8368213722490740469339698393014259636402e-01
6.7848366459940179229448631303966976702213e-01
9.8963116859624811194606763820047490298748e-01
1.0000000000000000000000000000000000000000e+00
7.2744305763941541354000719366013072431087e-01
6.1381926066380998463500873185694217681885e-01
6.5870783613631800346155387160251848399639e-01
5.4111760649630935571252621230087243020535e-01
9.6658969884292300633887862204574048519135e-01
7.3379019481628404708573043535579927265644e-01
5.4089738241266083207392512122169137001038e-01
7.8675818536789354773475224646972492337227e-01
1.0000000000000000000000000000000000000000e+00
6.4062084201359237312090044724754989147186e-01
6.9548384100363946913603285793215036392212e-01
7.3566394333352636003553470800397917628288e-01
7.0100000976908205529980477876961231231689e-01
8.5242336096912985077267421729629859328270e-01
9.4401146591055251633406442124396562576294e-01
9.4830982432377075586060755085782147943974e-01
6.1458782247356602557175619949703104794025e-01
6.0407516175790454404648244235431775450706e-01
7.8675818536789354773475224646972492337227e-01
7.6026361532844033419564766518305987119675e-01
8.1423152135527332440290138038108125329018e-01
6.1458782247356602557175619949703104794025e-01
8.6433153927786088299711764193489216268063e-01
6.0407516175790454404648244235431775450706e-01
1.0000000000000000000000000000000000000000e+00
1.0000000000000000000000000000000000000000e+00
1.0000000000000000000000000000000000000000e+00
1.0000000000000000000000000000000000000000e+00
3.7665372262863550112399479985469952225685e-01
8.8368213722490873696102653411799110472202e-01
6.2991214409006801577817213910748250782490e-01
7.8867688357717735669893954764120280742645e-01
5.6318876457154476433686340897111222147942e-01
7.0648225447006074428912825169390998780727e-01
2.3397884939545798843596458027604967355728e-01
8.4327595675372934991287365846801549196243e-01
6.2946423647541005497174637639545835554600e-01
3.6933998179564753172599012032151222229004e-01
1.0000000000000000000000000000000000000000e+00
5.4089738241266083207392512122169137001038e-01
6.0407516175790454404648244235431775450706e-01
0.0000000000000000000000000000000000000000e+00
7.8669516205167044908819207194028422236443e-01
8.4460790852139044915247723110951483249664e-01
5.1051709856923133123984825942898169159889e-01
8.9079139190551925864269833255093544721603e-01
8.3916341309852837682115023199003189802170e-01
3.5497464060664163376657143089687451720238e-01
4.9261465797403169997181748840375803411007e-01
9.6033790274782515616891487297834828495979e-01
1.0000000000000000000000000000000000000000e+00
5.2829212196692609815329433331498876214027e-01
6.2756354080637355430383195198373869061470e-01
9.8377725364104773309037454964709468185902e-01
3.8267055779616088173611387901473790407181e-01
3.5497464060664163376657143089687451720238e-01
7.5025975013522383516573199813137762248516e-01
7.0446545292933293591630672381143085658550e-01
6.9548384100363946913603285793215036392212e-01
7.6087748217665007732790627414942719042301e-01
3.5497464060664163376657143089687451720238e-01
5.3784564578549642899218952152295969426632e-01
5.1747014956314818512339570588665083050728e-01
7.9695139811811921415340975727303884923458e-01
7.0542586906107329625115198723506182432175e-01
5.2960244293951863614466901708510704338551e-01
9.3061491740290480656483396160183474421501e-01
9.3061491740290491758713642411748878657818e-01
8.1912137261098239005008281310438178479671e-01
8.0594059465573431033647011645371094346046e-01
3.2526567845317339022770397605199832469225e-01
3.9946714565790464313010943442350253462791e-01
7.8675818536789510204698672168888151645660e-01
5.1934775255767318125066367429099045693874e-01
4.8937842454454100193927956752304453402758e-01
7.5328107956994649896387272747233510017395e-01
6.5932666925509619826328844283125363290310e-01
6.9579242941621199936008679287624545395374e-01
5.8536730878826026547301353275543078780174e-01
5.7657019386233998581303694663802161812782e-01
3.2526567845317339022770397605199832469225e-01
2.0608879133328486532583667667495319619775e-01
0.0000000000000000000000000000000000000000e+00
3.3006059085947336839694798982236534357071e-01
5.9125572746601615103934079797909362241626e-02
0.0000000000000000000000000000000000000000e+00
3.5497464060664163376657143089687451720238e-01
4.1596541862020541824307429124019108712673e-01
3.9292312895748154888408976148639339953661e-01
0.0000000000000000000000000000000000000000e+00
1.9888420822590763270554248265398200601339e-01
1.6630359690668297667492936398048186674714e-01
4.8742716787913298315260135495918802917004e-01
3.0284183032714739880475462996400892734528e-01
0.0000000000000000000000000000000000000000e+00
2.5074114429969629469496794627048075199127e-01
5.4089738241266083207392512122169137001038e-01
6.0407516175790454404648244235431775450706e-01
0.0000000000000000000000000000000000000000e+00
3.5497464060664163376657143089687451720238e-01
3.2526567845317339022770397605199832469225e-01
0.0000000000000000000000000000000000000000e+00
2.0608879133328486532583667667495319619775e-01
0.0000000000000000000000000000000000000000e+00
3.3006059085947336839694798982236534357071e-01
5.9125572746601615103934079797909362241626e-02
0.0000000000000000000000000000000000000000e+00
3.5497464060664163376657143089687451720238e-01
4.1596541862020541824307429124019108712673e-01
3.9292312895748154888408976148639339953661e-01
0.0000000000000000000000000000000000000000e+00
1.9888420822590763270554248265398200601339e-01
1.6630359690668297667492936398048186674714e-01
4.8742716787913298315260135495918802917004e-01
3.0284183032714739880475462996400892734528e-01
0.0000000000000000000000000000000000000000e+00
2.5074114429969629469496794627048075199127e-01
5.4089738241266083207392512122169137001038e-01
6.0407516175790454404648244235431775450706e-01
0.0000000000000000000000000000000000000000e+00
3.5497464060664163376657143089687451720238e-01
3.2526567845317339022770397605199832469225e-01
0.0000000000000000000000000000000000000000e+00
0.0000000000000000000000000000000000000000e+00
2.0608879133328486532583667667495319619775e-01
0.0000000000000000000000000000000000000000e+00
3.3006059085947336839694798982236534357071e-01
5.9125572746601615103934079797909362241626e-02
0.0000000000000000000000000000000000000000e+00
3.5497464060664163376657143089687451720238e-01
4.1596541862020541824307429124019108712673e-01
3.9292312895748154888408976148639339953661e-01
0.0000000000000000000000000000000000000000e+00
1.9888420822590763270554248265398200601339e-01
1.6630359690668297667492936398048186674714e-01
4.8742716787913298315260135495918802917004e-01
3.0284183032714739880475462996400892734528e-01
0.0000000000000000000000000000000000000000e+00
2.5074114429969629469496794627048075199127e-01
5.4089738241266083207392512122169137001038e-01
6.0407516175790454404648244235431775450706e-01
0.0000000000000000000000000000000000000000e+00
3.5497464060664163376657143089687451720238e-01
3.2526567845317339022770397605199832469225e-01
0.0000000000000000000000000000000000000000e+00
0.0000000000000000000000000000000000000000e+00
0.0000000000000000000000000000000000000000e+00
8.5123022355842422825844550970941781997681e+01
2.3519104703126764155385330923309084028006e-01
