1
0
23
7.3860345605722366180145854741567745804787e-01
3.8943112124429091203126063192030414938927e-01
2.7120631713554449460090722823224496096373e-01
5.1459274075223393474232125299749895930290e-01
0.0000000000000000000000000000000000000000e+00
5.6426748079415967040972645918373018503189e-01
4.3948678600289059481553977093426510691643e-01
2.9729491538183872023637377424165606498718e-01
7.2529451565732228068839049228699877858162e-01
6.1010242125103175681033462751656770706177e-01
4.4965469548573694380522169922187458723783e-01
8.5956782291922551042517852692981250584126e-02
7.2170996553605804013642455174704082310200e-01
8.8887971676990540359497572353575378656387e-01
4.1353952806673355269140301970764994621277e-01
7.6589755612375010063175295726978220045567e-01
0.0000000000000000000000000000000000000000e+00
9.5361183150380446349458907207008451223373e-01
5.6187188762939810349195113303721882402897e-01
6.1841147474199453792920166961266659200191e-01
6.1171196204953037778295765747316181659698e-01
6.7571450472891181338042088100337423384190e-01
4.0959548906965081993547528327326290309429e-01
6.1563632393281064736356711364351212978363e-01
6.4639587924635988347432657974422909319401e-01
6.3049417059461432266687097580870613455772e-01
5.3354780771035825726045231931493617594242e-01
1.0000000000000000000000000000000000000000e+00
5.2756896198099101358280904605635441839695e-01
4.1124762646385898401391045808850321918726e-01
5.9003308632568518543592972491751424968243e-01
1.0000000000000000000000000000000000000000e+00
7.3204126429505289586074923136038705706596e-01
6.1566936881752920562860253994585946202278e-01
5.8138075856691084908334232750348746776581e-01
1.0000000000000000000000000000000000000000e+00
7.6879646864694084484881386742927134037018e-01
3.7096903083157833913574563666770700365305e-01
1.0000000000000000000000000000000000000000e+00
1.0000000000000000000000000000000000000000e+00
6.7815700153612679113024341859272681176662e-01
8.0752713470083237190522140735993161797523e-01
1.0000000000000000000000000000000000000000e+00
4.4310770228647977653224643290741369128227e-01
1.0000000000000000000000000000000000000000e+00
7.6879646864694284325025819271104410290718e-01
0.0000000000000000000000000000000000000000e+00
5.5624715659155476998876110883429646492004e-01
8.8887971676990540359497572353575378656387e-01
8.5826436031874675514075079263420775532722e-01
7.9794636182226863496680380194447934627533e-01
6.7532364970221525624083369621075689792633e-01
5.8543538308237019762714226089883595705032e-01
5.1798530040355872383628366151242516934872e-01
6.2746122789567282396205882832873612642288e-01
7.1838899677882317451604876623605377972126e-01
1.7779993485887587989502378604811383411288e-01
5.9825853200838818857221212965669110417366e-01
8.6808584846556779979209750308655202388763e-01
5.9260598769704786459300294154672883450985e-01
9.0196534524401350552125222748145461082458e-01
4.8450943484057795718200623014126904308796e-01
5.3252585712853062194227504733134992420673e-01
1.0000000000000000000000000000000000000000e+00
8.4250223593022466328505970523110590875149e-01
7.1606651102663432251205222200951538980007e-01
3.3756524326339715225131499209965113550425e-01
1.8034211488131757228359219880076125264168e-01
7.6519469208243107161138141236733645200729e-01
6.4639587924635988347432657974422909319401e-01
6.1841147474199398281768935703439638018608e-01
6.4122194171195967538068316571298055350780e-01
1.0000000000000000000000000000000000000000e+00
6.2812133227811584035293890337925404310226e-01
6.3927200189075827907458915433380752801895e-01
9.0416935140466658804569988205912522971630e-01
9.4676175709391263701775187655584886670113e-01
1.0000000000000000000000000000000000000000e+00
6.5404195410368348717611297615803778171539e-01
4.3046584187186909264966061527957208454609e-01
4.7343753957717416014361333509441465139389e-01
4.7751025892103848846659275295678526163101e-01
7.5641686078628866951589770906139165163040e-01
1.0000000000000000000000000000000000000000e+00
1.0000000000000000000000000000000000000000e+00
9.3852806345547667987716522475238889455795e-01
1.0000000000000000000000000000000000000000e+00
6.0989872621997964774465117443469353020191e-01
1.0000000000000000000000000000000000000000e+00
2.9948845503603049866825358549249358475208e-01
4.1511503568179186629549803910776972770691e-01
7.0600578487546772343819156958488747477531e-01
2.3659638237379465586229798645945265889168e-01
5.8463682075444800556596192109282128512859e-01
5.4026181970074915739132848102599382400513e-01
6.1171231843119178162027083089924417436123e-01
7.0269234664135638013249263167381286621094e-01
6.3298180928847513904145216656615957617760e-01
9.7694355811206490258769008505623787641525e-01
7.5686235318275107974983484382391907274723e-01
6.4493221896884955768314284796360880136490e-01
8.1530986272100636202964096810319460928440e-01
3.9064230449889192353651878875098191201687e-01
5.8752845399551045790786929501336999237537e-01
8.4094993906799953009567616390995681285858e-01
7.0600578487546372663530291902134194970131e-01
0.0000000000000000000000000000000000000000e+00
5.7098763555137166392228209588211029767990e-01
6.7155550380188289150140690253465436398983e-01
6.3049417059461376755535866323043592274189e-01
6.4504768088462904884750059864018112421036e-01
7.2448528625242858414168267700006254017353e-01
7.7286058442788574396331569005269557237625e-01
6.3873928054975104284807230214937590062618e-01
6.7008119602650551005496026846230961382389e-01
7.6683442491838149646099509482155553996563e-01
7.0608508265667313530400406307308003306389e-01
7.9760277099416665436137918732129037380219e-01
7.9707532935239622240430890087736770510674e-01
7.0397018550229040201315910962875932455063e-01
7.7668008440755931243160148369497619569302e-01
2.9059176463119101851972914118960034102201e-01
6.6299040530635067192122278356691822409630e-01
9.4601632919835343393799576006131246685982e-01
5.4817207903215481312741985675529576838017e-01
5.5526359659295287940494745271280407905579e-01
6.0257380516975533879531212733127176761627e-01
8.8574802689810450129215269043925218284130e-01
7.1204698917369491084627952659502625465393e-01
9.4601632919835343393799576006131246685982e-01
9.6732659662509556941500932225608266890049e-01
6.8441256159362007238655678520444780588150e-01
6.8319593424467717213133255427237600088120e-01
6.8441256159362007238655678520444780588150e-01
5.4817207903215481312741985675529576838017e-01
9.3670982798192958806993146936292760074139e-01
6.8449470638202269956451573307276703417301e-01
5.4817207903215481312741985675529576838017e-01
7.6519469208243107161138141236733645200729e-01
1.0000000000000000000000000000000000000000e+00
6.4501674221744076387352606616332195699215e-01
6.9188599729784661107601095864083617925644e-01
7.5614564685858898229753322084434330463409e-01
7.1058642114135861511670100298942998051643e-01
8.4446923549791530483332735457224771380424e-01
8.7253347957695404080169510052655823528767e-01
1.0000000000000000000000000000000000000000e+00
6.2809861230059937931002878030994907021523e-01
6.2482821992569592683963719537132419645786e-01
7.6519469208243107161138141236733645200729e-01
7.0397018550228729338869015919044613838196e-01
7.5686235318275252303976685652742162346840e-01
6.3873928054975226409339938982157036662102e-01
8.5079846139293113793655720655806362628937e-01
5.3979316055028880860788831341778859496117e-01
1.0000000000000000000000000000000000000000e+00
1.0000000000000000000000000000000000000000e+00
1.0000000000000000000000000000000000000000e+00
1.0000000000000000000000000000000000000000e+00
3.7648313953535217368795429138117469847202e-01
9.9831097751623498748330121088656596839428e-01
6.7460122778935605047934132016962394118309e-01
7.3405293253630432559475593734532594680786e-01
6.0638364169041270024251844006357714533806e-01
7.4839053022087542732521114885457791388035e-01
2.7915209666821599876485038294049445539713e-01
8.7641683636543910029814696827088482677937e-01
4.7343753957717404912131087257876060903072e-01
4.4593783467262820829901670549588743597269e-01
9.6538220740501046179815602954477071762085e-01
6.2099431364875712358042392224888317286968e-01
6.2099431364875556926818944702972657978535e-01
0.0000000000000000000000000000000000000000e+00
8.0755335526544003155180462272255681455135e-01
7.1403656625642486499572214597719721496105e-01
6.1841147474198598921191205590730533003807e-01
8.4853110658928954102009356574853882193565e-01
8.6104878299444598255263372266199439764023e-01
4.0959548906965081993547528327326290309429e-01
5.2052132742228252038074742813478223979473e-01
9.3277481036959308813294455831055529415607e-01
7.9138798563301482325016422691987827420235e-01
5.1798530040355783565786396138719283044338e-01
6.4615044038054936237358560902066528797150e-01
9.6342182742310678023045511508826166391373e-01
3.9244086877909400978836629292345605790615e-01
3.9384385103235380887198857635667081922293e-01
7.7692465711326186283969263968174345791340e-01
7.4776215038956828085048300636117346584797e-01
6.9188599729784661107601095864083617925644e-01
7.4015975768825981173648642652551643550396e-01
3.7902385357041729063709567526530008763075e-01
5.6991110885763274218618334998609498143196e-01
5.7308718446177531191665366350207477807999e-01
7.0610215357664085633615513870608992874622e-01
7.5672775341691567163593390432652086019516e-01
5.0795328031464426210561668995069339871407e-01
9.3984479202116488760765378174255602061749e-01
8.7723522327598457692943156871479004621506e-01
7.9968163752535048605096790197421796619892e-01
8.4227404321459653502301989647094160318375e-01
3.7975606997305633161232663042028434574604e-01
4.4628123432542904369668690378603059798479e-01
7.6519469208243751090492423827527090907097e-01
5.3845391390684571586433548873174004256725e-01
5.1980608027347907640347557389759458601475e-01
7.7470805403561526780720214446773752570152e-01
6.6343022027080855718139673626865260303020e-01
6.7609556202838272387367624105536378920078e-01
5.2052836075299091511681126576149836182594e-01
6.0209817589046643604433484142646193504333e-01
3.1949965844726746500015224228263832628727e-01
2.7120631713554449460090722823224496096373e-01
0.0000000000000000000000000000000000000000e+00
2.9729491538183872023637377424165606498718e-01
8.5956782291922551042517852692981250584126e-02
0.0000000000000000000000000000000000000000e+00
4.0959548906965081993547528327326290309429e-01
4.1124762646385898401391045808850321918726e-01
3.7096903083157833913574563666770700365305e-01
0.0000000000000000000000000000000000000000e+00
1.7779993485887587989502378604811383411288e-01
1.8034211488131757228359219880076125264168e-01
4.3046584187186909264966061527957208454609e-01
2.3659638237379465586229798645945265889168e-01
0.0000000000000000000000000000000000000000e+00
2.9059176463119101851972914118960034102201e-01
5.4817207903215481312741985675529576838017e-01
5.3979316055028880860788831341778859496117e-01
0.0000000000000000000000000000000000000000e+00
3.7902385357041729063709567526530008763075e-01
3.1949965844726746500015224228263832628727e-01
0.0000000000000000000000000000000000000000e+00
2.7120631713554449460090722823224496096373e-01
0.0000000000000000000000000000000000000000e+00
2.9729491538183872023637377424165606498718e-01
8.5956782291922551042517852692981250584126e-02
0.0000000000000000000000000000000000000000e+00
4.0959548906965081993547528327326290309429e-01
4.1124762646385898401391045808850321918726e-01
3.7096903083157833913574563666770700365305e-01
0.0000000000000000000000000000000000000000e+00
1.7779993485887587989502378604811383411288e-01
1.8034211488131757228359219880076125264168e-01
4.3046584187186909264966061527957208454609e-01
2.3659638237379465586229798645945265889168e-01
0.0000000000000000000000000000000000000000e+00
2.9059176463119101851972914118960034102201e-01
5.4817207903215481312741985675529576838017e-01
5.3979316055028880860788831341778859496117e-01
0.0000000000000000000000000000000000000000e+00
3.7902385357041729063709567526530008763075e-01
3.1949965844726746500015224228263832628727e-01
0.0000000000000000000000000000000000000000e+00
0.0000000000000000000000000000000000000000e+00
2.7120631713554449460090722823224496096373e-01
0.0000000000000000000000000000000000000000e+00
2.9729491538183872023637377424165606498718e-01
8.5956782291922551042517852692981250584126e-02
0.0000000000000000000000000000000000000000e+00
4.0959548906965081993547528327326290309429e-01
4.1124762646385898401391045808850321918726e-01
3.7096903083157833913574563666770700365305e-01
0.0000000000000000000000000000000000000000e+00
1.7779993485887587989502378604811383411288e-01
1.8034211488131757228359219880076125264168e-01
4.3046584187186909264966061527957208454609e-01
2.3659638237379465586229798645945265889168e-01
0.0000000000000000000000000000000000000000e+00
2.9059176463119101851972914118960034102201e-01
5.4817207903215481312741985675529576838017e-01
5.3979316055028880860788831341778859496117e-01
0.0000000000000000000000000000000000000000e+00
3.7902385357041729063709567526530008763075e-01
3.1949965844726746500015224228263832628727e-01
0.0000000000000000000000000000000000000000e+00
0.0000000000000000000000000000000000000000e+00
0.0000000000000000000000000000000000000000e+00
8.5205223610187999838672112673521041870117e+01
2.9542661676262366166056949623452965170145e-01
