1
0
23
7.5390170325927019501222048347699455916882e-01
3.8911419143716169388724779309995938092470e-01
1.9326147956255393389746188859135145321488e-01
5.5663208914105999358667986598447896540165e-01
0.0000000000000000000000000000000000000000e+00
5.3691826348435545135373558878200128674507e-01
5.0560454987575265128896262467605993151665e-01
3.2889718721691174607713037403300404548645e-01
6.6597551441195479426937708922196179628372e-01
6.7401381936675097694688929550466127693653e-01
4.1793968414971494063081536296522244811058e-01
2.0246045252566853556164261362937395460904e-02
7.1084226266119832082779339543776586651802e-01
8.1904836192536434325006666767876595258713e-01
4.5005679901038397883183961312170140445232e-01
8.4307199468334981240502656874014064669609e-01
0.0000000000000000000000000000000000000000e+00
9.4800252858686340218241639377083629369736e-01
5.5394490395713291697177282912889495491982e-01
6.9146165914563750831689503684174269437790e-01
5.8725512685115266453550475489464588463306e-01
5.6358054443491423235457205009879544377327e-01
3.5728698388943347374890890932874754071236e-01
5.7069509900793746748348667097161523997784e-01
6.3098329931729402186846300537581555545330e-01
6.1515043983164652274808759102597832679749e-01
5.0837902999761919176080482429824769496918e-01
1.0000000000000000000000000000000000000000e+00
4.8604118998070422463797513046301901340485e-01
4.0867162186099015297457981432671658694744e-01
5.9613198985304183263878030629712156951427e-01
1.0000000000000000000000000000000000000000e+00
7.6237884262823596426272843018523417413235e-01
4.8069019492332082377217261637269984930754e-01
5.5946584159287804371984975659870542585850e-01
1.0000000000000000000000000000000000000000e+00
7.5437243353557192904190742410719394683838e-01
3.7195875259290550607360614776553120464087e-01
1.0000000000000000000000000000000000000000e+00
1.0000000000000000000000000000000000000000e+00
6.3941262849158908565527781320270150899887e-01
8.7675660018109113913453711575130000710487e-01
1.0000000000000000000000000000000000000000e+00
3.6719773418021262045840558130294084548950e-01
1.0000000000000000000000000000000000000000e+00
7.5437243353557192904190742410719394683838e-01
0.0000000000000000000000000000000000000000e+00
5.4953893836309020137775860348483547568321e-01
9.0254262446602917524529630100005306303501e-01
8.7964580119939062008427299588220193982124e-01
8.3479589546224708396238156637991778552532e-01
5.9399613431415665409929260931676253676414e-01
6.0933318759324173186087136855348944664001e-01
4.7174891916901018351637731029768474400043e-01
6.1511839514995259037277719471603631973267e-01
9.6925822771601188865275844364077784121037e-01
2.3742881326275844244833024276886135339737e-01
5.4314285403254358719493666285416111350060e-01
8.3923341079983915236084612843114882707596e-01
6.4380050802334376491842249379260465502739e-01
1.0000000000000000000000000000000000000000e+00
4.6010685608808121749291331070708110928535e-01
5.5380327152102992727122909855097532272339e-01
9.3434917873567324697603453387273475527763e-01
8.6319254628282970909225468858494423329830e-01
7.0768524145211408882261139297042973339558e-01
3.0140428726281248694718328806629870086908e-01
1.6941364947588569145331405252363765612245e-01
7.4643962621960857628522489903843961656094e-01
8.0163453452831223700059126713313162326813e-01
6.3332691343251790172530490963254123926163e-01
5.8411049459956543294936182064702734351158e-01
1.0000000000000000000000000000000000000000e+00
6.3970002799721492614537510235095396637917e-01
5.9947929402585353741983453801367431879044e-01
9.3965775302420584402796066569862887263298e-01
9.2761715860974158776031117668026126921177e-01
9.7783118697504145533372366116964258253574e-01
5.6837677963005517334238447801908478140831e-01
4.4971665319965770102328406210290268063545e-01
3.9872420180723400218170127118355594575405e-01
4.6229799318856523715481898761936463415623e-01
6.2403549395196866722557160755968652665615e-01
1.0000000000000000000000000000000000000000e+00
1.0000000000000000000000000000000000000000e+00
9.0812811101135970659470331156626343727112e-01
9.9312508504595664593495030203484930098057e-01
6.9276556550431456216188053076621145009995e-01
1.0000000000000000000000000000000000000000e+00
3.4301814450641376907924495753832161426544e-01
4.5125210319388092683468016730330418795347e-01
7.2861244276482672876937840555910952389240e-01
2.8213149698849715463211396127007901668549e-01
5.4592568320679291105079755652695894241333e-01
5.5815109941700979945267135917674750089645e-01
6.1515043983164652274808759102597832679749e-01
7.2437167834967375323884652971173636615276e-01
6.3981033336406345490843250445323064923286e-01
9.4800252858686340218241639377083629369736e-01
7.8350379945636094980443431268213316798210e-01
6.8445708789314008146931200826657004654408e-01
7.4188952814368169796921392844524234533310e-01
4.1783266564860954694893280247924849390984e-01
5.6128542833357930597060203581349924206734e-01
8.0918417866708380881135553863714449107647e-01
6.6106725432672630571317995418212376534939e-01
0.0000000000000000000000000000000000000000e+00
5.0336351984844063256474555601016618311405e-01
6.8061228228056980249505159008549526333809e-01
6.3214157048400421157197115462622605264187e-01
6.4940247081801893980212980750366114079952e-01
7.1084226266120986714724949706578627228737e-01
7.4121979689518646683410452169482596218586e-01
6.0415475800533957606575086174416355788708e-01
6.3214157048400387850506376707926392555237e-01
6.7542670813394023454634407244157046079636e-01
6.0491277997981651726178142780554480850697e-01
8.8063727402849900638415192588581703603268e-01
8.1500218620323294782537004721234552562237e-01
6.7291247468024317779367038383497856557369e-01
8.1993470690354297580881848261924460530281e-01
2.4262174432211644492518587412632768973708e-01
6.5869246245465695732690392105723731219769e-01
9.8164617416340271827124297487898729741573e-01
5.3260888511263249078808712511090561747551e-01
5.9795260523455107115609052925719879567623e-01
6.5897697384758835426055156858637928962708e-01
8.7654775979929255846911928529152646660805e-01
6.7923677708856877721643741097068414092064e-01
1.0000000000000000000000000000000000000000e+00
1.0000000000000000000000000000000000000000e+00
6.9075076807701840664321935037150979042053e-01
6.1631236648341214401369825282017700374126e-01
6.3820953012054293385091341406223364174366e-01
5.5294488851798795359115956671303138136864e-01
9.3466449966592346498828192125074565410614e-01
7.0140766952440924963951829340658150613308e-01
5.3260888511263249078808712511090561747551e-01
7.8007001840177403462206484618945978581905e-01
1.0000000000000000000000000000000000000000e+00
6.5196092612890621520449485615245066583157e-01
6.9541610937454079177655330568086355924606e-01
7.3036405928511771712408062739996239542961e-01
6.9260973125056035648583474539918825030327e-01
8.5277159720341055848535916084074415266514e-01
9.4222525806942658554987701791105791926384e-01
9.3245002214893402125994725793134421110153e-01
6.2975570465118602125897950827493332326412e-01
5.9340422976888929085248491901438683271408e-01
7.8216357043160700257544704072643071413040e-01
7.3260555153096273972579410838079638779163e-01
7.8658513775118388267060254293028265237808e-01
6.0415475800533957606575086174416355788708e-01
8.5208684510676768741888054137234576046467e-01
5.9340422976888929085248491901438683271408e-01
1.0000000000000000000000000000000000000000e+00
1.0000000000000000000000000000000000000000e+00
1.0000000000000000000000000000000000000000e+00
1.0000000000000000000000000000000000000000e+00
3.6153671453130564739097962956293486058712e-01
9.2269911565024065325246738211717456579208e-01
6.3205242389567817262729931826470419764519e-01
7.1580389898281737703911176140536554157734e-01
5.6245936112953887064946911777951754629612e-01
7.1301641248611591361594719273853115737438e-01
2.4219236303909652541221930732717737555504e-01
8.4416834931676842934678006713511422276497e-01
6.8917374033528089327660381968598812818527e-01
3.2368445875347517937115071617881767451763e-01
9.9988588958153723496025122585706412792206e-01
5.3260888511263249078808712511090561747551e-01
5.9340422976888929085248491901438683271408e-01
0.0000000000000000000000000000000000000000e+00
8.1313317373475546556704784961766563355923e-01
8.9016795616427257797909078362863510847092e-01
5.0320103563707496707735344898537732660770e-01
8.5213439180926764393575467693153768777847e-01
8.2868978191293285462393214402254670858383e-01
3.7112498285533268571612097730394452810287e-01
4.7111380047635909029679623927222564816475e-01
9.3590084397980000119332544272765517234802e-01
1.0000000000000000000000000000000000000000e+00
5.3443864210655522839488185127265751361847e-01
6.1237399221346766609030964900739490985870e-01
1.0000000000000000000000000000000000000000e+00
4.0723885337751442037301785603631287813187e-01
3.7112498285533268571612097730394452810287e-01
7.5781894496862789445401631382992491126060e-01
7.1730467693927957295585429164930246770382e-01
6.9541610937454079177655330568086355924606e-01
7.3601082611607160366418156627332791686058e-01
3.7112498285533268571612097730394452810287e-01
5.3422077708132764684023641166277229785919e-01
5.3852787319354200601395632475032471120358e-01
8.2514893745041495431991052100784145295620e-01
6.9950089090553091430990662047406658530235e-01
5.0987700241120947897144333182950504124165e-01
9.2983115087624357286699705582577735185623e-01
9.4366914984214278483420912380097433924675e-01
8.0916572801174335705098883408936671912670e-01
7.9100334325859966710936532763298600912094e-01
3.3037632554703766363246586479363031685352e-01
3.8833933478735832567352304067753721028566e-01
7.9542859583896763364663229367579333484173e-01
5.3422077708132764684023641166277229785919e-01
4.8313221320143912018707510469539556652308e-01
7.5176687595657010199090564128709957003593e-01
6.4705059711872470185056727132177911698818e-01
6.9009656848018730013194499406381510198116e-01
5.5096347877883700139278744245530106127262e-01
5.9133387421327665567361009379965253174305e-01
3.3037632554703766363246586479363031685352e-01
1.9326147956255393389746188859135145321488e-01
0.0000000000000000000000000000000000000000e+00
3.2889718721691174607713037403300404548645e-01
2.0246045252566853556164261362937395460904e-02
0.0000000000000000000000000000000000000000e+00
3.5728698388943347374890890932874754071236e-01
4.0867162186099015297457981432671658694744e-01
3.7195875259290550607360614776553120464087e-01
0.0000000000000000000000000000000000000000e+00
2.3742881326275844244833024276886135339737e-01
1.6941364947588569145331405252363765612245e-01
4.4971665319965770102328406210290268063545e-01
2.8213149698849715463211396127007901668549e-01
0.0000000000000000000000000000000000000000e+00
2.4262174432211644492518587412632768973708e-01
5.3260888511263249078808712511090561747551e-01
5.9340422976888929085248491901438683271408e-01
0.0000000000000000000000000000000000000000e+00
3.7112498285533268571612097730394452810287e-01
3.3037632554703766363246586479363031685352e-01
0.0000000000000000000000000000000000000000e+00
1.9326147956255393389746188859135145321488e-01
0.0000000000000000000000000000000000000000e+00
3.2889718721691174607713037403300404548645e-01
2.0246045252566853556164261362937395460904e-02
0.0000000000000000000000000000000000000000e+00
3.5728698388943347374890890932874754071236e-01
4.0867162186099015297457981432671658694744e-01
3.7195875259290550607360614776553120464087e-01
0.0000000000000000000000000000000000000000e+00
2.3742881326275844244833024276886135339737e-01
1.6941364947588569145331405252363765612245e-01
4.4971665319965770102328406210290268063545e-01
2.8213149698849715463211396127007901668549e-01
0.0000000000000000000000000000000000000000e+00
2.4262174432211644492518587412632768973708e-01
5.3260888511263249078808712511090561747551e-01
5.9340422976888929085248491901438683271408e-01
0.0000000000000000000000000000000000000000e+00
3.7112498285533268571612097730394452810287e-01
3.3037632554703766363246586479363031685352e-01
0.0000000000000000000000000000000000000000e+00
0.0000000000000000000000000000000000000000e+00
1.9326147956255393389746188859135145321488e-01
0.0000000000000000000000000000000000000000e+00
3.2889718721691174607713037403300404548645e-01
2.0246045252566853556164261362937395460904e-02
0.0000000000000000000000000000000000000000e+00
3.5728698388943347374890890932874754071236e-01
4.0867162186099015297457981432671658694744e-01
3.7195875259290550607360614776553120464087e-01
0.0000000000000000000000000000000000000000e+00
2.3742881326275844244833024276886135339737e-01
1.6941364947588569145331405252363765612245e-01
4.4971665319965770102328406210290268063545e-01
2.8213149698849715463211396127007901668549e-01
0.0000000000000000000000000000000000000000e+00
2.4262174432211644492518587412632768973708e-01
5.3260888511263249078808712511090561747551e-01
5.9340422976888929085248491901438683271408e-01
0.0000000000000000000000000000000000000000e+00
3.7112498285533268571612097730394452810287e-01
3.3037632554703766363246586479363031685352e-01
0.0000000000000000000000000000000000000000e+00
0.0000000000000000000000000000000000000000e+00
0.0000000000000000000000000000000000000000e+00
8.8394093933050555733643705025315284729004e+01
2.2717551474741612405061630397540284320712e-01
