1
0
23
7.5456432713551258029127666304702870547771e-01
3.7996390787273648381727753076120279729366e-01
1.8779891850125063346155229737632907927036e-01
5.4771060308632746327361928706523030996323e-01
0.0000000000000000000000000000000000000000e+00
5.3681773866305981801616553639178164303303e-01
4.8310954665906707949929455025994684547186e-01
3.3795756733149984185615721798967570066452e-01
6.0806120730537127627712834510020911693573e-01
6.5001184633896214037918070971500128507614e-01
3.8180626783436322213560742966365069150925e-01
0.0000000000000000000000000000000000000000e+00
6.5885716419676576549591118237003684043884e-01
7.6957262020728012252845928742317482829094e-01
4.5210189125573718715855875416309572756290e-01
8.0954009779959223980227989159175194799900e-01
0.0000000000000000000000000000000000000000e+00
1.0000000000000000000000000000000000000000e+00
5.3344416176366049597845631069503724575043e-01
6.8670652369517115598540613063960336148739e-01
5.9184779694892331036726318416185677051544e-01
5.9798757585318917939787297655129805207253e-01
3.5367630776365543976424987704376690089703e-01
5.4264393508300989843462502904003486037254e-01
6.1134278649026352336903755713137798011303e-01
5.7851533204368366103409471179475076496601e-01
4.7374311255052536928644713043468073010445e-01
1.0000000000000000000000000000000000000000e+00
4.4654732931410495710977670569263864308596e-01
3.6558397738028663992437827801040839403868e-01
5.8990602317814866406564533463097177445889e-01
1.0000000000000000000000000000000000000000e+00
7.4525065692120440186130281290388666093349e-01
4.4351961871467343589969800632388796657324e-01
5.1605330729100229447681158490013331174850e-01
9.8130449729498092636958972434513270854950e-01
7.2300175951766454396363315026974305510521e-01
3.6817991789478327069318197573011275380850e-01
1.0000000000000000000000000000000000000000e+00
9.8949435636254179371462669223546981811523e-01
5.9127838652615172243542929209070280194283e-01
8.7455550234219425753678933688206598162651e-01
1.0000000000000000000000000000000000000000e+00
3.9324217939680217170916876057162880897522e-01
1.0000000000000000000000000000000000000000e+00
7.2300175951766343374060852511320263147354e-01
0.0000000000000000000000000000000000000000e+00
5.3681773866305981801616553639178164303303e-01
8.8951212274623470133150249239406548440456e-01
8.7607120041519226383286422787932679057121e-01
8.3694600107769023811243869204190559685230e-01
5.6915876087186001441864391381386667490005e-01
6.0822491502616438108219654168351553380489e-01
4.5263959945528342565523871598998084664345e-01
6.1984498623220929403032641857862472534180e-01
9.7253420624767050739478690957184880971909e-01
2.1090670211933701394535489725967636331916e-01
5.4231893832929845000734303539502434432507e-01
8.3789249260592990609097796550486236810684e-01
6.3708977433250946198484143678797408938408e-01
1.0000000000000000000000000000000000000000e+00
4.2249076309510158466764551121741533279419e-01
5.3524208226521208242587590575567446649075e-01
9.3047312172331553270510084985289722681046e-01
8.7800357044723520427709217983647249639034e-01
6.8182759750723564984298263880191370844841e-01
2.6132156832486896913536611464223824441433e-01
1.7085988112520286708040373468975303694606e-01
7.2216887148426012199564638649462722241879e-01
8.0977131119670919812136844484484754502773e-01
6.3888931063969067736252327449619770050049e-01
5.4470375606349685781992775446269661188126e-01
1.0000000000000000000000000000000000000000e+00
6.2052981666851236841608852046192623674870e-01
5.7467740787442112004868022268055938184261e-01
8.8754334810836310598602949539781548082829e-01
8.9351570721136386321603595206397585570812e-01
9.5125898502229844222455312774400226771832e-01
5.4470375606349685781992775446269661188126e-01
3.8140650161142602980746119101240765303373e-01
3.8712116090806597545892486778029706329107e-01
4.7767047554738195636048203596146777272224e-01
6.8030921317007164716983425023499876260757e-01
1.0000000000000000000000000000000000000000e+00
1.0000000000000000000000000000000000000000e+00
9.7242823281796697543200025393161922693253e-01
1.0000000000000000000000000000000000000000e+00
6.8177739817807891942180731348344124853611e-01
1.0000000000000000000000000000000000000000e+00
3.0284945442002031423811558852321468293667e-01
5.0231749181605200860190052480902522802353e-01
7.1366204835600166589415493945125490427017e-01
3.0284945442002031423811558852321468293667e-01
5.5234534198712503805239748544408939778805e-01
6.1767804903565282081956411275314167141914e-01
5.7851533204367855400818143607466481626034e-01
7.0870774343750841950395624735392630100250e-01
6.3816504703488730054772304356447421014309e-01
9.3426791325608138372160738072125241160393e-01
7.5388983398579934025462989666266366839409e-01
6.5284741363583054241104264292516745626926e-01
7.3755579027405504533021485258359462022781e-01
4.3382923275611184887878835070296190679073e-01
5.7439286762592034474295132895349524915218e-01
8.1648456033250571550752283656038343906403e-01
6.3517341419513473343982923324801959097385e-01
0.0000000000000000000000000000000000000000e+00
4.7963421119385168944759811893163714557886e-01
6.2461157485857543569807148742256686091423e-01
6.1747371760576608146209309779806062579155e-01
6.1920884425376321313905236820573918521404e-01
6.5885716419676576549591118237003684043884e-01
7.6183546842243332619659668125677853822708e-01
5.8320973308395107626012077162158675491810e-01
6.1747371760576441612755616006324999034405e-01
7.1809154520996554271761169729870744049549e-01
5.6454006465696726646541492300457321107388e-01
8.5563343894175258874668088537873700261116e-01
8.2239627399896653159316883829887956380844e-01
6.4607701258637473262780304139596410095692e-01
8.1648456033250627061903514913865365087986e-01
2.1008036793455941992903035497874952852726e-01
6.4651749202850794517871690914034843444824e-01
9.6766928086326631230917882930953055620193e-01
5.3681773866305981801616553639178164303303e-01
5.5972448578992450851643525311374105513096e-01
6.7583816077889002915668470450327731668949e-01
8.8265407258089911834986196481622755527496e-01
6.5204502847621625960528035648167133331299e-01
1.0000000000000000000000000000000000000000e+00
1.0000000000000000000000000000000000000000e+00
6.8561083040405923494375883819884620606899e-01
6.0534333001807960616957871025078929960728e-01
6.1486225186745258053377938267658464610577e-01
5.5063610661505979493313134298659861087799e-01
9.3350188632196473559332616787287406623363e-01
6.8561083040405923494375883819884620606899e-01
5.3681773866305981801616553639178164303303e-01
7.8268068938846346860316316451644524931908e-01
1.0000000000000000000000000000000000000000e+00
6.2274723175313695389121448897640220820904e-01
6.5001184633896169628997085965238511562347e-01
7.3153110937014353964968904620036482810974e-01
7.0959701308617584292193214423605240881443e-01
8.3326467512246182867130528393317945301533e-01
9.9341574896956341689246983150951564311981e-01
7.7970786235046818379856858882703818380833e-01
6.0651464808540056505847815060405991971493e-01
5.9484903614363826562794201890937983989716e-01
7.5674673301763784039053462038282305002213e-01
6.6078733081926588344146011877455748617649e-01
7.9921892684790163396968409870169125497341e-01
5.8320973308395274159465770935639739036560e-01
8.0340410723645583335184028328512795269489e-01
5.8320973308395274159465770935639739036560e-01
1.0000000000000000000000000000000000000000e+00
1.0000000000000000000000000000000000000000e+00
1.0000000000000000000000000000000000000000e+00
1.0000000000000000000000000000000000000000e+00
3.7170612654132262342443482339149340987206e-01
9.8004490369890462364566019459743984043598e-01
6.7748491114183040373575295234331861138344e-01
7.1831383880091803639800218661548569798470e-01
5.8234565680294281264650635421276092529297e-01
7.9721506282392706754791333878529258072376e-01
2.7728076276297097813028358359588310122490e-01
8.6198530354597202585154036569292657077312e-01
6.6851430376014797651862409111345186829567e-01
3.4210166213739867657750437501817941665649e-01
1.0000000000000000000000000000000000000000e+00
5.3744941703780435560133810213301330804825e-01
5.8320973308395274159465770935639739036560e-01
0.0000000000000000000000000000000000000000e+00
7.9344795930803280192833426553988829255104e-01
9.1722201749629961309295822502463124692440e-01
4.5393091717745692736940554823377169668674e-01
7.5505631397607186894305186797282658517361e-01
7.6502181078024200644449592800810933113098e-01
3.5367630776365543976424987704376690089703e-01
4.4356979682612296400634477322455495595932e-01
9.0210936036505695589937658951384946703911e-01
1.0000000000000000000000000000000000000000e+00
5.0426973251927198482746916852192953228951e-01
5.9596460846020760104835289894253946840763e-01
1.0000000000000000000000000000000000000000e+00
4.7881744052548391721302323276177048683167e-01
3.5367630776365543976424987704376690089703e-01
8.0025937075486630600806847724015824496746e-01
7.8286543938406594200785093562444671988487e-01
6.9253674851099533693599141770391725003719e-01
6.7935897648661369707667745387880131602287e-01
3.5367630776365543976424987704376690089703e-01
5.2548413338901789337853642791742458939552e-01
5.0535435973420872457495534035842865705490e-01
8.7803870960825447511410857259761542081833e-01
6.5731757283513014833431498118443414568901e-01
4.6351182884785291360429937412845902144909e-01
9.1702446458691577735322653097682632505894e-01
9.1702446458691577735322653097682632505894e-01
7.9144643924885060837226546937017701566219e-01
7.9207972048155328437246680550742894411087e-01
2.9393995544520634677354564701090566813946e-01
4.0374255321881136193695738256792537868023e-01
7.2035077267725988736657427580212242901325e-01
5.2412460040811081896094947296660393476486e-01
5.0391239255473063707313485792838037014008e-01
7.5291358728116297704957560199545696377754e-01
6.5356732428102481957665759182418696582317e-01
6.6997045421541290277644975503790192306042e-01
5.0391239255473063707313485792838037014008e-01
5.7887148900748885971268009598134085536003e-01
2.9393995544520634677354564701090566813946e-01
1.8779891850125063346155229737632907927036e-01
0.0000000000000000000000000000000000000000e+00
3.3795756733149984185615721798967570066452e-01
0.0000000000000000000000000000000000000000e+00
0.0000000000000000000000000000000000000000e+00
3.5367630776365543976424987704376690089703e-01
3.6558397738028663992437827801040839403868e-01
3.6817991789478327069318197573011275380850e-01
0.0000000000000000000000000000000000000000e+00
2.1090670211933701394535489725967636331916e-01
1.7085988112520286708040373468975303694606e-01
3.8140650161142602980746119101240765303373e-01
3.0284945442002031423811558852321468293667e-01
0.0000000000000000000000000000000000000000e+00
2.1008036793455941992903035497874952852726e-01
5.3681773866305981801616553639178164303303e-01
5.8320973308395274159465770935639739036560e-01
0.0000000000000000000000000000000000000000e+00
3.5367630776365543976424987704376690089703e-01
2.9393995544520634677354564701090566813946e-01
0.0000000000000000000000000000000000000000e+00
1.8779891850125063346155229737632907927036e-01
0.0000000000000000000000000000000000000000e+00
3.3795756733149984185615721798967570066452e-01
0.0000000000000000000000000000000000000000e+00
0.0000000000000000000000000000000000000000e+00
3.5367630776365543976424987704376690089703e-01
3.6558397738028663992437827801040839403868e-01
3.6817991789478327069318197573011275380850e-01
0.0000000000000000000000000000000000000000e+00
2.1090670211933701394535489725967636331916e-01
1.7085988112520286708040373468975303694606e-01
3.8140650161142602980746119101240765303373e-01
3.0284945442002031423811558852321468293667e-01
0.0000000000000000000000000000000000000000e+00
2.1008036793455941992903035497874952852726e-01
5.3681773866305981801616553639178164303303e-01
5.8320973308395274159465770935639739036560e-01
0.0000000000000000000000000000000000000000e+00
3.5367630776365543976424987704376690089703e-01
2.9393995544520634677354564701090566813946e-01
0.0000000000000000000000000000000000000000e+00
0.0000000000000000000000000000000000000000e+00
1.8779891850125063346155229737632907927036e-01
0.0000000000000000000000000000000000000000e+00
3.3795756733149984185615721798967570066452e-01
0.0000000000000000000000000000000000000000e+00
0.0000000000000000000000000000000000000000e+00
3.5367630776365543976424987704376690089703e-01
3.6558397738028663992437827801040839403868e-01
3.6817991789478327069318197573011275380850e-01
0.0000000000000000000000000000000000000000e+00
2.1090670211933701394535489725967636331916e-01
1.7085988112520286708040373468975303694606e-01
3.8140650161142602980746119101240765303373e-01
3.0284945442002031423811558852321468293667e-01
0.0000000000000000000000000000000000000000e+00
2.1008036793455941992903035497874952852726e-01
5.3681773866305981801616553639178164303303e-01
5.8320973308395274159465770935639739036560e-01
0.0000000000000000000000000000000000000000e+00
3.5367630776365543976424987704376690089703e-01
2.9393995544520634677354564701090566813946e-01
0.0000000000000000000000000000000000000000e+00
0.0000000000000000000000000000000000000000e+00
0.0000000000000000000000000000000000000000e+00
8.5581858576572486185796151403337717056274e+01
2.1420298219830308239508553924679290503263e-01
