1
0
23
7.6610799639647308989509610910317860543728e-01
3.8298009293453771917370431765448302030563e-01
1.7598625792163025138847842754330486059189e-01
5.4145877626163130269532075544702820479870e-01
0.0000000000000000000000000000000000000000e+00
5.4126743138491750784169198595918715000153e-01
4.9060324175726338635783463359985034912825e-01
3.5701706288095569341578539024339988827705e-01
6.3493150553367827537698531159549020230770e-01
6.6845940864836439487817187909968197345734e-01
3.7123543118489765735290575321414507925510e-01
0.0000000000000000000000000000000000000000e+00
6.8568548221543201837135939058498479425907e-01
7.9181253785350236285012215375900268554688e-01
4.3453746694556583118895787265500985085964e-01
8.2641509982378780208023272280115634202957e-01
0.0000000000000000000000000000000000000000e+00
9.8416916461182990527589709017775021493435e-01
5.4145877626163141371762321796268224716187e-01
7.0041229694596274235607324953889474272728e-01
5.8590025196942163709934447979321703314781e-01
6.1147914065468766953159729382605291903019e-01
3.5964849072097959670202271809102967381477e-01
5.5421385906859343961627928365487605333328e-01
6.2749957316610993629524273274000734090805e-01
5.8933321279272288251149802817963063716888e-01
4.9847579154411353341558310603431891649961e-01
1.0000000000000000000000000000000000000000e+00
4.6463100921162991951973708637524396181107e-01
3.9435681223742674594845425417588558048010e-01
5.9509393580488156860752724242047406733036e-01
1.0000000000000000000000000000000000000000e+00
7.3912325196983841291142880436382256448269e-01
4.7671058561754015014955143669794779270887e-01
5.3182305689691322658774197407183237373829e-01
9.8416916461182990527589709017775021493435e-01
7.3497326095025128367410616192501038312912e-01
3.8190764849731645425023884854454081505537e-01
1.0000000000000000000000000000000000000000e+00
1.0000000000000000000000000000000000000000e+00
6.0451634347976235250854415426147170364857e-01
8.5913600749199403594502655323594808578491e-01
1.0000000000000000000000000000000000000000e+00
3.5964849072097959670202271809102967381477e-01
1.0000000000000000000000000000000000000000e+00
7.3497326095025128367410616192501038312912e-01
0.0000000000000000000000000000000000000000e+00
5.4230453567583614127300961627042852342129e-01
8.7234660826614340844997741442057304084301e-01
8.7126144594504606466500717942835763096809e-01
8.1759225056247619711768948036478832364082e-01
5.6608989699316747401525162786128930747509e-01
6.0719925524187412513299477723194286227226e-01
4.6153481827412207172400826493685599416494e-01
6.1510289985453892036559864209266379475594e-01
9.3784527318485744196152609220007434487343e-01
2.0545532666583740666332857927045552060008e-01
5.3839930779229439039568205771502107381821e-01
8.4525177134309303905723709249286912381649e-01
6.4660195045666779556370329373748973011971e-01
1.0000000000000000000000000000000000000000e+00
4.2888493105982011810439757937274407595396e-01
5.3495411395931657949631699011661112308502e-01
9.3999735703078413084909925601095892488956e-01
8.6804480729516297898840093694161623716354e-01
6.9459612763286582293176252278499305248260e-01
2.6900480526183517815397294725698884576559e-01
1.6407075000616344606640950587461702525616e-01
7.2317030250911040756278680419200100004673e-01
8.1698603549986970051577372942119836807251e-01
6.4660195045667290258961656945757567882538e-01
5.5046296131784755445437440357636660337448e-01
1.0000000000000000000000000000000000000000e+00
6.3326476278026000432674891271744854748249e-01
5.9151790317870389657173291197977960109711e-01
9.1094447161250835520718283078167587518692e-01
9.2017115036155439078413564857328310608864e-01
9.6506307411125102913018736217054538428783e-01
5.5046296131784822058818917867029085755348e-01
4.1227076516601890432411892106756567955017e-01
3.5510024118883942723101654337369836866856e-01
4.6875369215868833983051899849670007824898e-01
6.1442936481281529292886034454568289220333e-01
1.0000000000000000000000000000000000000000e+00
1.0000000000000000000000000000000000000000e+00
9.6072165225735517424254794605076313018799e-01
1.0000000000000000000000000000000000000000e+00
6.8168790843294257975060190801741555333138e-01
1.0000000000000000000000000000000000000000e+00
2.9219103046372196796909292970667593181133e-01
4.7777853466265424176029341651883441954851e-01
7.2114133159724058685924319433979690074921e-01
2.3629735929705908414888426705147139728069e-01
5.5386944196652443395123555092141032218933e-01
5.9778801108052059820607837536954320967197e-01
5.8933321279272843362662115396233275532722e-01
7.4731725238667190414076912929886020720005e-01
6.1161310718868255875690920220222324132919e-01
9.5116958593695377643939536937978118658066e-01
7.8906087494136967208646638027857989072800e-01
6.7506341315620077558889988722512498497963e-01
7.4354667437740873392471030456363223493099e-01
4.1920910313401654745391056167136412113905e-01
5.7933755323639823942016846558544784784317e-01
8.2111921731611214880786064895801246166229e-01
6.5332397709376266448089154437184333801270e-01
0.0000000000000000000000000000000000000000e+00
4.8296452891262742213029923732392489910126e-01
6.5252563811388664127832726080669090151787e-01
6.2791058236026209282698573588277213275433e-01
6.3009751714101069897111528916866518557072e-01
6.8568548221543079712603230291279032826424e-01
7.5182561170716255549706374949892051517963e-01
5.8970224772159873793953011045232415199280e-01
6.2791058236026153771547342330450192093849e-01
7.1150884560480809337690288884914480149746e-01
5.6608989699316747401525162786128930747509e-01
8.6307567058528111836324114847229793667793e-01
8.1361676590457387980848125152988359332085e-01
6.3014851699636043047547673268127255141735e-01
8.2111921731611225983016311147366650402546e-01
2.1969985924530563425882689898571697995067e-01
6.5560895481627046166295258444733917713165e-01
9.8585511500007538820966601633699610829353e-01
5.3154875969603077034975058268173597753048e-01
5.8590025196942063789862231715233065187931e-01
6.8234391079182532546809625273454003036022e-01
8.7743764254339706720742242396227084100246e-01
6.6399050785802193885842825693544000387192e-01
1.0000000000000000000000000000000000000000e+00
1.0000000000000000000000000000000000000000e+00
6.7776190948478409747934847473516128957272e-01
6.1523182149888500092060894530732184648514e-01
6.2741485857300915984779976497520692646503e-01
5.6232305789765035797245218418538570404053e-01
9.2362336113835408202277221789699979126453e-01
6.8275497245084304509532557858619838953018e-01
5.3154875969603077034975058268173597753048e-01
7.6949481200867353436478879302740097045898e-01
1.0000000000000000000000000000000000000000e+00
6.3263361686264618644059964935877360403538e-01
6.6930451223830966789307694853050634264946e-01
7.3405715898952106357455704710446298122406e-01
7.0303676633960521247246333587099798023701e-01
8.5020996082288613493460616155061870813370e-01
1.0000000000000000000000000000000000000000e+00
8.3257038950094874873997241593315266072750e-01
6.1124629925038853617280665275757201015949e-01
5.8970224772159884896183257296797819435596e-01
7.6949481200867353436478879302740097045898e-01
6.5630344795291883919219344534212723374367e-01
7.9095581365831946207833880180260166525841e-01
5.8970224772159884896183257296797819435596e-01
8.0697843996293228130411989695858210325241e-01
5.8805448815393934758333216450409963726997e-01
1.0000000000000000000000000000000000000000e+00
1.0000000000000000000000000000000000000000e+00
1.0000000000000000000000000000000000000000e+00
1.0000000000000000000000000000000000000000e+00
3.6129234589079084472018621454481035470963e-01
9.7255634425198844716931034781737253069878e-01
6.9601931900994828961160010294406674802303e-01
7.2132571217224150661451176347327418625355e-01
5.9421626981256525645846977567998692393303e-01
7.6788548598773587183785593879292719066143e-01
2.8131311832992639265782486290845554322004e-01
8.4287419796921025927360915375174954533577e-01
6.7705258273270807478638744214549660682678e-01
3.4505780013178632970038961502723395824432e-01
1.0000000000000000000000000000000000000000e+00
5.3154875969603376795191707060439512133598e-01
5.8805448815393934758333216450409963726997e-01
0.0000000000000000000000000000000000000000e+00
7.9587730679666446320652539725415408611298e-01
9.1861283770043911101055300605366937816143e-01
4.7266634648234018278856183314928784966469e-01
7.6654377426679110030249830742832273244858e-01
7.9826604460481864755649894505040720105171e-01
3.5964849072097959670202271809102967381477e-01
4.6153481827412207172400826493685599416494e-01
9.2028264280049953960372022265801206231117e-01
1.0000000000000000000000000000000000000000e+00
5.0972394425984879351432255134568549692631e-01
6.0660342085696083991308569238753989338875e-01
1.0000000000000000000000000000000000000000e+00
4.2463173826278366451703050188370980322361e-01
3.6586794706559899736930674407631158828735e-01
8.1094144807496382210132424006587825715542e-01
7.4301432211813578376791156188119202852249e-01
6.7991196215171001426824659574776887893677e-01
6.9384338706446202493793862231541424989700e-01
3.5964849072097959670202271809102967381477e-01
5.1741675866444181153269710193853825330734e-01
5.1182213110141216994009027985157445073128e-01
8.5211145137345845057552651269361376762390e-01
6.5977733099238744518544308448326773941517e-01
4.5537858856254398443041964128497056663036e-01
9.0964172804087117807370077571249566972256e-01
9.0964172804087117807370077571249566972256e-01
8.0249748354076044787319688111892901360989e-01
8.0634592156926432338082122441846877336502e-01
2.8911705962720002371924010731163434684277e-01
3.9554339262439847102470480422198306769133e-01
7.5149861276089324757521126230130903422832e-01
5.1563600679340904076042306769522838294506e-01
4.9015089104387921103977987513644620776176e-01
7.4758804222163011132806786918081343173981e-01
6.5261871965345819024406637254287488758564e-01
6.6998504343860776355512598456698469817638e-01
5.1313188594474090642449937149649485945702e-01
5.6870292729474491988383988427813164889812e-01
2.8911705962720002371924010731163434684277e-01
1.7598625792163025138847842754330486059189e-01
1.1307100947002741655446310081605667509876e-18
3.5701706288095569341578539024339988827705e-01
1.1307100947002741655446310081605667509876e-18
1.1307100947002741655446310081605667509876e-18
3.5964849072097959670202271809102967381477e-01
3.9435681223742674594845425417588558048010e-01
3.8190764849731645425023884854454081505537e-01
1.1307100947002741655446310081605667509876e-18
2.0545532666583740666332857927045552060008e-01
1.6407075000616344606640950587461702525616e-01
4.1227076516601890432411892106756567955017e-01
2.3629735929705908414888426705147139728069e-01
1.1307100947002741655446310081605667509876e-18
2.1969985924530563425882689898571697995067e-01
5.3154875969603077034975058268173597753048e-01
5.8805448815393934758333216450409963726997e-01
1.1307100947002741655446310081605667509876e-18
3.5964849072097959670202271809102967381477e-01
2.8911705962720002371924010731163434684277e-01
1.1307100947002741655446310081605667509876e-18
1.7598625792163025138847842754330486059189e-01
6.0319569184963216111020153044441185693235e-19
3.5701706288095569341578539024339988827705e-01
0.0000000000000000000000000000000000000000e+00
0.0000000000000000000000000000000000000000e+00
3.5964849072097959670202271809102967381477e-01
3.9435681223742674594845425417588558048010e-01
3.8190764849731645425023884854454081505537e-01
0.0000000000000000000000000000000000000000e+00
2.0545532666583740666332857927045552060008e-01
1.6407075000616344606640950587461702525616e-01
4.1227076516601890432411892106756567955017e-01
2.3629735929705908414888426705147139728069e-01
0.0000000000000000000000000000000000000000e+00
2.1969985924530563425882689898571697995067e-01
5.3154875969603077034975058268173597753048e-01
5.8805448815393934758333216450409963726997e-01
0.0000000000000000000000000000000000000000e+00
3.5964849072097959670202271809102967381477e-01
2.8911705962720002371924010731163434684277e-01
1.1307100947002741655446310081605667509876e-18
0.0000000000000000000000000000000000000000e+00
1.7598625792163025138847842754330486059189e-01
6.0319569184963216111020153044441185693235e-19
3.5701706288095569341578539024339988827705e-01
0.0000000000000000000000000000000000000000e+00
0.0000000000000000000000000000000000000000e+00
3.5964849072097959670202271809102967381477e-01
3.9435681223742674594845425417588558048010e-01
3.8190764849731645425023884854454081505537e-01
0.0000000000000000000000000000000000000000e+00
2.0545532666583740666332857927045552060008e-01
1.6407075000616344606640950587461702525616e-01
4.1227076516601890432411892106756567955017e-01
2.3629735929705908414888426705147139728069e-01
0.0000000000000000000000000000000000000000e+00
2.1969985924530563425882689898571697995067e-01
5.3154875969603077034975058268173597753048e-01
5.8805448815393934758333216450409963726997e-01
0.0000000000000000000000000000000000000000e+00
3.5964849072097959670202271809102967381477e-01
2.8911705962720002371924010731163434684277e-01
1.1307100947002741655446310081605667509876e-18
0.0000000000000000000000000000000000000000e+00
0.0000000000000000000000000000000000000000e+00
8.7079495031689958750575897283852100372314e+01
2.1607480149897137500225596795644378289580e-01
