1
0
23
7.1206458533112482189864067549933679401875e-01
3.8515523541820284592063217132817953824997e-01
2.6544930239132774607568876490404363721609e-01
5.2652033213713467230121523243724368512630e-01
0.0000000000000000000000000000000000000000e+00
6.0120101739178277711062037269584834575653e-01
4.6820826268516174684108932524395640939474e-01
3.3746724845861614250352999988535884767771e-01
7.4708168331826674268825172475771978497505e-01
6.6151410462492121755673224470228888094425e-01
4.3371447719654299124414364996482618153095e-01
1.3863525520279748604046687887603184208274e-01
6.7929042172358355955452680063899606466293e-01
8.5910829260049659250597642312641255557537e-01
5.7097960035763417607768133166246116161346e-01
8.9130092563576579500761454255552962422371e-01
0.0000000000000000000000000000000000000000e+00
9.0050676187527911586983009328832849860191e-01
6.1080988678524184010143471823539584875107e-01
6.0443154324973880076043997178203426301479e-01
6.6028568527254083431188291797298006713390e-01
6.3709626483478443148555925290565937757492e-01
4.2618978515945771246009599053650163114071e-01
6.1955875660412329519743934724829159677029e-01
6.0300855673591580163872549746884033083916e-01
6.1955875660411874328303838410647585988045e-01
5.4512317367115292743307009004638530313969e-01
1.0000000000000000000000000000000000000000e+00
5.1674308739307528437478822525008581578732e-01
3.8651263993097012550137492326030042022467e-01
6.0252747388728322697204475844046100974083e-01
9.9967952619989508544762202291167341172695e-01
6.8022021528842024906680308049544692039490e-01
6.2293008990635223565135447643115185201168e-01
7.0667502109795321540985924002598039805889e-01
1.0000000000000000000000000000000000000000e+00
7.9444655133012642700407468510093167424202e-01
3.3542264350614375834069846860074903815985e-01
1.0000000000000000000000000000000000000000e+00
1.0000000000000000000000000000000000000000e+00
6.7814456400862077600777411134913563728333e-01
7.4604163401438272629206949204672127962112e-01
1.0000000000000000000000000000000000000000e+00
4.2618978515945771246009599053650163114071e-01
9.5609871090292108952723992842948064208031e-01
7.9444655133012642700407468510093167424202e-01
0.0000000000000000000000000000000000000000e+00
5.9837313782411527540716633666306734085083e-01
8.8537777787062355017155823588836938142776e-01
8.9952129016272686090616161891375668346882e-01
9.1203133588828366740131059486884623765945e-01
6.8474550100459796730945072340546175837517e-01
5.8813497554975657788389753477531485259533e-01
5.6075627043722831022165564718306995928288e-01
6.0717368135572191700788380330777727067471e-01
7.2584632584632680085690026317024603486061e-01
2.5276393042731920557386615655559580773115e-01
6.1955875660412329519743934724829159677029e-01
8.2411963100034546503280807883129455149174e-01
6.1749041453824249359172426920849829912186e-01
8.8897591071613979440968478229478932917118e-01
5.0610648671394686815006025426555424928665e-01
6.2508228313849523161138677096460014581680e-01
8.9357488318863942389214116701623424887657e-01
8.1604180228159584054026254307245835661888e-01
6.9689873513818745287551337241893634200096e-01
3.8887910181051232871851652816985733807087e-01
2.2031264871803801774774456134764477610588e-01
7.5982633757670792196137199425720609724522e-01
6.0375407809910952572352016431977972388268e-01
6.4632209089164927018344997122767381370068e-01
6.0375407809911418866022358997724950313568e-01
1.0000000000000000000000000000000000000000e+00
6.1590937640319809442956966449855826795101e-01
6.1955875660412329519743934724829159677029e-01
8.4295251777817992167030070049804635345936e-01
9.5457177066600451542655036973883397877216e-01
9.5252926165711149231185572716640308499336e-01
6.9583145264987256162214634969132021069527e-01
4.1365637170560715096812032243178691715002e-01
4.3070026319396759184598977299174293875694e-01
4.1765778289839688985907173446321394294500e-01
6.9131434481059472751951489044586196541786e-01
1.0000000000000000000000000000000000000000e+00
1.0000000000000000000000000000000000000000e+00
8.4123477040725402886778283573221415281296e-01
1.0000000000000000000000000000000000000000e+00
6.6862648272834879215054115775274112820625e-01
1.0000000000000000000000000000000000000000e+00
4.4897114359244000292292753329093102365732e-01
4.0262751784026074020061969349626451730728e-01
7.7999400160840148821250750188482925295830e-01
2.6311663751319303017339734651613980531693e-01
5.8575387184615124169795308262109756469727e-01
5.6406394529678482996359889511950314044952e-01
5.8776634188834475658325118274660781025887e-01
6.6597856071195682403640603297390043735504e-01
7.8147153636595723114055545011069625616074e-01
9.4970845032064943325167405419051647186279e-01
7.4016343752016067192300852184416726231575e-01
6.5374624861366070760482216428499668836594e-01
6.9951959266805796566757180698914453387260e-01
3.8849451839636717220827222263324074447155e-01
5.6958369965514088484326293837511911988258e-01
8.1900873219519665369148242461960762739182e-01
6.1126376348133992788547175223357044160366e-01
0.0000000000000000000000000000000000000000e+00
5.9837313782411527540716633666306734085083e-01
6.5651781869686032244715079286834225058556e-01
6.1694300357863174344430490236845798790455e-01
6.5319784611269404717148745476151816546917e-01
6.8877217960623471348924340418307110667229e-01
7.6639897368979537084499042975949123501778e-01
6.5134473653608049303898042126093059778214e-01
6.6996971372102009922855359036475419998169e-01
7.2946259350585629377405894047114998102188e-01
7.0232623219824041882475285092368721961975e-01
8.6535004717926589101750778354471549391747e-01
7.6677632584266297577357818227028474211693e-01
5.4453409508023453700076288441778160631657e-01
8.2400623536567274562969487305963411927223e-01
2.6935435395071299913283269233943428844213e-01
6.3330762493559211723237467595026828348637e-01
9.2773438142397590677745711218449287116528e-01
5.5737642804436160481884598993929103016853e-01
5.5910264854977942405866997432895004749298e-01
7.0401320354476437657353926624637097120285e-01
8.4453199882287866007146703850594349205494e-01
7.3487933148507134095694937059306539595127e-01
8.7391559378638805632988351135281845927238e-01
1.0000000000000000000000000000000000000000e+00
6.4029266399803441700555595161858946084976e-01
6.8573643260887617856269571348093450069427e-01
6.9583145264987389388977589987916871905327e-01
6.7270499034544417593650678099947981536388e-01
9.3336006046396235991124967767973430454731e-01
6.8843329331302105522638612455921247601509e-01
5.5737642804436160481884598993929103016853e-01
7.2348337683255214969335611385758966207504e-01
1.0000000000000000000000000000000000000000e+00
5.9559767388354445394327285612234845757484e-01
6.7143079558505713855254271038575097918510e-01
8.6314797618776850640642805956304073333740e-01
7.2401533389505801086016845147241838276386e-01
8.1325413510209476619650104112224653363228e-01
8.3088854701141323655377846080227755010128e-01
1.0000000000000000000000000000000000000000e+00
6.5273365779489422866532777334214188158512e-01
6.4123920955778046515405321770231239497662e-01
7.4332212389374596739344269735738635063171e-01
7.4897831960928851202652367646805942058563e-01
7.0531195104933563921889572156942449510098e-01
6.5247687929525766126204189276904799044132e-01
7.8070912989942076176674845555680803954601e-01
4.8819470058383446220418022676312830299139e-01
1.0000000000000000000000000000000000000000e+00
9.4145489133631121703160715696867555379868e-01
1.0000000000000000000000000000000000000000e+00
1.0000000000000000000000000000000000000000e+00
3.5671603996506040523684077925281599164009e-01
1.0000000000000000000000000000000000000000e+00
6.9312381370549125403357493269140832126141e-01
7.5534388826177800702055264991940930485725e-01
4.2814002219252766945345456406357698142529e-01
7.9629356238817627922088604464079253375530e-01
3.4989376532586352608333868374757003039122e-01
9.3086517392972933926387213432462885975838e-01
5.4333079719605104074275914172176271677017e-01
4.9627875511624602866689315305848140269518e-01
9.4364685743654164173932485937257297337055e-01
7.2001121587960370540315580001333728432655e-01
6.9595836213829276317710537114180624485016e-01
0.0000000000000000000000000000000000000000e+00
8.2183992552417217680726935213897377252579e-01
7.3351000521749076810351652966346591711044e-01
6.7412532962012505777238402515649795532227e-01
8.5448768917683715073962957831099629402161e-01
8.3682383837970308881892833596793934702873e-01
4.2618978515945771246009599053650163114071e-01
5.3017648465098710097720413614297285676003e-01
8.8400091637675526357043054304085671901703e-01
7.0828470954777544843494752058177255094051e-01
5.3875779038046345270629444712540134787560e-01
6.1749041453824482506007598203723318874836e-01
1.0000000000000000000000000000000000000000e+00
3.9420358094947988147893624955031555145979e-01
4.3805006758021242108114279290020931512117e-01
7.4729373511648522487860191176878288388252e-01
7.4729373511649199723905212522367946803570e-01
7.2524270071346763621988884551683440804482e-01
7.2000482398899745550835405083489604294300e-01
3.9420358094947988147893624955031555145979e-01
5.3613047652170731094400935035082511603832e-01
6.5651781869686032244715079286834225058556e-01
6.1694300357863551820258862790069542825222e-01
8.1216347083067474965645260454039089381695e-01
5.9819720369790607694682194050983525812626e-01
8.9179603161537646105472276758519001305103e-01
8.9179603161537646105472276758519001305103e-01
8.2155865157547391941506020884844474494457e-01
9.8647710099459262611532039954909123480320e-01
4.3867393550835731552695051504997536540031e-01
4.7387440198078834008299509150674566626549e-01
7.2007296919271479573865235579432919621468e-01
5.4453409508023165042089885901077650487423e-01
5.0828211477449924959870486418367363512516e-01
7.5755830555720160557342524043633602559566e-01
6.6869384785023666672998388094129040837288e-01
7.0531195104933541717429079653811641037464e-01
5.3443466697596009318260712461778894066811e-01
6.0555159727422636084526175181963481009007e-01
2.8421249009316074118913775237160734832287e-01
2.6544930239132774607568876490404363721609e-01
0.0000000000000000000000000000000000000000e+00
3.3746724845861614250352999988535884767771e-01
1.3863525520279748604046687887603184208274e-01
0.0000000000000000000000000000000000000000e+00
4.2618978515945771246009599053650163114071e-01
3.8651263993097012550137492326030042022467e-01
3.3542264350614375834069846860074903815985e-01
0.0000000000000000000000000000000000000000e+00
2.5276393042731920557386615655559580773115e-01
2.2031264871803801774774456134764477610588e-01
4.1365637170560715096812032243178691715002e-01
2.6311663751319303017339734651613980531693e-01
0.0000000000000000000000000000000000000000e+00
2.6935435395071299913283269233943428844213e-01
5.5737642804436160481884598993929103016853e-01
4.8819470058383446220418022676312830299139e-01
0.0000000000000000000000000000000000000000e+00
3.9420358094947988147893624955031555145979e-01
2.8421249009316074118913775237160734832287e-01
0.0000000000000000000000000000000000000000e+00
2.6544930239132774607568876490404363721609e-01
0.0000000000000000000000000000000000000000e+00
3.3746724845861614250352999988535884767771e-01
1.3863525520279748604046687887603184208274e-01
0.0000000000000000000000000000000000000000e+00
4.2618978515945771246009599053650163114071e-01
3.8651263993097012550137492326030042022467e-01
3.3542264350614375834069846860074903815985e-01
0.0000000000000000000000000000000000000000e+00
2.5276393042731920557386615655559580773115e-01
2.2031264871803801774774456134764477610588e-01
4.1365637170560715096812032243178691715002e-01
2.6311663751319303017339734651613980531693e-01
0.0000000000000000000000000000000000000000e+00
2.6935435395071299913283269233943428844213e-01
5.5737642804436160481884598993929103016853e-01
4.8819470058383446220418022676312830299139e-01
0.0000000000000000000000000000000000000000e+00
3.9420358094947988147893624955031555145979e-01
2.8421249009316074118913775237160734832287e-01
0.0000000000000000000000000000000000000000e+00
0.0000000000000000000000000000000000000000e+00
2.6544930239132774607568876490404363721609e-01
0.0000000000000000000000000000000000000000e+00
3.3746724845861614250352999988535884767771e-01
1.3863525520279748604046687887603184208274e-01
0.0000000000000000000000000000000000000000e+00
4.2618978515945771246009599053650163114071e-01
3.8651263993097012550137492326030042022467e-01
3.3542264350614375834069846860074903815985e-01
0.0000000000000000000000000000000000000000e+00
2.5276393042731920557386615655559580773115e-01
2.2031264871803801774774456134764477610588e-01
4.1365637170560715096812032243178691715002e-01
2.6311663751319303017339734651613980531693e-01
0.0000000000000000000000000000000000000000e+00
2.6935435395071299913283269233943428844213e-01
5.5737642804436160481884598993929103016853e-01
4.8819470058383446220418022676312830299139e-01
0.0000000000000000000000000000000000000000e+00
3.9420358094947988147893624955031555145979e-01
2.8421249009316074118913775237160734832287e-01
0.0000000000000000000000000000000000000000e+00
0.0000000000000000000000000000000000000000e+00
0.0000000000000000000000000000000000000000e+00
8.5759926784978546265847398899495601654053e+01
3.7771851553312973948095532250590622425079e-01
