1
0
23
6.9185265895057479479390849519404582679272e-01
3.9661345248857854395296840266382787376642e-01
2.8094819497596190682742189892451278865337e-01
5.7306822594756867683685186420916579663754e-01
2.6852299649040126811039286280902160797268e-02
6.4672301510928487111584672675235196948051e-01
4.9547510093448066115229266870301216840744e-01
3.5658027553734250592043508731876499950886e-01
7.5830750974316440959910323726944625377655e-01
6.9551726026467741714753856285824440419674e-01
4.7504575117896152836038936584373004734516e-01
1.5192059766217949623445804263610625639558e-01
7.2276849680190702329696250671986490488052e-01
9.2575852290418469969779380335239693522453e-01
6.4672301510928464907124180172104388475418e-01
8.7998037935496609129870648757787421345711e-01
0.0000000000000000000000000000000000000000e+00
8.4182829456501662157563714572461321949959e-01
6.0442965236188661570793101418530568480492e-01
6.5001717586712337570986619539326056838036e-01
6.0798786729911047377328259244677610695362e-01
7.7179407735502858489695654498063959181309e-01
4.4307665549525609982595142355421558022499e-01
6.4672301510928487111584672675235196948051e-01
5.9174986337496304766858656876138411462307e-01
6.4103772740963849141593300373642705380917e-01
5.4390638314513028994667820370523259043694e-01
1.0000000000000000000000000000000000000000e+00
5.4180150744442034937975449793157167732716e-01
4.1109319319468951015039692720165476202965e-01
6.3164594514205341102552893062238581478596e-01
9.8924046501746254467235530682955868542194e-01
7.1683409415678833731533359241439029574394e-01
6.3572896700515324486246981905424036085606e-01
7.9963683818112674117628557723946869373322e-01
1.0000000000000000000000000000000000000000e+00
8.3142224408107745503571095468942075967789e-01
3.5175156469018348248667393818323034793139e-01
1.0000000000000000000000000000000000000000e+00
9.8924046501746909498820059525314718484879e-01
6.8430345675761450330298885091906413435936e-01
8.1738397068863899441737430606735870242119e-01
1.0000000000000000000000000000000000000000e+00
4.4307665549525609982595142355421558022499e-01
9.5584476480306623802363219510880298912525e-01
8.3142224408107745503571095468942075967789e-01
0.0000000000000000000000000000000000000000e+00
6.4672301510928487111584672675235196948051e-01
9.2575852290418547685391104096197523176670e-01
8.7359492088274748322618279416928999125957e-01
9.5755964851580832597477410672581754624844e-01
7.0023730677052320459097245475277304649353e-01
6.2287183461455120081495806516613811254501e-01
5.9174986337496304766858656876138411462307e-01
6.5774127466058318614017252912162803113461e-01
7.5424056613596579534686270562815479934216e-01
2.9116375365561170118766654013597872108221e-01
6.4672301510928487111584672675235196948051e-01
7.9632811601337616380646977631840854883194e-01
6.5069138336133003353012327352189458906651e-01
8.6693916897251799280610384812462143599987e-01
5.6143113107365327785203135135816410183907e-01
6.6694927803491588225170971782063134014606e-01
8.4837055414808537623372330926940776407719e-01
8.3959597844857858373046610722667537629604e-01
7.1540279968534803423096946062287315726280e-01
4.5080303407126898207479825941845774650574e-01
2.7351852096183837392828763768193311989307e-01
7.5309370391680985346027910054544918239117e-01
5.8910118262982502645996873980038799345493e-01
6.8249017763900343691574335025507025420666e-01
6.0965427085132073425910448349895887076855e-01
1.0000000000000000000000000000000000000000e+00
6.2958197055273001918607178595266304910183e-01
6.2571010082258549100941991127911023795605e-01
8.4387578282882802493958251943695358932018e-01
9.6922361313704108454203378641977906227112e-01
9.1547934301560585090840049815597012639046e-01
7.1906964781094373506675765383988618850708e-01
4.2020850372108725645503568557614926248789e-01
5.2786717295725638088299547234782949090004e-01
5.0888907923108750441798520114389248192310e-01
7.5238473174602660265009035356342792510986e-01
1.0000000000000000000000000000000000000000e+00
1.0000000000000000000000000000000000000000e+00
7.8691281514625721626998711144551634788513e-01
1.0000000000000000000000000000000000000000e+00
7.8524544452845923547812390097533352673054e-01
1.0000000000000000000000000000000000000000e+00
5.0020314530781018191873954492621123790741e-01
5.0988158125213856042279303437680937349796e-01
8.5395281744504769605441651947330683469772e-01
4.1358562462532538761550426897883880883455e-01
6.5471113437074646146385248357546515762806e-01
5.8322867992802451819756015538587234914303e-01
5.8098271847447735538594315585214644670486e-01
7.4104373050586413995688417344354093074799e-01
9.3749568785850423413563703434192575514317e-01
9.0320524238559052321306808153167366981506e-01
7.8075428876620300844280109231476671993732e-01
6.7699423167499961362381100116181187331676e-01
7.0689478746811329479271535092266276478767e-01
4.3034751107377522405528225135640241205692e-01
6.1155274047413887839041990446276031434536e-01
7.8382020916912342745064279370126314461231e-01
5.9620726594524875441294398115132935345173e-01
0.0000000000000000000000000000000000000000e+00
6.2361971656918346873510472505586221814156e-01
7.0120069975273946472071884272736497223377e-01
6.4211128482571866449291064782300963997841e-01
6.8415635904068794470589409684180282056332e-01
7.3250463898786011274211205090978182852268e-01
8.3836964410158687499574625690001994371414e-01
6.8179277953284822544333110272418707609177e-01
6.9982194374966233407775462183053605258465e-01
6.6684535216084861453111898299539461731911e-01
7.2246437831229148862632882810430601239204e-01
8.4582624248299020930375036186887882649899e-01
7.9817345680816453867834070479148067533970e-01
6.0790373843527778507933589935419149696827e-01
7.9817345680816098596466190429055131971836e-01
2.9508680436834477944785248837433755397797e-01
5.9857607919213784430922942192410118877888e-01
9.1737076428945218964372543268837034702301e-01
5.5908876171876520366765817016130313277245e-01
5.7415456723192015431322943186387419700623e-01
8.2986102220201363177665143666672520339489e-01
8.3265319449112185079542314269929192960262e-01
7.6491354649744014437828809604980051517487e-01
8.4785660523677175426371377398027107119560e-01
1.0000000000000000000000000000000000000000e+00
6.4359433996868653515832647826755419373512e-01
6.6293237549414918419188325060531497001648e-01
7.0605028984711815098762599518522620201111e-01
7.0605028984711792894302107015391811728477e-01
9.4908712685936336139747027118573896586895e-01
7.0666208874399094597151815833058208227158e-01
5.5908876171876520366765817016130313277245e-01
7.3214956981658763091047603666083887219429e-01
1.0000000000000000000000000000000000000000e+00
6.2468823724587663193119624338578432798386e-01
6.9551726026467741714753856285824440419674e-01
8.5659825017754387399548932080506347119808e-01
7.3214956981658763091047603666083887219429e-01
8.6936069490192691144869741037837229669094e-01
8.3267646344890777765357370299170725047588e-01
9.9715466351651160792357586615253239870071e-01
6.5774127466058318614017252912162803113461e-01
6.9943957738747097874210112422588281333447e-01
7.5628540024794665974638974148547276854515e-01
7.3322421945096316608925235414062626659870e-01
7.8075428876620689422338728036265820264816e-01
7.0099629542509489521506793607841245830059e-01
7.6491354649744247584663980887853540480137e-01
5.1098359301389306708074400376062840223312e-01
1.0000000000000000000000000000000000000000e+00
8.7564266790433753495648261377937160432339e-01
1.0000000000000000000000000000000000000000e+00
1.0000000000000000000000000000000000000000e+00
3.9763081280007617213101411834941245615482e-01
1.0000000000000000000000000000000000000000e+00
6.7274619633166177212757474990212358534336e-01
8.0833954930557416762582079172716476023197e-01
4.2737218755693595628741832115338183939457e-01
8.2211827768846090780385793550522066652775e-01
4.2609680443668096483378349148551933467388e-01
9.1099919305492838006443889753427356481552e-01
5.6767507555768736970946974906837567687035e-01
5.4496180404771432659316587887587957084179e-01
9.0232741954498640879478443821426481008530e-01
7.4196754610183024425396070000715553760529e-01
7.4196754610182369393811541158356703817844e-01
0.0000000000000000000000000000000000000000e+00
8.0716028648679527535136912774760276079178e-01
7.6971213435511520728482537379022687673569e-01
7.0486668175767142052734470780706033110619e-01
8.3827828761526801404357911451370455324650e-01
8.5515784469657185606905613894923590123653e-01
4.7381330032131108165316391023225151002407e-01
5.8671755101111311425654548656893894076347e-01
9.2071239786516168024377293477300554513931e-01
6.9220669828799408218600319742108695209026e-01
5.2863274273123006530283873871667310595512e-01
6.5069138336133536260064147427328862249851e-01
1.0000000000000000000000000000000000000000e+00
4.1358562462532538761550426897883880883455e-01
4.4745123991899149462625473461230285465717e-01
7.6606607955822214606200759590137749910355e-01
7.8964707013289303638714500266360118985176e-01
7.6283247951987065427204015577444806694984e-01
5.6767507555768736970946974906837567687035e-01
4.0197117813011906672926443206961266696453e-01
5.8115368059552674484535828014486469328403e-01
7.1870495859961569529161806713091209530830e-01
6.4672301510928487111584672675235196948051e-01
8.7478075700088775423779452466988004744053e-01
7.0154650887045255647223029882297851145267e-01
8.8613109446508719901913764260825701057911e-01
9.1686773929114218084635012928629294037819e-01
8.5083732320314031660757336794631555676460e-01
9.9045293836092740402676781741320155560970e-01
4.9063648443083035521894430530664976686239e-01
5.2114065874661641419862689872388727962971e-01
7.5628540024794543850106265381327830255032e-01
6.1384818131388363404710162285482510924339e-01
5.5693127933980690613680053502321243286133e-01
8.4674523426926207037013227818533778190613e-01
6.6804988530013409420149628203944303095341e-01
7.1391311213567598681351000777794979512691e-01
5.7884479424378421086316848231945186853409e-01
6.3123531651780062645684665767475962638855e-01
3.1774450785410152109378145723894704133272e-01
2.8094819497596190682742189892451278865337e-01
2.6852299649040126811039286280902160797268e-02
3.5658027553734250592043508731876499950886e-01
1.5192059766217949623445804263610625639558e-01
0.0000000000000000000000000000000000000000e+00
4.4307665549525609982595142355421558022499e-01
4.1109319319468951015039692720165476202965e-01
3.5175156469018348248667393818323034793139e-01
0.0000000000000000000000000000000000000000e+00
2.9116375365561170118766654013597872108221e-01
2.7351852096183837392828763768193311989307e-01
4.2020850372108725645503568557614926248789e-01
4.1358562462532538761550426897883880883455e-01
0.0000000000000000000000000000000000000000e+00
2.9508680436834477944785248837433755397797e-01
5.5908876171876520366765817016130313277245e-01
5.1098359301389306708074400376062840223312e-01
0.0000000000000000000000000000000000000000e+00
4.0197117813011906672926443206961266696453e-01
3.1774450785410152109378145723894704133272e-01
0.0000000000000000000000000000000000000000e+00
2.8094819497596190682742189892451278865337e-01
2.6852299649040126811039286280902160797268e-02
3.5658027553734250592043508731876499950886e-01
1.5192059766217949623445804263610625639558e-01
0.0000000000000000000000000000000000000000e+00
4.4307665549525609982595142355421558022499e-01
4.1109319319468951015039692720165476202965e-01
3.5175156469018348248667393818323034793139e-01
0.0000000000000000000000000000000000000000e+00
2.9116375365561170118766654013597872108221e-01
2.7351852096183837392828763768193311989307e-01
4.2020850372108725645503568557614926248789e-01
4.1358562462532538761550426897883880883455e-01
0.0000000000000000000000000000000000000000e+00
2.9508680436834477944785248837433755397797e-01
5.5908876171876520366765817016130313277245e-01
5.1098359301389306708074400376062840223312e-01
0.0000000000000000000000000000000000000000e+00
4.0197117813011906672926443206961266696453e-01
3.1774450785410152109378145723894704133272e-01
0.0000000000000000000000000000000000000000e+00
0.0000000000000000000000000000000000000000e+00
2.8094819497596190682742189892451278865337e-01
2.6852299649040126811039286280902160797268e-02
3.5658027553734250592043508731876499950886e-01
1.5192059766217949623445804263610625639558e-01
0.0000000000000000000000000000000000000000e+00
4.4307665549525609982595142355421558022499e-01
4.1109319319468951015039692720165476202965e-01
3.5175156469018348248667393818323034793139e-01
0.0000000000000000000000000000000000000000e+00
2.9116375365561170118766654013597872108221e-01
2.7351852096183837392828763768193311989307e-01
4.2020850372108725645503568557614926248789e-01
4.1358562462532538761550426897883880883455e-01
0.0000000000000000000000000000000000000000e+00
2.9508680436834477944785248837433755397797e-01
5.5908876171876520366765817016130313277245e-01
5.1098359301389306708074400376062840223312e-01
0.0000000000000000000000000000000000000000e+00
4.0197117813011906672926443206961266696453e-01
3.1774450785410152109378145723894704133272e-01
0.0000000000000000000000000000000000000000e+00
0.0000000000000000000000000000000000000000e+00
0.0000000000000000000000000000000000000000e+00
8.6617760026171907838943297974765300750732e+01
4.3263732155084644315223840749240480363369e-01
