1
0
23
9.9726440702405949600972689950140193104744e-01
3.4807535943908490816411926971341017633677e-01
1.6350240556632847366280714140884811058640e-01
5.0542993766787125409223335736896842718124e-01
0.0000000000000000000000000000000000000000e+00
6.6652218582089595155792949299211613833904e-01
2.9822478685571079948246620006102602928877e-01
2.6722870759885077734940850291422975715250e-03
8.4445778555404094056768826703773811459541e-01
6.8301688566740881292105314059881493449211e-01
3.3458627615618163897437398190959356725216e-01
2.7108907365061823968588328170881140977144e-01
3.6542248438000735077935132721904665231705e-01
8.6299252033122186844593670684844255447388e-01
5.7861790670228141486575168528361245989799e-01
1.0000000000000000000000000000000000000000e+00
0.0000000000000000000000000000000000000000e+00
8.1359309215151520700004539321525953710079e-01
3.3367593336188361430316717815003357827663e-01
3.3037975608249858794351894175633788108826e-01
3.4209880238887241388212601123086642473936e-01
1.0000000000000000000000000000000000000000e+00
2.9295858450671807826637405014480464160442e-01
4.4095880154180489007842425053240731358528e-01
2.9355826822407116161173235013848170638084e-01
4.7147939930179494361084380216198042035103e-01
4.8212066752051474516349571786122396588326e-01
9.2022397746943207508252271509263664484024e-01
3.5815111700869783906142629348323680460453e-01
1.2719910215347993154288985806488199159503e-01
5.4603376362394440146630358867696486413479e-01
1.0000000000000000000000000000000000000000e+00
6.7972070838802378656140490420511923730373e-01
6.8342338398341406779934459336800500750542e-01
1.0000000000000000000000000000000000000000e+00
1.0000000000000000000000000000000000000000e+00
6.7972070838802378656140490420511923730373e-01
4.5159868245850326440304911557177547365427e-01
9.2962177047162330989493739252793602645397e-01
6.4021202354663186984140565982670523226261e-01
4.5065640545766949554007396727683953940868e-01
4.6488704364714894534671429937588982284069e-01
5.4028159386539154063200385280651971697807e-02
2.9295858450671896644479375027003698050976e-01
4.1323523388188987404134877579053863883018e-01
6.7972070838802378656140490420511923730373e-01
0.0000000000000000000000000000000000000000e+00
4.7500458301935494231926782049413304775953e-01
5.2720494926403294044803260476328432559967e-01
4.9662383625666245423602163100440520793200e-01
6.3904646064879599975938617717474699020386e-01
2.4481147143269693655653895802970509976149e-01
6.3615805486426657555654173847869969904423e-01
2.9355826822407116161173235013848170638084e-01
4.7372153693336477298103659450134728103876e-01
1.0000000000000000000000000000000000000000e+00
7.9362277973942699227372088444099063053727e-02
7.6043793503482148832262055293540470302105e-01
7.9667459905960202881658460682956501841545e-01
6.2284054966611146486599182026111520826817e-01
6.1601650387531881047920023775077424943447e-01
4.0253982274053046186423898689099587500095e-01
4.2004912449688569520134251433773897588253e-01
8.5839882118225263596400509413797408342361e-01
1.0000000000000000000000000000000000000000e+00
6.5286743291156890123261291591916233301163e-01
7.9362277973941033892835150709288427606225e-02
0.0000000000000000000000000000000000000000e+00
7.1879941838411343102421824369230307638645e-01
5.0941905352622041114329931588144972920418e-01
5.6245500105828838410815251336316578090191e-01
6.8748442662276132431031783198704943060875e-01
9.3086323879623400490146423180704005062580e-01
2.9295858450671807826637405014480464160442e-01
2.7748954589415603111390851154283154755831e-01
5.1726336881297085845687888649990782141685e-01
7.3986313478773491070228374155703932046890e-01
7.7553150602222209464287061564391478896141e-01
7.8828049451888604348681610645144246518612e-01
2.3444893393330493158721594681992428377271e-01
2.4450054394488174303035066259326413273811e-01
8.0292669138721772803535259299678727984428e-01
9.7417210094221828864391454771975986659527e-01
7.1833595281982154379107896602363325655460e-01
5.7362467082171564314307943277526646852493e-01
7.7749799076174885836820749318576417863369e-01
1.0000000000000000000000000000000000000000e+00
9.4322643836589892263333467781194485723972e-01
1.0000000000000000000000000000000000000000e+00
2.8016594962101282195732210311689414083958e-01
3.4834785703797271905202137531887274235487e-01
8.7366272844222070403930047177709639072418e-01
2.4450054394488174303035066259326413273811e-01
6.8162533684496251495943397458177059888840e-01
1.0000000000000000000000000000000000000000e+00
8.2367863917504746673614590690704062581062e-01
8.8109452297936130538147381230373866856098e-01
1.8602326243387512505478298407979309558868e-01
4.5567171719529880880017458366637583822012e-01
4.8212066752051419005198340528295375406742e-01
6.2411601329068744359318543502013199031353e-01
4.5567171719530064066816521517466753721237e-01
9.3906169177259690705739103577798232436180e-02
4.5567171719530169538003860907338093966246e-01
7.8828049451888804188826043173321522772312e-01
3.8239412904161762529753332273685373365879e-01
0.0000000000000000000000000000000000000000e+00
5.3430909665061276925257516268175095319748e-01
1.0000000000000000000000000000000000000000e+00
6.7972070838802378656140490420511923730373e-01
4.8046879940758585592064378033683169633150e-01
9.7523864401734072782090834152768366038799e-01
6.2897302725400094924879113023052923381329e-01
6.2261046792201446553605137523845769464970e-01
7.1079826201937190699453594788792543113232e-01
9.3290104569789700228454876196337863802910e-01
5.1158865026176048029782350567984394729137e-01
6.2261046792201446553605137523845769464970e-01
7.7429121583427606978489166067447513341904e-01
3.6011938134437337932780565097345970571041e-01
7.8374332159782156281835341360419988632202e-01
2.5372588570682635955577666209137532860041e-01
3.6501484756436874956619931253953836858273e-01
7.5948517351379596362903612316586077213287e-01
3.8293661745605617197085734915162902325392e-01
6.1601650387531636798854606240638531744480e-01
3.8786437033312881617064249439863488078117e-01
5.8185853810696053223239232465857639908791e-01
3.8506448902009848822558524261694401502609e-01
6.2780118240292603903895951589220203459263e-01
4.9902100265202720130730540404329076409340e-01
2.9355826822407116161173235013848170638084e-01
4.4274487753745234153157639411801937967539e-01
4.5392130568921817967975584906525909900665e-01
3.8506448902009093870901779155246913433075e-01
6.7897211809793300840709662224981002509594e-01
4.8481279768599161439368572246166877448559e-01
1.1021846183144164144085408452156116254628e-01
4.0838012081871843950153788682655431330204e-01
1.0000000000000000000000000000000000000000e+00
6.0211956680475398062668546117492951452732e-01
1.0000000000000000000000000000000000000000e+00
6.2689963563333561680224192969035357236862e-01
3.4209880238887230285982354871521238237619e-01
7.9984830166312725907573621952906250953674e-01
7.6789969885463815746362570280325599014759e-01
2.3689217187538200160012991091207368299365e-01
3.1312415632416679134308878929005004465580e-01
5.9078177492238026502491266001015901565552e-01
5.7758325235524887730775844829622656106949e-01
5.5804281896420371289480044652009382843971e-01
8.2060077805386799632003658189205452799797e-01
6.2261046792201091282237257473752833902836e-01
3.8506448902009093870901779155246913433075e-01
2.3689217187538200160012991091207368299365e-01
8.6956613337187604884093161672353744506836e-01
5.9942038942854680705352166114607825875282e-01
3.2914459799565354281014606385724619030952e-01
1.0000000000000000000000000000000000000000e+00
1.0000000000000000000000000000000000000000e+00
1.0000000000000000000000000000000000000000e+00
4.8212066752051474516349571786122396588326e-01
1.0000000000000000000000000000000000000000e+00
6.9541276229957538213000134419417008757591e-01
3.8650335684631387245246969541767612099648e-01
5.3901570905923701371165179807576350867748e-01
8.0741459221023026415764434204902499914169e-01
1.0000000000000000000000000000000000000000e+00
2.6964837807481012443844292647554539144039e-01
7.3002268482622933998271719246986322104931e-01
6.2895770332482647813066023445571772754192e-01
1.0000000000000000000000000000000000000000e+00
0.0000000000000000000000000000000000000000e+00
1.0000000000000000000000000000000000000000e+00
8.9003942157608229024390311678871512413025e-01
5.5587939006197406577314268361078575253487e-01
9.1269135382414201540512976862373761832714e-01
4.1405647339616369340120627384749241173267e-01
2.9295858450671807826637405014480464160442e-01
6.0934253025254103697250229743076488375664e-01
9.5101815852594162592481552565004676580429e-01
6.7540687473995053569097990475711412727833e-01
4.9662383625666217668026547471527010202408e-01
6.2630940993943784445008304828661493957043e-01
9.5430334963276963744505110298632644116879e-01
7.1833595281982443037094299143063835799694e-01
3.2220234146491755211627605604007840156555e-01
7.5043310408383978593604979323572479188442e-01
6.2780118240293303344401465437840670347214e-01
4.5692043192362696846231528979842551052570e-01
6.9170473600490423038422704848926514387131e-01
2.5516598505393262019680378216435201466084e-01
6.9759973945224673652631963705061934888363e-01
7.3201726635136010745696921730996109545231e-01
8.7955111660954521379807147241081111133099e-01
9.7763803276360849991988288820721209049225e-01
6.2558602092467974209455405798507854342461e-01
8.5593185374564806355834889473044313490391e-01
8.0071843266489883816916517389472573995590e-01
1.0000000000000000000000000000000000000000e+00
4.1112915393580884426683041965588927268982e-01
2.6832627078905441075917792659311089664698e-01
3.9110565363623400747528080501069780439138e-01
1.0000000000000000000000000000000000000000e+00
3.6011938134436888292455591908947099000216e-01
9.2722960831560752303914796357275918126106e-01
1.0000000000000000000000000000000000000000e+00
4.4565075642692292268165488167142029851675e-01
6.0229030813282591338975180406123399734497e-01
4.5743724702620747191161854061647318303585e-01
8.5468029737642181586920742120128124952316e-01
0.0000000000000000000000000000000000000000e+00
1.6350240556632847366280714140884811058640e-01
0.0000000000000000000000000000000000000000e+00
2.6722870759885077734940850291422975715250e-03
2.7108907365061823968588328170881140977144e-01
0.0000000000000000000000000000000000000000e+00
2.9295858450671807826637405014480464160442e-01
1.2719910215347993154288985806488199159503e-01
4.5159868245850326440304911557177547365427e-01
0.0000000000000000000000000000000000000000e+00
7.9362277973942699227372088444099063053727e-02
0.0000000000000000000000000000000000000000e+00
2.3444893393330493158721594681992428377271e-01
2.4450054394488174303035066259326413273811e-01
0.0000000000000000000000000000000000000000e+00
2.5372588570682635955577666209137532860041e-01
1.1021846183144164144085408452156116254628e-01
2.3689217187538200160012991091207368299365e-01
0.0000000000000000000000000000000000000000e+00
2.5516598505393262019680378216435201466084e-01
0.0000000000000000000000000000000000000000e+00
0.0000000000000000000000000000000000000000e+00
1.6350240556632847366280714140884811058640e-01
0.0000000000000000000000000000000000000000e+00
2.6722870759885077734940850291422975715250e-03
2.7108907365061823968588328170881140977144e-01
0.0000000000000000000000000000000000000000e+00
2.9295858450671807826637405014480464160442e-01
1.2719910215347993154288985806488199159503e-01
4.5159868245850326440304911557177547365427e-01
0.0000000000000000000000000000000000000000e+00
7.9362277973942699227372088444099063053727e-02
0.0000000000000000000000000000000000000000e+00
2.3444893393330493158721594681992428377271e-01
2.4450054394488174303035066259326413273811e-01
0.0000000000000000000000000000000000000000e+00
2.5372588570682635955577666209137532860041e-01
1.1021846183144164144085408452156116254628e-01
2.3689217187538200160012991091207368299365e-01
0.0000000000000000000000000000000000000000e+00
2.5516598505393262019680378216435201466084e-01
0.0000000000000000000000000000000000000000e+00
0.0000000000000000000000000000000000000000e+00
0.0000000000000000000000000000000000000000e+00
1.6350240556632847366280714140884811058640e-01
0.0000000000000000000000000000000000000000e+00
2.6722870759885077734940850291422975715250e-03
2.7108907365061823968588328170881140977144e-01
0.0000000000000000000000000000000000000000e+00
2.9295858450671807826637405014480464160442e-01
1.2719910215347993154288985806488199159503e-01
4.5159868245850326440304911557177547365427e-01
0.0000000000000000000000000000000000000000e+00
7.9362277973942699227372088444099063053727e-02
0.0000000000000000000000000000000000000000e+00
2.3444893393330493158721594681992428377271e-01
2.4450054394488174303035066259326413273811e-01
0.0000000000000000000000000000000000000000e+00
2.5372588570682635955577666209137532860041e-01
1.1021846183144164144085408452156116254628e-01
2.3689217187538200160012991091207368299365e-01
0.0000000000000000000000000000000000000000e+00
2.5516598505393262019680378216435201466084e-01
0.0000000000000000000000000000000000000000e+00
0.0000000000000000000000000000000000000000e+00
0.0000000000000000000000000000000000000000e+00
0.0000000000000000000000000000000000000000e+00
8.7846960799076441617216914892196655273438e+01
1.5175264990579617752075591852189972996712e-01
