1
0
23
1.0000000000000000000000000000000000000000e+00
3.3877537703135734981074733696004841476679e-01
4.1558886120567559152583214654441690072417e-02
5.3047745685586977781866835357504896819592e-01
0.0000000000000000000000000000000000000000e+00
6.3267882368072636545264231244800612330437e-01
3.6980856611437512571072261380322743207216e-01
0.0000000000000000000000000000000000000000e+00
9.2248668109423415106817856212728656828403e-01
5.0326357131644428033467875138740055263042e-01
2.4085672251165038404430163154756883159280e-01
8.4310680666705509200831158977962331846356e-02
3.0020637321476723036184353077260311692953e-01
1.0000000000000000000000000000000000000000e+00
4.8340693048968319533997828330029733479023e-01
1.0000000000000000000000000000000000000000e+00
0.0000000000000000000000000000000000000000e+00
6.8385879376900782222747920968686230480671e-01
4.5455197269042824093077115321648307144642e-01
2.0674745403282768219099807538441382348537e-01
2.9084445041777945428762564006319735199213e-01
1.0000000000000000000000000000000000000000e+00
1.9438325698447012079839169018669053912163e-01
3.3577534407017334272538278128195088356733e-01
3.6343052237416095806565863313153386116028e-01
3.7871409631163621689609044551616534590721e-01
4.2188951993726514499982727102178614586592e-01
7.8626259952339361269935125164920464158058e-01
2.9084445041778078655525519025104586035013e-01
8.1810616701083485602374878453701967373490e-02
4.7826880638688906710598303106962703168392e-01
1.0000000000000000000000000000000000000000e+00
6.3661429959727466876273638263228349387646e-01
5.4604424696940501160469239039230160415173e-01
1.0000000000000000000000000000000000000000e+00
1.0000000000000000000000000000000000000000e+00
6.3661429959727378058431668250705115497112e-01
4.2237389567853389493734539428260177373886e-01
7.7952055620318183581929361025686375796795e-01
5.3863886437779351368249081133399158716202e-01
3.3692064335651417117389883060241118073463e-01
3.2744122039596496032132222353538963943720e-01
0.0000000000000000000000000000000000000000e+00
1.9438325698447012079839169018669053912163e-01
3.2455644630815655427014121414686087518930e-01
6.3661429959727200422747728225658647716045e-01
0.0000000000000000000000000000000000000000e+00
3.9348202022960587775912699726177379488945e-01
6.2600104893835106789623523582122288644314e-01
3.6267876628353062917753391047881450504065e-01
4.9673135310463578662165673449635505676270e-01
2.0008415096029630309004687660490162670612e-01
4.3065826655269134892733973174472339451313e-01
2.4996387697430766383632771976408548653126e-01
4.2237389567853389493734539428260177373886e-01
7.0085250180993208246604808664415031671524e-01
7.5164433791070101031905892341455910354853e-02
8.1262418290298199519128274914692156016827e-01
8.3205091934411312681874051122576929628849e-01
5.7704136936037797589449382940074428915977e-01
6.9358778922700536906376100887428037822247e-01
4.7905087836133997125642736136796884238720e-01
3.9521237452001056755790386887383647263050e-01
7.5286675855106166554975288818241097033024e-01
1.0000000000000000000000000000000000000000e+00
6.3661429959727366956201421999139711260796e-01
7.5164433791069074075608114071656018495560e-02
2.0484362485059092601202834771356720011681e-02
8.2354088241626965949393479604623280465603e-01
5.2776707213373197369321587757440283894539e-01
4.8235371604586674276760049906442873179913e-01
6.2195925349574499030325114290462806820869e-01
1.0000000000000000000000000000000000000000e+00
2.2001026142141572039534480609290767461061e-01
2.0645353953190484497248746720288181677461e-01
4.9404924661932242413442395445599686354399e-01
6.1971572013124420763574562442954629659653e-01
7.0568993465734497494423749230918474495411e-01
7.6869815950149444905292739349533803761005e-01
2.0269551515800166008318683452671393752098e-01
1.0264522053272771839882437916458002291620e-01
7.8291980472236855082002193739754147827625e-01
8.4807717179515107464027323658228851854801e-01
5.6413592882280350071511065834783948957920e-01
5.2116575570818446383469790816889144480228e-01
6.9227283232060621287473622942343354225159e-01
1.0000000000000000000000000000000000000000e+00
8.5676412603343332641259166848612949252129e-01
1.0000000000000000000000000000000000000000e+00
1.7107151091647512797244701232557417824864e-01
3.2934343262816995201447412000561598688364e-01
7.9562191978054963570343716128263622522354e-01
1.0264522053272771839882437916458002291620e-01
6.7240680182756951133171696710633113980293e-01
1.0000000000000000000000000000000000000000e+00
6.3661429959727466876273638263228349387646e-01
1.0000000000000000000000000000000000000000e+00
1.1967916407160883451865629467647522687912e-01
2.7654066042566766148169676853285636752844e-01
5.0936204040307520024555287818657234311104e-01
6.3661429959727489080734130766359157860279e-01
4.1246437493916160432760875664826016873121e-01
7.5164433791070101031905892341455910354853e-02
4.1246437493916054961573536274954676628113e-01
8.2354088241626965949393479604623280465603e-01
3.3509740535719295673189321860263589769602e-01
0.0000000000000000000000000000000000000000e+00
4.3963505840342925745645175084064248949289e-01
9.9653774665458549897323337063426151871681e-01
6.3661429959727466876273638263228349387646e-01
4.7063148643532132231470654915028717368841e-01
7.4152434909414299823993133031763136386871e-01
5.9145381776646610560987937788013368844986e-01
4.7063148643532132231470654915028717368841e-01
6.6494929799139257386997314824839122593403e-01
7.7244781543868701323418690662947483360767e-01
4.1688759650158252467733177581976633518934e-01
5.5340731548912625026304112907382659614086e-01
6.9308056278758078949664422907517291605473e-01
2.7552189809919103158364350747433491051197e-01
8.7261919245429098168642667587846517562866e-01
4.3695565062338903583594174051540903747082e-02
3.4079423357629923252432035951642319560051e-01
7.0579314999266085095541711780242621898651e-01
3.3367599281428483859457401194958947598934e-01
5.4609511371294972015277835453161969780922e-01
3.2545434832610509179318114547641016542912e-01
5.6900402031086338983101313715451397001743e-01
3.3706127999625234981095900366199202835560e-01
5.7704136936038752381250560574699193239212e-01
5.9447232956599538322706166582065634429455e-01
2.2644505007061654922040361270774155855179e-01
4.4882954658595841657131586543982848525047e-01
4.4882954658595841657131586543982848525047e-01
2.4331921474909651292861667570832651108503e-01
7.0951909677384372709951776414527557790279e-01
2.6418692782626790327427102056390140205622e-01
9.7575033851546422170031291898339986801147e-02
3.0020637321476612013881890561606269329786e-01
1.0000000000000000000000000000000000000000e+00
5.4378867859375190629833696220885030925274e-01
1.0000000000000000000000000000000000000000e+00
6.6060599781317907996935900882817804813385e-01
2.5514865049460655477275849989382550120354e-01
9.6474981189492381439265500375768169760704e-01
6.4969871189935624045119766378775238990784e-01
2.2091705976823153290133916470949770882726e-01
2.7574752173130201438056019469513557851315e-01
4.2999976246071325292064102541189640760422e-01
4.2606428654416644841163019918894860893488e-01
4.7956454686242649954053263172681909054518e-01
8.1947279085683666366435318195726722478867e-01
4.7063148643532132231470654915028717368841e-01
3.3422198157528171247321324699441902339458e-01
2.2091705976823153290133916470949770882726e-01
6.5897685974948716491894629143644124269485e-01
3.1158527363377885865958205613424070179462e-01
3.6432967146524336543578215241723228245974e-01
1.0000000000000000000000000000000000000000e+00
1.0000000000000000000000000000000000000000e+00
1.0000000000000000000000000000000000000000e+00
3.4081841181579131117018732766155153512955e-01
1.0000000000000000000000000000000000000000e+00
6.9843842735609995564516339072724804282188e-01
2.3819747620394859932702047444763593375683e-01
3.4074661449690091252762158546829596161842e-01
7.9253860985074475742351296503329649567604e-01
9.1345489241819999293170440068934112787247e-01
2.8178222446673184542476064962102100253105e-01
5.8738073833772408427478239900665357708931e-01
6.2959657173206351465921670751413330435753e-01
7.0178316250367123174669359286781400442123e-01
0.0000000000000000000000000000000000000000e+00
1.0000000000000000000000000000000000000000e+00
6.3499182847579627164691373764071613550186e-01
3.9174773631296377907062833401141688227654e-01
8.6949023484424448060536860793945379555225e-01
4.1068927810377281462095311326265800744295e-01
1.9438325698447012079839169018669053912163e-01
4.8862631220577951163264174283540342003107e-01
7.2275620696545217480633027662406675517559e-01
5.1355383216823724534805251096258871257305e-01
3.7369778796983610380522122795809991657734e-01
5.7704136936038763483480806826264597475529e-01
8.6949023484424448060536860793945379555225e-01
7.2177700774388320326124812709167599678040e-01
1.7375092390537208442147232290153624489903e-01
8.8554885701292240796078658604528754949570e-01
5.7704136936038863403553023090353235602379e-01
4.4485202497632797546955885081843007355928e-01
6.0602319225985179507176781044108793139458e-01
1.3478413290626045650810738152358680963516e-01
6.6101382207484415953757661554845981299877e-01
7.6904913508450334358457212147186510264874e-01
8.6665055217979192203614502432174049317837e-01
1.0000000000000000000000000000000000000000e+00
5.7137823777226914856441908341366797685623e-01
8.2609320615394254971874943294096738100052e-01
7.7943903012014970066445584961911663413048e-01
9.5340460259801007580904297356028109788895e-01
3.1716639401354174143676800667890347540379e-01
2.2607728921587508241763941896351752802730e-01
3.6619732615896066763028215973463375121355e-01
1.0000000000000000000000000000000000000000e+00
3.0302786982492035949832143160165287554264e-01
9.6772648371611191819852137996349483728409e-01
1.0000000000000000000000000000000000000000e+00
3.5475954838692186354975888207263778895140e-01
5.5276393231081977219787404465023428201675e-01
6.4159245760862837482108034237171523272991e-01
7.2275620696545317400705243926495313644409e-01
0.0000000000000000000000000000000000000000e+00
8.1810616701083485602374878453701967373490e-02
8.1810616701083485602374878453701967373490e-02
8.1810616701083485602374878453701967373490e-02
8.4310680666705509200831158977962331846356e-02
8.1810616701083485602374878453701967373490e-02
1.9438325698447012079839169018669053912163e-01
8.1810616701083485602374878453701967373490e-02
4.2237389567853389493734539428260177373886e-01
8.1810616701083485602374878453701967373490e-02
8.1810616701083485602374878453701967373490e-02
8.1810616701083485602374878453701967373490e-02
2.0269551515800166008318683452671393752098e-01
1.0264522053272771839882437916458002291620e-01
8.1810616701083485602374878453701967373490e-02
8.1810616701083485602374878453701967373490e-02
9.7575033851546422170031291898339986801147e-02
2.2091705976823153290133916470949770882726e-01
8.1810616701083485602374878453701967373490e-02
1.3478413290626045650810738152358680963516e-01
8.1810616701083485602374878453701967373490e-02
8.1810616701083485602374878453701967373490e-02
4.1558886120567559152583214654441690072417e-02
0.0000000000000000000000000000000000000000e+00
0.0000000000000000000000000000000000000000e+00
8.4310680666705509200831158977962331846356e-02
0.0000000000000000000000000000000000000000e+00
1.9438325698447012079839169018669053912163e-01
8.1810616701083485602374878453701967373490e-02
4.2237389567853389493734539428260177373886e-01
0.0000000000000000000000000000000000000000e+00
7.5164433791070101031905892341455910354853e-02
2.0484362485059092601202834771356720011681e-02
2.0269551515800166008318683452671393752098e-01
1.0264522053272771839882437916458002291620e-01
0.0000000000000000000000000000000000000000e+00
4.3695565062338903583594174051540903747082e-02
9.7575033851546422170031291898339986801147e-02
2.2091705976823153290133916470949770882726e-01
0.0000000000000000000000000000000000000000e+00
1.3478413290626045650810738152358680963516e-01
0.0000000000000000000000000000000000000000e+00
8.1810616701083485602374878453701967373490e-02
0.0000000000000000000000000000000000000000e+00
4.1558886120567559152583214654441690072417e-02
0.0000000000000000000000000000000000000000e+00
0.0000000000000000000000000000000000000000e+00
8.4310680666705509200831158977962331846356e-02
0.0000000000000000000000000000000000000000e+00
1.9438325698447012079839169018669053912163e-01
8.1810616701083485602374878453701967373490e-02
4.2237389567853389493734539428260177373886e-01
0.0000000000000000000000000000000000000000e+00
7.5164433791070101031905892341455910354853e-02
2.0484362485059092601202834771356720011681e-02
2.0269551515800166008318683452671393752098e-01
1.0264522053272771839882437916458002291620e-01
1.7314925675456162172077022345007153092890e-16
4.3695565062338903583594174051540903747082e-02
9.7575033851546422170031291898339986801147e-02
2.2091705976823153290133916470949770882726e-01
0.0000000000000000000000000000000000000000e+00
1.3478413290626045650810738152358680963516e-01
0.0000000000000000000000000000000000000000e+00
8.1810616701083485602374878453701967373490e-02
0.0000000000000000000000000000000000000000e+00
0.0000000000000000000000000000000000000000e+00
9.0341007322636599496945564169436693191528e+01
1.2004562333946118546368353463549283333123e-01
