1
0
23
1.0000000000000000000000000000000000000000e+00
3.4186480927925089190466678701341152191162e-01
1.1880308503674465170352192444624961353838e-01
5.6932693950762180978841797696077264845371e-01
0.0000000000000000000000000000000000000000e+00
6.5894276973236975969427930976962670683861e-01
3.4266276732488437639645439958258066326380e-01
0.0000000000000000000000000000000000000000e+00
9.4149625023032901260933158482657745480537e-01
5.9219324891812774591670631707529537379742e-01
2.9629821870413425299872756113472860306501e-01
1.8004365775917355319002410851680906489491e-01
3.5779607411485803147854767303215339779854e-01
9.4539544332695379935671553539577871561050e-01
5.6940183055779614029745516745606437325478e-01
1.0000000000000000000000000000000000000000e+00
0.0000000000000000000000000000000000000000e+00
7.5220090929694793935311736277071759104729e-01
4.7137958447521155491699573758523911237717e-01
2.1425367324807950697440617204847512766719e-01
3.1105844873521981686081971929525025188923e-01
1.0000000000000000000000000000000000000000e+00
2.1425367324807950697440617204847512766719e-01
3.9329917927624186146928764173935633152723e-01
3.7151008991734896236280860648548696190119e-01
3.6799216031068238130785630346508696675301e-01
4.3291299494453316931696917890803888440132e-01
7.7251549930309715286114169430220499634743e-01
3.2919252793871162099392790878482628613710e-01
1.0234856985455013933528078950985218398273e-01
5.2113623711769185842257456897641532123089e-01
1.0000000000000000000000000000000000000000e+00
6.3861160496792945817645659190020523965359e-01
5.7860423209349376438836998204351402819157e-01
1.0000000000000000000000000000000000000000e+00
1.0000000000000000000000000000000000000000e+00
6.3861160496792945817645659190020523965359e-01
4.4413585570418417924898335513717029243708e-01
8.1706301024849825598295183226582594215870e-01
5.7154733719060302199466150341322645545006e-01
3.3610821945739283167498001603235024958849e-01
3.6530766961804783665712648144108243286610e-01
0.0000000000000000000000000000000000000000e+00
2.1425367324807950697440617204847512766719e-01
3.3610821945739283167498001603235024958849e-01
6.3861160496792945817645659190020523965359e-01
0.0000000000000000000000000000000000000000e+00
4.2279104539452783129149793239776045084000e-01
5.7645048666361731193319428712129592895508e-01
3.8231888508463174325413547194330021739006e-01
5.7200910318745235016990591248031705617905e-01
2.6628488012912565618961480140569619834423e-01
5.2738267135999072898755457572406157851219e-01
2.3755184458688649584701124695129692554474e-01
4.4413585570418417924898335513717029243708e-01
6.1776753504606973788071400122134946286678e-01
7.1661930855725614053497452005103696137667e-02
8.0308658911046448825032939566881395876408e-01
8.4964983607433541834552670479752123355865e-01
5.6653230240363150471694098087027668952942e-01
6.6863589377428500615252460193005390465260e-01
3.8497767480832689734882023913087323307991e-01
3.8098581901691386253361315539223141968250e-01
8.0951383193475279220763241028180345892906e-01
1.0000000000000000000000000000000000000000e+00
6.1415966178408931686050209464156068861485e-01
7.1661930855723685040992165795614710077643e-02
4.6156520320226072581770715430593554629013e-03
8.4379356286610640580647668684832751750946e-01
5.4212511854477263284479704452678561210632e-01
5.0614058330397759810637126065557822585106e-01
6.6086827002327241942225555249024182558060e-01
1.0000000000000000000000000000000000000000e+00
2.8215274511191584805303023131273221224546e-01
2.3257733645967471058924047611071728169918e-01
4.9872564079234005252061479041003622114658e-01
6.2838349290537742763973483306472189724445e-01
7.5665128521030866615149079734692350029945e-01
8.2804085209007682877313527569640427827835e-01
2.3115063778739361466385560106573393568397e-01
1.3224992882501915292259297984855948016047e-01
7.5760000669240445958507734758313745260239e-01
9.0024243871515385873038894715136848390102e-01
6.0504227140625543857055390617460943758488e-01
5.4291963965831668836869994265725836157799e-01
7.1138404197475380019710655687958933413029e-01
1.0000000000000000000000000000000000000000e+00
8.3516151187985698811644397210329771041870e-01
1.0000000000000000000000000000000000000000e+00
1.8947384123515451093133776794275036081672e-01
2.9851471346177399501797822267690207809210e-01
8.1029769621784786259865995816653594374657e-01
1.3224992882501915292259297984855948016047e-01
6.6918839253569561975609758519567549228668e-01
1.0000000000000000000000000000000000000000e+00
6.6468716260279681051770239719189703464508e-01
1.0000000000000000000000000000000000000000e+00
1.2420428459637755658206970110768452286720e-01
3.2745485233744919817411300755338743329048e-01
4.7241712401460111969697663880651816725731e-01
6.3861160496792945817645659190020523965359e-01
4.2480761848541354064323627426347229629755e-01
8.7462892674612768839637055862112902104855e-02
4.2480761848541359615438750552129931747913e-01
8.4379356286610629478417422433267347514629e-01
3.7392020400767345122972074022982269525528e-01
0.0000000000000000000000000000000000000000e+00
4.7855556481416416936269797588465735316277e-01
9.9026845054926848632703695329837501049042e-01
6.3861160496792945817645659190020523965359e-01
5.0062355255898227657240795451798476278782e-01
8.3886084386512071997543671386665664613247e-01
6.0269960333414507314131469684070907533169e-01
5.1191701696352875927686909562908113002777e-01
6.8617267986682706215617599809775128960609e-01
9.5187700358333537931088130790158174932003e-01
4.5591731933870532911257100749935489147902e-01
5.9053459355241166850447598335449583828449e-01
7.2725724145139336584975353616755455732346e-01
2.9029430329717587078164342528907582163811e-01
8.9008921504649995970481768381432630121708e-01
1.1438861711471155768737872904239338822663e-01
3.6782768198921889091224102230626158416271e-01
7.4084327677795835942475832780473865568638e-01
3.4410476587898630729256410631933249533176e-01
5.7637936926007848903452668309910222887993e-01
3.2633476029976155041723018257471267133951e-01
5.9687230255635737030672771652461960911751e-01
3.4953541117591702125366737163858488202095e-01
5.9687230255635737030672771652461960911751e-01
6.0578522188689543082062982648494653403759e-01
2.3494744671098072297255043849872890859842e-01
4.5698633838078378532898682351515162736177e-01
4.6865403399817079366229677361843641847372e-01
2.9530322720128981961451586357725318521261e-01
7.0824518879895170808680404661572538316250e-01
3.1885783036969855830378151040349621325731e-01
1.0385744039819312656280914097806089557707e-01
3.2416046385144425823199298974941484630108e-01
1.0000000000000000000000000000000000000000e+00
5.8177494103249327572768834215821698307991e-01
1.0000000000000000000000000000000000000000e+00
6.7789305307094926966726688988273963332176e-01
3.1105844873521643068059461256780195981264e-01
9.4219224509310151027818847069283947348595e-01
6.9476912950077862607400902561494149267673e-01
2.0910613011665643568015582332009216770530e-01
2.9692283775604721984819889257778413593769e-01
4.8866621370765728205043387788464315235615e-01
4.8866621370765728205043387788464315235615e-01
5.0454224627406851766409090487286448478699e-01
7.6640821048151819283589247788768261671066e-01
5.1191701696352875927686909562908113002777e-01
3.3847153886845077197520481604442466050386e-01
2.0910613011665643568015582332009216770530e-01
8.4564307919515768752205531200161203742027e-01
4.6409409064494588914584483063663356006145e-01
2.8874297465497422710001274026581086218357e-01
1.0000000000000000000000000000000000000000e+00
1.0000000000000000000000000000000000000000e+00
8.8738130098272072210363603517180308699608e-01
3.2301087286028784539837488409830257296562e-01
1.0000000000000000000000000000000000000000e+00
6.9750946804986702076689653040375560522079e-01
2.4433899689969984514448242407524958252907e-01
4.1052397060803624828650981726241298019886e-01
8.2833915487249076825548854685621336102486e-01
8.6168207456484346984382227674359455704689e-01
3.7405552996325308612313165212981402873993e-01
6.7457942217863009481959579716203734278679e-01
6.5748651718937956012211998313432559370995e-01
8.1643228918403898397571083478396758437157e-01
0.0000000000000000000000000000000000000000e+00
1.0000000000000000000000000000000000000000e+00
7.5106900377322893813669679730082862079144e-01
4.4682580057161552788969061111856717616320e-01
9.2638050702775243117059744690777733922005e-01
3.3848474402171779829018305463250726461411e-01
2.1425367324807950697440617204847512766719e-01
5.2346757813219069177534947812091559171677e-01
7.7377153195374892558078272486454807221889e-01
5.6062403522157622237642726759077049791813e-01
4.0199997437418882872961489738372620195150e-01
5.7370322924365146910474777541821822524071e-01
9.2638050702775243117059744690777733922005e-01
7.1686145936043543791527099529048427939415e-01
1.8050845848201083065909244851354742422700e-01
8.9625608273231738287734060577349737286568e-01
5.7370322924365646510835858862265013158321e-01
4.4912118486977481435218351180083118379116e-01
6.4901154642130509664355031418381258845329e-01
1.6296886217444095379391910682898014783859e-01
7.0650384463126392198262237798189744353294e-01
7.7683543094098406189829120194190181791782e-01
8.1170166327645432158277571943472139537334e-01
1.0000000000000000000000000000000000000000e+00
5.7554559328278964702718667467706836760044e-01
8.5759859692407636178046459463075734674931e-01
7.5782155239921089595611647382611408829689e-01
9.9775155851845720444970311291399411857128e-01
3.7234553654980084846926047248416580259800e-01
2.3755184458688649584701124695129692554474e-01
3.9329917927624186146928764173935633152723e-01
1.0000000000000000000000000000000000000000e+00
3.6392661254491631694918396533466875553131e-01
9.9120067007577616902125328124384395778179e-01
1.0000000000000000000000000000000000000000e+00
3.9024338099816857639012823710800148546696e-01
5.6637690697210407719808245019521564245224e-01
3.9067678330421262700156148639507591724396e-01
7.7377153195374892558078272486454807221889e-01
0.0000000000000000000000000000000000000000e+00
1.1880308503674465170352192444624961353838e-01
0.0000000000000000000000000000000000000000e+00
0.0000000000000000000000000000000000000000e+00
1.8004365775917355319002410851680906489491e-01
0.0000000000000000000000000000000000000000e+00
2.1425367324807950697440617204847512766719e-01
1.0234856985455013933528078950985218398273e-01
4.4413585570418417924898335513717029243708e-01
0.0000000000000000000000000000000000000000e+00
7.1661930855725614053497452005103696137667e-02
4.6156520320226072581770715430593554629013e-03
2.3115063778739361466385560106573393568397e-01
1.3224992882501915292259297984855948016047e-01
0.0000000000000000000000000000000000000000e+00
1.1438861711471155768737872904239338822663e-01
1.0385744039819312656280914097806089557707e-01
2.0910613011665643568015582332009216770530e-01
0.0000000000000000000000000000000000000000e+00
1.6296886217444095379391910682898014783859e-01
0.0000000000000000000000000000000000000000e+00
0.0000000000000000000000000000000000000000e+00
1.1880308503674465170352192444624961353838e-01
0.0000000000000000000000000000000000000000e+00
0.0000000000000000000000000000000000000000e+00
1.8004365775917355319002410851680906489491e-01
0.0000000000000000000000000000000000000000e+00
2.1425367324807950697440617204847512766719e-01
1.0234856985455013933528078950985218398273e-01
4.4413585570418417924898335513717029243708e-01
0.0000000000000000000000000000000000000000e+00
7.1661930855725614053497452005103696137667e-02
4.6156520320226072581770715430593554629013e-03
2.3115063778739361466385560106573393568397e-01
1.3224992882501915292259297984855948016047e-01
0.0000000000000000000000000000000000000000e+00
1.1438861711471155768737872904239338822663e-01
1.0385744039819312656280914097806089557707e-01
2.0910613011665643568015582332009216770530e-01
0.0000000000000000000000000000000000000000e+00
1.6296886217444095379391910682898014783859e-01
0.0000000000000000000000000000000000000000e+00
0.0000000000000000000000000000000000000000e+00
0.0000000000000000000000000000000000000000e+00
1.1880308503674465170352192444624961353838e-01
0.0000000000000000000000000000000000000000e+00
0.0000000000000000000000000000000000000000e+00
1.8004365775917355319002410851680906489491e-01
0.0000000000000000000000000000000000000000e+00
2.1425367324807950697440617204847512766719e-01
1.0234856985455013933528078950985218398273e-01
4.4413585570418417924898335513717029243708e-01
0.0000000000000000000000000000000000000000e+00
7.1661930855725614053497452005103696137667e-02
4.6156520320226072581770715430593554629013e-03
2.3115063778739361466385560106573393568397e-01
1.3224992882501915292259297984855948016047e-01
0.0000000000000000000000000000000000000000e+00
1.1438861711471155768737872904239338822663e-01
1.0385744039819312656280914097806089557707e-01
2.0910613011665643568015582332009216770530e-01
0.0000000000000000000000000000000000000000e+00
1.6296886217444095379391910682898014783859e-01
0.0000000000000000000000000000000000000000e+00
0.0000000000000000000000000000000000000000e+00
0.0000000000000000000000000000000000000000e+00
0.0000000000000000000000000000000000000000e+00
8.6986425516014435288525419309735298156738e+01
1.2526837405242174927622045288444496691227e-01
