1
0
23
9.4286414414401009675970044554560445249081e-01
3.4322878728813360771354723510739859193563e-01
1.3736570537007092296377663842577021569014e-01
5.8412851511726393560763881396269425749779e-01
0.0000000000000000000000000000000000000000e+00
6.3577253830719882010669152805348858237267e-01
3.1377268349662040813896624058543238788843e-01
0.0000000000000000000000000000000000000000e+00
8.6859956209157906936724202751065604388714e-01
6.6859393706318059891202665312448516488075e-01
3.2336210551776445321081610018154606223106e-01
2.9059350707507070055157782917376607656479e-01
3.6373127818623107732065591335413046181202e-01
7.2691198754228936174115460744360461831093e-01
6.6616097967554799286205025055096484720707e-01
1.0000000000000000000000000000000000000000e+00
0.0000000000000000000000000000000000000000e+00
8.2925900680386255281462126731639727950096e-01
3.3158211992184827288099313591374084353447e-01
3.3158211992184827288099313591374084353447e-01
3.6898881787577197943761575515964068472385e-01
1.0000000000000000000000000000000000000000e+00
2.8885541302479827985294491554668638855219e-01
4.2809309264996092680988226675253827124834e-01
3.0578747470754769066658695919613819569349e-01
4.5384440331074576979730750281305518001318e-01
4.5384440331074582530845873407088220119476e-01
8.3857089768658354955732647795230150222778e-01
3.6898881787577209045991821767529472708702e-01
1.2327956900908768056446263017278397455812e-01
6.1812304154500163910768151254160329699516e-01
1.0000000000000000000000000000000000000000e+00
6.7359876038668675679588204729952849447727e-01
6.0928416825639208909137778391595929861069e-01
1.0000000000000000000000000000000000000000e+00
1.0000000000000000000000000000000000000000e+00
6.7359876038668453634983279698644764721394e-01
4.3487930118228473874708583934989292174578e-01
8.9482933681882526055773041662178002297878e-01
5.7638372637782242513537767081288620829582e-01
4.8728420594807458909869524177338462322950e-01
4.7498161235315738970541588059859350323677e-01
6.7359876038668842213041898503433912992477e-01
2.8885541302479827985294491554668638855219e-01
4.4455749905102454055949579014850314706564e-01
6.7359876038668364817141309686121530830860e-01
0.0000000000000000000000000000000000000000e+00
5.5539820672469730755693717583199031651020e-01
5.7228862637926036782687333470676094293594e-01
5.5539820672469863982456672601983882486820e-01
6.8450719512552482548528587358305230736732e-01
4.3010079507814119592623569587885867804289e-01
6.2355791319914322112794025088078342378139e-01
3.7229593349717621242334075759572442620993e-01
5.5328299808829295436396478180540725588799e-01
1.0000000000000000000000000000000000000000e+00
1.6014389677897686303786883854627376422286e-01
6.9607930704513165665048290975391864776611e-01
6.8821223488020522029984249456902034580708e-01
5.7265237426005621834690373361809179186821e-01
5.7279630573966955342513074356247670948505e-01
4.7719695960584418426009278846322558820248e-01
3.9531519112992807851725274304044432938099e-01
7.7245044013145769401518236918491311371326e-01
1.0000000000000000000000000000000000000000e+00
5.8914831618978114047280314480303786695004e-01
1.6014389677897505892545382266689557582140e-01
0.0000000000000000000000000000000000000000e+00
6.9607930704513276687350753491045907139778e-01
4.9885773353716245104294557677349075675011e-01
5.2660740540436390411116462928475812077522e-01
6.8431668477177520770737828570418059825897e-01
1.0000000000000000000000000000000000000000e+00
2.8885541302479827985294491554668638855219e-01
3.1920766658073834731723650293133687227964e-01
5.3260185374692670112750647604116238653660e-01
7.0307344193366105855602654628455638885498e-01
7.1609812925233129465851789063890464603901e-01
7.9636035180949682477091755572473630309105e-01
2.8885541302479827985294491554668638855219e-01
2.3078079450480762369046772164438152685761e-01
1.0000000000000000000000000000000000000000e+00
9.0194227463115117515712881868239492177963e-01
7.0580270367236774831098955473862588405609e-01
6.6442791571090342728211908251978456974030e-01
7.3451434361636713799015296899597160518169e-01
1.0000000000000000000000000000000000000000e+00
9.1375874237095078278514392877696081995964e-01
1.0000000000000000000000000000000000000000e+00
2.4965643688485469886551015861186897382140e-01
3.2263069925917453595332062832312658429146e-01
6.9605712213515569253274861694080755114555e-01
2.3078079450480762369046772164438152685761e-01
7.2067381033219068964257303377962671220303e-01
1.0000000000000000000000000000000000000000e+00
6.7359876038668975439804853522218763828278e-01
8.4094258554006517947243537491885945200920e-01
1.4318474204483688794198315008543431758881e-01
3.9531519112992796749495028052479028701782e-01
4.6150583941591716286012569980812259018421e-01
7.0697966199930839525933379263733513653278e-01
3.9531519112992785647264781800913624465466e-01
1.6014389677897686303786883854627376422286e-01
3.9531519112992741238343796794652007520199e-01
8.7224523409980125876472811796702444553375e-01
4.2174993608803257316708368307445198297501e-01
0.0000000000000000000000000000000000000000e+00
5.7221447951492532268957802443765103816986e-01
9.1701261181037829750550827156985178589821e-01
6.7359876038669341813402979823877103626728e-01
4.7498161235315616846008879292639903724194e-01
8.1656057564904194201460541080450639128685e-01
6.6323529589272323114812479616375640034676e-01
6.4607921726316352994956559996353462338448e-01
7.1780374845571803810173605597810819745064e-01
6.1914839921724196258878691878635436296463e-01
5.3369441355011915106842934619635343551636e-01
5.8706592473881125116008661279920488595963e-01
7.7961387262376879991876421627239324152470e-01
3.6632245754436382201291166893497575074434e-01
8.6594145986140702575539762619882822036743e-01
2.2622737097317199839174861608626088127494e-01
3.8596501552429313131042931672709528356791e-01
7.1000063651322742330762594065163284540176e-01
3.7095341996482500412923855037661269307137e-01
6.0762959406702021780688482976984232664108e-01
5.1198193766583877106768341036513447761536e-01
5.5306114150402707618781050769030116498470e-01
4.0924215941658159678695483307819813489914e-01
6.7468178116516552833559217106085270643234e-01
6.7359876038669030950956084780045785009861e-01
3.8161717622493984691800505970604717731476e-01
4.6113949314466906592713257850846275687218e-01
4.8523137749187766898373297408397775143385e-01
4.0924215941658503847833117106347344815731e-01
7.3173113241207898838069922931026667356491e-01
5.6472585067257408120156014774693176150322e-01
1.6996382848828092693160840553900925442576e-01
4.7191278880354858848988897079834714531898e-01
9.9503026154550955340027940110303461551666e-01
5.1494672772127203508318871172377839684486e-01
9.3550281608829077839573074015788733959198e-01
6.1939627625033621960426444275071844458580e-01
3.5007232419976747062051458669884596019983e-01
7.7201260813940530969290421126061119139194e-01
7.6044505568898079772566234169062227010727e-01
2.5391612677147856746984189157956279814243e-01
3.8198045750866677083834588302124757319689e-01
6.0280542133648884473018370044883340597153e-01
5.7332224176789281511190665696631185710430e-01
5.4340705817504320052080402092542499303818e-01
7.7448372540411758446765588814741931855679e-01
6.4607921726316319688265821241657249629498e-01
4.0924215941658331763264300207083579152822e-01
2.5391612677147856746984189157956279814243e-01
6.7997752637622232985137316063628531992435e-01
6.2693253500823997725888148124795407056808e-01
3.8876943953908849049838636346976272761822e-01
1.0000000000000000000000000000000000000000e+00
1.0000000000000000000000000000000000000000e+00
1.0000000000000000000000000000000000000000e+00
4.5618763950205754031941296489094384014606e-01
1.0000000000000000000000000000000000000000e+00
7.7961387262376791174034451614716090261936e-01
2.2777466224465181543479275205754674971104e-01
4.2814666136193268997089944605249911546707e-01
7.6632763975157491831424749761936254799366e-01
1.0000000000000000000000000000000000000000e+00
1.6014389677899132369276458121021278202534e-01
7.7961387262376968809718391639762558043003e-01
5.6836873122651954126638429443119093775749e-01
9.5616789048064010358984887716360390186310e-01
0.0000000000000000000000000000000000000000e+00
1.0000000000000000000000000000000000000000e+00
8.0042604467132216772284891703748144209385e-01
5.3771655639335824705682398416684009134769e-01
8.8703359436989348552060619113035500049591e-01
6.3699896954808910010115141631104052066803e-01
2.8885541302479827985294491554668638855219e-01
5.5140968018323355259724394272780045866966e-01
9.9999999999999833466546306226518936455250e-01
6.7662152961384391947063932093442417681217e-01
5.5539820672469775164614702589460648596287e-01
7.1571937693462395202459447318688035011292e-01
9.4502762992165667554900210234336555004120e-01
7.0580270367236663808796492958208546042442e-01
2.8885541302479827985294491554668638855219e-01
7.7602933087708847459396110934903845191002e-01
7.2605263700261835069227345229592174291611e-01
4.2946974125585496429025056386308278888464e-01
6.2693253500823931112506670615402981638908e-01
2.8885541302479827985294491554668638855219e-01
6.7997752637622410620821256088674999773502e-01
6.7997752637622410620821256088674999773502e-01
8.4012142315519899860021268978016451001167e-01
9.3777886330843462925344056202447973191738e-01
6.6216885839278538661289985611801967024803e-01
8.2925900680386255281462126731639727950096e-01
7.7736167307577508367444352188613265752792e-01
9.7382231767660654142559906176757067441940e-01
4.0178367207935633542703612874902319163084e-01
3.4168276767635702428904664884612429887056e-01
4.1020994019205758718271681573241949081421e-01
1.0000000000000000000000000000000000000000e+00
3.6632245754436831841616140081896446645260e-01
9.1784822283911637885722711871494539082050e-01
1.0000000000000000000000000000000000000000e+00
4.5513315671668058692844738288840744644403e-01
6.6541491998201030000359423866029828786850e-01
7.6478770513590044188845240569207817316055e-01
8.3073831040559120708621776429936289787292e-01
1.1619311142983423934538222965784370899200e-02
1.3736570537007092296377663842577021569014e-01
0.0000000000000000000000000000000000000000e+00
0.0000000000000000000000000000000000000000e+00
2.9059350707507070055157782917376607656479e-01
0.0000000000000000000000000000000000000000e+00
2.8885541302479827985294491554668638855219e-01
1.2327956900908768056446263017278397455812e-01
4.3487930118228473874708583934989292174578e-01
0.0000000000000000000000000000000000000000e+00
1.6014389677897686303786883854627376422286e-01
0.0000000000000000000000000000000000000000e+00
2.8885541302479827985294491554668638855219e-01
2.3078079450480762369046772164438152685761e-01
0.0000000000000000000000000000000000000000e+00
2.2622737097317199839174861608626088127494e-01
1.6996382848828092693160840553900925442576e-01
2.5391612677147856746984189157956279814243e-01
0.0000000000000000000000000000000000000000e+00
2.8885541302479827985294491554668638855219e-01
1.1619311142983423934538222965784370899200e-02
0.0000000000000000000000000000000000000000e+00
1.3736570537007092296377663842577021569014e-01
0.0000000000000000000000000000000000000000e+00
0.0000000000000000000000000000000000000000e+00
2.9059350707507070055157782917376607656479e-01
0.0000000000000000000000000000000000000000e+00
2.8885541302479827985294491554668638855219e-01
1.2327956900908768056446263017278397455812e-01
4.3487930118228473874708583934989292174578e-01
0.0000000000000000000000000000000000000000e+00
1.6014389677897686303786883854627376422286e-01
0.0000000000000000000000000000000000000000e+00
2.8885541302479827985294491554668638855219e-01
2.3078079450480762369046772164438152685761e-01
0.0000000000000000000000000000000000000000e+00
2.2622737097317199839174861608626088127494e-01
1.6996382848828092693160840553900925442576e-01
2.5391612677147856746984189157956279814243e-01
0.0000000000000000000000000000000000000000e+00
2.8885541302479827985294491554668638855219e-01
1.1619311142983423934538222965784370899200e-02
0.0000000000000000000000000000000000000000e+00
0.0000000000000000000000000000000000000000e+00
1.3736570537007092296377663842577021569014e-01
0.0000000000000000000000000000000000000000e+00
0.0000000000000000000000000000000000000000e+00
2.9059350707507070055157782917376607656479e-01
0.0000000000000000000000000000000000000000e+00
2.8885541302479827985294491554668638855219e-01
1.2327956900908768056446263017278397455812e-01
4.3487930118228473874708583934989292174578e-01
0.0000000000000000000000000000000000000000e+00
1.6014389677897686303786883854627376422286e-01
0.0000000000000000000000000000000000000000e+00
2.8885541302479827985294491554668638855219e-01
2.3078079450480762369046772164438152685761e-01
0.0000000000000000000000000000000000000000e+00
2.2622737097317199839174861608626088127494e-01
1.6996382848828092693160840553900925442576e-01
2.5391612677147856746984189157956279814243e-01
0.0000000000000000000000000000000000000000e+00
2.8885541302479827985294491554668638855219e-01
1.1619311142983423934538222965784370899200e-02
0.0000000000000000000000000000000000000000e+00
0.0000000000000000000000000000000000000000e+00
0.0000000000000000000000000000000000000000e+00
9.0195586340745194320334121584892272949219e+01
1.8437499026310641414561075634992448613048e-01
