1
0
23
1.0000000000000000000000000000000000000000e+00
3.5372740925436396697278951251064427196980e-01
1.7040403836293599448836744159052614122629e-01
5.5406359586113740345325595626491121947765e-01
0.0000000000000000000000000000000000000000e+00
6.6796030481460044736508052665158174932003e-01
3.5056047489060404576122209618915803730488e-01
0.0000000000000000000000000000000000000000e+00
8.8593062975269043501924670636071823537350e-01
7.0826120465074848819853059467277489602566e-01
3.2413935333533783200721245520981028676033e-01
2.4406376233171495071516687858093064278364e-01
3.8831642644434727351665515016065910458565e-01
1.0000000000000000000000000000000000000000e+00
6.3218608902618722567012810031883418560028e-01
1.0000000000000000000000000000000000000000e+00
0.0000000000000000000000000000000000000000e+00
7.9053953329880943812213445198722183704376e-01
4.1974625100083723383548317542590666562319e-01
2.6465331034101402529756796866422519087791e-01
3.2636615455830519927360455767484381794930e-01
1.0000000000000000000000000000000000000000e+00
2.5176397083181956126907152793137356638908e-01
4.5958158752725636331248892929579596966505e-01
3.3651197369763030664557845739182084798813e-01
4.6060174624202587789767449066857807338238e-01
4.8834916052258520169360167528793681412935e-01
8.9086405593982664896657297504134476184845e-01
3.4221881747109311744381443531892728060484e-01
1.3974524855920814059295764764101477339864e-01
5.4999856381854583808888037310680374503136e-01
1.0000000000000000000000000000000000000000e+00
6.7113211169204800565779578391811810433865e-01
6.7586318513780774264176898213918320834637e-01
1.0000000000000000000000000000000000000000e+00
1.0000000000000000000000000000000000000000e+00
6.7113211169204767259088839637115597724915e-01
4.8640602712023406350994036984047852456570e-01
9.3579735702136390695926593252806924283504e-01
6.0616380904854028077721750378259457647800e-01
4.2663631630529402771756508627731818705797e-01
4.9614690809028982876327518170000985264778e-01
7.6096362741805145812890032175346277654171e-02
2.5176397083181956126907152793137356638908e-01
4.1374697679609956368906864554446656256914e-01
6.7113211169204367578799974580761045217514e-01
0.0000000000000000000000000000000000000000e+00
4.6216547051722783878702216497913468629122e-01
5.5090167670539458288914147487957961857319e-01
4.6216547051723100292264234667527489364147e-01
6.6752704356122438689169484860030934214592e-01
2.9235637959020732701276301668258383870125e-01
6.2851988165025507449001906934427097439766e-01
2.9905546655750148143937394706881605088711e-01
4.8640602712023406350994036984047852456570e-01
1.0000000000000000000000000000000000000000e+00
8.8832495874597766638558482554799411445856e-02
7.8548157693828724035256527713499963283539e-01
8.1708430183765079490854077448602765798569e-01
6.2049631398321236641635323394439183175564e-01
6.2329251346583480763996476525790058076382e-01
3.8474048479209488338170785937109030783176e-01
3.8009662533550120366854230269382242113352e-01
8.4960237688536910383163558435626327991486e-01
1.0000000000000000000000000000000000000000e+00
6.7113211169204445294411698341718874871731e-01
8.8832495874597766638558482554799411445856e-02
0.0000000000000000000000000000000000000000e+00
7.2961872581578612884101175950490869581699e-01
5.4898187309396595523480755218770354986191e-01
5.4898187309396595523480755218770354986191e-01
6.8534364766919031453085153771098703145981e-01
9.2896696571577086487536689674016088247299e-01
2.7889961616426861557016536607989110052586e-01
2.7500653994686741210529135059914551675320e-01
5.4507065073632554597082844338729046285152e-01
6.8042031332958741174365968618076294660568e-01
7.9878765466071288692262442054925486445427e-01
8.3540853866839170915881140899728052318096e-01
2.4184860267586502646786073000839678570628e-01
2.1302582117911977865887251937238033860922e-01
9.0884406799771444429580924406764097511768e-01
9.7614619886912834534342664483119733631611e-01
6.5003764683110598632254095718963071703911e-01
6.5600223695715498273273169616004452109337e-01
7.4743853295339168774091831437544897198677e-01
1.0000000000000000000000000000000000000000e+00
9.0342841817384966773829546582419425249100e-01
1.0000000000000000000000000000000000000000e+00
2.3286102399785915673113834145624423399568e-01
3.2610769798829569721121401926211547106504e-01
8.6045488692172167333183097071014344692230e-01
2.1302582117911977865887251937238033860922e-01
7.0650295588318756667689513051300309598446e-01
9.8250079083780539335180037596728652715683e-01
7.5645227166961359621666360908420756459236e-01
9.3539821359651920129607560738804750144482e-01
2.2717716801566745221663268239353783428669e-01
3.8009662533550447882646494690561667084694e-01
4.8834916052257870688890761812217533588409e-01
6.7113211169204822770240070894942618906498e-01
4.3808251820055738035009085251658689230680e-01
9.2284698777526166790785566718113841488957e-02
4.3808251820056059999686226547055412083864e-01
8.3540853866839248631492864660685881972313e-01
3.3318267654145461431625108161824755370617e-01
0.0000000000000000000000000000000000000000e+00
5.1811370630306918805274563055718317627907e-01
9.8250079083780039734818956276285462081432e-01
6.7113211169204800565779578391811810433865e-01
4.8801658158702754253255307048675604164600e-01
1.0000000000000000000000000000000000000000e+00
5.8980803364260914189998175061191432178020e-01
6.1389081862645089593399916338967159390450e-01
7.3316161703800897253557877775165252387524e-01
1.0000000000000000000000000000000000000000e+00
4.9928622892572249725162691902369260787964e-01
5.7643431148632207072779465306666679680347e-01
7.6998400349208617754470651561859995126724e-01
3.3845433622148207719604329213325399905443e-01
8.0712312022450749537938463618047535419464e-01
2.2736849207323209243192252415610710158944e-01
3.6797179717717376501440185165847651660442e-01
7.7630600897131218918190143085666932165623e-01
3.6758058274033805767899707461765501648188e-01
5.9304729112226761689186105286353267729282e-01
3.9683022260085498711390528114861808717251e-01
5.4087730262751876342264267805148847401142e-01
3.9057372221038261228542864955670665949583e-01
6.5313708281685711742881039754138328135014e-01
5.4417068900452170154835584980901330709457e-01
2.9905546655750148143937394706881605088711e-01
4.5240211974200822409031275128654669970274e-01
4.7573803960306770832744405197445303201675e-01
3.5201751640208056581826667752466164529324e-01
7.2787700168033253600441412345389835536480e-01
4.5877883746147918309077340381918475031853e-01
1.0828782398855063551224020557128824293613e-01
4.1088261393950614719372538274910766631365e-01
1.0000000000000000000000000000000000000000e+00
6.3192588062427834660894632179406471550465e-01
1.0000000000000000000000000000000000000000e+00
7.0356183225231394562371178835746832191944e-01
3.2325789938389815070252097939373925328255e-01
8.0325616689601864184311352801159955561161e-01
7.5068549522404159901611819805111736059189e-01
2.7986061150559249366409630965790711343288e-01
3.3300600230221605313474242393567692488432e-01
5.6588700429320226703566731885075569152832e-01
5.6271519741575415363143974900594912469387e-01
5.6271519741575415363143974900594912469387e-01
8.3886074157132017869997753223287872970104e-01
6.1389081862644856446564745056093670427799e-01
3.8364855930748792411932868162693921476603e-01
2.7986061150559249366409630965790711343288e-01
8.6616290399597151150601348490454256534576e-01
6.2563071857450858193061549172853119671345e-01
3.2814981691275568742582890990888699889183e-01
1.0000000000000000000000000000000000000000e+00
1.0000000000000000000000000000000000000000e+00
1.0000000000000000000000000000000000000000e+00
4.8834916052258520169360167528793681412935e-01
1.0000000000000000000000000000000000000000e+00
7.1184440229990886273014893959043547511101e-01
4.1824481500363575037226837594062089920044e-01
5.3629287227204014421033662074478343129158e-01
8.6293532810609552274883071731892414391041e-01
1.0000000000000000000000000000000000000000e+00
3.3296973163365961578818996713380329310894e-01
7.1184440229990897375245140210608951747417e-01
6.6747322291216815148828800374758429825306e-01
1.0000000000000000000000000000000000000000e+00
0.0000000000000000000000000000000000000000e+00
1.0000000000000000000000000000000000000000e+00
8.6376323779446606554444088033051230013371e-01
5.3883555125456772394443305529421195387840e-01
9.7087070947916132013233436737209558486938e-01
4.8468911860735996999238750504446215927601e-01
2.5176397083181956126907152793137356638908e-01
5.9730554056399209894578916646423749625683e-01
9.5022312477771853078678532256162725389004e-01
6.7158639771784078842387089025578461587429e-01
4.6216547051723100292264234667527489364147e-01
6.2049631398321236641635323394439183175564e-01
9.8708926222638360137295876484131440520287e-01
7.7540223159419141563120092541794292628765e-01
3.0248457135114048544011211561155505478382e-01
7.3279045683200816352353967886301688849926e-01
6.6301993577566875615048047620803117752075e-01
4.8371329245327587820213466329732909798622e-01
7.3797000356132014253773832024307921528816e-01
2.3615243663244722682748033548705279827118e-01
7.2998981016056363468891277079819701611996e-01
7.6468172412286261607761161940288729965687e-01
8.6084485513636210818333438510308042168617e-01
9.5071219469842227489664310269290581345558e-01
6.1984680621762833219179356092354282736778e-01
8.4969693581311545038659005513181909918785e-01
7.8786853828148983858170595340197905898094e-01
1.0000000000000000000000000000000000000000e+00
3.4734800645883839864680453501932788640261e-01
2.7441678531181312727937893214402720332146e-01
3.8272737099750070433046289508638437837362e-01
1.0000000000000000000000000000000000000000e+00
3.6969342493297191465373430219187866896391e-01
9.5071219469842183080743325263028964400291e-01
1.0000000000000000000000000000000000000000e+00
4.1683117355828280814478148386115208268166e-01
6.1465450881664496218803606097935698926449e-01
4.7842370518443222415783111500786617398262e-01
8.2647386813334344779491402732674032449722e-01
0.0000000000000000000000000000000000000000e+00
1.7040403836293599448836744159052614122629e-01
0.0000000000000000000000000000000000000000e+00
0.0000000000000000000000000000000000000000e+00
2.4406376233171495071516687858093064278364e-01
0.0000000000000000000000000000000000000000e+00
2.5176397083181956126907152793137356638908e-01
1.3974524855920814059295764764101477339864e-01
4.8640602712023406350994036984047852456570e-01
0.0000000000000000000000000000000000000000e+00
8.8832495874597766638558482554799411445856e-02
0.0000000000000000000000000000000000000000e+00
2.4184860267586502646786073000839678570628e-01
2.1302582117911977865887251937238033860922e-01
0.0000000000000000000000000000000000000000e+00
2.2736849207323209243192252415610710158944e-01
1.0828782398855063551224020557128824293613e-01
2.7986061150559249366409630965790711343288e-01
0.0000000000000000000000000000000000000000e+00
2.3615243663244722682748033548705279827118e-01
0.0000000000000000000000000000000000000000e+00
0.0000000000000000000000000000000000000000e+00
1.7040403836293599448836744159052614122629e-01
0.0000000000000000000000000000000000000000e+00
0.0000000000000000000000000000000000000000e+00
2.4406376233171495071516687858093064278364e-01
0.0000000000000000000000000000000000000000e+00
2.5176397083181956126907152793137356638908e-01
1.3974524855920814059295764764101477339864e-01
4.8640602712023406350994036984047852456570e-01
0.0000000000000000000000000000000000000000e+00
8.8832495874597766638558482554799411445856e-02
0.0000000000000000000000000000000000000000e+00
2.4184860267586502646786073000839678570628e-01
2.1302582117911977865887251937238033860922e-01
0.0000000000000000000000000000000000000000e+00
2.2736849207323209243192252415610710158944e-01
1.0828782398855063551224020557128824293613e-01
2.7986061150559249366409630965790711343288e-01
0.0000000000000000000000000000000000000000e+00
2.3615243663244722682748033548705279827118e-01
0.0000000000000000000000000000000000000000e+00
0.0000000000000000000000000000000000000000e+00
0.0000000000000000000000000000000000000000e+00
1.7040403836293599448836744159052614122629e-01
0.0000000000000000000000000000000000000000e+00
0.0000000000000000000000000000000000000000e+00
2.4406376233171495071516687858093064278364e-01
0.0000000000000000000000000000000000000000e+00
2.5176397083181956126907152793137356638908e-01
1.3974524855920814059295764764101477339864e-01
4.8640602712023406350994036984047852456570e-01
0.0000000000000000000000000000000000000000e+00
8.8832495874597766638558482554799411445856e-02
0.0000000000000000000000000000000000000000e+00
2.4184860267586502646786073000839678570628e-01
2.1302582117911977865887251937238033860922e-01
0.0000000000000000000000000000000000000000e+00
2.2736849207323209243192252415610710158944e-01
1.0828782398855063551224020557128824293613e-01
2.7986061150559249366409630965790711343288e-01
0.0000000000000000000000000000000000000000e+00
2.3615243663244722682748033548705279827118e-01
0.0000000000000000000000000000000000000000e+00
0.0000000000000000000000000000000000000000e+00
0.0000000000000000000000000000000000000000e+00
0.0000000000000000000000000000000000000000e+00
8.9382037511084320158261107280850410461426e+01
1.4628937984541279249128820083569735288620e-01
