1
0
23
1.0000000000000000000000000000000000000000e+00
3.5308716209752888381956381635973230004311e-01
1.3517516495109593854806462331907823681831e-01
5.4267678889809023434764867488411255180836e-01
0.0000000000000000000000000000000000000000e+00
6.3719383784365102307845063478453084826469e-01
3.2043083227583357697199062386061996221542e-01
0.0000000000000000000000000000000000000000e+00
8.8080002649196309505441604414954781532288e-01
6.7331700621078360846638588554924353957176e-01
3.3323151223645414154006516582740005105734e-01
2.6096835782066735154316461375856306403875e-01
3.6898117486694453903695034568954724818468e-01
8.6121952279597313584247331164078786969185e-01
5.8548274517322407284325436194194480776787e-01
1.0000000000000000000000000000000000000000e+00
0.0000000000000000000000000000000000000000e+00
7.6147882109352482693509500677464529871941e-01
4.1822975613534119077030482003465294837952e-01
2.1851347586310970738665560020308475941420e-01
3.2911113218510146261053250782424584031105e-01
1.0000000000000000000000000000000000000000e+00
2.1851347586310970738665560020308475941420e-01
4.4903565733424671835294361699197907000780e-01
3.9581615777913742304505717584106605499983e-01
4.0380484047901527011603661776462104171515e-01
5.0064973687386771228347015494364313781261e-01
8.8380176260864251602811236807610839605331e-01
3.6385144178850070684205775251029990613461e-01
1.2473408116014721158659739330687443725765e-01
5.5690180756379581428205938209430314600468e-01
1.0000000000000000000000000000000000000000e+00
6.5069335637219538615028113781590946018696e-01
6.6886779515005179153064318597898818552494e-01
1.0000000000000000000000000000000000000000e+00
1.0000000000000000000000000000000000000000e+00
6.5069335637219383183804666259675286710262e-01
4.6843844214003776960097980008868034929037e-01
8.6851346668073214907224155467702075839043e-01
5.7637164045206901175077973675797693431377e-01
3.9005208055187595705959324732248205691576e-01
4.6411345709449547403124824995757080614567e-01
8.3370067020576810179477433848660439252853e-02
2.1851347586310970738665560020308475941420e-01
3.9005208055187595705959324732248205691576e-01
6.5069335637219383183804666259675286710262e-01
0.0000000000000000000000000000000000000000e+00
4.1812166400928391096769587420567404478788e-01
5.7050430427990961312900708435336127877235e-01
4.0618256572995770081746513824327848851681e-01
6.7348406141408556635497006936930119991302e-01
2.9813720174253299788347248977515846490860e-01
5.5858140992511284839139307223376818001270e-01
2.8446599905363939564395536763186100870371e-01
4.8657284849887039168692126622772775590420e-01
1.0000000000000000000000000000000000000000e+00
7.5019396455213702146203047504968708381057e-02
7.7666575478371546736866548599209636449814e-01
8.1974315524052987491643307293998077511787e-01
5.7627573339576820821150704432511702179909e-01
6.6179935586937577163268997537670657038689e-01
3.6628775303804356200387815079011488705873e-01
3.9324220376476520799613467715971637517214e-01
8.7827124083210450500303068110952153801918e-01
1.0000000000000000000000000000000000000000e+00
5.9507623216453375825096827611560001969337e-01
7.5019396455209524932072895353485364466906e-02
0.0000000000000000000000000000000000000000e+00
7.5076526978131208345246250246418640017509e-01
5.5359041909896700150994774958235211670399e-01
5.5359041909896855582218222480150870978832e-01
6.9624707936283880549410696403356269001961e-01
1.0000000000000000000000000000000000000000e+00
3.1545829087448978844676616972719784826040e-01
2.8253192061913862120903218055900651961565e-01
5.5213906802410628316124530101660639047623e-01
7.1172889356030777374684248570702038705349e-01
8.1272305222313301342751401534769684076309e-01
8.2641312536554456524839906705892644822598e-01
2.7147014407344260966681304125813767313957e-01
2.0187633672607649404362462064455030485988e-01
7.7587912763480171296492926558130420744419e-01
8.9398810506473447290431977307889610528946e-01
6.6377373696156571902804444107459858059883e-01
4.7046514077166584621991773929039482027292e-01
7.2825075775728487226245988495065830647945e-01
1.0000000000000000000000000000000000000000e+00
8.3643397180730816309335295954952016472816e-01
1.0000000000000000000000000000000000000000e+00
2.0187633672607649404362462064455030485988e-01
2.9329599550196305823845932536642067134380e-01
8.7214326182812973442537440860178321599960e-01
2.0187633672607649404362462064455030485988e-01
7.1949972138305151592163610985153354704380e-01
1.0000000000000000000000000000000000000000e+00
6.8549149197142678069383237016154453158379e-01
9.1039768785472907630662575684254989027977e-01
1.8703065254587736276903342513833194971085e-01
3.9324220376476648475261299608973786234856e-01
4.7751064098383810829773210571147501468658e-01
6.5069335637219039014667032461147755384445e-01
4.6116738015471003819811812718398869037628e-01
9.3223330840099288829847523629723582416773e-02
4.6116738015471459011251909032580442726612e-01
8.2641312536554489831530645460588857531548e-01
4.1722417601892258787188438873272389173508e-01
0.0000000000000000000000000000000000000000e+00
5.2464250206640972162830394154298119246960e-01
9.9125378398710406457894350751303136348724e-01
6.5069335637219538615028113781590946018696e-01
4.9407547468080792452127525393734686076641e-01
9.4976985023558735399262786813778802752495e-01
5.8627673554598525029746269865427166223526e-01
6.0936927384050898481859803723637014627457e-01
7.4490762565492441016345992466085590422153e-01
1.0000000000000000000000000000000000000000e+00
4.7270836036103103250383128397515974938869e-01
5.7995415475316902664815188472857698798180e-01
7.8743693058599195655489211276290006935596e-01
3.5343206204382798807372978444618638604879e-01
8.4628948162324579840287697152234613895416e-01
2.3869619256178806199208963789715198799968e-01
3.7329174974800372055483421718236058950424e-01
7.5383699259634862066548066650284454226494e-01
3.6003935540787529445694303831260185688734e-01
6.1346676447425940725821646992699243128300e-01
3.9619712166103138173411934985779225826263e-01
5.6551209179406392024702654452994465827942e-01
3.7434940384590592588054391853802371770144e-01
6.2195104803556700012734381743939593434334e-01
5.8512317711047578949745684440131299197674e-01
2.8446599905363939564395536763186100870371e-01
4.4343280656087674662657605040294583886862e-01
5.1091475073654746275053639692487195134163e-01
3.4784551725174717162758497579488903284073e-01
7.2815099627949975147345185177982784807682e-01
4.4343280656087147306720908090937882661819e-01
1.0091453575841780043731432670028880238533e-01
3.8191812293824756174842605105368420481682e-01
1.0000000000000000000000000000000000000000e+00
5.9439737737060216460349693079479038715363e-01
1.0000000000000000000000000000000000000000e+00
6.8921275622514133196716556994942948222160e-01
3.0375269123056303222085716697620227932930e-01
8.5428221531113734954487881623208522796631e-01
7.6262709818861906807541117814253084361553e-01
3.0109570961791193299816882245067972689867e-01
3.5982171904772447534881507635873276740313e-01
5.7154960318743752711867500693188048899174e-01
5.5805008465888794599862876566476188600063e-01
5.5655340139110798247656930470839142799377e-01
8.1804947767893287924323431070661172270775e-01
6.0936927384050787459557341207982972264290e-01
3.7363406215037303637060972505423706024885e-01
3.0109570961791193299816882245067972689867e-01
8.4314422892670481957111405790783464908600e-01
5.9858185516535922232606026227585971355438e-01
3.6018631641002335497248054707597475498915e-01
1.0000000000000000000000000000000000000000e+00
1.0000000000000000000000000000000000000000e+00
1.0000000000000000000000000000000000000000e+00
5.0064973687386771228347015494364313781261e-01
1.0000000000000000000000000000000000000000e+00
7.5619775127185517860084473795723170042038e-01
4.4134670344493254212636657030088827013969e-01
4.9348465699574595166865265127853490412235e-01
8.8448132272898472017175208748085424304008e-01
1.0000000000000000000000000000000000000000e+00
3.9437350897548095751687924348516389727592e-01
7.6948694917533366766093649857793934643269e-01
7.1330644161010425818858493585139513015747e-01
1.0000000000000000000000000000000000000000e+00
0.0000000000000000000000000000000000000000e+00
1.0000000000000000000000000000000000000000e+00
8.0384868966611189300408568669809028506279e-01
4.5007586958626200068778189233853481709957e-01
1.0000000000000000000000000000000000000000e+00
3.4421195346636340728352365658793132752180e-01
2.1851347586310970738665560020308475941420e-01
5.8616151960956430766458424841403029859066e-01
8.8341505397008379674161915318109095096588e-01
7.6346848801571298714918611949542537331581e-01
4.1812166400927919251984121729037724435329e-01
5.7627573339576187994026668093283660709858e-01
9.8955889110355355064996274450095370411873e-01
7.0419976925868277284337182209128513932228e-01
2.4163925603396943508904826103389495983720e-01
7.5733359236624697707895847997860983014107e-01
6.2195104803556133798991822914103977382183e-01
4.7127807592244530532354929164284840226173e-01
7.0649177972728094410115318169118836522102e-01
1.7003591502961423742590341134928166866302e-01
7.3140810712637660540025308364420197904110e-01
8.1237949087638483547380019444972276687622e-01
8.2345844980459514950155153201194480061531e-01
1.0000000000000000000000000000000000000000e+00
5.7739188970826149649440139910439029335976e-01
8.5274115152511131832113733253208920359612e-01
8.0918783811713368425699854924459941685200e-01
9.8068315583493781417701029567979276180267e-01
3.8368440417509352968750135914888232946396e-01
2.6612350753766633726371537704835645854473e-01
3.6844221734132176493403676431626081466675e-01
1.0000000000000000000000000000000000000000e+00
3.5343206204382343615932882130437064915895e-01
1.0000000000000000000000000000000000000000e+00
1.0000000000000000000000000000000000000000e+00
4.1017889772105342593988552835071459412575e-01
6.2681600414566518431058739224681630730629e-01
4.7500626313857319260591793863568454980850e-01
7.8554607801871934036341826868010684847832e-01
0.0000000000000000000000000000000000000000e+00
1.3517516495109593854806462331907823681831e-01
0.0000000000000000000000000000000000000000e+00
0.0000000000000000000000000000000000000000e+00
2.6096835782066735154316461375856306403875e-01
0.0000000000000000000000000000000000000000e+00
2.1851347586310970738665560020308475941420e-01
1.2473408116014721158659739330687443725765e-01
4.6843844214003776960097980008868034929037e-01
0.0000000000000000000000000000000000000000e+00
7.5019396455213702146203047504968708381057e-02
0.0000000000000000000000000000000000000000e+00
2.7147014407344260966681304125813767313957e-01
2.0187633672607649404362462064455030485988e-01
0.0000000000000000000000000000000000000000e+00
2.3869619256178806199208963789715198799968e-01
1.0091453575841780043731432670028880238533e-01
3.0109570961791193299816882245067972689867e-01
0.0000000000000000000000000000000000000000e+00
1.7003591502961423742590341134928166866302e-01
0.0000000000000000000000000000000000000000e+00
0.0000000000000000000000000000000000000000e+00
1.3517516495109593854806462331907823681831e-01
0.0000000000000000000000000000000000000000e+00
0.0000000000000000000000000000000000000000e+00
2.6096835782066735154316461375856306403875e-01
0.0000000000000000000000000000000000000000e+00
2.1851347586310970738665560020308475941420e-01
1.2473408116014721158659739330687443725765e-01
4.6843844214003776960097980008868034929037e-01
0.0000000000000000000000000000000000000000e+00
7.5019396455213702146203047504968708381057e-02
0.0000000000000000000000000000000000000000e+00
2.7147014407344260966681304125813767313957e-01
2.0187633672607649404362462064455030485988e-01
0.0000000000000000000000000000000000000000e+00
2.3869619256178806199208963789715198799968e-01
1.0091453575841780043731432670028880238533e-01
3.0109570961791193299816882245067972689867e-01
0.0000000000000000000000000000000000000000e+00
1.7003591502961423742590341134928166866302e-01
0.0000000000000000000000000000000000000000e+00
0.0000000000000000000000000000000000000000e+00
0.0000000000000000000000000000000000000000e+00
1.3517516495109593854806462331907823681831e-01
0.0000000000000000000000000000000000000000e+00
0.0000000000000000000000000000000000000000e+00
2.6096835782066735154316461375856306403875e-01
0.0000000000000000000000000000000000000000e+00
2.1851347586310970738665560020308475941420e-01
1.2473408116014721158659739330687443725765e-01
4.6843844214003776960097980008868034929037e-01
0.0000000000000000000000000000000000000000e+00
7.5019396455213702146203047504968708381057e-02
0.0000000000000000000000000000000000000000e+00
2.7147014407344260966681304125813767313957e-01
2.0187633672607649404362462064455030485988e-01
0.0000000000000000000000000000000000000000e+00
2.3869619256178806199208963789715198799968e-01
1.0091453575841780043731432670028880238533e-01
3.0109570961791193299816882245067972689867e-01
0.0000000000000000000000000000000000000000e+00
1.7003591502961423742590341134928166866302e-01
0.0000000000000000000000000000000000000000e+00
0.0000000000000000000000000000000000000000e+00
0.0000000000000000000000000000000000000000e+00
0.0000000000000000000000000000000000000000e+00
9.0120993603149912587468861602246761322021e+01
1.4095261098235331576056239555327920243144e-01
