1
0
23
8.6798504498630679737658510930486954748631e-01
3.6532150452151984643123228124750312417746e-01
1.9428167595084275265371331897767959162593e-01
4.9847912963313639744811212040076497942209e-01
2.6870880111716875099370227530926058534533e-02
6.7027057328265959856850031428621150553226e-01
4.4755014956412747517688899279164616018534e-01
2.1755625918303333338199578861349436920136e-02
8.3305680387580738344155406593927182257175e-01
5.7656186634005313074169407627778127789497e-01
3.8827046020612276944206087136990390717983e-01
1.3894012607466299513703233969863504171371e-01
4.1414479291109462799624907347606495022774e-01
6.9339533605837933016857732582138851284981e-01
6.4959916409221019062414370637270621955395e-01
1.0000000000000000000000000000000000000000e+00
0.0000000000000000000000000000000000000000e+00
8.2751710471948924929819213502923958003521e-01
3.0689153846180455831316180592693854123354e-01
3.4871933769342444708883022030931897461414e-01
3.9541309085073450546587991993874311447144e-01
1.0000000000000000000000000000000000000000e+00
3.0689153846180455831316180592693854123354e-01
5.0021505704596580521581472567049786448479e-01
3.0630309752552825619531517986615654081106e-01
4.9657450608652464740799814535421319305897e-01
5.0359963276003727461471726201125420629978e-01
8.6792574244376474723594583338126540184021e-01
3.9541309085073383933206514484481886029243e-01
1.7691321774153576096288986718718660995364e-01
6.4257461816917893493439351004781201481819e-01
1.0000000000000000000000000000000000000000e+00
7.2385435612309423358823323724209330976009e-01
6.2939737583175103807775485620368272066116e-01
1.0000000000000000000000000000000000000000e+00
9.9300407725797956715041436837054789066315e-01
7.2385435612309501074435047485167160630226e-01
4.4373225723065645720311067634611390531063e-01
9.9098799801513370866246077639516443014145e-01
5.1741190463618447203941741463495418429375e-01
4.9036614536515166218322292479570023715496e-01
6.2922706846936526936531208775704726576805e-01
7.2385435612309489972204801233601756393909e-01
4.0827466905193132706841652179718948900700e-01
5.4992147672365854216280922628357075154781e-01
7.2385435612309501074435047485167160630226e-01
0.0000000000000000000000000000000000000000e+00
6.3855505694216607714963629405247047543526e-01
4.9259255783763983282952381159702781587839e-01
6.6325868972238666287921660114079713821411e-01
6.6325868972238677390151906365645118057728e-01
5.0348235002659547099312931095482781529427e-01
5.9746788160751818086424691500724293291569e-01
5.0359963276003738563701972452690824866295e-01
6.6688589483509574940001130016753450036049e-01
1.0000000000000000000000000000000000000000e+00
3.2890734254680364934131375775905326008797e-01
7.6185679096323666303902655272395350039005e-01
8.2242217101641224008545805190806277096272e-01
6.4572845387220023649632594242575578391552e-01
6.2939737583175181523387209381326101720333e-01
5.9533132982841341362956200100597925484180e-01
5.6522757664693146217871344560990110039711e-01
7.9710347742314002772445746813900768756866e-01
1.0000000000000000000000000000000000000000e+00
6.9295584579598779040310319032869301736355e-01
3.5824789053277311667855542509641963988543e-01
1.3511311508226417354983084351260913535953e-01
6.0648306905031468261313420953229069709778e-01
4.3184111732816327089423680263280402868986e-01
4.9657450608653402879255622792697977274656e-01
7.5575996399245015666679137211758643388748e-01
1.0000000000000000000000000000000000000000e+00
3.0689153846180455831316180592693854123354e-01
3.9739185523766584751115260587539523839951e-01
5.3233898760393050242356594026205129921436e-01
6.8934607721454865814081358621479012072086e-01
7.6824746919297637326451422268291935324669e-01
8.5096259105526761423732295952504500746727e-01
2.6811998106347334491772471665171906352043e-01
2.5510558219101475696533043446834199130535e-01
8.5384349059796105230191187729360535740852e-01
9.5689729462257422376580962009029462933540e-01
8.0175453782616568076946350629441440105438e-01
7.1442176088298314784452713865903206169605e-01
8.3441884543926747586084502472658641636372e-01
1.0000000000000000000000000000000000000000e+00
9.0447189569376140738654612505342811346054e-01
1.0000000000000000000000000000000000000000e+00
3.3557755326820781771601787113468162715435e-01
4.4982222463097037978840830874105449765921e-01
8.0696511363396095095623650195193476974964e-01
2.5510558219101475696533043446834199130535e-01
7.8807408624451658063492232031421735882759e-01
1.0000000000000000000000000000000000000000e+00
7.2385435612309412256593077472643926739693e-01
7.3882628388262505669814572684117592871189e-01
3.0946058389470643135155114578083157539368e-01
5.0930175880136441257661772397113963961601e-01
6.4479579057946379005983317256323061883450e-01
8.3037237192182122846872971422271803021431e-01
5.3619490288428539592757715581683441996574e-01
3.2890734254680364934131375775905326008797e-01
5.0930175880133221610890359443146735429764e-01
9.5382161769611306656457827557460404932499e-01
4.4982222463097087938876939006149768829346e-01
0.0000000000000000000000000000000000000000e+00
6.7027057328265959856850031428621150553226e-01
9.6481496844203651352955830589053221046925e-01
7.2385435612309423358823323724209330976009e-01
4.7698348564220849343797681285650469362736e-01
7.5185880341012767402730787580367177724838e-01
6.9256997235322470540808126315823756158352e-01
7.0704286020466466933243054882041178643703e-01
7.3647165406478631854980676507693715393543e-01
6.5251146290599659760545137032750062644482e-01
6.0477860465067079243084435802302323281765e-01
7.3095874981290920313625747439800761640072e-01
7.5775937822294070489448358785011805593967e-01
4.8132231632931421483334588629077188670635e-01
9.1983477765446619578426634689094498753548e-01
3.2838496423406393631694299983792006969452e-01
4.1921171163165027451213973108679056167603e-01
6.7198813836250648190429046735516749322414e-01
4.5491663283670685791193477598426397889853e-01
5.4439854728980008324867867486318573355675e-01
5.9313069103488247346689377081929706037045e-01
4.7675790246894783619424629250715952366590e-01
4.8162246958565535503993260135757736861706e-01
6.1863285827821434814666190504794940352440e-01
7.2385435612309501074435047485167160630226e-01
5.3233898760393050242356594026205129921436e-01
5.4343944272227995284652024565730243921280e-01
5.3233898760393050242356594026205129921436e-01
3.9472550008097179174981761207163799554110e-01
6.4294413494413105158997723265201784670353e-01
5.8460966049788742893156268110033124685287e-01
3.1698504715797010122813048837997484952211e-01
4.4483685196468009115378094975312706083059e-01
1.0000000000000000000000000000000000000000e+00
5.5362809207036511871535822137957438826561e-01
8.8976488438463974262049305252730846405029e-01
5.9513263338954203174324675273965112864971e-01
3.7611497982276231866194393660407513380051e-01
7.5482719107790163803883842774666845798492e-01
7.7757896301210194245356888131937012076378e-01
4.1091314914886956088935221487190574407578e-01
5.0772779264553435929485658562043681740761e-01
6.8008495463994567131749136024154722690582e-01
6.3286031732776615310598344876780174672604e-01
6.3286031732776615310598344876780174672604e-01
8.9531579098361180335530207230476662516594e-01
7.0704286020466478035473301133606582880020e-01
4.8162246958565535503993260135757736861706e-01
2.6732871365091026572002874672762118279934e-01
1.0000000000000000000000000000000000000000e+00
7.3483784564799703442616873871884308755398e-01
5.4612150026382733081220521853538230061531e-01
1.0000000000000000000000000000000000000000e+00
1.0000000000000000000000000000000000000000e+00
1.0000000000000000000000000000000000000000e+00
5.5483927032302760018467324698576703667641e-01
1.0000000000000000000000000000000000000000e+00
8.4924418436383786179533217364223673939705e-01
4.6854330423493817381341841610264964401722e-01
7.3972208780633574853879963484359905123711e-01
6.9874943659046684363289614339009858667850e-01
6.7265144289533640442613204868393950164318e-01
3.6562326071640438573950859790784306824207e-01
8.4924418436383797281763463615789078176022e-01
4.3170986158675328514533475754433311522007e-01
1.0000000000000000000000000000000000000000e+00
0.0000000000000000000000000000000000000000e+00
1.0000000000000000000000000000000000000000e+00
7.0643513777602151559875665043364278972149e-01
4.5091977832801577452670471757301129400730e-01
9.8290570384084730015672448644181713461876e-01
4.8461295304861806698681903071701526641846e-01
4.7565840810654580472771613131044432520866e-01
6.2113927447227124112316687387647107243538e-01
1.0000000000000000000000000000000000000000e+00
6.6251638474247731558364193915622308850288e-01
6.6325868972238677390151906365645118057728e-01
6.9838683144967628191324138242634944617748e-01
8.2496900987871335519940885205869562923908e-01
6.6494111143847656197891637930297292768955e-01
4.4265851405085671066430563769245054572821e-01
8.6134602487496514378051415405934676527977e-01
7.6582634058053455916592611174564808607101e-01
5.0772779264553435929485658562043681740761e-01
5.7619848011865959502841860739863477647305e-01
3.4827632183347884131663363405095878988504e-01
6.7679829634302368646103786886669695377350e-01
6.9931653421887496335784817347303032875061e-01
9.0469233618512800987332411750685423612595e-01
9.6406541719370653087395339753129519522190e-01
6.3732156582796029020698824751889333128929e-01
8.2751710471948924929819213502923958003521e-01
7.7390241959670902360812760889530181884766e-01
9.4121098307912309799405647936509922146797e-01
5.7049586508911320770209840702591463923454e-01
4.5318499486423363675768882785632740706205e-01
4.7921971260085766131098239384300541132689e-01
9.2758390561328851742217693754355423152447e-01
5.6148987776957348660999969069962389767170e-01
9.1983477765446020057993337104562669992447e-01
1.0000000000000000000000000000000000000000e+00
5.3233898760393050242356594026205129921436e-01
7.1862609557464307563634520192863419651985e-01
7.1705501027486617804385105046094395220280e-01
7.2041026209112823952551707407110370695591e-01
1.3057153148848746337939985551201971247792e-01
1.9428167595084275265371331897767959162593e-01
2.6870880111716875099370227530926058534533e-02
2.1755625918303333338199578861349436920136e-02
1.3894012607466299513703233969863504171371e-01
0.0000000000000000000000000000000000000000e+00
3.0689153846180455831316180592693854123354e-01
1.7691321774153576096288986718718660995364e-01
4.4373225723065645720311067634611390531063e-01
0.0000000000000000000000000000000000000000e+00
3.2890734254680364934131375775905326008797e-01
1.3511311508226417354983084351260913535953e-01
2.6811998106347334491772471665171906352043e-01
2.5510558219101475696533043446834199130535e-01
0.0000000000000000000000000000000000000000e+00
3.2838496423406393631694299983792006969452e-01
3.1698504715797010122813048837997484952211e-01
2.6732871365091026572002874672762118279934e-01
0.0000000000000000000000000000000000000000e+00
3.4827632183347884131663363405095878988504e-01
1.3057153148848746337939985551201971247792e-01
0.0000000000000000000000000000000000000000e+00
1.9428167595084275265371331897767959162593e-01
2.6870880111716875099370227530926058534533e-02
2.1755625918303333338199578861349436920136e-02
1.3894012607466299513703233969863504171371e-01
0.0000000000000000000000000000000000000000e+00
3.0689153846180455831316180592693854123354e-01
1.7691321774153576096288986718718660995364e-01
4.4373225723065645720311067634611390531063e-01
0.0000000000000000000000000000000000000000e+00
3.2890734254680364934131375775905326008797e-01
1.3511311508226417354983084351260913535953e-01
2.6811998106347334491772471665171906352043e-01
2.5510558219101475696533043446834199130535e-01
0.0000000000000000000000000000000000000000e+00
3.2838496423406393631694299983792006969452e-01
3.1698504715797010122813048837997484952211e-01
2.6732871365091026572002874672762118279934e-01
0.0000000000000000000000000000000000000000e+00
3.4827632183347884131663363405095878988504e-01
1.3057153148848746337939985551201971247792e-01
0.0000000000000000000000000000000000000000e+00
0.0000000000000000000000000000000000000000e+00
1.9428167595084275265371331897767959162593e-01
2.6870880111716875099370227530926058534533e-02
2.1755625918303333338199578861349436920136e-02
1.3894012607466299513703233969863504171371e-01
0.0000000000000000000000000000000000000000e+00
3.0689153846180455831316180592693854123354e-01
1.7691321774153576096288986718718660995364e-01
4.4373225723065645720311067634611390531063e-01
0.0000000000000000000000000000000000000000e+00
3.2890734254680364934131375775905326008797e-01
1.3511311508226417354983084351260913535953e-01
2.6811998106347334491772471665171906352043e-01
2.5510558219101475696533043446834199130535e-01
0.0000000000000000000000000000000000000000e+00
3.2838496423406393631694299983792006969452e-01
3.1698504715797010122813048837997484952211e-01
2.6732871365091026572002874672762118279934e-01
0.0000000000000000000000000000000000000000e+00
3.4827632183347884131663363405095878988504e-01
1.3057153148848746337939985551201971247792e-01
0.0000000000000000000000000000000000000000e+00
0.0000000000000000000000000000000000000000e+00
0.0000000000000000000000000000000000000000e+00
9.0082372690413635041295492555946111679077e+01
2.7153824294129152994159426270925905555487e-01
