1
0
23
1.0000000000000000000000000000000000000000e+00
3.4217915672572796204065070924116298556328e-01
1.1350946596793598519781198774580843746662e-01
5.0821584078056059041728076408617198467255e-01
0.0000000000000000000000000000000000000000e+00
6.2852467575516679509917139512253925204277e-01
3.0997647337191547300960792199475690722466e-01
0.0000000000000000000000000000000000000000e+00
8.6815049612406447465673409169539809226990e-01
6.3459857249566176129462746757781133055687e-01
3.3653338169501512133763299061683937907219e-01
2.2088411603454496945353469072870211675763e-01
3.6017957682594636814599198260111734271049e-01
8.8598564176760374877517278946470469236374e-01
6.6174303285244406858112142799654975533485e-01
1.0000000000000000000000000000000000000000e+00
0.0000000000000000000000000000000000000000e+00
7.2722122790829568650394776341272518038750e-01
4.1215801205017049690937369632592890411615e-01
1.9994835984795455985363332729320973157883e-01
3.0024156082795716571354205370880663394928e-01
1.0000000000000000000000000000000000000000e+00
1.9994835984795455985363332729320973157883e-01
4.0966796018695594838732176867779344320297e-01
3.5509744213961158543213514349190518260002e-01
3.3022578786001216544221392723557073622942e-01
4.6964023545706778950403759154141880571842e-01
6.9152470445403813048557140064076520502567e-01
3.0333036144518377152934363039094023406506e-01
9.8442231015166969942953301142551936209202e-02
5.3417953464093026472170322449528612196445e-01
1.0000000000000000000000000000000000000000e+00
6.4777127955771374168136844673426821827888e-01
6.4083251195324508753259351578890345990658e-01
1.0000000000000000000000000000000000000000e+00
1.0000000000000000000000000000000000000000e+00
6.4777127955771440781518322182819247245789e-01
4.3281718551343806300479855053708888590336e-01
8.3232191945422573375878982915310189127922e-01
5.9326143673440945303099169905181042850018e-01
3.6934703447706518364412886512582190334797e-01
4.0665170814891271611202228086767718195915e-01
0.0000000000000000000000000000000000000000e+00
1.9994835984795455985363332729320973157883e-01
3.6934703447706518364412886512582190334797e-01
6.4777127955771440781518322182819247245789e-01
0.0000000000000000000000000000000000000000e+00
4.2281546827176696989880610999534837901592e-01
5.1888492073589320696669346943963319063187e-01
3.7431168638928324909898037731181830167770e-01
6.1281092519712332400416698874323628842831e-01
2.1011410491172233250267709081526845693588e-01
4.9115665637594707604307586734648793935776e-01
2.1633220587871640483434987345390254631639e-01
4.3281718551343806300479855053708888590336e-01
9.8855371363360466929748326947446912527084e-01
5.1445611378836603178044128981127869337797e-02
7.7912064424245874860730509681161493062973e-01
8.6741358569675475198579306379542686045170e-01
5.4740395720992307548868893718463368713856e-01
6.8371212770396627700364433621871285140514e-01
4.1488357338662307238763560235383920371532e-01
3.8511157243464039234837059666460845619440e-01
8.5048382724964244339105334802297875285149e-01
1.0000000000000000000000000000000000000000e+00
6.5587999800942198280750972116948105394840e-01
5.1445611378835028049127942040286143310368e-02
1.0205454479459670838470408682496781693771e-02
8.3433875713234295634634918314986862242222e-01
5.5306585316078760161673244510893709957600e-01
5.5306585316078415992535610712366178631783e-01
6.8794510092506933052192152899806387722492e-01
1.0000000000000000000000000000000000000000e+00
2.8463542274421599342915101260587107390165e-01
2.6492815125801827402796106980531476438046e-01
5.1496126133245834211038527428172528743744e-01
6.6155838470738037582208335152245126664639e-01
7.6806758010564946115295015260926447808743e-01
8.2930863464619430924784637682023458182812e-01
2.6492815125801827402796106980531476438046e-01
1.7882632231472422867923910416720900684595e-01
7.5713798829810430301989754298119805753231e-01
8.4367550471983288051802674090140499174595e-01
6.5468312543564466388090750115225091576576e-01
4.3366424394510216799858426384162157773972e-01
7.1561607091623691268011953070526942610741e-01
1.0000000000000000000000000000000000000000e+00
8.2962138449118860705766564933583140373230e-01
1.0000000000000000000000000000000000000000e+00
2.1633220587871718199046711106348084285855e-01
3.2439939269239997932103847233520355075598e-01
8.3232423486081774655076515045948326587677e-01
1.7882632231472422867923910416720900684595e-01
6.7797491758738592793065436126198619604111e-01
1.0000000000000000000000000000000000000000e+00
6.9065089530843426501860449207015335559845e-01
1.0000000000000000000000000000000000000000e+00
9.1454914901431094698125434661051258444786e-02
3.8511157243464316790593215955595951527357e-01
4.6892666140957173226411214272957295179367e-01
6.4777127955771374168136844673426821827888e-01
4.5375167825603568427794698436628095805645e-01
9.0092662518267058180398976219294127076864e-02
4.5375167825603479609952728424104861915112e-01
8.3433875713234317839095410818117670714855e-01
4.1838885242779999540374546995735727250576e-01
0.0000000000000000000000000000000000000000e+00
4.9902064572139304132747383846435695886612e-01
1.0000000000000000000000000000000000000000e+00
6.4777127955771374168136844673426821827888e-01
4.6663731477134628988778786151669919490814e-01
8.6306557626388413773099728132365271449089e-01
5.7362941732494920898943746578879654407501e-01
5.4479374469343799791687388278660364449024e-01
7.3037826650039627818244980517192743718624e-01
9.8953495486209508413821822614409029483795e-01
4.1655654107892475801477871755196247249842e-01
6.0215959353528403230626508957357145845890e-01
7.3438436688492436665853801969205960631371e-01
3.4800330273270263514717726138769648969173e-01
8.7463639519307323499930362231680192053318e-01
1.5982647558320459135750013501819921657443e-01
3.0433307618828642215902391399140469729900e-01
7.1758112491767767071593198124901391565800e-01
3.2731088704308486381222564887139014899731e-01
5.5558111447504465729707590071484446525574e-01
2.4469016453250078124703748017054749652743e-01
5.9154968339570446200781361767440102994442e-01
3.5069298404502774468838310895080212503672e-01
5.9312475435202882678709102037828415632248e-01
6.1256257238803324405296280019683763384819e-01
2.0967087043464360807121238394756801426411e-01
4.3845358826112312833345185936195775866508e-01
4.3845358826112312833345185936195775866508e-01
3.1725961990793338785010746505577117204666e-01
6.5552672822680169151254858661559410393238e-01
3.0288537941943877163097909033240284770727e-01
5.3852143071951491526405675358546432107687e-02
3.3232727488898461398747485873172990977764e-01
1.0000000000000000000000000000000000000000e+00
5.8604811786277144491918988933321088552475e-01
1.0000000000000000000000000000000000000000e+00
6.7672290184988903583018782228464260697365e-01
3.0024156082796354949593364835891406983137e-01
8.8731105681123745299032634648028761148453e-01
7.3668909635854562534262868211953900754452e-01
2.2232541881016212870214587837836006656289e-01
3.0289008695744318311326992443355266004801e-01
5.6844691634648458755663114061462692916393e-01
5.4920031254393686381831685139331966638565e-01
5.5589391444343105863623577533871866762638e-01
7.3127533807548472655213345205993391573429e-01
5.4479374469343955222910835800576023757458e-01
3.4691333337577018314235033358272630721331e-01
2.2232541881016212870214587837836006656289e-01
8.1713703794898728816065158753190189599991e-01
5.1324981916248124669266417186008766293526e-01
4.9878015834486943980152773292502388358116e-01
1.0000000000000000000000000000000000000000e+00
1.0000000000000000000000000000000000000000e+00
1.0000000000000000000000000000000000000000e+00
4.2659603615344199312175987870432436466217e-01
1.0000000000000000000000000000000000000000e+00
7.5041175035745455446090090845245867967606e-01
3.1716218150694519550825134501792490482330e-01
4.4000322973475647359009599313139915466309e-01
8.4572036277832307593627092501264996826649e-01
1.0000000000000000000000000000000000000000e+00
3.3985032074536714041812501818640157580376e-01
8.1863358574888811514114195233560167253017e-01
6.5584411521501029262992688018130138516426e-01
9.0259588479356844814560645318124443292618e-01
0.0000000000000000000000000000000000000000e+00
1.0000000000000000000000000000000000000000e+00
7.9594844787161478372183864848921075463295e-01
4.4959758094360791069732385949464514851570e-01
1.0000000000000000000000000000000000000000e+00
3.1823287671747929605814420028764288872480e-01
1.9994835984795455985363332729320973157883e-01
5.5280606293004719287154102858039550483227e-01
7.8184372142824809515104789170436561107635e-01
7.2733998415322487218759306415449827909470e-01
3.7431168638928347114358530234312638640404e-01
5.6788639011121189170694378844927996397018e-01
9.4608301551376283722305515766493044793606e-01
7.6456974995507498427116388484137132763863e-01
2.4014428720832683983310573694325285032392e-01
9.1285512537493040952085721073672175407410e-01
5.6788639011121322397457333863712847232819e-01
4.7157388398021210518251677967782597988844e-01
7.3026026348086792161495850450592115521431e-01
1.7452209448132605107417703038663603365421e-01
7.1113166269785543782688819192117080092430e-01
7.8985522740418789844341063144383952021599e-01
8.3032821140053769681799167301505804061890e-01
1.0000000000000000000000000000000000000000e+00
5.8792056433076200772092079205322079360485e-01
8.3144217109704521284641032252693548798561e-01
7.6272322303354778139095060396357439458370e-01
9.5481403871777104086504550650715827941895e-01
4.2174759820787832698130159769789315760136e-01
2.1633220587872545315200056847970699891448e-01
3.8511157243464039234837059666460845619440e-01
1.0000000000000000000000000000000000000000e+00
3.4802619813842339269172043714206665754318e-01
9.3219536381294310078970966060296632349491e-01
1.0000000000000000000000000000000000000000e+00
3.8325361833034815584042576119827572256327e-01
5.8082895189799910173888974895817227661610e-01
5.0420054760066501664539373450679704546928e-01
7.8184372142824809515104789170436561107635e-01
0.0000000000000000000000000000000000000000e+00
1.1350946596793598519781198774580843746662e-01
0.0000000000000000000000000000000000000000e+00
0.0000000000000000000000000000000000000000e+00
2.2088411603454496945353469072870211675763e-01
0.0000000000000000000000000000000000000000e+00
1.9994835984795455985363332729320973157883e-01
9.8442231015166969942953301142551936209202e-02
4.3281718551343806300479855053708888590336e-01
0.0000000000000000000000000000000000000000e+00
5.1445611378836603178044128981127869337797e-02
1.0205454479459670838470408682496781693771e-02
2.6492815125801827402796106980531476438046e-01
1.7882632231472422867923910416720900684595e-01
0.0000000000000000000000000000000000000000e+00
1.5982647558320459135750013501819921657443e-01
5.3852143071951491526405675358546432107687e-02
2.2232541881016212870214587837836006656289e-01
0.0000000000000000000000000000000000000000e+00
1.7452209448132605107417703038663603365421e-01
0.0000000000000000000000000000000000000000e+00
0.0000000000000000000000000000000000000000e+00
1.1350946596793598519781198774580843746662e-01
0.0000000000000000000000000000000000000000e+00
0.0000000000000000000000000000000000000000e+00
2.2088411603454496945353469072870211675763e-01
0.0000000000000000000000000000000000000000e+00
1.9994835984795455985363332729320973157883e-01
9.8442231015166969942953301142551936209202e-02
4.3281718551343806300479855053708888590336e-01
0.0000000000000000000000000000000000000000e+00
5.1445611378836603178044128981127869337797e-02
1.0205454479459670838470408682496781693771e-02
2.6492815125801827402796106980531476438046e-01
1.7882632231472422867923910416720900684595e-01
0.0000000000000000000000000000000000000000e+00
1.5982647558320459135750013501819921657443e-01
5.3852143071951491526405675358546432107687e-02
2.2232541881016212870214587837836006656289e-01
0.0000000000000000000000000000000000000000e+00
1.7452209448132605107417703038663603365421e-01
0.0000000000000000000000000000000000000000e+00
0.0000000000000000000000000000000000000000e+00
0.0000000000000000000000000000000000000000e+00
1.1350946596793598519781198774580843746662e-01
0.0000000000000000000000000000000000000000e+00
0.0000000000000000000000000000000000000000e+00
2.2088411603454496945353469072870211675763e-01
0.0000000000000000000000000000000000000000e+00
1.9994835984795455985363332729320973157883e-01
9.8442231015166969942953301142551936209202e-02
4.3281718551343806300479855053708888590336e-01
0.0000000000000000000000000000000000000000e+00
5.1445611378836603178044128981127869337797e-02
1.0205454479459670838470408682496781693771e-02
2.6492815125801827402796106980531476438046e-01
1.7882632231472422867923910416720900684595e-01
0.0000000000000000000000000000000000000000e+00
1.5982647558320459135750013501819921657443e-01
5.3852143071951491526405675358546432107687e-02
2.2232541881016212870214587837836006656289e-01
0.0000000000000000000000000000000000000000e+00
1.7452209448132605107417703038663603365421e-01
0.0000000000000000000000000000000000000000e+00
0.0000000000000000000000000000000000000000e+00
0.0000000000000000000000000000000000000000e+00
0.0000000000000000000000000000000000000000e+00
8.8778463752112301676788774784654378890991e+01
1.3066634591997292047516054935840656980872e-01
