1
0
23
7.7732140058232945811766967381117865443230e-01
3.7720054642379263754037310718558728694916e-01
2.2908308719579789647369238991814199835062e-01
5.0157670277809229819609981859684921801090e-01
6.2868221048972161568713090673554688692093e-02
6.9690982011997082423704341636039316654205e-01
5.0161596120636608997500616169418208301067e-01
8.3427295807365603463878755974292289465666e-02
8.1778117331310551385570306592853739857674e-01
6.1062453476123068618619527114788070321083e-01
4.7993264801348262116320597669982817023993e-01
1.8488834657557895457813401662860997021198e-01
4.9912989305043325982680357810750138014555e-01
8.3489194414733258753358313697390258312225e-01
7.6082218567030945877149861189536750316620e-01
1.0000000000000000000000000000000000000000e+00
0.0000000000000000000000000000000000000000e+00
8.0568618651702239574774466746021062135696e-01
3.9272946716829654212332911811245139688253e-01
4.8448632964509469323033385990129318088293e-01
4.5804678368718371173073933277919422835112e-01
1.0000000000000000000000000000000000000000e+00
3.8509489841405813992381013122212607413530e-01
5.0173325848206273835927504478604532778263e-01
4.3369970737380297842733511970436666160822e-01
5.5788884775976821384091408617678098380566e-01
5.5788884775976033125743924756534397602081e-01
1.0000000000000000000000000000000000000000e+00
5.1039621610245666794014596234774217009544e-01
2.1469828346235325655655401533294934779406e-01
6.4571054782870462851462889375397935509682e-01
9.2172296113245177906492244801484048366547e-01
7.3306003786571216629397440556203946471214e-01
6.8325896910984451615433954430045560002327e-01
1.0000000000000000000000000000000000000000e+00
1.0000000000000000000000000000000000000000e+00
7.3306003786571005687022761776461265981197e-01
3.9694988826979482610113336704671382904053e-01
7.5390026443719626580985959662939421832561e-01
5.7966428010733683784394543181406334042549e-01
5.8731248816977088544888374599395319819450e-01
6.3085142488921619463582146636326797306538e-01
7.4215634995591006628501418163068592548370e-01
4.0303095264997301772069704384193755686283e-01
6.1757553069936632628156303326250053942204e-01
7.3306003786571005687022761776461265981197e-01
0.0000000000000000000000000000000000000000e+00
6.5954030235477645316422012911061756312847e-01
5.5441561805526984318959193842601962387562e-01
7.4697804347679930270231807298841886222363e-01
7.4697804347679941372462053550407290458679e-01
5.6700715092429709862642539519583806395531e-01
5.7780950865775992930650772905210033059120e-01
5.8251199321869395753026310558198019862175e-01
7.2158717280233330981786821212153881788254e-01
1.0000000000000000000000000000000000000000e+00
3.2398485156860828970692978145962115377188e-01
7.5255191051817649228183881859877146780491e-01
8.2182903999657486160401731467572972178459e-01
7.0583719631686803186454426395357586443424e-01
6.8865157196459592103821023556520231068134e-01
6.2890471374609302479541383945615962147713e-01
6.7639734540339468971126279939198866486549e-01
7.6674988287774525907991574058542028069496e-01
1.0000000000000000000000000000000000000000e+00
7.0497172772721294897735333506716415286064e-01
4.4383132472042746696772042014345061033964e-01
2.2934573510588721068081952125794487074018e-01
6.0705539533182695244306614767992869019508e-01
4.6109382828202233328696024727832991629839e-01
5.4038599040005208529180436016758903861046e-01
7.3947841394825375438415449025342240929604e-01
1.0000000000000000000000000000000000000000e+00
3.9976381001141719773173122121079359203577e-01
4.7139364030512692638197336236771661788225e-01
5.4538958970663131697875769532402046024799e-01
7.2958248721767260391857234935741871595383e-01
7.6760470488519605414268198728677816689014e-01
8.7378334131947243967886151949642226099968e-01
2.9771246415208463265145155673963017761707e-01
4.2103429621423721362916126054187770932913e-01
8.8438369053991783275137095188256353139877e-01
8.4734123544540729255913902306929230690002e-01
8.3923050169058910352504199181566946208477e-01
8.6604733618993545718467430560849606990814e-01
7.5212687583293325044309085569693706929684e-01
1.0000000000000000000000000000000000000000e+00
7.7793357670729590402913800062378868460655e-01
1.0000000000000000000000000000000000000000e+00
4.4394990064810685437279857978865038603544e-01
5.5652423407144291367387722857529297471046e-01
8.5337269270220683647920623116078786551952e-01
4.2103429621423721362916126054187770932913e-01
7.6573271964766143060643344142590649425983e-01
9.1701370598823506163910224131541326642036e-01
6.9196160857005606370506711755297146737576e-01
7.3101701922040196457430738519178703427315e-01
4.0166703977359136112923465589119587093592e-01
5.7655531521884939571975792205194011330605e-01
7.4212673741881940436826425866456702351570e-01
7.7191364162256237424486471354612149298191e-01
5.6768595775944985515337748438469134271145e-01
3.6788783421042520194177427583781536668539e-01
5.2181669386879059313599782399251125752926e-01
8.8651105234727722859133791644126176834106e-01
5.7993685562894570217906675679842010140419e-01
0.0000000000000000000000000000000000000000e+00
6.9690982011997082423704341636039316654205e-01
8.9119155525683169116746284998953342437744e-01
6.9196160857005528654894987994339317083359e-01
5.5667966277876090863685476506361737847328e-01
8.3501838301505604267305216126260347664356e-01
7.2664711075450427735233915882417932152748e-01
7.3306003786570683722345620481064543128014e-01
7.4072569358942563777503664823598228394985e-01
6.9196160857006727695761583163402974605560e-01
6.4826510838978768092033533321227878332138e-01
7.8272730435051818265179690570221282541752e-01
7.5743688201743952781441748811630532145500e-01
6.1518509575328517158254726382438093423843e-01
8.5765883691039523917254427942680194973946e-01
4.2215460836841806058217230201989877969027e-01
4.2997018473808035210481648391578346490860e-01
6.2280025592296484049370519642252475023270e-01
5.4675769995967060665975623123813420534134e-01
5.6234691353639076893955461855512112379074e-01
5.9751677507904210617795115467743016779423e-01
5.5927377324995630747395125581533648073673e-01
5.5927377324995630747395125581533648073673e-01
6.2319162655663584704512913958751596510410e-01
7.4215634995591006628501418163068592548370e-01
5.8150940315145982495437237957958132028580e-01
6.2280025592296017755700177076505497097969e-01
5.5927377324995630747395125581533648073673e-01
5.0257703223825456184670201764674857258797e-01
6.5050567478514453867433076084125787019730e-01
6.3085728228034920750388891974580474197865e-01
3.3520578288540830991237839953100774437189e-01
4.7739478001812307716988925676560029387474e-01
1.0000000000000000000000000000000000000000e+00
5.9507600397987037155189682380296289920807e-01
7.5721475484662181809625280948239378631115e-01
6.5215517452232385497978839339339174330235e-01
3.8509489841405813992381013122212607413530e-01
7.6214031077107646794388529087882488965988e-01
7.3306003786571005687022761776461265981197e-01
5.0817036104245993932693181704962626099586e-01
5.7385971534721180731253298290539532899857e-01
7.2882865786072226210734470441821031272411e-01
6.5215517452233029427333121930132620036602e-01
6.5215517452233029427333121930132620036602e-01
9.0253714672315810130243107778369449079037e-01
7.5743688201743286647626973717706277966499e-01
5.4367546153391155261402900578104890882969e-01
2.5695157300463888905284193242550827562809e-01
7.2842677950086298643839199939975515007973e-01
6.8095626441507872694813841007999144494534e-01
5.7574742657928401623479430782026611268520e-01
6.3937338385324526957020907502737827599049e-01
1.0000000000000000000000000000000000000000e+00
4.5181621212481437588337485067313537001610e-01
7.3149991978730710684430960100144147872925e-01
1.0000000000000000000000000000000000000000e+00
1.0000000000000000000000000000000000000000e+00
5.6593631315251258229181985370814800262451e-01
8.4509953187367503613103281168150715529919e-01
8.4795037164265973927967934287153184413910e-01
5.5771837127370416098415262240450829267502e-01
4.4175565324455545734849692962598055601120e-01
8.3238609707532285053588338996632955968380e-01
4.2498185779834130038068451540311798453331e-01
1.0000000000000000000000000000000000000000e+00
0.0000000000000000000000000000000000000000e+00
9.6814266394480252841958645149134099483490e-01
7.3869706317818129015506656287470832467079e-01
4.1898443083960928978726201421523001044989e-01
1.0000000000000000000000000000000000000000e+00
5.3471317805270979217624471857561729848385e-01
5.9501657286139497671229037223383784294128e-01
6.5647377606929313564876338205067440867424e-01
9.8584343598366819261258342521614395081997e-01
7.0250858506741442610632475407328456640244e-01
7.4697804347679930270231807298841886222363e-01
7.2632684183318219073299815136124379932880e-01
8.4340352449318245486864498161594383418560e-01
6.5647377606929369076027569462894462049007e-01
4.7819173050901181420968555357831064611673e-01
8.7693869683921532587334013442159630358219e-01
7.2632684183318430015674493915867060422897e-01
5.7385971534721180731253298290539532899857e-01
4.7591652114214222368815399022423662245274e-01
4.1898443083960928978726201421523001044989e-01
6.5954030235477534294119550395407713949680e-01
7.2060275848580312985092177768819965422153e-01
8.8451816732810872867531770680216141045094e-01
9.8008631527191103494089929881738498806953e-01
6.0556795505863836304172309610294178128242e-01
8.0568618651702239574774466746021062135696e-01
8.5216205970829927984766527515603229403496e-01
1.0000000000000000000000000000000000000000e+00
6.1947340442242371238990017445757985115051e-01
5.1798292047845140295692090148804709315300e-01
5.1751596081145412320267951145069673657417e-01
8.8030108281993713070789908670121803879738e-01
5.7993685562894559115676429428276605904102e-01
9.0900665059168650472543049545492976903915e-01
1.0000000000000000000000000000000000000000e+00
5.5927377324995630747395125581533648073673e-01
7.5129716483157360507050270825857296586037e-01
7.3167197805420314260516079230001196265221e-01
7.4064235255660904044816561508923768997192e-01
1.7997115792811319012756143820297438651323e-01
2.2908308719579789647369238991814199835062e-01
6.2868221048972161568713090673554688692093e-02
8.3427295807365603463878755974292289465666e-02
1.8488834657557895457813401662860997021198e-01
0.0000000000000000000000000000000000000000e+00
3.8509489841405813992381013122212607413530e-01
2.1469828346235325655655401533294934779406e-01
3.9694988826979482610113336704671382904053e-01
0.0000000000000000000000000000000000000000e+00
3.2398485156860828970692978145962115377188e-01
2.2934573510588721068081952125794487074018e-01
2.9771246415208463265145155673963017761707e-01
4.2103429621423721362916126054187770932913e-01
0.0000000000000000000000000000000000000000e+00
4.2215460836841806058217230201989877969027e-01
3.3520578288540830991237839953100774437189e-01
2.5695157300463888905284193242550827562809e-01
0.0000000000000000000000000000000000000000e+00
4.1898443083960928978726201421523001044989e-01
1.7997115792811319012756143820297438651323e-01
0.0000000000000000000000000000000000000000e+00
2.2908308719579789647369238991814199835062e-01
6.2868221048972161568713090673554688692093e-02
8.3427295807365603463878755974292289465666e-02
1.8488834657557895457813401662860997021198e-01
0.0000000000000000000000000000000000000000e+00
3.8509489841405813992381013122212607413530e-01
2.1469828346235325655655401533294934779406e-01
3.9694988826979482610113336704671382904053e-01
0.0000000000000000000000000000000000000000e+00
3.2398485156860828970692978145962115377188e-01
2.2934573510588721068081952125794487074018e-01
2.9771246415208463265145155673963017761707e-01
4.2103429621423721362916126054187770932913e-01
0.0000000000000000000000000000000000000000e+00
4.2215460836841806058217230201989877969027e-01
3.3520578288540830991237839953100774437189e-01
2.5695157300463888905284193242550827562809e-01
0.0000000000000000000000000000000000000000e+00
4.1898443083960928978726201421523001044989e-01
1.7997115792811319012756143820297438651323e-01
0.0000000000000000000000000000000000000000e+00
0.0000000000000000000000000000000000000000e+00
2.2908308719579789647369238991814199835062e-01
6.2868221048972161568713090673554688692093e-02
8.3427295807365603463878755974292289465666e-02
1.8488834657557895457813401662860997021198e-01
0.0000000000000000000000000000000000000000e+00
3.8509489841405813992381013122212607413530e-01
2.1469828346235325655655401533294934779406e-01
3.9694988826979482610113336704671382904053e-01
0.0000000000000000000000000000000000000000e+00
3.2398485156860828970692978145962115377188e-01
2.2934573510588721068081952125794487074018e-01
2.9771246415208463265145155673963017761707e-01
4.2103429621423721362916126054187770932913e-01
0.0000000000000000000000000000000000000000e+00
4.2215460836841806058217230201989877969027e-01
3.3520578288540830991237839953100774437189e-01
2.5695157300463888905284193242550827562809e-01
0.0000000000000000000000000000000000000000e+00
4.1898443083960928978726201421523001044989e-01
1.7997115792811319012756143820297438651323e-01
0.0000000000000000000000000000000000000000e+00
0.0000000000000000000000000000000000000000e+00
0.0000000000000000000000000000000000000000e+00
8.9152263994155291015886177774518728256226e+01
3.5194887135329028238217574653390329331160e-01
