1
0
23
9.8942649563081463970348750081029720604420e-01
3.2926910358648464605124672743841074407101e-01
2.5913429393485698515320336809963919222355e-01
8.2483431887031466445137084519956260919571e-01
1.6173121584062999378517133663990534842014e-01
6.2609739484515403162845359474886208772659e-01
5.3365864210362290442901667120167985558510e-01
0.0000000000000000000000000000000000000000e+00
7.9516555999234506124651034042472019791603e-01
6.8047512100729479200822424900252372026443e-01
2.6809470046890077066237267899850849062204e-01
0.0000000000000000000000000000000000000000e+00
3.3294169271602469528659185016294941306114e-01
4.2724368736047046990478293082560412585735e-01
5.9879812154062905804607908066827803850174e-01
8.4302825714903883991269140096846967935562e-01
0.0000000000000000000000000000000000000000e+00
7.9963607160281580110705590413999743759632e-01
8.9717438843192542918814069707877933979034e-01
3.0843853749518890250413960529840551316738e-01
5.0102337735609059343744320358382537961006e-01
1.8049266477194136903960952622583135962486e-01
1.6646660126823190073430680513411061838269e-01
6.9483088188815844699064427913981489837170e-01
7.4871534637943437662244150487822480499744e-01
4.2956449842822158613486749345611315220594e-01
6.3126113762049196331815892335725948214531e-01
6.5380615422581356277476061222841963171959e-01
5.4812484000561900732151343618170358240604e-01
3.8291439406787874943915994663257151842117e-01
6.9483088188815844699064427913981489837170e-01
1.0000000000000000000000000000000000000000e+00
5.4199231500426625629529553407337516546249e-01
7.7028098888848339775847762211924418807030e-01
7.2637949977668703205324618465965613722801e-01
8.5043085249945515879943513937178067862988e-01
6.9483088188815844699064427913981489837170e-01
3.0787788501922946915456691385770682245493e-01
1.0000000000000000000000000000000000000000e+00
5.0039326348046164749661102177924476563931e-01
7.6657844871635361094774907542159780859947e-01
9.9506104120710148208672762848436832427979e-01
9.4172790165152509000989766718703322112560e-02
6.9084350255068671664560042700031772255898e-01
7.6358992841030892684273112536175176501274e-01
6.9483088188815811392373689159285277128220e-01
0.0000000000000000000000000000000000000000e+00
6.2609739484515536389608314493671059608459e-01
5.0105939498534124432183034514309838414192e-01
1.2050597614839463067593072764793760143220e-01
5.9734666695844906847412403294583782553673e-01
5.0640832960408210805525186515296809375286e-01
3.8174546684485838321521100624522659927607e-01
6.2609739484515580798529299499932676553726e-01
4.4000759041838882756891848657687660306692e-01
5.7028271081386583407635271214530803263187e-01
8.3524129735908156368928700885589933022857e-02
6.0796900726823699390166666489676572382450e-01
6.1271622896993949147770308627514168620110e-01
4.5341764402559564528516489190224092453718e-01
6.3126113762049196331815892335725948214531e-01
9.0153125837949578402774619689807877875865e-03
3.5604390836805283049315562493575271219015e-01
7.5468630400303249317062181944493204355240e-01
7.4361137961036538612802360148634761571884e-01
8.5813299585602620389579442417016252875328e-01
8.3524129735908156368928700885589933022857e-02
9.0153125837949578402774619689807877875865e-03
7.4168002347729666823283878329675644636154e-01
7.8453418048565248810177763516549021005630e-01
3.9760438647504042775082666594244074076414e-01
5.6349540229637329336043194416561163961887e-01
3.8174546684485838321521100624522659927607e-01
3.8174546684485838321521100624522659927607e-01
4.9402707454134936471135119973041582852602e-01
4.7867917798653680794274123400100506842136e-01
5.0039326348046053727358639662270434200764e-01
9.4946974466135991566062557467375881969929e-01
5.3069399936727112976342368710902519524097e-01
3.8174546684485838321521100624522659927607e-01
2.8914748350446256575096981578099075704813e-01
2.6801367494643307809454313428432215005159e-01
6.1835652768174731441774838458513841032982e-01
1.0000000000000000000000000000000000000000e+00
8.2240845872378698366844673728337511420250e-01
2.8914748350446251023981858452316373586655e-01
1.0000000000000000000000000000000000000000e+00
6.1193326209735121601340779307065531611443e-01
6.2576590578596436031943994748871773481369e-01
3.0219916003429780904099288818542845547199e-01
3.8740257591021554084420586150372400879860e-01
3.8174546684485838321521100624522659927607e-01
6.7798943611515217338991945439374831039459e-03
9.2920494824056110161336619057692587375641e-01
5.5995749468130640025265165604650974273682e-01
7.9158780148076535176926427084254100918770e-01
7.9158780148076535176926427084254100918770e-01
4.9017089993861506780348236134159378707409e-01
6.1231739435420518002928247369709424674511e-01
9.4940358099908306321879081224324181675911e-01
6.9483088188816111152590337951551191508770e-01
2.9085011498695956255744476948166266083717e-01
2.4465779739495149835981635533244116231799e-01
2.3855393805716582078524368171201786026359e-01
7.7582030333665108479124228324508294463158e-01
4.9017089993861340246894542360678315162659e-01
0.0000000000000000000000000000000000000000e+00
6.0796900726823699390166666489676572382450e-01
7.4803661882758520906833155095227994024754e-01
5.3557666731137043569788147578947246074677e-01
3.3937023947638061960319078025349881500006e-01
1.0000000000000000000000000000000000000000e+00
8.9919307001502613019283671746961772441864e-01
6.7362997175644678815586985365371219813824e-01
6.9487253794666092865384143806295469403267e-01
5.0039326348046053727358639662270434200764e-01
2.7982726031265414690096804406493902206421e-01
7.2218993208204029787822264552232809364796e-01
7.2587121146251876169230854429770261049271e-01
7.3511969491564221890200769848888739943504e-01
7.2587121146251876169230854429770261049271e-01
2.3098662999388536176681441247637849301100e-01
5.5896142541342586085306720633525401353836e-01
9.5921764565853917527959993094555102288723e-01
3.0843853749518890250413960529840551316738e-01
5.6349540229637340438273440668126568198204e-01
5.7898862897942215965940704336389899253845e-01
4.8465238632094009840756143603357486426830e-01
5.4501060219556018981990064276033081114292e-01
8.6899453206220145240479268977651372551918e-01
8.5994613087076776647421638699597679078579e-01
8.9547714382535070765101181677891872823238e-01
4.9965306581113072548205877865257207304239e-01
4.9965306581113361206192280405957717448473e-01
5.7995992304951471396634588018059730529785e-01
8.3719823342826493739465831822599284350872e-01
4.9965306581113250183889817890303675085306e-01
3.0843853749518890250413960529840551316738e-01
7.2502015623277893396902982203755527734756e-01
8.2483431887031477547367330771521665155888e-01
4.2956449842822158613486749345611315220594e-01
6.3126113762049329558578847354510799050331e-01
4.2747869757441192550828645835281349718571e-01
7.1512221478545034969442895089741796255112e-01
7.9925060750957066524335914436960592865944e-01
8.6731969938886499527086471061920747160912e-01
7.5888007080730668363344193494413048028946e-01
4.5847258960348374889903766415955033153296e-01
4.2747869757441364635397462734545115381479e-01
9.5499760305249481451284054855932481586933e-01
4.2747869757441364635397462734545115381479e-01
1.0000000000000000000000000000000000000000e+00
7.0857929261040264456994464126182720065117e-01
8.0478052786447151767390550958225503563881e-01
4.2747869757441364635397462734545115381479e-01
8.6657947948282210148818194284103810787201e-01
1.0000000000000000000000000000000000000000e+00
0.0000000000000000000000000000000000000000e+00
1.0000000000000000000000000000000000000000e+00
1.0000000000000000000000000000000000000000e+00
8.0485107951391232639082318200962617993355e-01
7.0374087063708534728334598185028880834579e-01
1.0000000000000000000000000000000000000000e+00
8.2198599581986364626118302112445235252380e-01
1.0000000000000000000000000000000000000000e+00
7.2573011100011775020846016559517011046410e-01
1.0000000000000000000000000000000000000000e+00
1.0000000000000000000000000000000000000000e+00
4.5186427397425199536939999234164133667946e-01
1.0000000000000000000000000000000000000000e+00
5.5553097558894637408855032845167443156242e-01
1.0000000000000000000000000000000000000000e+00
0.0000000000000000000000000000000000000000e+00
8.4920453578111398940109211253002285957336e-01
5.7321165230678894353388841409469023346901e-01
6.2160498330546976042398910067277029156685e-01
7.7028098888848339775847762211924418807030e-01
2.9648509214947138534768100726068951189518e-01
2.0580032736977882379392212897073477506638e-01
5.6149131557155729232988505827961489558220e-01
1.0000000000000000000000000000000000000000e+00
2.8797432867313743631854094928712584078312e-01
3.5662496035539076322251617057190742343664e-01
3.2847766827630148211980554151523392647505e-01
6.7325146949666103690645968526951037347317e-01
5.2239908715711125264391512246220372617245e-01
1.8012846873056526098011431713530328124762e-01
6.0433144952906725499985896021826192736626e-01
8.6899453206220145240479268977651372551918e-01
1.0000000000000000000000000000000000000000e+00
6.7242325736001051783574666842469014227390e-01
1.4640815008667659724572729373903712257743e-01
4.6734841154990575118333140380855184048414e-01
5.7416953493808331465686478622956201434135e-01
6.5189095984125389193764021911192685365677e-01
6.3126113762049329558578847354510799050331e-01
1.4048594015624638053907347057247534394264e-01
5.7416953493808331465686478622956201434135e-01
8.0412139808832772125413157482398673892021e-01
8.5043085249945515879943513937178067862988e-01
8.7952028428056472364460205426439642906189e-01
2.4465779739495163713769443347700871527195e-01
2.7116645868729138957320401459583081305027e-01
4.2839566590988331640232900099363178014755e-01
3.0346213642513669705991219416318926960230e-01
3.5891907943932022106992008048109710216522e-01
5.7416953493808331465686478622956201434135e-01
7.3191242899800890153727550568873994052410e-01
4.2747869757441364635397462734545115381479e-01
5.4939573352441806175505689679994247853756e-01
4.2839566590988731320521765155717730522156e-01
1.7999753960857282908403220744730788283050e-02
2.5913429393485698515320336809963919222355e-01
1.6173121584062999378517133663990534842014e-01
0.0000000000000000000000000000000000000000e+00
0.0000000000000000000000000000000000000000e+00
0.0000000000000000000000000000000000000000e+00
1.6646660126823190073430680513411061838269e-01
3.8291439406787874943915994663257151842117e-01
3.0787788501922946915456691385770682245493e-01
0.0000000000000000000000000000000000000000e+00
8.3524129735908156368928700885589933022857e-02
9.0153125837949578402774619689807877875865e-03
3.8174546684485838321521100624522659927607e-01
6.7798943611515217338991945439374831039459e-03
0.0000000000000000000000000000000000000000e+00
2.3098662999388536176681441247637849301100e-01
3.0843853749518890250413960529840551316738e-01
4.2747869757441364635397462734545115381479e-01
0.0000000000000000000000000000000000000000e+00
1.4640815008667659724572729373903712257743e-01
1.7999753960857282908403220744730788283050e-02
0.0000000000000000000000000000000000000000e+00
2.5913429393485698515320336809963919222355e-01
1.6173121584062999378517133663990534842014e-01
0.0000000000000000000000000000000000000000e+00
0.0000000000000000000000000000000000000000e+00
0.0000000000000000000000000000000000000000e+00
1.6646660126823190073430680513411061838269e-01
3.8291439406787874943915994663257151842117e-01
3.0787788501922946915456691385770682245493e-01
0.0000000000000000000000000000000000000000e+00
8.3524129735908156368928700885589933022857e-02
9.0153125837949578402774619689807877875865e-03
3.8174546684485838321521100624522659927607e-01
6.7798943611515217338991945439374831039459e-03
0.0000000000000000000000000000000000000000e+00
2.3098662999388536176681441247637849301100e-01
3.0843853749518890250413960529840551316738e-01
4.2747869757441364635397462734545115381479e-01
0.0000000000000000000000000000000000000000e+00
1.4640815008667659724572729373903712257743e-01
1.7999753960857282908403220744730788283050e-02
0.0000000000000000000000000000000000000000e+00
0.0000000000000000000000000000000000000000e+00
2.5913429393485698515320336809963919222355e-01
1.6173121584062999378517133663990534842014e-01
0.0000000000000000000000000000000000000000e+00
0.0000000000000000000000000000000000000000e+00
0.0000000000000000000000000000000000000000e+00
1.6646660126823190073430680513411061838269e-01
3.8291439406787874943915994663257151842117e-01
3.0787788501922946915456691385770682245493e-01
0.0000000000000000000000000000000000000000e+00
8.3524129735908156368928700885589933022857e-02
9.0153125837949578402774619689807877875865e-03
3.8174546684485838321521100624522659927607e-01
6.7798943611515217338991945439374831039459e-03
0.0000000000000000000000000000000000000000e+00
2.3098662999388536176681441247637849301100e-01
3.0843853749518890250413960529840551316738e-01
4.2747869757441364635397462734545115381479e-01
0.0000000000000000000000000000000000000000e+00
1.4640815008667659724572729373903712257743e-01
1.7999753960857282908403220744730788283050e-02
0.0000000000000000000000000000000000000000e+00
0.0000000000000000000000000000000000000000e+00
0.0000000000000000000000000000000000000000e+00
9.5141316575741825545264873653650283813477e+01
1.0618238958705150665196015324909240007401e-01
