1
0
23
9.8072559876813936163841844972921535372734e-01
3.2803614811869724610104981366021092981100e-01
2.4763785738359059274138473938364768400788e-01
8.2966680354976052313986656372435390949249e-01
1.9684836428092417071056274835427757352591e-01
6.1833986660488804432134202215820550918579e-01
5.3650735438349239636579568468732759356499e-01
0.0000000000000000000000000000000000000000e+00
8.1654970573126417487941353101632557809353e-01
6.6865151789587840003292740220786072313786e-01
2.7218491844701669934991627997078467160463e-01
0.0000000000000000000000000000000000000000e+00
3.0858881561101197954499752995616290718317e-01
4.5516520624074596756969413036131300032139e-01
6.0717374451231154175445681175915524363518e-01
7.5910087759694477860250572121003642678261e-01
0.0000000000000000000000000000000000000000e+00
7.7802950625380429272581750410608947277069e-01
8.8957407470442950714328844696865417063236e-01
3.1161369076201272942938658161438070237637e-01
5.1054085518752811978515637747477740049362e-01
1.4536830314702137156857020272582303732634e-01
1.4443664019967278333567151094030123203993e-01
6.8820826738460161298149841968552209436893e-01
7.4162559030388019998270010546548292040825e-01
4.3050445046420054984182002044690307229757e-01
6.2277024936818858869003179279388859868050e-01
6.8028268952158810201069627510150894522667e-01
5.5197261092293226081295642870827578008175e-01
3.7091497935462136581463710172101855278015e-01
6.8820826738460161298149841968552209436893e-01
1.0000000000000000000000000000000000000000e+00
5.2682052230140052895279723088606260716915e-01
7.6804784451079288754016261009383015334606e-01
7.2913564663002394805602079941309057176113e-01
8.3843421306341325838218381250044330954552e-01
6.8820826738460161298149841968552209436893e-01
2.9781731040016062861397472261160146445036e-01
1.0000000000000000000000000000000000000000e+00
5.0676416974596594222646217531291767954826e-01
6.9667359288034880204776300161029212176800e-01
1.0000000000000000000000000000000000000000e+00
1.1465926686316890714678606855159159749746e-01
6.4898782734570037433741163113154470920563e-01
7.6757926717122648696545184066053479909897e-01
6.8820826738460194604840580723248422145844e-01
0.0000000000000000000000000000000000000000e+00
6.1833986660489237419113806026871316134930e-01
5.2014659638236615535333839943632483482361e-01
1.1156230284547780096104929725697729736567e-01
6.0229330681936077418470176780829206109047e-01
5.2326887376395081474811377120204269886017e-01
3.7653677515487171678643107952666468918324e-01
6.1858399597331414909717750560957938432693e-01
4.3327635365030658931573270820081233978271e-01
5.7329237781380382177331966886413283646107e-01
8.2110415156896182642398684947693254798651e-02
6.0295976577889376368801777061889879405499e-01
6.2014517130303237202326727128820493817329e-01
4.6252060781308318437865523264918010681868e-01
6.2277024936818858869003179279388859868050e-01
1.9549115635321954488612394840174601995386e-03
3.5364540660332061117188118259946350008249e-01
7.4144662567974717326535483152838423848152e-01
7.3881386806082516294225115416338667273521e-01
8.8267370449474980009796354352147318422794e-01
8.2110415156896474075942649051285116001964e-02
1.9549115635321954488612394840174601995386e-03
7.3378375489239211493242009964887984097004e-01
7.8308470381500305812494389101630076766014e-01
4.0071400766276110694263934419723227620125e-01
5.6543145803715044728221528202993795275688e-01
3.7439517321291626572588029375765472650528e-01
3.7653677515487171678643107952666468918324e-01
4.8991205474720678214595181998447515070438e-01
4.7904563138393824184291247547662351280451e-01
5.0676416974596327769120307493722066283226e-01
9.4332369833943641168616522918455302715302e-01
5.3923634134752951307945068037952296435833e-01
3.7439517321291626572588029375765472650528e-01
2.7706743756451190918710381083656102418900e-01
2.6456296504395937496667556843021884560585e-01
6.4134080779091762192223313832073472440243e-01
1.0000000000000000000000000000000000000000e+00
7.9640234475786819690057427578722126781940e-01
2.8102353891373160754696414187492337077856e-01
1.0000000000000000000000000000000000000000e+00
6.2198152709900988988067638274515047669411e-01
5.8477205852142499775681017126771621406078e-01
2.8663408696439729439475740946363657712936e-01
3.7546024895106161478608441939286421984434e-01
3.7439517321291626572588029375765472650528e-01
1.3513800652887705995575107209560883347876e-03
9.3392636166836595634777040686458349227905e-01
5.7205058815725073895208652174915187060833e-01
7.8764859328846381636424212047131732106209e-01
7.8764859328846381636424212047131732106209e-01
4.6522506022257253954776956561545375734568e-01
5.8477124825768078686394346732413396239281e-01
9.4360662648813531383495956106344237923622e-01
6.8820826738458829030520291780703701078892e-01
2.6859159729863207877187392114137765020132e-01
2.3423590000375119068998230886791134253144e-01
2.4131930872322668313323390520963585004210e-01
7.6414714725218790825067571859108284115791e-01
4.6522506022256870927833460882538929581642e-01
0.0000000000000000000000000000000000000000e+00
6.0737613162556880475051457324298098683357e-01
7.5842724551189344417423399136168882250786e-01
5.4447909956922424523639847393496893346310e-01
3.4027045268705385927532347523083444684744e-01
1.0000000000000000000000000000000000000000e+00
8.9224708022545373697909099064418114721775e-01
6.6808337248705873534504462440963834524155e-01
6.7928593283604565833400101837469264864922e-01
5.0676416974596327769120307493722066283226e-01
2.7330798616635909592531561429495923221111e-01
7.3031694988557926961902921902947127819061e-01
7.3134971866385933836340882407967001199722e-01
7.0863341430789006381019135005772113800049e-01
7.3134971866385933836340882407967001199722e-01
2.4196407426927207806599540163006167858839e-01
5.6047884537925363179766691246186383068562e-01
9.7016355240473839405268563496065326035023e-01
3.1161369076201272942938658161438070237637e-01
5.6543145803715044728221528202993795275688e-01
5.9358715892806246383628376861452125012875e-01
4.8676725697694839256612908684473950415850e-01
5.4634612195740706042101919592823833227158e-01
8.6370872493332606634197645689710043370724e-01
8.9851887861411772195907587956753559410572e-01
9.1006582008739256295370978477876633405685e-01
5.0037206885477192308542271348414942622185e-01
5.0711701725687163833100612464477308094501e-01
5.7595683678874387556589908854220993816853e-01
8.3521756037845107378814191179117187857628e-01
5.0037206885477258921923748857807368040085e-01
3.1161369076201272942938658161438070237637e-01
7.1687446403720778143053848907584324479103e-01
8.1445015962298250578044189751381054520607e-01
4.3050445046420054984182002044690307229757e-01
6.2709677534830299272528009169036522507668e-01
4.5055181954628120699624105327529832720757e-01
7.2215201029237907626168180286185815930367e-01
7.8479189729711940071155140685732476413250e-01
8.7917315921613881091190023653325624763966e-01
7.9816246228554854624803738261107355356216e-01
4.5379957412661942051101959805237129330635e-01
4.3050445046420054984182002044690307229757e-01
9.5646476022594639765372903639217838644981e-01
4.3128491830381743277200712327612563967705e-01
1.0000000000000000000000000000000000000000e+00
6.9769408731839666071294914218015037477016e-01
8.1690548742569046858363890351029112935066e-01
4.3050445046420054984182002044690307229757e-01
8.2077806444684664466393542170408181846142e-01
1.0000000000000000000000000000000000000000e+00
0.0000000000000000000000000000000000000000e+00
1.0000000000000000000000000000000000000000e+00
1.0000000000000000000000000000000000000000e+00
7.9626581270073115703667099296581000089645e-01
7.0259939844366814387655040263780392706394e-01
1.0000000000000000000000000000000000000000e+00
8.4609111057804264888204670569393783807755e-01
1.0000000000000000000000000000000000000000e+00
7.3417866187780778108873391829547472298145e-01
1.0000000000000000000000000000000000000000e+00
1.0000000000000000000000000000000000000000e+00
4.4304488587360013607252540168701671063900e-01
1.0000000000000000000000000000000000000000e+00
5.0319147481721770986951014492660760879517e-01
1.0000000000000000000000000000000000000000e+00
0.0000000000000000000000000000000000000000e+00
8.5110014587357551985036252517602406442165e-01
5.9139622683966619476336745719891041517258e-01
6.1833986660488771125443463461124338209629e-01
7.6804784451079288754016261009383015334606e-01
3.8429827207919325937623966638057027012110e-01
1.7794894982576092701265224604867398738861e-01
5.5539684737508820955298460830817930400372e-01
1.0000000000000000000000000000000000000000e+00
2.9073792024901079500409650790970772504807e-01
3.4887407018434224426073342328891158103943e-01
3.2143967417890040305650245500146411359310e-01
6.6469800798919376205731168738566339015961e-01
4.9769049065632203765474628198717255145311e-01
1.6994135885419683895669606954470509663224e-01
5.8303701761083692733933503404841758310795e-01
8.6370872493331052321963170470553450286388e-01
1.0000000000000000000000000000000000000000e+00
6.6469800798919487228033631254220381379128e-01
1.2293094910184537704722629314346704632044e-01
4.6438720682218254109940858143090736120939e-01
5.7372995675629967493591720995027571916580e-01
6.3245177027536125802242850113543681800365e-01
6.2565087470113467382759608881315216422081e-01
2.0183025881946248247800212993752211332321e-01
5.6464271733758530924518481697305105626583e-01
7.9110390615309034156865664044744335114956e-01
8.3843421306341303633757888746913522481918e-01
8.9862950585734169273166571656474843621254e-01
2.3423590000375119068998230886791134253144e-01
2.7167011029957099932374831041670404374599e-01
4.2830635491113205892688142739643808454275e-01
2.8663408696439485190410323411924764513969e-01
3.5450126742519255662600130563077982515097e-01
5.8303701761083603916091533392318524420261e-01
7.3308329768199609333123589749448001384735e-01
4.3050445046420054984182002044690307229757e-01
5.8675343870700691351061095701879821717739e-01
4.3652656062886069365802654829167295247316e-01
2.0922154017185137092615931919681315775961e-02
2.4763785738359059274138473938364768400788e-01
1.9684836428092417071056274835427757352591e-01
0.0000000000000000000000000000000000000000e+00
0.0000000000000000000000000000000000000000e+00
0.0000000000000000000000000000000000000000e+00
1.4443664019967278333567151094030123203993e-01
3.7091497935462136581463710172101855278015e-01
2.9781731040016062861397472261160146445036e-01
0.0000000000000000000000000000000000000000e+00
8.2110415156896182642398684947693254798651e-02
1.9549115635321954488612394840174601995386e-03
3.7439517321291626572588029375765472650528e-01
1.3513800652887705995575107209560883347876e-03
0.0000000000000000000000000000000000000000e+00
2.4196407426927207806599540163006167858839e-01
3.1161369076201272942938658161438070237637e-01
4.3050445046420054984182002044690307229757e-01
0.0000000000000000000000000000000000000000e+00
1.2293094910184537704722629314346704632044e-01
2.0922154017185137092615931919681315775961e-02
0.0000000000000000000000000000000000000000e+00
2.4763785738359059274138473938364768400788e-01
1.9684836428092417071056274835427757352591e-01
2.0922154017185137092615931919681315775961e-02
2.0922154017185137092615931919681315775961e-02
2.0922154017185137092615931919681315775961e-02
1.4443664019967278333567151094030123203993e-01
3.7091497935462136581463710172101855278015e-01
2.9781731040016062861397472261160146445036e-01
2.0922154017185137092615931919681315775961e-02
8.2110415156896182642398684947693254798651e-02
2.0922154017185137092615931919681315775961e-02
3.7439517321291626572588029375765472650528e-01
2.0922154017185137092615931919681315775961e-02
2.0922154017185137092615931919681315775961e-02
2.4196407426927207806599540163006167858839e-01
3.1161369076201272942938658161438070237637e-01
4.3050445046420054984182002044690307229757e-01
2.0922154017185137092615931919681315775961e-02
1.2293094910184537704722629314346704632044e-01
2.0922154017185137092615931919681315775961e-02
2.0922154017185137092615931919681315775961e-02
2.0922154017185137092615931919681315775961e-02
2.4763785738359059274138473938364768400788e-01
1.9684836428092417071056274835427757352591e-01
1.3513800652887705995575107209560883347876e-03
1.3513800652887705995575107209560883347876e-03
1.3513800652887705995575107209560883347876e-03
1.4443664019967278333567151094030123203993e-01
3.7091497935462136581463710172101855278015e-01
2.9781731040016062861397472261160146445036e-01
1.3513800652887705995575107209560883347876e-03
8.2110415156896182642398684947693254798651e-02
1.9549115635321954488612394840174601995386e-03
3.7439517321291626572588029375765472650528e-01
1.3513800652887705995575107209560883347876e-03
1.3513800652887705995575107209560883347876e-03
2.4196407426927207806599540163006167858839e-01
3.1161369076201272942938658161438070237637e-01
4.3050445046420054984182002044690307229757e-01
1.3513800652887705995575107209560883347876e-03
1.2293094910184537704722629314346704632044e-01
2.0922154017185137092615931919681315775961e-02
1.3513800652887705995575107209560883347876e-03
2.0922154017185137092615931919681315775961e-02
1.3513800652887705995575107209560883347876e-03
9.3554793816303558173785859253257513046265e+01
1.0717452969877301616197229350291308946908e-01
