1
0
23
1.0000000000000000000000000000000000000000e+00
3.3034157317967377531786610234121326357126e-01
2.2690137209890184899485632286086911335588e-01
8.2395899414802364901788678253069519996643e-01
2.3774671914515099757636562571860849857330e-01
5.9575795598032865729720697345328517258167e-01
5.4931849532906484867567087349016219377518e-01
3.2842428128581867274871086692655808292329e-02
8.2395899414802364901788678253069519996643e-01
6.7270471288623601147094177576946094632149e-01
2.9860893468319538168742610650951974093914e-01
0.0000000000000000000000000000000000000000e+00
3.0795247735291431112614191079046577215195e-01
4.0109332515486995074383003156981430947781e-01
6.7127685460877350998032397910719737410545e-01
7.3772872283657064951256643325905315577984e-01
0.0000000000000000000000000000000000000000e+00
7.4168384431439482451509093152708373963833e-01
9.4318376439905382557782331787166185677052e-01
3.4124754695989573116676751851628068834543e-01
4.8553729426905589683371999853989109396935e-01
1.8078205400414748549309251757222227752209e-01
4.1086200912936486628890264682922861538827e-02
6.9455563993003754941213401252753101289272e-01
7.7332592939400490728019121888792142271996e-01
4.5671842894374253818412512373470235615969e-01
6.2213533114612040719748620176687836647034e-01
6.8129329764202184449572996527422219514847e-01
5.1456975019475070798335991639760322868824e-01
3.3955101937945408874242048113956116139889e-01
6.9455563993003754941213401252753101289272e-01
1.0000000000000000000000000000000000000000e+00
5.3480019745421647492378269816981628537178e-01
7.7699872175187412182140178629197180271149e-01
7.1557648533462780982006279373308643698692e-01
8.4320531628553041514351207297295331954956e-01
6.9455563993003754941213401252753101289272e-01
3.2499700548719778758766096871113404631615e-01
1.0000000000000000000000000000000000000000e+00
5.3706005386289823455570058285957202315331e-01
6.2913171671214063174204511597054079174995e-01
9.2795567219115171475607439788291230797768e-01
6.6754139340498286347980183563777245581150e-02
5.2457400027050571367226439178921282291412e-01
7.6020579978772828688704521482577547430992e-01
6.9455563993003754941213401252753101289272e-01
0.0000000000000000000000000000000000000000e+00
6.0456225553065834343868800715426914393902e-01
5.2534484097071709740589540160726755857468e-01
8.3110955999705318775205853398801991716027e-02
6.0896499975950979521854833365068770945072e-01
5.1779616970466202374723252432886511087418e-01
4.1728120162138071513879822305170819163322e-01
6.0456225553065379152428704401245340704918e-01
4.4084293358749732094636897272721398621798e-01
6.1756951203135113104281117557547986507416e-01
7.2424390605703686807359531485417392104864e-02
6.0456225553065834343868800715426914393902e-01
6.5623564744233597867406615478103049099445e-01
4.3353236512861403895158218801952898502350e-01
6.2213533114612040719748620176687836647034e-01
1.5779952970553901003825103543931618332863e-02
3.6318910276670962611333948188985232263803e-01
7.9513432518134552484667665339657105505466e-01
7.8882672558666389051040823687799274921417e-01
9.2795567219115171475607439788291230797768e-01
7.2424390605703686807359531485417392104864e-02
1.5779952970553901003825103543931618332863e-02
7.3413833599763067550014739026664756238461e-01
7.7006871179448355135832571249920874834061e-01
4.0275932752067267195172917126910760998726e-01
5.6765245570524358598163416900206357240677e-01
3.5486425337926102985264265043952036648989e-01
3.6920038722112619167248226403899025171995e-01
4.5924773555120906864956964454904664307833e-01
4.7644202692524906250781668859417550265789e-01
5.2850858978261872067605509073473513126373e-01
8.8560627385180201720515924534993246197701e-01
6.1717013970790890464712674656766466796398e-01
3.5486425337926102985264265043952036648989e-01
2.6634056158300684069573094348015729337931e-01
2.7668667842709976367743252012587618082762e-01
7.0803605222858956302900423906976357102394e-01
1.0000000000000000000000000000000000000000e+00
8.7244001825157757590289975269115529954433e-01
2.6417178088134718461077454776386730372906e-01
1.0000000000000000000000000000000000000000e+00
5.9604314032969629710834169600275345146656e-01
6.2892709592759754588797704855096526443958e-01
2.6523310020668067199522965893265791237354e-01
3.4642720451502651002329002949409186840057e-01
3.5486425337926102985264265043952036648989e-01
1.7160379200708231195449116057716310024261e-02
9.5214209910916158818849908129777759313583e-01
5.4931849532906484867567087349016219377518e-01
7.9240142905799093586693970792111940681934e-01
7.9240142905799093586693970792111940681934e-01
4.5594275749852641865800251252949237823486e-01
6.2951266260589677781212003537802956998348e-01
1.0000000000000000000000000000000000000000e+00
6.1933815602473296646479639093740843236446e-01
3.0143630677672811346567982582200784236193e-01
2.3970462582320140043634637549985200166702e-01
2.6136792083899074157216091407462954521179e-01
7.6538443916498388741587177719338797032833e-01
4.5594275749852641865800251252949237823486e-01
0.0000000000000000000000000000000000000000e+00
6.0456225553065834343868800715426914393902e-01
7.7181421862403098987925886831362731754780e-01
5.5809040151526922990399270929628983139992e-01
3.6695790994341676016787801017926540225744e-01
1.0000000000000000000000000000000000000000e+00
7.8835510411422793364266681237495504319668e-01
6.6565698750994817256554370032972656190395e-01
6.8700644050166403964396977244177833199501e-01
5.2850858978261872067605509073473513126373e-01
3.2027682817795299907714934306568466126919e-01
7.0518897295435212235759081522701308131218e-01
7.3413833599763067550014739026664756238461e-01
6.8700644050166093101950082200346514582634e-01
7.0534597095413698042420946876518428325653e-01
2.4218223468732780201406740161473862826824e-01
5.6232862784320447602226522576529532670975e-01
1.0000000000000000000000000000000000000000e+00
3.3680475854200464524978997360449284315109e-01
5.6765245570524325291472678145510144531727e-01
6.0339649722953003774250646529253572225571e-01
4.8574358553870539134678097070718649774790e-01
5.6948230758497053738409476864035241305828e-01
8.5140769790448034282093203728436492383480e-01
9.0202754340142232702959290691069327294827e-01
9.8227899320852807285575636342400684952736e-01
5.6995487329956273647724174225004389882088e-01
5.2087156864369155151450740959262475371361e-01
5.9083176057668940206468732867506332695484e-01
9.3103319324223077213531496454379521310329e-01
5.0082606956317832214153895620256662368774e-01
3.3680475854200464524978997360449284315109e-01
7.3281607793238201509211648954078555107117e-01
8.1650496527359406329082958109211176633835e-01
4.5671842894374253818412512373470235615969e-01
6.4686987026517994703311842386028729379177e-01
5.0367870133989656178385985185741446912289e-01
7.2442018102773719778753047648933716118336e-01
7.7332592939400479625788875637226738035679e-01
8.6685058736418696412329154554754495620728e-01
7.8101371407251862777343376365024596452713e-01
4.6563817505267424134984821648686192929745e-01
4.5671842894374170551685665486729703843594e-01
9.6373601030010791479440968032577075064182e-01
4.5671842894374253818412512373470235615969e-01
1.0000000000000000000000000000000000000000e+00
6.8700644050166526088929686011397279798985e-01
8.1381962906151406045296425872948020696640e-01
4.5671842894374253818412512373470235615969e-01
7.4823613930779009351113018055912107229233e-01
1.0000000000000000000000000000000000000000e+00
3.2842428128581867274871086692655808292329e-02
9.8270437004145572146285303460899740457535e-01
1.0000000000000000000000000000000000000000e+00
7.2484190646548207759281012840801849961281e-01
7.2408025277662002583412004241836257278919e-01
1.0000000000000000000000000000000000000000e+00
8.5408613319231607707848752397694624960423e-01
1.0000000000000000000000000000000000000000e+00
7.3400099167929599985882305190898478031158e-01
1.0000000000000000000000000000000000000000e+00
1.0000000000000000000000000000000000000000e+00
4.5594275749852641865800251252949237823486e-01
1.0000000000000000000000000000000000000000e+00
5.2901151056806261507858835102524608373642e-01
1.0000000000000000000000000000000000000000e+00
0.0000000000000000000000000000000000000000e+00
8.6387922500912694978580930182943120598793e-01
5.5633816049889028843011828939779661595821e-01
5.9575795598032865729720697345328517258167e-01
7.7699872175187412182140178629197180271149e-01
3.7397255258758299589771922910585999488831e-01
1.7946408790961237977867881454585585743189e-01
5.5481377694290656688025364928762428462505e-01
1.0000000000000000000000000000000000000000e+00
2.7004259533767827061723210135824047029018e-01
3.9715614282100530907371194189181551337242e-01
3.2187780951057459732922438888635952025652e-01
6.3469051549040678139590454520657658576965e-01
5.2721513959028298845765903024584986269474e-01
1.3003828071407108613044556477689184248447e-01
5.6513913193486597918990810285322368144989e-01
8.3213406077727825049805687740445137023926e-01
1.0000000000000000000000000000000000000000e+00
6.3137141665318108341153902074438519775867e-01
1.1120528865681511554441840416984632611275e-01
4.8695346677282780323281485834741033613682e-01
5.9516821674947395504062797044753096997738e-01
6.7013220738259804409864273111452348530293e-01
6.3385905023890209974979370599612593650818e-01
2.9480526350718827544028499687556177377701e-01
5.6513913193486631225681549040018580853939e-01
7.7007147460782410242075002315687015652657e-01
7.8882672558666389051040823687799274921417e-01
8.3477054889879598320590048388112336397171e-01
2.2326273027765525247545497222745325416327e-01
2.7194160910430176247842837256030179560184e-01
4.1993188924991226018690326782234478741884e-01
2.5601704384130663516572212756727822124958e-01
3.5357017203941976113412692939164116978645e-01
5.6513913193486631225681549040018580853939e-01
7.7007147460782343628693524806294590234756e-01
4.5671842894374253818412512373470235615969e-01
5.4525242272752905137167545035481452941895e-01
4.3112048280197701188853898202069103717804e-01
9.4815156281084101569378574936308723408729e-03
2.2690137209890184899485632286086911335588e-01
2.3774671914515099757636562571860849857330e-01
3.2842428128581867274871086692655808292329e-02
0.0000000000000000000000000000000000000000e+00
0.0000000000000000000000000000000000000000e+00
4.1086200912936486628890264682922861538827e-02
3.3955101937945408874242048113956116139889e-01
3.2499700548719778758766096871113404631615e-01
0.0000000000000000000000000000000000000000e+00
7.2424390605703686807359531485417392104864e-02
1.5779952970553901003825103543931618332863e-02
3.5486425337926102985264265043952036648989e-01
1.7160379200708231195449116057716310024261e-02
0.0000000000000000000000000000000000000000e+00
2.4218223468732780201406740161473862826824e-01
3.3680475854200464524978997360449284315109e-01
4.5671842894374253818412512373470235615969e-01
0.0000000000000000000000000000000000000000e+00
1.1120528865681511554441840416984632611275e-01
9.4815156281084101569378574936308723408729e-03
0.0000000000000000000000000000000000000000e+00
2.2690137209890184899485632286086911335588e-01
2.3774671914515099757636562571860849857330e-01
3.2842428128581867274871086692655808292329e-02
0.0000000000000000000000000000000000000000e+00
0.0000000000000000000000000000000000000000e+00
4.1086200912936486628890264682922861538827e-02
3.3955101937945408874242048113956116139889e-01
3.2499700548719778758766096871113404631615e-01
0.0000000000000000000000000000000000000000e+00
7.2424390605703686807359531485417392104864e-02
1.5779952970553901003825103543931618332863e-02
3.5486425337926102985264265043952036648989e-01
1.7160379200708231195449116057716310024261e-02
0.0000000000000000000000000000000000000000e+00
2.4218223468732780201406740161473862826824e-01
3.3680475854200464524978997360449284315109e-01
4.5671842894374253818412512373470235615969e-01
0.0000000000000000000000000000000000000000e+00
1.1120528865681511554441840416984632611275e-01
9.4815156281084101569378574936308723408729e-03
0.0000000000000000000000000000000000000000e+00
0.0000000000000000000000000000000000000000e+00
2.2690137209890184899485632286086911335588e-01
2.3774671914515099757636562571860849857330e-01
3.2842428128581867274871086692655808292329e-02
0.0000000000000000000000000000000000000000e+00
0.0000000000000000000000000000000000000000e+00
4.1086200912936486628890264682922861538827e-02
3.3955101937945408874242048113956116139889e-01
3.2499700548719778758766096871113404631615e-01
0.0000000000000000000000000000000000000000e+00
7.2424390605703686807359531485417392104864e-02
1.5779952970553901003825103543931618332863e-02
3.5486425337926102985264265043952036648989e-01
1.7160379200708231195449116057716310024261e-02
0.0000000000000000000000000000000000000000e+00
2.4218223468732780201406740161473862826824e-01
3.3680475854200464524978997360449284315109e-01
4.5671842894374253818412512373470235615969e-01
0.0000000000000000000000000000000000000000e+00
1.1120528865681511554441840416984632611275e-01
9.4815156281084101569378574936308723408729e-03
0.0000000000000000000000000000000000000000e+00
0.0000000000000000000000000000000000000000e+00
0.0000000000000000000000000000000000000000e+00
9.5371904825267037608682585414499044418335e+01
1.1346114381631260126237492613654467277229e-01
