1
0
23
9.4140637273441452048672317687305621802807e-01
3.5389702287001550962131091182527597993612e-01
1.8624905615382053580830756800423841923475e-01
8.3235948917048074857660822090110741555691e-01
3.2485971301997962346064241501153446733952e-01
6.8780084389773088471287110223784111440182e-01
6.5332513523257496057539128742064349353313e-01
2.1269636529381255596327093826403142884374e-01
7.9334520984901635287656063155736774206161e-01
6.5574645726570834902702245017280802130699e-01
4.6578996013289775124377456450019963085651e-01
5.3135210196071550048380061070929514244199e-02
4.6895904936049115363516648358199745416641e-01
4.9614784388318433627773629268631339073181e-01
7.5385470055913306186567979239043779671192e-01
1.0000000000000000000000000000000000000000e+00
0.0000000000000000000000000000000000000000e+00
7.4674800893585069339053461590083315968513e-01
8.0279946908695032359304377678199671208858e-01
3.9556763100411762579255992022808641195297e-01
4.9055408386114141006117961296695284545422e-01
4.7283802419817599904661165055586025118828e-01
8.5476691515251723707535802532220259308815e-02
7.2390182925876911390616896824212744832039e-01
8.2290795616438539017423181576305069029331e-01
5.9832693844124762438951847798307426273823e-01
6.5574645726570834902702245017280802130699e-01
7.9377916612825250020080147805856540799141e-01
5.7951818835839863375269942480372264981270e-01
4.5625835625643468285161929998139385133982e-01
7.2390182925876911390616896824212744832039e-01
9.8153162313917530212847850634716451168060e-01
6.8780084389773177289129080236307345330715e-01
7.9684536774844549888996425579534843564034e-01
6.1135125556496872079037530056666582822800e-01
7.9684536774844294537700761793530546128750e-01
7.5605501398590146955314139631809666752815e-01
2.4778694873083395577850751578807830810547e-01
1.0000000000000000000000000000000000000000e+00
5.3653338333255562453416587231913581490517e-01
6.3652401521959767194402957102283835411072e-01
7.9684536774844549888996425579534843564034e-01
1.8638558944626648639086852199397981166840e-01
5.1118912633298052572428105122526176273823e-01
6.3652401521959767194402957102283835411072e-01
7.6093087375068080291384831070899963378906e-01
0.0000000000000000000000000000000000000000e+00
6.3661811856015637633987580557004548609257e-01
6.5339112085876194235822822520276531577110e-01
3.7576115814997990138834893514285795390606e-01
6.2426882631951619018195742683019489049911e-01
6.3661811856015448896073394280392676591873e-01
3.7753004205387857838971399360161740332842e-01
7.2684662318595394392417574636056087911129e-01
5.4429036515673645535429159281193278729916e-01
1.0000000000000000000000000000000000000000e+00
2.6909421002539246625673285961966030299664e-01
6.3863553979675857785736070582061074674129e-01
6.8252870000168275321783539766329340636730e-01
5.9320708779164932344940552866319194436073e-01
7.0109605441614253340532059155520983040333e-01
1.3894985412362925725204831906012259423733e-01
4.4667484900010762105537764909968245774508e-01
8.8841373600981854430358453100780025124550e-01
7.9684536774844549888996425579534843564034e-01
8.8443002244277435508479356940370053052902e-01
2.6909421002539501976968949747970327734947e-01
1.3894985412362925725204831906012259423733e-01
7.5333839130739743694675780716352164745331e-01
7.5333839130739743694675780716352164745331e-01
6.2093014081995245856404608275624923408031e-01
7.1287314879045837745508151783724315464497e-01
5.6776167522178078161942949009244330227375e-01
3.7753004205387857838971399360161740332842e-01
5.5428297535505721693738223621039651334286e-01
5.9900196332432620316410520899808034300804e-01
5.3653338333255617964567818489740602672100e-01
9.5481239745585133604777183791156858205795e-01
7.5591461167448859015394191374070942401886e-01
3.7753004205387857838971399360161740332842e-01
3.0620136736590386483669590234057977795601e-01
3.6065130055708560785632244005682878196239e-01
6.6290235164896094133268888981547206640244e-01
1.0000000000000000000000000000000000000000e+00
1.0000000000000000000000000000000000000000e+00
4.5136951382481660388634736591484397649765e-01
1.0000000000000000000000000000000000000000e+00
6.4848266084640315831677526148268952965736e-01
5.9651913142076951057646283516078256070614e-01
4.5002514467445187129612804710632190108299e-01
4.1936073401343554323261741956230252981186e-01
3.7753004205387857838971399360161740332842e-01
3.0620136736590386483669590234057977795601e-01
9.1484335420128493066016517332172952592373e-01
6.7213388531542395121221034059999510645866e-01
8.3857903499233676924973224231507629156113e-01
7.5377107636433082760163415514398366212845e-01
5.6054140200591273668351277592591941356659e-01
6.4733279195649073844975873726070858538151e-01
1.0000000000000000000000000000000000000000e+00
6.4694993226501884553414356560097075998783e-01
3.9187994197169495613763956498587504029274e-01
4.8878308922987667717308113424223847687244e-01
3.9187994197169490062648833372804801911116e-01
7.5339442796031874660656058040331117808819e-01
5.3062428299163588718556638923473656177521e-01
0.0000000000000000000000000000000000000000e+00
6.5663890879858000104718485090415924787521e-01
8.3235948917048074857660822090110741555691e-01
6.7066948470588971797923250051098875701427e-01
5.9031517189022253422336916628410108387470e-01
1.0000000000000000000000000000000000000000e+00
9.0843582089707053395244429339072667062283e-01
7.4952019756996746124855235393624752759933e-01
7.6012990416800618742598771859775297343731e-01
6.1325948266226404381740167082170955836773e-01
6.1325948266226404381740167082170955836773e-01
7.5591461167448859015394191374070942401886e-01
7.5333839130739743694675780716352164745331e-01
9.0758077298426742540726763763814233243465e-01
7.1539532282515194694383353635203093290329e-01
4.3736022034676447223233708427869714796543e-01
5.3281848714892510177065787502215243875980e-01
9.8137041142381942204764300186070613563061e-01
4.7332319629875652111650197184644639492035e-01
5.9131777759988068954299933466245420277119e-01
6.6594457823727681855530136090237647294998e-01
4.9616937597583804508971638824732508510351e-01
6.2703063547067050542693777970271185040474e-01
7.6012990416800618742598771859775297343731e-01
6.9364281431651508835756203552591614425182e-01
8.9068146377740320396299011918017640709877e-01
6.2703063547067050542693777970271185040474e-01
5.4441131143953158666448643998592160642147e-01
6.3908011111887985666868416956276632845402e-01
9.9064303586976532045582644059322774410248e-01
5.9031517189023030578454154237988404929638e-01
4.0571814635697833750782592687755823135376e-01
6.6113729776654683867320727586047723889351e-01
8.6451267389761299320127818646142259240150e-01
5.9832693844124762438951847798307426273823e-01
7.4421635741407932140845105095650069415569e-01
5.8268453926266028375380301440600305795670e-01
8.2072869480999777191954080990399233996868e-01
8.7885937117002033147628026199527084827423e-01
9.3306136760322311296533825952792540192604e-01
7.2855161225437081728983912398689426481724e-01
6.3661811856015726451829550569527782499790e-01
6.3495622223761805091868382078246213495731e-01
8.7497371385558442291596747963922098278999e-01
6.0867571189493907546363971050595864653587e-01
9.8387614106233312050164840911747887730598e-01
7.6012990416800618742598771859775297343731e-01
7.1176511561714250753141186578432098031044e-01
5.8268453926266028375380301440600305795670e-01
7.4670571640114258293863258586497977375984e-01
1.0000000000000000000000000000000000000000e+00
2.1269636529381255596327093826403142884374e-01
1.0000000000000000000000000000000000000000e+00
1.0000000000000000000000000000000000000000e+00
6.0371282141307858193357560594449751079082e-01
8.1366212778499502622508998683770187199116e-01
8.1800225697702477756223515825695358216763e-01
9.4887090452063271861504745174897834658623e-01
9.9702073280809833111248963177786208689213e-01
9.4944190322080657118419821927091106772423e-01
1.0000000000000000000000000000000000000000e+00
6.4949068253149544460711695137433707714081e-01
5.6054140200591295872811770095722749829292e-01
9.8155985804321521648319048836128786206245e-01
6.1420617317872627793917672534007579088211e-01
1.0000000000000000000000000000000000000000e+00
0.0000000000000000000000000000000000000000e+00
8.7736802118253898186139849713072180747986e-01
6.7842699806174466825581248485832475125790e-01
6.6290235164896094133268888981547206640244e-01
8.4608862662792450048954151498037390410900e-01
3.2632203765128620087665467508486472070217e-01
3.5296507787658581989376216370146721601486e-01
6.9697525648724212299356395305949263274670e-01
1.0000000000000000000000000000000000000000e+00
3.0856257569581208022313489891530480235815e-01
7.0178541946355699199244781993911601603031e-01
5.4614417286033623000207626319024711847305e-01
7.3134235780233247670167884280090220272541e-01
6.0408015866563036233571892807958647608757e-01
3.0913989459096252732095422288693953305483e-01
7.3134235780233280976858623034786432981491e-01
7.6012990416800618742598771859775297343731e-01
1.0000000000000000000000000000000000000000e+00
6.4253123979738524518268150131916627287865e-01
3.0856257569581208022313489891530480235815e-01
5.3281848714892510177065787502215243875980e-01
6.6455769636828287971752615703735500574112e-01
7.9684536774844294537700761793530546128750e-01
6.5574645726570834902702245017280802130699e-01
3.5020158425114555900137247590464539825916e-01
5.5541956980305073887649314201553352177143e-01
8.2290795616438539017423181576305069029331e-01
7.9684536774844294537700761793530546128750e-01
1.0000000000000000000000000000000000000000e+00
3.5020158425115177625031037678127177059650e-01
3.9440270410842409587459655995189677923918e-01
4.8598505675384284785423005814664065837860e-01
4.3048518942873259529591223326860927045345e-01
3.2806938623455617065616252148174680769444e-01
7.3227056155963343719861313729779794812202e-01
7.9667027057033212855685633257962763309479e-01
5.8268453926266028375380301440600305795670e-01
3.7553486943228253647220071798074059188366e-01
4.0458172363047473218955474294489249587059e-01
4.6991647909998594812019945266001741401851e-02
1.8624905615382053580830756800423841923475e-01
3.2485971301997962346064241501153446733952e-01
2.1269636529381255596327093826403142884374e-01
5.3135210196071550048380061070929514244199e-02
0.0000000000000000000000000000000000000000e+00
8.5476691515251723707535802532220259308815e-02
4.5625835625643468285161929998139385133982e-01
2.4778694873083395577850751578807830810547e-01
0.0000000000000000000000000000000000000000e+00
2.6909421002539246625673285961966030299664e-01
1.3894985412362925725204831906012259423733e-01
3.7753004205387857838971399360161740332842e-01
3.0620136736590386483669590234057977795601e-01
0.0000000000000000000000000000000000000000e+00
4.3736022034676447223233708427869714796543e-01
4.0571814635697833750782592687755823135376e-01
5.8268453926266028375380301440600305795670e-01
0.0000000000000000000000000000000000000000e+00
3.0856257569581208022313489891530480235815e-01
4.6991647909998594812019945266001741401851e-02
0.0000000000000000000000000000000000000000e+00
1.8624905615382053580830756800423841923475e-01
3.2485971301997962346064241501153446733952e-01
2.1269636529381255596327093826403142884374e-01
5.3135210196071550048380061070929514244199e-02
0.0000000000000000000000000000000000000000e+00
8.5476691515251723707535802532220259308815e-02
4.5625835625643468285161929998139385133982e-01
2.4778694873083395577850751578807830810547e-01
0.0000000000000000000000000000000000000000e+00
2.6909421002539246625673285961966030299664e-01
1.3894985412362925725204831906012259423733e-01
3.7753004205387857838971399360161740332842e-01
3.0620136736590386483669590234057977795601e-01
0.0000000000000000000000000000000000000000e+00
4.3736022034676447223233708427869714796543e-01
4.0571814635697833750782592687755823135376e-01
5.8268453926266028375380301440600305795670e-01
0.0000000000000000000000000000000000000000e+00
3.0856257569581208022313489891530480235815e-01
4.6991647909998594812019945266001741401851e-02
0.0000000000000000000000000000000000000000e+00
0.0000000000000000000000000000000000000000e+00
1.8624905615382053580830756800423841923475e-01
3.2485971301997962346064241501153446733952e-01
2.1269636529381255596327093826403142884374e-01
5.3135210196071550048380061070929514244199e-02
0.0000000000000000000000000000000000000000e+00
8.5476691515251723707535802532220259308815e-02
4.5625835625643468285161929998139385133982e-01
2.4778694873083395577850751578807830810547e-01
0.0000000000000000000000000000000000000000e+00
2.6909421002539246625673285961966030299664e-01
1.3894985412362925725204831906012259423733e-01
3.7753004205387857838971399360161740332842e-01
3.0620136736590386483669590234057977795601e-01
0.0000000000000000000000000000000000000000e+00
4.3736022034676447223233708427869714796543e-01
4.0571814635697833750782592687755823135376e-01
5.8268453926266028375380301440600305795670e-01
0.0000000000000000000000000000000000000000e+00
3.0856257569581208022313489891530480235815e-01
4.6991647909998594812019945266001741401851e-02
0.0000000000000000000000000000000000000000e+00
0.0000000000000000000000000000000000000000e+00
0.0000000000000000000000000000000000000000e+00
9.3790674255162130634744244161993265151978e+01
1.8029276656928214239705710042471764609218e-01
