1
0
23
9.9561941085465888168215542464167810976505e-01
3.2815983908596363383125549262331333011389e-01
2.5973306892975500659304088912904262542725e-01
8.2421458562517369017541568609885871410370e-01
1.4597016285770034182966981006757123395801e-01
6.1557223343592304409810367360478267073631e-01
5.3675232446997744872874136490281671285629e-01
0.0000000000000000000000000000000000000000e+00
8.0314992904455695388321601058123633265495e-01
6.8438396178074367703914049343438819050789e-01
2.5805426041329654340827914893452543765306e-01
0.0000000000000000000000000000000000000000e+00
3.2072273378158877576993290858808904886246e-01
4.3790316706703752425156039862486068159342e-01
6.2925297117154344039846591840614564716816e-01
8.2796849598568478256765956757590174674988e-01
0.0000000000000000000000000000000000000000e+00
8.0134390352526085887774343063938431441784e-01
8.9439267535156596888867852612747810781002e-01
3.0897583076170487270672992963227443397045e-01
5.1270677770064088107915267755743116140366e-01
1.7948316513080977974148311204771744087338e-01
1.6962915658441568567127433198038488626480e-01
6.9315003052409629447083716513589024543762e-01
7.5540728556904934709592680519563145935535e-01
4.2118823288951662275891862918797414749861e-01
6.3450586143855003395941594135365448892117e-01
6.3194937984327681501639517591684125363827e-01
5.3142478137736737231477945897495374083519e-01
3.7860138035100621145545574108837172389030e-01
6.9315003052409629447083716513589024543762e-01
1.0000000000000000000000000000000000000000e+00
5.3418501076908231350870437381672672927380e-01
7.7320079532845387149109228630550205707550e-01
7.0805536471353769378822562430286779999733e-01
8.4316084153078718621543430344900116324425e-01
6.9315003052409629447083716513589024543762e-01
3.0682340656127821132415078864141833037138e-01
1.0000000000000000000000000000000000000000e+00
4.9938525930521243667570274737954605370760e-01
8.1404066553759923952071630992577411234379e-01
9.8158171472252808698044646007474511861801e-01
1.2529864869376938774081509109237231314182e-01
7.1571386341130582842140483990078791975975e-01
7.5746078620379064805234747836948372423649e-01
6.9315003052409629447083716513589024543762e-01
0.0000000000000000000000000000000000000000e+00
6.1557223343592615272257262404309585690498e-01
5.0438337672628230645699431988759897649288e-01
1.0969934352747823247398173407418653368950e-01
5.9606414182189559891611452258075587451458e-01
5.0513286930973999577787481030100025236607e-01
3.8415597986522231899186863302020356059074e-01
6.1557223343592160080817166090128012001514e-01
4.3075077297894820427259787720686290413141e-01
5.6496629283954602485096074815373867750168e-01
6.7162300663422991320317123609129339456558e-02
6.0882645673243873662983105532475747168064e-01
6.1495961850862246311777425944455899298191e-01
4.5576757019851754648698261007666587829590e-01
6.3691166390135978137010397404083050787449e-01
1.2317730604236448027632988555524207185954e-02
3.6033975178855209842154749821929726749659e-01
7.6510536846752430495399721621652133762836e-01
7.5118961522662708318875957047566771507263e-01
8.4906293018879031020418324260390363633633e-01
6.7162300663428112224018207143672043457627e-02
1.2317730604236448027632988555524207185954e-02
7.5483774150536375735498495487263426184654e-01
7.7606816039346360192041629488812759518623e-01
4.0537146584439626151308289081498514860868e-01
5.5725991693344578692403956665657460689545e-01
3.8257608469882298241060425425530411303043e-01
3.8415597986522465046022034584893845021725e-01
4.8165578002652731370858418813440948724747e-01
4.7026362991628323229065244959201663732529e-01
4.9731423051810952351559080852894112467766e-01
9.3568193518003450748210525489412248134613e-01
5.3050433562683108057456138340057805180550e-01
3.8257608469882298241060425425530411303043e-01
2.9651798693024761233161257223400752991438e-01
2.5622764544852949519793128274613991379738e-01
6.1172777295842573064277303274138830602169e-01
1.0000000000000000000000000000000000000000e+00
8.3000396533062281712034291558666154742241e-01
2.9651798693024400410678254047525115311146e-01
1.0000000000000000000000000000000000000000e+00
6.1428371081096866390680588665418326854706e-01
6.4004290345978209764155053562717512249947e-01
2.9651798693024761233161257223400752991438e-01
4.0086190101153407194800593060790561139584e-01
3.8257608469882298241060425425530411303043e-01
1.9436168820390193473501838639094785321504e-02
9.1295511437901688545082379278028383851051e-01
5.4585777039895078122100358086754567921162e-01
7.8743836145626477929226894048042595386505e-01
7.8743836145626477929226894048042595386505e-01
4.8028015790334455115129230762249790132046e-01
6.1465580987495194165148859610781073570251e-01
9.2815284779311268970047876791795715689659e-01
6.9315003052409485118090515243238769471645e-01
3.1184889800687676242318957520183175802231e-01
2.3210800042502685580636523354769451543689e-01
2.4329067714331151228712712963897502049804e-01
7.6458240153579182241116996010532602667809e-01
4.8028015790334455115129230762249790132046e-01
0.0000000000000000000000000000000000000000e+00
6.0882645673243873662983105532475747168064e-01
7.2777478447138710393460314662661403417587e-01
5.3418501076907842772811818576883524656296e-01
3.4489778459449621506038852203346323221922e-01
1.0000000000000000000000000000000000000000e+00
8.9354408459224154981370702444110065698624e-01
6.6746744162802351674201872810954228043556e-01
6.9087242674426474486892857385100796818733e-01
4.9731423051810952351559080852894112467766e-01
2.6645623135703594419609885335376020520926e-01
7.2939936409928496363619387921062298119068e-01
7.2939936409928496363619387921062298119068e-01
7.4736693725144620614742052566725760698318e-01
7.2939936409928496363619387921062298119068e-01
2.2906908121308436343532832779601449146867e-01
5.6097066062429612465223272010916844010353e-01
9.6253911424949289976638056032243184745312e-01
3.0897583076170426208406638579617720097303e-01
5.5725991693344423261180509143741801381111e-01
5.7713853656821978432844844064675271511078e-01
4.8298943975021241259426574288227129727602e-01
5.4102902445274747567083295507472939789295e-01
8.6946968905662180837623509432887658476830e-01
8.6256075425439515669268075725995004177094e-01
8.8476097190191305141837574410601519048214e-01
4.9731423051810763613644894576282240450382e-01
4.9731423051810158542096473865967709571123e-01
5.8919790088405532557658261794131249189377e-01
8.4749350548901380975053143629338592290878e-01
4.9731423051810613733536570180149283260107e-01
3.0897583076170426208406638579617720097303e-01
7.3073099245428807524405101503361947834492e-01
8.2421458562517369017541568609885871410370e-01
4.2118823288951662275891862918797414749861e-01
6.3691166390135978137010397404083050787449e-01
4.2097078550635175231420248564973007887602e-01
7.1758772546869453723417109358706511557102e-01
7.9747443628293535056172913755290210247040e-01
8.5623083256994658718497248628409579396248e-01
7.4882935084153245952620636671781539916992e-01
4.5473337186282963839900617131206672638655e-01
4.2097078550635175231420248564973007887602e-01
9.5526858275034931544666960689937695860863e-01
4.2097078550635175231420248564973007887602e-01
1.0000000000000000000000000000000000000000e+00
7.1563631805933591856216935411794111132622e-01
8.0644180377384033775456373405177146196365e-01
4.2097078550635175231420248564973007887602e-01
8.9458343940555251627699817618122324347496e-01
1.0000000000000000000000000000000000000000e+00
0.0000000000000000000000000000000000000000e+00
1.0000000000000000000000000000000000000000e+00
1.0000000000000000000000000000000000000000e+00
8.2987829136869240009843906591413542628288e-01
6.9897418073080430644949956331402063369751e-01
1.0000000000000000000000000000000000000000e+00
8.1596391688057856583782267989590764045715e-01
1.0000000000000000000000000000000000000000e+00
7.0085551679264179725237227103207260370255e-01
1.0000000000000000000000000000000000000000e+00
1.0000000000000000000000000000000000000000e+00
4.5222754492154043637341942485363688319921e-01
1.0000000000000000000000000000000000000000e+00
6.8765158516319124792914863064652308821678e-01
1.0000000000000000000000000000000000000000e+00
0.0000000000000000000000000000000000000000e+00
8.5305554284411977405966354126576334238052e-01
5.6343066662926100107711135933641344308853e-01
6.0912688757248023563306560390628874301910e-01
7.7320079532845387149109228630550205707550e-01
2.7894229376124807240344694037048611789942e-01
1.9935011468362823228162028499355074018240e-01
5.4900598841995662535708788709598593413830e-01
1.0000000000000000000000000000000000000000e+00
2.9123272838544644880443001966341398656368e-01
3.6289603251082286350381878037296701222658e-01
3.3062921661923561078566535798017866909504e-01
6.5779755849358134689452981547219678759575e-01
5.3235244715754870270529863773845136165619e-01
1.7205319187731091257198556832008762285113e-01
5.9573380276086806972557496919762343168259e-01
8.6946968905662180837623509432887658476830e-01
1.0000000000000000000000000000000000000000e+00
6.5779755849357646191322146478341892361641e-01
1.3678962768262412086350821027735946699977e-01
4.6514097565667444911241545923985540866852e-01
5.6587383401888557976633364887675270438194e-01
6.3755959203753087560784251763834618031979e-01
6.3691166390136511044062217479222454130650e-01
1.4215466129081544277568127654376439750195e-01
5.6587383401888557976633364887675270438194e-01
8.1203739275218311810533577954629436135292e-01
8.4316084153078718621543430344900116324425e-01
8.8226680727977746521162316639674827456474e-01
2.3477344882351217081328798030881443992257e-01
2.6122241703117166089498368819477036595345e-01
4.2077984115293198819074405037099495530128e-01
2.9651798693024761233161257223400752991438e-01
3.5631152186067766018950919715280178934336e-01
5.6587383401888557976633364887675270438194e-01
7.3029616334182079206982507457723841071129e-01
4.2097078550635175231420248564973007887602e-01
5.6849914034442661225909887434681877493858e-01
4.2285086994003517890661214551073499023914e-01
1.2916388061230459072259435515661607496440e-02
2.5973306892975500659304088912904262542725e-01
1.4597016285770034182966981006757123395801e-01
0.0000000000000000000000000000000000000000e+00
0.0000000000000000000000000000000000000000e+00
0.0000000000000000000000000000000000000000e+00
1.6962915658441568567127433198038488626480e-01
3.7860138035100621145545574108837172389030e-01
3.0682340656127821132415078864141833037138e-01
0.0000000000000000000000000000000000000000e+00
6.7162300663422991320317123609129339456558e-02
1.2317730604236448027632988555524207185954e-02
3.8257608469882298241060425425530411303043e-01
1.9436168820390193473501838639094785321504e-02
0.0000000000000000000000000000000000000000e+00
2.2906908121308436343532832779601449146867e-01
3.0897583076170426208406638579617720097303e-01
4.2097078550635175231420248564973007887602e-01
0.0000000000000000000000000000000000000000e+00
1.3678962768262412086350821027735946699977e-01
1.2916388061230459072259435515661607496440e-02
0.0000000000000000000000000000000000000000e+00
2.5973306892975500659304088912904262542725e-01
1.4597016285770034182966981006757123395801e-01
0.0000000000000000000000000000000000000000e+00
0.0000000000000000000000000000000000000000e+00
0.0000000000000000000000000000000000000000e+00
1.6962915658441568567127433198038488626480e-01
3.7860138035100621145545574108837172389030e-01
3.0682340656127821132415078864141833037138e-01
0.0000000000000000000000000000000000000000e+00
6.7162300663422991320317123609129339456558e-02
1.2317730604236448027632988555524207185954e-02
3.8257608469882298241060425425530411303043e-01
1.9436168820390193473501838639094785321504e-02
0.0000000000000000000000000000000000000000e+00
2.2906908121308436343532832779601449146867e-01
3.0897583076170426208406638579617720097303e-01
4.2097078550635175231420248564973007887602e-01
0.0000000000000000000000000000000000000000e+00
1.3678962768262412086350821027735946699977e-01
1.2916388061230459072259435515661607496440e-02
0.0000000000000000000000000000000000000000e+00
0.0000000000000000000000000000000000000000e+00
2.5973306892975500659304088912904262542725e-01
1.4597016285770034182966981006757123395801e-01
0.0000000000000000000000000000000000000000e+00
0.0000000000000000000000000000000000000000e+00
0.0000000000000000000000000000000000000000e+00
1.6962915658441568567127433198038488626480e-01
3.7860138035100621145545574108837172389030e-01
3.0682340656127821132415078864141833037138e-01
0.0000000000000000000000000000000000000000e+00
6.7162300663422991320317123609129339456558e-02
1.2317730604236448027632988555524207185954e-02
3.8257608469882298241060425425530411303043e-01
1.9436168820390193473501838639094785321504e-02
0.0000000000000000000000000000000000000000e+00
2.2906908121308436343532832779601449146867e-01
3.0897583076170426208406638579617720097303e-01
4.2097078550635175231420248564973007887602e-01
0.0000000000000000000000000000000000000000e+00
1.3678962768262412086350821027735946699977e-01
1.2916388061230459072259435515661607496440e-02
0.0000000000000000000000000000000000000000e+00
0.0000000000000000000000000000000000000000e+00
0.0000000000000000000000000000000000000000e+00
9.4368656933070411696462542749941349029541e+01
1.0593918277593666887881340699095744639635e-01
