1
0
23
9.6246278153929787357867553510004654526711e-01
3.2807846471700674584326407057233154773712e-01
1.2642499534901763258432083603111095726490e-01
7.9910830441476909946629803016548976302147e-01
2.8947034873458843406979212886653840541840e-01
6.3788236551405530505576280120294541120529e-01
5.8884311370663555695870172712602652609348e-01
9.3405417061093606867494543166685616597533e-02
7.6250563615452515708881264799856580793858e-01
6.3983767362420052027260908289463259279728e-01
3.6945319002012927400713238057505805045366e-01
0.0000000000000000000000000000000000000000e+00
3.6200285070010607135770897002657875418663e-01
4.9848605232016118815607796932454220950603e-01
6.7974263327666428757822814077371731400490e-01
8.9236247770815646518371977435890585184097e-01
0.0000000000000000000000000000000000000000e+00
6.8831378059802306168535324104595929384232e-01
8.6559463733230002091545429721008986234665e-01
3.2649840705317167977028702807729132473469e-01
4.2584449636749888146169951141928322613239e-01
2.8475910031853168824511612911010161042213e-01
3.6149353102915338098455322324298322200775e-02
6.8566206397010265316538379920530132949352e-01
7.5333793447487606975698781752726063132286e-01
5.6141906640829697394678987620864063501358e-01
6.0448612060402895362898334497003816068172e-01
7.8645446755182657483373986906372010707855e-01
5.4433564821180024928537477535428479313850e-01
4.0842924416419285060797506048402283340693e-01
6.8566206397010265316538379920530132949352e-01
9.4256279439670398456740940673626028001308e-01
5.7296179491389398474865402022260241210461e-01
7.6598721605411390633832979801809415221214e-01
7.2293091448031443491117897792719304561615e-01
7.5292942831127540603830539112095721065998e-01
7.3005489811385781973029907021555118262768e-01
2.4462827609736537137763434657244943082333e-01
1.0000000000000000000000000000000000000000e+00
5.1780305109217306114288703611236996948719e-01
5.8575697732381470927975897211581468582153e-01
7.7677484914962491302503622137010097503662e-01
1.0597707842071990569365880219265818595886e-01
5.4789909867014729982770404603797942399979e-01
6.1519684986631084644415068396483547985554e-01
7.3005489811385793075260153273120522499084e-01
0.0000000000000000000000000000000000000000e+00
5.6565609372110825514567977734259329736233e-01
6.1654333035448805055978027667151764035225e-01
2.6210044379522445812114028740325011312962e-01
6.0637651073933540590843449535896070301533e-01
5.5091925579826162007179846114013344049454e-01
3.4446891079716701611346252320799976587296e-01
6.4808835399130138021916991419857367873192e-01
4.2109015164257407315417935933510307222605e-01
1.0000000000000000000000000000000000000000e+00
1.6534414306381783887900382978841662406921e-01
5.8581755370687638162507937522605061531067e-01
6.5954361452768628382159477041568607091904e-01
4.9581472041701690756099196732975542545319e-01
6.0895221270956378933902897188090719282627e-01
9.2455333421315177844235222437418997287750e-02
3.9469372257723217556346639867115300148726e-01
8.3729374775589304746858942962717264890671e-01
7.5939606664343650699322552100056782364845e-01
9.1034024568117732911787243210710585117340e-01
1.6534414306380978976207529740349855273962e-01
6.7819907001919005340440094187215436249971e-02
6.8819972023020536955328907424700446426868e-01
7.3350276534095015801284489498357288539410e-01
5.3142949229275238121061875062878243625164e-01
6.0663453421397273146453699155244976282120e-01
3.4446891079716701611346252320799976587296e-01
3.4446891079716701611346252320799976587296e-01
5.0123913873461989343383038431056775152683e-01
5.5260835769318217280954286252381280064583e-01
5.3630831828673164451970478694420307874680e-01
9.4437242934408116568079094577115029096603e-01
6.7767502969848703031630066107027232646942e-01
3.4446891079716701611346252320799976587296e-01
3.0249798761759699727846850692003499716520e-01
2.8947034873458843406979212886653840541840e-01
6.4762512732986454722095004399307072162628e-01
1.0000000000000000000000000000000000000000e+00
1.0000000000000000000000000000000000000000e+00
3.5960238162106422654673565375560428947210e-01
9.5797258025980303042246077893651090562344e-01
6.2363515167353100743241611780831590294838e-01
6.9166547335510664140656444942578673362732e-01
3.4056019498925105271069924128823913633823e-01
3.4954645322365646142870332369056995958090e-01
3.4446891079716701611346252320799976587296e-01
2.1485357503839980219950689388497266918421e-01
9.5349875526892224897324012999888509511948e-01
6.0592653190313228162011682798038236796856e-01
8.0447580963990850122513620590325444936752e-01
7.3264756819462761860961563797900453209877e-01
4.7957046768024458316403979551978409290314e-01
6.2381471127781429331093931978102773427963e-01
1.0000000000000000000000000000000000000000e+00
6.1517075621997086010139810241525992751122e-01
3.5810573006396956285968258271168451756239e-01
3.5381937086082204668713302453397773206234e-01
3.5810573006395901574094864372455049306154e-01
7.6944480229828693396143535210285335779190e-01
4.3793580509620688712146829857374541461468e-01
0.0000000000000000000000000000000000000000e+00
5.8581755370687638162507937522605061531067e-01
7.4561334164408821223446466319728642702103e-01
5.6141906640829841723672188891214318573475e-01
4.3437035068390872361021592951146885752678e-01
1.0000000000000000000000000000000000000000e+00
8.4414588043337512868191652160021476447582e-01
6.7977086414720633289476836580433882772923e-01
6.3959519015015875442742299128440208733082e-01
5.0787056940476427158159822283778339624405e-01
4.3820505141117560565788835447165183722973e-01
6.8949687511645962878503723914036527276039e-01
6.8819972023020536955328907424700446426868e-01
7.2606337613820426390986995102139189839363e-01
6.5840773005494068748078007047297433018684e-01
3.0206052446181136383884791030141059309244e-01
4.9416161733170488323807489905448164790869e-01
1.0000000000000000000000000000000000000000e+00
4.4388033812602778471756437284057028591633e-01
5.6688719224050176936913203462609089910984e-01
6.2928846951679195953488488157745450735092e-01
4.9267296306335883748772630497114732861519e-01
5.9337484663575323917683590480010025203228e-01
8.0698589633429285150612031429773196578026e-01
6.8083216889347686340272503002779558300972e-01
9.7108518632114826374390759156085550785065e-01
5.9337484663575323917683590480010025203228e-01
5.3142949229275238121061875062878243625164e-01
5.9337484663575179588690389209659770131111e-01
9.6930969477202999495801805096562020480633e-01
5.0787056940476427158159822283778339624405e-01
3.8659482991480614844093111059919465333223e-01
6.2405370223026279674627403437625616788864e-01
8.1602704250150948084296942397486418485641e-01
4.9891872976801709960170683189062401652336e-01
6.7666462742993283008274829626316204667091e-01
5.0360285523226822057551999023417010903358e-01
7.5375304811482923827981039721635170280933e-01
7.9544316782869561865965124525246210396290e-01
8.3192586862752682108634871838148683309555e-01
6.3914411906383783446017332607880234718323e-01
5.4869964188526765269671159330755472183228e-01
5.7636495244756547062792151336907409131527e-01
8.3093984123140618436309523531235754489899e-01
5.1217737710831745534534320540842600166798e-01
1.0000000000000000000000000000000000000000e+00
6.7977086414721488161205797950970008969307e-01
6.8599204391488333154569545513368211686611e-01
4.9891872976801709960170683189062401652336e-01
7.1383964544181055522642509458819404244423e-01
1.0000000000000000000000000000000000000000e+00
9.3405417061093606867494543166685616597533e-02
9.8063745518172529269662618389702402055264e-01
1.0000000000000000000000000000000000000000e+00
6.3878421844052724054563441313803195953369e-01
7.3557116752699736039744493609759956598282e-01
1.0000000000000000000000000000000000000000e+00
1.0000000000000000000000000000000000000000e+00
1.0000000000000000000000000000000000000000e+00
8.7314157566510930408298918337095528841019e-01
1.0000000000000000000000000000000000000000e+00
5.6953734181071191677858678303891792893410e-01
4.7957046768024458316403979551978409290314e-01
7.8076534545169862244762271075160242617130e-01
6.2710659293149473292316997685702517628670e-01
9.9875769914996315179678276763297617435455e-01
0.0000000000000000000000000000000000000000e+00
8.6915158893835753328716009491472505033016e-01
5.8884311370663522389179433957906439900398e-01
5.7993472056034145456493433812283910810947e-01
7.9618290102324640322706272854702547192574e-01
2.3952242783046662211177135759498924016953e-01
2.2569935003794971972723715225583873689175e-01
6.4808835399130138021916991419857367873192e-01
1.0000000000000000000000000000000000000000e+00
2.4812949955268182034018309423117898404598e-01
5.5941242890222531158883612079080194234848e-01
4.2635898415462053501201467042847070842981e-01
6.8006681606426155894951079972088336944580e-01
5.8089531804160843275752768022357486188412e-01
2.2289363801966330380643910302751464769244e-01
6.2689682629382348366675614670384675264359e-01
8.0698589633429285150612031429773196578026e-01
1.0000000000000000000000000000000000000000e+00
6.5596675529197412402027111966162919998169e-01
2.2289363801966330380643910302751464769244e-01
4.9416161733170488323807489905448164790869e-01
6.3383452259662831362874158003251068294048e-01
6.3383452259662853567334650506381876766682e-01
6.0895221270956378933902897188090719282627e-01
2.5763117140352886913490237930091097950935e-01
5.4687330447190296567328005039598792791367e-01
7.9183321126930383826447723549790680408478e-01
7.5939606664342851338744821987347677350044e-01
9.6114208802274569976020757167134433984756e-01
2.9723917595738658103954321632045321166515e-01
3.1470637034077170168799852945085149258375e-01
4.3227398732091265598498353028844576328993e-01
3.1413630942804310341998075273295398801565e-01
3.0118894039794430472767317041871137917042e-01
6.2689682629382348366675614670384675264359e-01
8.1858144517337938506074124234146438539028e-01
4.9891872976801709960170683189062401652336e-01
6.5304795222019951239644797169603407382965e-01
3.7827736108284071292473527137190103530884e-01
0.0000000000000000000000000000000000000000e+00
1.2642499534901763258432083603111095726490e-01
2.8947034873458843406979212886653840541840e-01
9.3405417061093606867494543166685616597533e-02
0.0000000000000000000000000000000000000000e+00
0.0000000000000000000000000000000000000000e+00
3.6149353102915338098455322324298322200775e-02
4.0842924416419285060797506048402283340693e-01
2.4462827609736537137763434657244943082333e-01
0.0000000000000000000000000000000000000000e+00
1.6534414306381783887900382978841662406921e-01
6.7819907001919005340440094187215436249971e-02
3.4446891079716701611346252320799976587296e-01
2.1485357503839980219950689388497266918421e-01
0.0000000000000000000000000000000000000000e+00
3.0206052446181136383884791030141059309244e-01
3.8659482991480614844093111059919465333223e-01
4.9891872976801709960170683189062401652336e-01
0.0000000000000000000000000000000000000000e+00
2.2289363801966330380643910302751464769244e-01
0.0000000000000000000000000000000000000000e+00
0.0000000000000000000000000000000000000000e+00
1.2642499534901763258432083603111095726490e-01
2.8947034873458843406979212886653840541840e-01
9.3405417061093606867494543166685616597533e-02
0.0000000000000000000000000000000000000000e+00
0.0000000000000000000000000000000000000000e+00
3.6149353102915338098455322324298322200775e-02
4.0842924416419285060797506048402283340693e-01
2.4462827609736537137763434657244943082333e-01
0.0000000000000000000000000000000000000000e+00
1.6534414306381783887900382978841662406921e-01
6.7819907001919005340440094187215436249971e-02
3.4446891079716701611346252320799976587296e-01
2.1485357503839980219950689388497266918421e-01
0.0000000000000000000000000000000000000000e+00
3.0206052446181136383884791030141059309244e-01
3.8659482991480614844093111059919465333223e-01
4.9891872976801709960170683189062401652336e-01
0.0000000000000000000000000000000000000000e+00
2.2289363801966330380643910302751464769244e-01
0.0000000000000000000000000000000000000000e+00
0.0000000000000000000000000000000000000000e+00
0.0000000000000000000000000000000000000000e+00
1.2642499534901763258432083603111095726490e-01
2.8947034873458843406979212886653840541840e-01
9.3405417061093606867494543166685616597533e-02
0.0000000000000000000000000000000000000000e+00
0.0000000000000000000000000000000000000000e+00
3.6149353102915338098455322324298322200775e-02
4.0842924416419285060797506048402283340693e-01
2.4462827609736537137763434657244943082333e-01
0.0000000000000000000000000000000000000000e+00
1.6534414306381783887900382978841662406921e-01
6.7819907001919005340440094187215436249971e-02
3.4446891079716701611346252320799976587296e-01
2.1485357503839980219950689388497266918421e-01
0.0000000000000000000000000000000000000000e+00
3.0206052446181136383884791030141059309244e-01
3.8659482991480614844093111059919465333223e-01
4.9891872976801709960170683189062401652336e-01
0.0000000000000000000000000000000000000000e+00
2.2289363801966330380643910302751464769244e-01
0.0000000000000000000000000000000000000000e+00
0.0000000000000000000000000000000000000000e+00
0.0000000000000000000000000000000000000000e+00
0.0000000000000000000000000000000000000000e+00
9.3075321462700642882737156469374895095825e+01
1.4386685757374895189286689856089651584625e-01
