1
0
23
9.8858331753964978627635673547047190368176e-01
3.3638890862307774254347236819739919155836e-01
2.1985801180434474955127654993702890351415e-01
8.2534434915054022408043010727851651608944e-01
2.5733100030617478415351229159568902105093e-01
6.1165728745530223431359218011493794620037e-01
5.7152938115066653779194894013926386833191e-01
6.7888817553872854437813089134579058736563e-02
8.1553027762074503659306401459616608917713e-01
6.7823519478339999722038555773906409740448e-01
3.3925679774561245949371368624269962310791e-01
0.0000000000000000000000000000000000000000e+00
3.3036900940525215641940803834586404263973e-01
4.4534583961375240335200942354276776313782e-01
7.5582913256216333053316702716983854770660e-01
7.7899291484571242527579215675359591841698e-01
0.0000000000000000000000000000000000000000e+00
7.5687991479698191188418832098250277340412e-01
9.2260337913728551750836004430311731994152e-01
3.5314095105668824592370924619899597018957e-01
4.7704989528618246819036130546010099351406e-01
2.5972275287795443254879046435235068202019e-01
5.0100005733083041725706152647035196423531e-02
7.0027442120127258995410102215828374028206e-01
7.8630988423881242876944952513440512120724e-01
4.9653437681175266460442685456655453890562e-01
6.5147736068032668921290451180539093911648e-01
7.0005347169788167960291502822656184434891e-01
5.3096308336966213659025015658698976039886e-01
3.6641282714554945787455153549672104418278e-01
7.0027442120127258995410102215828374028206e-01
1.0000000000000000000000000000000000000000e+00
5.6038909119195468022667228069622069597244e-01
7.8028422737378011486697459986316971480846e-01
7.1343390006190032792687816254328936338425e-01
8.4564122469477009946814405338955111801624e-01
7.1429883466899979360675843054195865988731e-01
3.1950017287196358362066916924959514290094e-01
1.0000000000000000000000000000000000000000e+00
5.4391936223288284146804016927490010857582e-01
6.7946474952767910160389419615967199206352e-01
9.4615383126179153361334783767233602702618e-01
7.3428562240898997970361961051821708679199e-02
5.5145664997365162474096678124624304473400e-01
7.6510797604192148924084904137998819351196e-01
7.1429883466900556676648648135596886277199e-01
0.0000000000000000000000000000000000000000e+00
6.0730241296308606901988014215021394193172e-01
5.5656204707092671313262144394684582948685e-01
1.1539303003216103138406367634161142632365e-01
6.2640129157443014129569291981169953942299e-01
5.3134292261411575353236003138590604066849e-01
3.9361805926380111220197477450710721313953e-01
6.2883343771719646397855285613331943750381e-01
4.7003549976683001165866926385206170380116e-01
6.8770038957431678383613871119450777769089e-01
1.0472136509417138972022343068601912818849e-01
6.2143033098008948478252477798378095030785e-01
6.8447036188612553342380806498113088309765e-01
4.5928167225437233067708575617871247231960e-01
6.5147736068032668921290451180539093911648e-01
3.7979217633917990160075106587100890465081e-02
3.8315212761747863279282455550855956971645e-01
8.1399326613261913099250932646100409328938e-01
8.0333936407719819250417003786424174904823e-01
9.4615383126179153361334783767233602702618e-01
1.0472136509417138972022343068601912818849e-01
3.7979217633917990160075106587100890465081e-02
7.2202980090070634222598755513899959623814e-01
7.9448462829919686001289846899453550577164e-01
4.2994263958184036900078694998228456825018e-01
5.8612036335933670461173505827900953590870e-01
3.6615522552486950980110691489244345575571e-01
3.8107116953018754790250000041851308196783e-01
4.9653437681175560669544211123138666152954e-01
4.8771754452822763115094062413845676928759e-01
5.2607603163673899437924319499870762228966e-01
8.7744644476752009509823437838349491357803e-01
6.3724343964373064697070958573021925985813e-01
3.6615522552486950980110691489244345575571e-01
2.7535912832368081293310524415574036538601e-01
2.5733100030617478415351229159568902105093e-01
7.0700123879901544121651113528059795498848e-01
1.0000000000000000000000000000000000000000e+00
8.8304009756762835703369773909798823297024e-01
3.1363132025806517155785968498094007372856e-01
1.0000000000000000000000000000000000000000e+00
6.4662469282746481979984309873543679714203e-01
6.4896782552727461101937933563021942973137e-01
2.7586102670283629834102612221613526344299e-01
3.6846351261251986120015544656780548393726e-01
3.6615522552486950980110691489244345575571e-01
7.2638405783004067473029863322153687477112e-02
9.3110861641312092640276887323125265538692e-01
5.7152938115066653779194894013926386833191e-01
7.8462204606438445964045058644842356443405e-01
7.8462204606438445964045058644842356443405e-01
4.7150410991211078037821380348759703338146e-01
6.3397349518558543390867043854086659848690e-01
1.0000000000000000000000000000000000000000e+00
6.1481769940050301492817652615485712885857e-01
2.9214492002765679590226000073016621172428e-01
2.8073096088091364919137049582786858081818e-01
2.8176557751610853408408274844987317919731e-01
7.9796096184823961383614232545369304716587e-01
4.7150410991211078037821380348759703338146e-01
0.0000000000000000000000000000000000000000e+00
6.0820918757613573468745471473084762692451e-01
7.9975706769171484022962204107898287475109e-01
6.0754074197504981391659839573549106717110e-01
3.9562065955622321977713795604358892887831e-01
1.0000000000000000000000000000000000000000e+00
8.1068139031473196443045026171603240072727e-01
6.9164032238550621212169744467246346175671e-01
7.0976613754639827913450744745205156505108e-01
5.6803262936007625771850371165783144533634e-01
3.7027986588576039528319938654021825641394e-01
7.0993428859543505904383664528722874820232e-01
7.2202980090070978391736389312427490949631e-01
7.0976613754640194287048871046863496303558e-01
7.2202980090070978391736389312427490949631e-01
2.9272800294072176541249064030125737190247e-01
5.4230602317720322247396325110457837581635e-01
9.9886666066155160859096895364928059279919e-01
3.5314095105668824592370924619899597018957e-01
5.9230527772489749427364813527674414217472e-01
6.4755062844401189980914068655692972242832e-01
4.7556764012008190256608486379263922572136e-01
5.9452955789312589285344756717677228152752e-01
8.5016459861901139127837723208358511328697e-01
8.8964304224176182778194288403028622269630e-01
9.6912980567958284527918522144318558275700e-01
5.9452955789312589285344756717677228152752e-01
5.2779117483600246352182239206740632653236e-01
6.0840962032784873247948098651249893009663e-01
9.5936896807025318079098497037193737924099e-01
5.0966024899432349481998016926809214055538e-01
3.5314095105668824592370924619899597018957e-01
7.3175149258870364477047587570268660783768e-01
7.9975706769171495125192450359463691711426e-01
4.9163074064371253824035079560417216271162e-01
6.6893154286338440961401374806882813572884e-01
5.2687679089067529503154219128191471099854e-01
7.4271747560248990716047501337016001343727e-01
7.8630988423881242876944952513440512120724e-01
8.8949563606552617400780036405194550752640e-01
7.5452672320992464349842521187383681535721e-01
4.9163074064371253824035079560417216271162e-01
4.9163074064371253824035079560417216271162e-01
9.4881605652402434269987452353234402835369e-01
4.9163074064371253824035079560417216271162e-01
1.0000000000000000000000000000000000000000e+00
7.0552038482022927379233578903949819505215e-01
7.9470302129333370011465831339592114090919e-01
4.9163074064371253824035079560417216271162e-01
7.1026562427317307957252978667384013533592e-01
1.0000000000000000000000000000000000000000e+00
6.7888817553872854437813089134579058736563e-02
9.7147489500876205159585197179694660007954e-01
1.0000000000000000000000000000000000000000e+00
7.3001409225857805118664600740885362029076e-01
7.2585389025082880376515959142125211656094e-01
1.0000000000000000000000000000000000000000e+00
8.7632096960605043722836171582457609474659e-01
1.0000000000000000000000000000000000000000e+00
7.3360140102480486667957393365213647484779e-01
1.0000000000000000000000000000000000000000e+00
1.0000000000000000000000000000000000000000e+00
4.7150410991211078037821380348759703338146e-01
1.0000000000000000000000000000000000000000e+00
5.9547952670391146590134212601697072386742e-01
1.0000000000000000000000000000000000000000e+00
0.0000000000000000000000000000000000000000e+00
8.6155490538991752469399898473056964576244e-01
5.8725581928549597243716107186628505587578e-01
5.8725581928549597243716107186628505587578e-01
7.8028422737378011486697459986316971480846e-01
3.3348143704308852441897670360049232840538e-01
2.2228004950126722949477198199019767343998e-01
5.8725581928549597243716107186628505587578e-01
1.0000000000000000000000000000000000000000e+00
2.9727611335099224376676829706411808729172e-01
4.1332132952764000233258911976008675992489e-01
3.3643298056708026422256807563826441764832e-01
6.2920339426392746240424003190128132700920e-01
5.6986389931023884170002702376223169267178e-01
1.4617882173709295656749418412800878286362e-01
5.7661480013897714602677524453611113131046e-01
8.4434344582372400367376030771993100643158e-01
1.0000000000000000000000000000000000000000e+00
6.2517728079911516481104172271443530917168e-01
1.4617882173709295656749418412800878286362e-01
4.7046403438445288935909616157005075365305e-01
6.1343482685656647301897237412049435079098e-01
6.6548227415941085816086797422030940651894e-01
6.5147736068032668921290451180539093911648e-01
2.8425438977812511609499779297038912773132e-01
5.5772091747273555562003366503631696105003e-01
7.9046659337563185410147070797393098473549e-01
8.0333936407719819250417003786424174904823e-01
8.6845962348741567726762013990082778036594e-01
2.4818271818657383631645529931120108813047e-01
2.8943280833851314781668406794779002666473e-01
4.3056790884536810803950857007293961942196e-01
2.6086546393912413144278161780675873160362e-01
3.7305444106963747685767884831875562667847e-01
5.7661480013897725704907770705176517367363e-01
7.9046659337563185410147070797393098473549e-01
4.9163074064371253824035079560417216271162e-01
5.7163051505762152437739587185205891728401e-01
4.4841123944151195512830554434913210570812e-01
7.5838041646186420477460110589618125231937e-03
2.1985801180434474955127654993702890351415e-01
2.5733100030617478415351229159568902105093e-01
6.7888817553872854437813089134579058736563e-02
0.0000000000000000000000000000000000000000e+00
0.0000000000000000000000000000000000000000e+00
5.0100005733083041725706152647035196423531e-02
3.6641282714554945787455153549672104418278e-01
3.1950017287196358362066916924959514290094e-01
0.0000000000000000000000000000000000000000e+00
1.0472136509417138972022343068601912818849e-01
3.7979217633917990160075106587100890465081e-02
3.6615522552486950980110691489244345575571e-01
7.2638405783004067473029863322153687477112e-02
0.0000000000000000000000000000000000000000e+00
2.9272800294072176541249064030125737190247e-01
3.5314095105668824592370924619899597018957e-01
4.9163074064371253824035079560417216271162e-01
0.0000000000000000000000000000000000000000e+00
1.4617882173709295656749418412800878286362e-01
7.5838041646186420477460110589618125231937e-03
0.0000000000000000000000000000000000000000e+00
2.1985801180434474955127654993702890351415e-01
2.5733100030617478415351229159568902105093e-01
6.7888817553872854437813089134579058736563e-02
0.0000000000000000000000000000000000000000e+00
0.0000000000000000000000000000000000000000e+00
5.0100005733083041725706152647035196423531e-02
3.6641282714554945787455153549672104418278e-01
3.1950017287196358362066916924959514290094e-01
0.0000000000000000000000000000000000000000e+00
1.0472136509417138972022343068601912818849e-01
3.7979217633917990160075106587100890465081e-02
3.6615522552486950980110691489244345575571e-01
7.2638405783004067473029863322153687477112e-02
0.0000000000000000000000000000000000000000e+00
2.9272800294072176541249064030125737190247e-01
3.5314095105668824592370924619899597018957e-01
4.9163074064371253824035079560417216271162e-01
0.0000000000000000000000000000000000000000e+00
1.4617882173709295656749418412800878286362e-01
7.5838041646186420477460110589618125231937e-03
0.0000000000000000000000000000000000000000e+00
0.0000000000000000000000000000000000000000e+00
2.1985801180434474955127654993702890351415e-01
2.5733100030617478415351229159568902105093e-01
6.7888817553872854437813089134579058736563e-02
0.0000000000000000000000000000000000000000e+00
0.0000000000000000000000000000000000000000e+00
5.0100005733083041725706152647035196423531e-02
3.6641282714554945787455153549672104418278e-01
3.1950017287196358362066916924959514290094e-01
0.0000000000000000000000000000000000000000e+00
1.0472136509417138972022343068601912818849e-01
3.7979217633917990160075106587100890465081e-02
3.6615522552486950980110691489244345575571e-01
7.2638405783004067473029863322153687477112e-02
0.0000000000000000000000000000000000000000e+00
2.9272800294072176541249064030125737190247e-01
3.5314095105668824592370924619899597018957e-01
4.9163074064371253824035079560417216271162e-01
0.0000000000000000000000000000000000000000e+00
1.4617882173709295656749418412800878286362e-01
7.5838041646186420477460110589618125231937e-03
0.0000000000000000000000000000000000000000e+00
0.0000000000000000000000000000000000000000e+00
0.0000000000000000000000000000000000000000e+00
9.4660936989681758291226287838071584701538e+01
1.1627149812853318500138755098305409774184e-01
