1
0
23
9.8813978531571489138940478369477204978466e-01
3.3149907876436990328272713668411597609520e-01
1.6284762061370400276771874814585316926241e-01
7.8747223729887050325260133831761777400970e-01
2.7124022542533615665050206189334858208895e-01
5.7869966633925606913635419914498925209045e-01
5.8162925137824073029690907787880860269070e-01
7.7945703428952309299582168478082166984677e-02
7.8747223729887050325260133831761777400970e-01
6.7949288933328477746442786155967041850090e-01
3.3092009386318010921712584604392759501934e-01
0.0000000000000000000000000000000000000000e+00
3.1476336148399264303066047432366758584976e-01
3.9835350552769888121673602654482237994671e-01
6.1048530785411614374424971174448728561401e-01
7.7268823557087196185477750987047329545021e-01
0.0000000000000000000000000000000000000000e+00
7.4138874468612647739007570635294541716576e-01
9.1377530036905052490681100607616826891899e-01
3.1462313147729281670450518504367209970951e-01
4.6743905583178291252011149481404572725296e-01
2.1500019854940771724116643781599123030901e-01
6.6835655440138225236168523224478121846914e-02
6.9285923633266022214627355424454435706139e-01
7.6893362428646316875102684207377023994923e-01
5.1697079003484813775060047191800549626350e-01
6.1817417789482120848987278804997913539410e-01
7.3770888971756409802082998794503509998322e-01
5.2903583562002787221700828013126738369465e-01
4.0752483820833645955516999492829199880362e-01
6.9285923633266022214627355424454435706139e-01
1.0000000000000000000000000000000000000000e+00
5.6213970413476710419331539014820009469986e-01
7.6790860570025976095109854213660582900047e-01
7.6220546088553919883423759529250673949718e-01
7.9881713218310756996487498327041976153851e-01
7.2111796864454125177701371285365894436836e-01
2.8191171565011735600236875143309589475393e-01
1.0000000000000000000000000000000000000000e+00
5.5607083902651988083221112901810556650162e-01
5.7657928483134146535604713790235109627247e-01
9.3504241324827064296698608814040198922157e-01
1.8285872559870852693819642809103243052959e-02
5.7070117164556699584920806955778971314430e-01
7.1218807965258346115433596423827111721039e-01
7.2111796864454091871010632530669681727886e-01
0.0000000000000000000000000000000000000000e+00
5.7448630150807578065297320790705271065235e-01
5.4854434094136150790177453018259257078171e-01
1.1725317832691151131996321055339649319649e-01
5.8633422996451256548056107931188307702541e-01
5.1971256009648714169202321500051766633987e-01
3.7454513713500636740150184778030961751938e-01
6.4824535259096194295125314965844154357910e-01
4.5658683507045283445080485762446187436581e-01
9.9844978621537161522780934319598600268364e-01
1.0959700962029932103103391227705287747085e-01
6.1065607611613359484437069113482721149921e-01
7.1595929448945783146740495794801972806454e-01
4.4373577162853944377829407130775507539511e-01
6.1817417789482120848987278804997913539410e-01
2.6711503782176813925897107537821284495294e-02
3.7146067814632288683895922076771967113018e-01
8.2684919511657495316825361442170105874538e-01
7.9881713218311056756704147119307890534401e-01
9.3504241324827064296698608814040198922157e-01
1.0959700962029904347527775598791777156293e-01
2.6711503782176813925897107537821284495294e-02
7.3080997161285410346209800991346128284931e-01
7.8813271306682652905806207854766398668289e-01
4.4373577162853677924303497093205805867910e-01
5.7446730397873457807378372308448888361454e-01
3.7454513713500436900005752249853685498238e-01
3.7454513713500436900005752249853685498238e-01
4.9054670551279827561685920045420061796904e-01
5.1402162303477827443032310839043930172920e-01
5.5927822048425634982038445741636678576469e-01
9.2852819054159296818795610306551679968834e-01
6.6249595332393029778472737234551459550858e-01
3.7454513713500436900005752249853685498238e-01
2.8630620042622545451393989424104802310467e-01
2.7124022542533615665050206189334858208895e-01
7.7110505004331497680425400176318362355232e-01
1.0000000000000000000000000000000000000000e+00
8.0171234282820491579002464277436956763268e-01
2.8630620042622284548983202512317802757025e-01
1.0000000000000000000000000000000000000000e+00
6.3344851994569539854751383245456963777542e-01
6.3825642451834774249164183856919407844543e-01
2.5709802104281703760690902527130674570799e-01
3.5546908774215246751282393233850598335266e-01
3.7454513713500436900005752249853685498238e-01
9.3568774348436023480246603867271915078163e-02
9.7029558827293804768032714491710066795349e-01
5.8162925137824073029690907787880860269070e-01
7.6251475663774659352611706708557903766632e-01
7.6251475663774659352611706708557903766632e-01
4.5346225361263936548539277282543480396271e-01
6.2010011518160668142485292264609597623348e-01
1.0000000000000000000000000000000000000000e+00
7.2111796864454036359859401272842660546303e-01
3.1069339856237221386692226587911136448383e-01
2.8150827566587710570900071616051718592644e-01
3.1069339856237526698023998505959752947092e-01
7.9448184088431794691587128909304738044739e-01
4.5346225361263936548539277282543480396271e-01
0.0000000000000000000000000000000000000000e+00
6.2011934641555099823051477869739755988121e-01
7.7191319815514902735742452932754531502724e-01
5.2634598904739549052322900024591945111752e-01
3.8740462546495113560496292848256416618824e-01
1.0000000000000000000000000000000000000000e+00
8.5294828546162360094484711225959472358227e-01
6.9285923633265822374482922896277159452438e-01
7.0110589715290350110166173180914483964443e-01
5.3055002214778346214529847202356904745102e-01
3.5738702316785969648194054570922162383795e-01
7.3080997161285765617577681041439063847065e-01
7.3080997161285765617577681041439063847065e-01
7.0110589715290339007935926929349079728127e-01
6.9545989770378235927950072436942718923092e-01
2.9178047963352504723388847196474671363831e-01
5.2618532377285853751658351029618643224239e-01
9.9126731867640094364446667896118015050888e-01
3.5211167507439267154722983832471072673798e-01
5.7446730397873446705148126056883484125137e-01
6.1881200046790252322637115867109969258308e-01
4.9285021231729847501767949324857909232378e-01
5.8868860568503666996775791631080210208893e-01
8.2940107440350863132749736905680038034916e-01
7.8967791947360932436339453488471917808056e-01
9.8100499189595913307471164443995803594589e-01
5.9693526650528161425768303161021322011948e-01
5.1801815002764950435221180669032037258148e-01
5.9693526650528161425768303161021322011948e-01
9.4429393993145571695180251481360755860806e-01
5.3055002214778346214529847202356904745102e-01
3.5211167507439267154722983832471072673798e-01
6.9602793529367390501505497013567946851254e-01
7.8747223729887050325260133831761777400970e-01
4.9889776217926901091814784194866660982370e-01
6.7838168045951663387427288398612290620804e-01
5.1846139377787625601712306888657622039318e-01
7.4566825230334865537429323012474924325943e-01
7.8423216030359066408550461346749216318130e-01
8.7461429899118936504009980126284062862396e-01
7.8574509613635989957458605204010382294655e-01
4.9889776217926901091814784194866660982370e-01
4.9889776217926901091814784194866660982370e-01
9.2514515757736637269204038602765649557114e-01
4.9889776217926901091814784194866660982370e-01
1.0000000000000000000000000000000000000000e+00
7.0110589715290316803475434426218271255493e-01
7.5974872201148047068386404134798794984818e-01
4.9889776217926901091814784194866660982370e-01
8.8332682837146869747613209256087429821491e-01
1.0000000000000000000000000000000000000000e+00
7.7945703428952309299582168478082166984677e-02
9.7382394960027962582671534619294106960297e-01
1.0000000000000000000000000000000000000000e+00
7.1842959347442958417673253279644995927811e-01
7.2047896059824023673456849792273715138435e-01
1.0000000000000000000000000000000000000000e+00
9.0904542366030693933964812458725646138191e-01
1.0000000000000000000000000000000000000000e+00
7.7951546331215593177432765514822676777840e-01
1.0000000000000000000000000000000000000000e+00
8.5698621863466306614043332956498488783836e-01
4.5346225361263936548539277282543480396271e-01
1.0000000000000000000000000000000000000000e+00
5.5187672860903480565042400485253892838955e-01
1.0000000000000000000000000000000000000000e+00
0.0000000000000000000000000000000000000000e+00
8.4559443026851177638292256233398802578449e-01
5.8162925137824172949763124051969498395920e-01
5.7869966633925651322556404920760542154312e-01
7.6790860570025976095109854213660582900047e-01
2.6311605946991645232913015206577256321907e-01
2.1820060792939763305575695540028391405940e-01
5.8052962107372130251548014712170697748661e-01
1.0000000000000000000000000000000000000000e+00
2.7891852533169925187905846541980281472206e-01
4.3315356487627593162770267554151359945536e-01
3.1809901188564004836933918340946547687054e-01
6.7446453069279366232535721792373806238174e-01
5.6703463325061598254706041188910603523254e-01
1.7286045151847248546594926210673293098807e-01
5.9416314537863490485847250965889543294907e-01
8.2940107440350863132749736905680038034916e-01
1.0000000000000000000000000000000000000000e+00
6.7446453069278988756707349239150062203407e-01
1.6867163727923450977641550707630813121796e-01
4.4103366175896135947809284516551997512579e-01
5.9981431065217738485273457627044990658760e-01
6.3190496252317374104023883774061687290668e-01
6.1817417789482198564599002565955743193626e-01
2.4510701468408857550684842863120138645172e-01
5.9498318710886222149269997316878288984299e-01
7.7122303662230939913513338979100808501244e-01
7.9881713218310701485336267069214954972267e-01
9.0717234319210304782643561338772997260094e-01
2.4709888230065252257006136460404377430677e-01
2.8554281855437763093519265567010734230280e-01
4.2424171068302396481186633536708541214466e-01
2.5709802104281703760690902527130674570799e-01
3.3589431142088238546605793999333400279284e-01
6.1326683573462092979866611131001263856888e-01
7.7921991087471809134257227924535982310772e-01
4.9889776217926901091814784194866660982370e-01
5.9588130176234277435298736236291006207466e-01
4.0318088326471435145492705487413331866264e-01
0.0000000000000000000000000000000000000000e+00
1.6284762061370400276771874814585316926241e-01
2.7124022542533615665050206189334858208895e-01
7.7945703428952309299582168478082166984677e-02
0.0000000000000000000000000000000000000000e+00
0.0000000000000000000000000000000000000000e+00
6.6835655440138225236168523224478121846914e-02
4.0752483820833645955516999492829199880362e-01
2.8191171565011735600236875143309589475393e-01
0.0000000000000000000000000000000000000000e+00
1.0959700962029932103103391227705287747085e-01
2.6711503782176813925897107537821284495294e-02
3.7454513713500436900005752249853685498238e-01
9.3568774348436023480246603867271915078163e-02
0.0000000000000000000000000000000000000000e+00
2.9178047963352504723388847196474671363831e-01
3.5211167507439267154722983832471072673798e-01
4.9889776217926901091814784194866660982370e-01
0.0000000000000000000000000000000000000000e+00
1.6867163727923450977641550707630813121796e-01
0.0000000000000000000000000000000000000000e+00
0.0000000000000000000000000000000000000000e+00
1.6284762061370400276771874814585316926241e-01
2.7124022542533615665050206189334858208895e-01
7.7945703428952309299582168478082166984677e-02
0.0000000000000000000000000000000000000000e+00
0.0000000000000000000000000000000000000000e+00
6.6835655440138225236168523224478121846914e-02
4.0752483820833645955516999492829199880362e-01
2.8191171565011735600236875143309589475393e-01
0.0000000000000000000000000000000000000000e+00
1.0959700962029932103103391227705287747085e-01
2.6711503782176813925897107537821284495294e-02
3.7454513713500436900005752249853685498238e-01
9.3568774348436023480246603867271915078163e-02
0.0000000000000000000000000000000000000000e+00
2.9178047963352504723388847196474671363831e-01
3.5211167507439267154722983832471072673798e-01
4.9889776217926901091814784194866660982370e-01
0.0000000000000000000000000000000000000000e+00
1.6867163727923450977641550707630813121796e-01
0.0000000000000000000000000000000000000000e+00
0.0000000000000000000000000000000000000000e+00
0.0000000000000000000000000000000000000000e+00
1.6284762061370400276771874814585316926241e-01
2.7124022542533615665050206189334858208895e-01
7.7945703428952309299582168478082166984677e-02
0.0000000000000000000000000000000000000000e+00
0.0000000000000000000000000000000000000000e+00
6.6835655440138225236168523224478121846914e-02
4.0752483820833645955516999492829199880362e-01
2.8191171565011735600236875143309589475393e-01
0.0000000000000000000000000000000000000000e+00
1.0959700962029932103103391227705287747085e-01
2.6711503782176813925897107537821284495294e-02
3.7454513713500436900005752249853685498238e-01
9.3568774348436023480246603867271915078163e-02
0.0000000000000000000000000000000000000000e+00
2.9178047963352504723388847196474671363831e-01
3.5211167507439267154722983832471072673798e-01
4.9889776217926901091814784194866660982370e-01
0.0000000000000000000000000000000000000000e+00
1.6867163727923450977641550707630813121796e-01
0.0000000000000000000000000000000000000000e+00
0.0000000000000000000000000000000000000000e+00
0.0000000000000000000000000000000000000000e+00
0.0000000000000000000000000000000000000000e+00
9.3547535956646399313285655807703733444214e+01
1.2480841115821474096581056301147327758372e-01
