1
0
23
9.3215285787871748901523005770286545157433e-01
3.4818393749890585997519565353286452591419e-01
2.0045664351506792266732759344449732452631e-01
8.4124919065351855262946401126100681722164e-01
3.3602413691643667759123559335421305149794e-01
6.5491861474859702774153902282705530524254e-01
6.2789227285607118744792387587949633598328e-01
1.8441456361147129383581955153204035013914e-01
7.8096924878672280279090500698657706379890e-01
6.2891426985649023784219480148749426007271e-01
4.1894335231483686987630221665313001722097e-01
1.4085674824292694282124038807069155154750e-02
4.1877585324209953832053088262910023331642e-01
5.2856115621196830822725587495369836688042e-01
7.1062990982093088287996351937181316316128e-01
9.8974499251732594995445424501667730510235e-01
0.0000000000000000000000000000000000000000e+00
7.4659288361046849402669067785609513521194e-01
8.6245496304976665413732916931621730327606e-01
3.7403911546466139803612804826116189360619e-01
4.7615974719182302399289596905873622745275e-01
3.7260346936882848822847336123231798410416e-01
1.0254791392282425199766748846741393208504e-01
7.0720372561582500736676593078300356864929e-01
7.8274261225160246535637043052702210843563e-01
5.9241570051453862344459366795490495860577e-01
6.2891426985648823944075047620572149753571e-01
8.5301253957999012556001616758294403553009e-01
5.4435483645431170796058495398028753697872e-01
4.5348193566038624835456971595704089850187e-01
7.2687005879581789713483885861933231353760e-01
9.8020960212159080615634820787818171083927e-01
6.5491861474859702774153902282705530524254e-01
7.8502314099643255573823807935696095228195e-01
6.8799902985072458605486644955817610025406e-01
7.8502314099642911404686174137168563902378e-01
7.5519233076830805106993693698314018547535e-01
2.3043903739663773588830508742830716073513e-01
1.0000000000000000000000000000000000000000e+00
5.5003855998937267735016121150692924857140e-01
6.0665169469829782755709857156034559011459e-01
7.8502314099643255573823807935696095228195e-01
1.7049547607099468926605823071440681815147e-01
5.0669664583374629529544108663685619831085e-01
6.1150024305011974057322277076309546828270e-01
7.5519233076830705186921477434225380420685e-01
0.0000000000000000000000000000000000000000e+00
6.1911813889322864223885289902682416141033e-01
6.8491366445563428566600805424968712031841e-01
3.1886167067338355707306618569418787956238e-01
6.3369028447771968970414491195697337388992e-01
5.3325323371285771045791079814080148935318e-01
3.9671459895358712754998009586415719240904e-01
7.1453620820192564888628794506075792014599e-01
4.6397174044191819008986499284219462424517e-01
1.0000000000000000000000000000000000000000e+00
2.3053584063674539827992759910557651892304e-01
6.2455119050463270280459937566774897277355e-01
7.0149574582901197405959692332544364035130e-01
5.5565864271556941744734103849623352289200e-01
6.6467130697515064419178543175803497433662e-01
1.2117687330946172452605935632163891568780e-01
4.3033178043589365158183568382810335606337e-01
8.6947486290791942131761516066035255789757e-01
7.8502314099642866995765189130906946957111e-01
9.0327266792024019093076958597521297633648e-01
2.3053584063674539827992759910557651892304e-01
1.2117687330946172452605935632163891568780e-01
7.4748712913190851203637521393829956650734e-01
7.5390422353099628693939848744776099920273e-01
6.0754007350391237007869449371355585753918e-01
6.6203340559448553559462880002683959901333e-01
3.8984450760585398487734209993504919111729e-01
3.8984450760585398487734209993504919111729e-01
5.4107989768718800505098442954476922750473e-01
6.0733793808290237326019678221200592815876e-01
5.5003855998937334348397598660085350275040e-01
9.8639349624236483116135332238627597689629e-01
7.5390422353099628693939848744776099920273e-01
3.8984450760585398487734209993504919111729e-01
3.4006413095530341195171786239370703697205e-01
3.3602413691643667759123559335421305149794e-01
6.3181870285133734377325254172319546341896e-01
1.0000000000000000000000000000000000000000e+00
1.0000000000000000000000000000000000000000e+00
4.1653340146445116953799470138619653880596e-01
9.5042406516450395059791844687424600124359e-01
6.2004986984802723526399859110824763774872e-01
6.9260613138217164141963166912319138646126e-01
4.0162470841618225225744254203164018690586e-01
4.0881354262070879190815730908070690929890e-01
3.8984450760585398487734209993504919111729e-01
3.1611439622115472536378888435137923806906e-01
9.4276281669203854107763618230819702148438e-01
6.7595313691629832497653751488542184233665e-01
8.6286331224830437047756959145772270858288e-01
7.2750127899343008941457355831516906619072e-01
5.1897590001729254627349519068957306444645e-01
6.4755609322950391515405499376356601715088e-01
1.0000000000000000000000000000000000000000e+00
7.2389213666448837258826642937492579221725e-01
3.8599060417135666600785270929918624460697e-01
4.3038489646017885625894905388122424483299e-01
3.8599060417135527822907192785351071506739e-01
8.3051398673633758384937664231983944773674e-01
5.1897590001729254627349519068957306444645e-01
0.0000000000000000000000000000000000000000e+00
6.4665521935365566363884681777562946081161e-01
8.1143172598472168566274831391638144850731e-01
6.5917125444019586399946319943410344421864e-01
5.5916924404830148365164177448605187237263e-01
1.0000000000000000000000000000000000000000e+00
8.9718866487429149714216691791079938411713e-01
7.2079887107388840306043675809632986783981e-01
7.2079887107388840306043675809632986783981e-01
5.7703186751749191429894381144549697637558e-01
5.6100958879184470440293353021843358874321e-01
7.4046520425388118180620722341700457036495e-01
7.4046520425388118180620722341700457036495e-01
8.7631641702697560258883413553121499717236e-01
7.4046520425388118180620722341700457036495e-01
4.0623139641642080910344247968168929219246e-01
5.2244700847286951184145209481357596814632e-01
1.0000000000000000000000000000000000000000e+00
4.7856964585934180789195124816615134477615e-01
5.9383669585559251125062019127653911709785e-01
6.6186820896019149529365677153691649436951e-01
5.1795880385398529455187599523924291133881e-01
6.2339351397084219463806675776140764355659e-01
7.8502314099642722666771987860556691884995e-01
6.7617580753623274247843255579937249422073e-01
9.3796098862830978859506103617604821920395e-01
6.2339351397084374895030123298056423664093e-01
5.4316004990002542118787687286385335028172e-01
6.2339351397084374895030123298056423664093e-01
9.8665482758633848980878155998652800917625e-01
5.5916924404830148365164177448605187237263e-01
4.0855101114761349645476684599998407065868e-01
6.4374896374688783673434500087751075625420e-01
8.4325907290622181822214997737319208681583e-01
5.7702509709910698720847221920848824083805e-01
7.0602879475674806819540663127554580569267e-01
5.4480793049875475553278647566912695765495e-01
7.5390904567113303791359157912665978074074e-01
8.4325907290622181822214997737319208681583e-01
9.2472732880524866061477951006963849067688e-01
6.7512958306807890895839818767854012548923e-01
6.1911813889323064064029722430859692394733e-01
6.2339351397084041828122735751094296574593e-01
8.7821565680155400102080420765560120344162e-01
5.4480793049875475553278647566912695765495e-01
9.4903622688972677501340058370260521769524e-01
7.2079887107389029043957862086244858801365e-01
7.0338512917413287262036192259984090924263e-01
5.4480793049875475553278647566912695765495e-01
7.8452463923601034601063020090805366635323e-01
1.0000000000000000000000000000000000000000e+00
1.8441456361147129383581955153204035013914e-01
9.8475898599164590763166415854357182979584e-01
1.0000000000000000000000000000000000000000e+00
6.1189710684007092567071595112793147563934e-01
7.9419566183379364243677400736487470567226e-01
1.0000000000000000000000000000000000000000e+00
1.0000000000000000000000000000000000000000e+00
8.7759366882415923427629422803875058889389e-01
9.5211753422543521363508034482947550714016e-01
1.0000000000000000000000000000000000000000e+00
6.2487054821019305528295717522269114851952e-01
5.1897590001729243525119272817391902208328e-01
9.2594378701404178588774129821103997528553e-01
7.0727718319584365058716457497212104499340e-01
1.0000000000000000000000000000000000000000e+00
0.0000000000000000000000000000000000000000e+00
9.1605242829221511513537734572310000658035e-01
6.2789227285607207562634357600472867488861e-01
6.4534384256086463338419889623764902353287e-01
8.4803072766839238116887145224609412252903e-01
2.8609095136861550923157437864574603736401e-01
2.7329626623133518315000856091501191258430e-01
6.8309654969176392125262964327703230082989e-01
1.0000000000000000000000000000000000000000e+00
2.9206274999345893661484296899288892745972e-01
6.6087270123301522506409355628420598804951e-01
5.3155146679150422350801363791106268763542e-01
7.3017580005637860995904020455782301723957e-01
6.1549096014839865809165075916098430752754e-01
2.8407535981306020200776174533530138432980e-01
7.1534862592342485232421722685103304684162e-01
7.8502314099642778177923219118383713066578e-01
1.0000000000000000000000000000000000000000e+00
5.5058498606476158343525639793369919061661e-01
2.6873735653170660597766072896774858236313e-01
5.2244700847286951184145209481357596814632e-01
6.7575469248508901465299913979833945631981e-01
7.3016479020286406687034741480601951479912e-01
6.2891426985648979375298495142487809062004e-01
3.5121389448650064402102088934043422341347e-01
5.8104330674361326369847802197909913957119e-01
7.9548504353738636041271092835813760757446e-01
7.8502314099642911404686174137168563902378e-01
9.5158443107929491233676344563718885183334e-01
3.5121389448649997788720611424650996923447e-01
3.8274236236761038920661803786060772836208e-01
4.8294240914280128773583555812365375459194e-01
4.1607650925419209508859808011038694530725e-01
3.1836185709887876438273224266595207154751e-01
7.4046520425388118180620722341700457036495e-01
7.9827960470367975709393704164540395140648e-01
5.4480793049875475553278647566912695765495e-01
4.2286297370211889390390069820568896830082e-01
3.6624210801326367858976595925923902541399e-01
3.2321692146265852685349528883307357318699e-02
2.0045664351506792266732759344449732452631e-01
3.3602413691643667759123559335421305149794e-01
1.8441456361147129383581955153204035013914e-01
1.4085674824292694282124038807069155154750e-02
0.0000000000000000000000000000000000000000e+00
1.0254791392282425199766748846741393208504e-01
4.5348193566038624835456971595704089850187e-01
2.3043903739663773588830508742830716073513e-01
0.0000000000000000000000000000000000000000e+00
2.3053584063674539827992759910557651892304e-01
1.2117687330946172452605935632163891568780e-01
3.8984450760585398487734209993504919111729e-01
3.1611439622115472536378888435137923806906e-01
0.0000000000000000000000000000000000000000e+00
4.0623139641642080910344247968168929219246e-01
4.0855101114761349645476684599998407065868e-01
5.4480793049875475553278647566912695765495e-01
0.0000000000000000000000000000000000000000e+00
2.6873735653170660597766072896774858236313e-01
3.2321692146265852685349528883307357318699e-02
0.0000000000000000000000000000000000000000e+00
2.0045664351506792266732759344449732452631e-01
3.3602413691643667759123559335421305149794e-01
1.8441456361147129383581955153204035013914e-01
1.4085674824292694282124038807069155154750e-02
0.0000000000000000000000000000000000000000e+00
1.0254791392282425199766748846741393208504e-01
4.5348193566038624835456971595704089850187e-01
2.3043903739663773588830508742830716073513e-01
0.0000000000000000000000000000000000000000e+00
2.3053584063674539827992759910557651892304e-01
1.2117687330946172452605935632163891568780e-01
3.8984450760585398487734209993504919111729e-01
3.1611439622115472536378888435137923806906e-01
0.0000000000000000000000000000000000000000e+00
4.0623139641642080910344247968168929219246e-01
4.0855101114761349645476684599998407065868e-01
5.4480793049875475553278647566912695765495e-01
0.0000000000000000000000000000000000000000e+00
2.6873735653170660597766072896774858236313e-01
3.2321692146265852685349528883307357318699e-02
0.0000000000000000000000000000000000000000e+00
0.0000000000000000000000000000000000000000e+00
2.0045664351506792266732759344449732452631e-01
3.3602413691643667759123559335421305149794e-01
1.8441456361147129383581955153204035013914e-01
1.4085674824292694282124038807069155154750e-02
0.0000000000000000000000000000000000000000e+00
1.0254791392282425199766748846741393208504e-01
4.5348193566038624835456971595704089850187e-01
2.3043903739663773588830508742830716073513e-01
0.0000000000000000000000000000000000000000e+00
2.3053584063674539827992759910557651892304e-01
1.2117687330946172452605935632163891568780e-01
3.8984450760585398487734209993504919111729e-01
3.1611439622115472536378888435137923806906e-01
0.0000000000000000000000000000000000000000e+00
4.0623139641642080910344247968168929219246e-01
4.0855101114761349645476684599998407065868e-01
5.4480793049875475553278647566912695765495e-01
0.0000000000000000000000000000000000000000e+00
2.6873735653170660597766072896774858236313e-01
3.2321692146265852685349528883307357318699e-02
0.0000000000000000000000000000000000000000e+00
0.0000000000000000000000000000000000000000e+00
0.0000000000000000000000000000000000000000e+00
9.2960783364985644539046916179358959197998e+01
1.6131337502624842894505263757309876382351e-01
