1
0
23
8.2045940692865149124202162056462839245796e-01
3.9262197066160886560481912965769879519939e-01
1.9823531059341545357277425409847637638450e-01
8.2123648320459896599032845188048668205738e-01
4.0676652337240093437742416426772251725197e-01
7.7891769923704767819572225562296807765961e-01
7.0485699970870407948808633591397665441036e-01
4.0226464345015316981246655814175028353930e-01
8.2995106687623432240030751927406527101994e-01
7.0203554673435708544104727479862049221992e-01
5.4050365019766766216946507483953610062599e-01
1.8109756464462425928907407524093287065625e-01
6.6025120253876434794904071168275550007820e-01
6.5308170768525475313737160831806249916553e-01
9.3122199882755818389767910048249177634716e-01
1.0000000000000000000000000000000000000000e+00
0.0000000000000000000000000000000000000000e+00
8.0829895966580522781441686674952507019043e-01
8.0244245760910704046153796298312954604626e-01
5.0141339145136343269371081987628713250160e-01
4.9188865279453608536641695536673069000244e-01
7.0247724388140475593189648861880414187908e-01
2.1691263019115986088181102786620613187551e-01
6.8272509387875135455914232807117514312267e-01
8.3167660405968490966444051082362420856953e-01
6.6910617697908925105565458579803816974163e-01
6.8047501817710920324344670007121749222279e-01
7.9777834798746871669550273509230464696884e-01
6.1345127976430147143105386930983513593674e-01
5.1311156993256379355017315901932306587696e-01
6.8272509387875135455914232807117514312267e-01
9.7214588291681647280739753114175982773304e-01
7.9777834798746949385161997270188294351101e-01
8.5145307143186399478906878357520326972008e-01
9.1508520538113558018267212901264429092407e-01
8.9692709598867970122171300317859277129173e-01
7.9777834798746916078471258515492081642151e-01
3.1564553197115585714271901451866142451763e-01
9.9843812479563731621112765424186363816261e-01
6.4030167388510939030510371594573371112347e-01
8.3800879223127022754624704248271882534027e-01
8.5145307143186399478906878357520326972008e-01
3.8604812410892019869379510055296123027802e-01
5.0974360529066775615802953325328417122364e-01
7.0346659132924083124294156732503324747086e-01
8.4612622589966246522408255259506404399872e-01
7.9176156352681159589224080264102667570114e-02
6.8968666809273293516469038877403363585472e-01
8.0304434212700948059193706285441294312477e-01
7.8492982438951841572816192638128995895386e-01
7.3898044860783962395345270124380476772785e-01
7.7864358220283247380422153582912869751453e-01
5.2105171832455376978998629056150093674660e-01
8.3167660405968490966444051082362420856953e-01
7.4076319420216341082863209521747194230556e-01
1.0000000000000000000000000000000000000000e+00
3.9657018859682580114167649298906326293945e-01
6.7779767564267001667133172304602339863777e-01
7.6994921605890709326303067427943460643291e-01
7.4069660121013980447202129653305746614933e-01
7.9424203830156003824924937362084165215492e-01
3.4327369954099262727709174214396625757217e-01
5.6004239707321090691038989461958408355713e-01
8.9127574079899363201917594778933562338352e-01
8.9692709598867481624040465248981490731239e-01
8.3691726199871974145594322180841118097305e-01
4.2665742818905161293230321462033316493034e-01
2.2721821910521575182961839800555026158690e-01
7.6051189692349041582275503969867713749409e-01
7.4069660121013991549432375904871150851250e-01
7.4069660121014002651662622156436555087566e-01
7.4069660121013991549432375904871150851250e-01
6.8500343881115566269102146179648116230965e-01
4.5619583994993639919357519829645752906799e-01
6.4271379891672442141725696274079382419586e-01
7.3028513316980447900306216979515738785267e-01
6.4030167388510406123458551519433967769146e-01
1.0000000000000000000000000000000000000000e+00
7.8706256488730930165331756143132224678993e-01
4.5619583994993639919357519829645752906799e-01
4.3586570355566595091900694569631014019251e-01
6.5650850955457817903493378253187984228134e-01
8.5142818520822871608544346599956043064594e-01
1.0000000000000000000000000000000000000000e+00
6.3652577579864888512872767023509368300438e-01
5.8785326851683505910983740250230766832829e-01
1.0000000000000000000000000000000000000000e+00
7.8907777709816173672408012862433679401875e-01
7.1495865059472252234229472378501668572426e-01
5.7395650738260461931616873698658309876919e-01
4.6494337850980976822867773989855777472258e-01
4.9454369673799974949091051712457556277514e-01
4.3586570355566595091900694569631014019251e-01
9.4665409368243447207902363516041077673435e-01
7.6051189692349185911268705240217968821526e-01
8.9484201904885918299470404235762543976307e-01
8.5145307143186366172216139602824114263058e-01
7.2262507081103311001868405583081766963005e-01
6.9537361575414413650264577881898730993271e-01
9.9513989338062736056400581219349987804890e-01
8.2101339112347215820619794612866826355457e-01
4.8790819551961228661696168273920193314552e-01
6.8297216714977915241746586616500280797482e-01
4.8790819551961212008350798896572086960077e-01
7.6051189692349252524650182749610394239426e-01
6.6078146796759140713106717157643288373947e-01
0.0000000000000000000000000000000000000000e+00
6.7779767564266835133679478531121276319027e-01
8.9137495867549199068946563784265890717506e-01
8.0454721883600577303496947934036143124104e-01
6.7383675094040706987641442538006231188774e-01
6.8500343881115521860181161173386499285698e-01
8.5154346780722733889490427827695384621620e-01
7.8445466868933455550916278298245742917061e-01
8.4474284471438831900513832806609570980072e-01
7.1399679597489973392754336600773967802525e-01
7.8445466868933055870627413241891190409660e-01
7.8706256488730796938568801124347373843193e-01
7.6051189692349252524650182749610394239426e-01
9.0297298685380167349023849965305998921394e-01
7.6051189692349252524650182749610394239426e-01
4.5133542835406831317257569935463834553957e-01
5.7498584732611535130786251102108508348465e-01
9.4453404546021790810783613778767175972462e-01
6.4613717305213380637241016302141360938549e-01
6.8512785180079105451511622959515079855919e-01
7.0247724388140475593189648861880414187908e-01
6.1345127976430113836414648176287300884724e-01
6.8047501817710909222114423755556344985962e-01
7.4076319420215808175811389446607790887356e-01
8.3800879223127022754624704248271882534027e-01
1.0000000000000000000000000000000000000000e+00
7.3731210307507866197340717917541041970253e-01
6.6811233548373971657952097302768379449844e-01
7.4076319420215896993653359459131024777889e-01
1.0000000000000000000000000000000000000000e+00
6.8512785180079105451511622959515079855919e-01
4.4873832452050904651130736056074965745211e-01
7.0715000343598743981488041754346340894699e-01
9.3537924824445484173196518895565532147884e-01
8.0600829486213321217746852198615670204163e-01
7.9471719400175189207402581814676523208618e-01
6.8500343881115521860181161173386499285698e-01
7.9220285878541574220434995368123054504395e-01
9.3537924824445484173196518895565532147884e-01
1.0000000000000000000000000000000000000000e+00
7.3230795920200253412701840716181322932243e-01
7.8623816973089444282152271625818684697151e-01
7.4076319420215896993653359459131024777889e-01
1.0000000000000000000000000000000000000000e+00
6.0144917040671641572657790675293654203415e-01
9.9513989338063302270143140049185603857040e-01
8.4474284471438365606843490240862593054771e-01
7.4076319420215896993653359459131024777889e-01
6.0144917040671641572657790675293654203415e-01
7.7993268028506723688053625664906576275826e-01
1.0000000000000000000000000000000000000000e+00
4.0226464345015316981246655814175028353930e-01
1.0000000000000000000000000000000000000000e+00
1.0000000000000000000000000000000000000000e+00
5.9093334528640317770964429655577987432480e-01
7.3242297759128094369884820480365306138992e-01
9.1190291597669148604410338521120138466358e-01
7.0150941051926185565434934687800705432892e-01
9.6599629173772161294664329034276306629181e-01
8.7514460237760360872272258347948081791401e-01
1.0000000000000000000000000000000000000000e+00
6.9802956126290960359170867377542890608311e-01
5.8956104054052360652349307201802730560303e-01
8.4474284471438254584541027725208550691605e-01
7.4955428693960879371616101707331836223602e-01
1.0000000000000000000000000000000000000000e+00
0.0000000000000000000000000000000000000000e+00
9.4879926790273316772328371371258981525898e-01
7.2875393180919556535002357122721150517464e-01
7.3255173555987940225975307839689776301384e-01
9.3841470887437750114656864752760156989098e-01
4.8799409226102519188117412340943701565266e-01
4.7858301350458026801604205502371769398451e-01
7.8828740220708648500647086621029302477837e-01
1.0000000000000000000000000000000000000000e+00
5.2370764147541171151800654115504585206509e-01
7.8492982438952041412960625166306272149086e-01
6.7779767564267012769363418556167744100094e-01
8.5154811436487576337128757586469873785973e-01
7.1669697797603892919227064339793287217617e-01
4.9058096670982054288145945974974893033504e-01
8.4525107554562828315880551599548198282719e-01
9.0043723111217965904273796695633791387081e-01
9.5823156340129078678558016690658405423164e-01
8.5249918498563803659351378883002325892448e-01
4.7858301350458026801604205502371769398451e-01
5.7498584732611535130786251102108508348465e-01
7.9803847644260594851317591746919788420200e-01
8.5717846296841071485062002466293051838875e-01
7.1944387647455920742345369944814592599869e-01
4.3031539076062808035771922732237726449966e-01
6.0935289318353436094355402019573375582695e-01
8.7102327649695476807778504735324531793594e-01
8.9692709598867614850803420267766341567039e-01
1.0000000000000000000000000000000000000000e+00
4.5477023265232352500220258662011474370956e-01
4.9260889627180626249014494533184915781021e-01
5.5593383516483807493813174005481414496899e-01
5.1150115232016746258381090228795073926449e-01
4.4183478402924375449956073680368717759848e-01
7.7065825327577663905742610950255766510963e-01
8.2408872587622605809798415066325105726719e-01
6.0144917040671641572657790675293654203415e-01
5.5967224179174146492243835382396355271339e-01
5.4760601029088906699371364084072411060333e-01
1.5803803813800312849657814240345032885671e-01
1.9823531059341545357277425409847637638450e-01
4.0676652337240093437742416426772251725197e-01
4.0226464345015316981246655814175028353930e-01
1.8109756464462425928907407524093287065625e-01
0.0000000000000000000000000000000000000000e+00
2.1691263019115986088181102786620613187551e-01
5.1311156993256379355017315901932306587696e-01
3.1564553197115585714271901451866142451763e-01
7.9176156352681159589224080264102667570114e-02
3.9657018859682580114167649298906326293945e-01
2.2721821910521575182961839800555026158690e-01
4.5619583994993639919357519829645752906799e-01
4.3586570355566595091900694569631014019251e-01
0.0000000000000000000000000000000000000000e+00
4.5133542835406831317257569935463834553957e-01
4.4873832452050904651130736056074965745211e-01
6.0144917040671641572657790675293654203415e-01
0.0000000000000000000000000000000000000000e+00
4.7858301350458026801604205502371769398451e-01
1.5803803813800312849657814240345032885671e-01
0.0000000000000000000000000000000000000000e+00
1.9823531059341545357277425409847637638450e-01
4.0676652337240093437742416426772251725197e-01
4.0226464345015316981246655814175028353930e-01
1.8109756464462425928907407524093287065625e-01
0.0000000000000000000000000000000000000000e+00
2.1691263019115986088181102786620613187551e-01
5.1311156993256379355017315901932306587696e-01
3.1564553197115585714271901451866142451763e-01
7.9176156352681159589224080264102667570114e-02
3.9657018859682580114167649298906326293945e-01
2.2721821910521575182961839800555026158690e-01
4.5619583994993639919357519829645752906799e-01
4.3586570355566595091900694569631014019251e-01
0.0000000000000000000000000000000000000000e+00
4.5133542835406831317257569935463834553957e-01
4.4873832452050904651130736056074965745211e-01
6.0144917040671641572657790675293654203415e-01
0.0000000000000000000000000000000000000000e+00
4.7858301350458026801604205502371769398451e-01
1.5803803813800312849657814240345032885671e-01
0.0000000000000000000000000000000000000000e+00
0.0000000000000000000000000000000000000000e+00
1.9823531059341545357277425409847637638450e-01
4.0676652337240093437742416426772251725197e-01
4.0226464345015316981246655814175028353930e-01
1.8109756464462425928907407524093287065625e-01
0.0000000000000000000000000000000000000000e+00
2.1691263019115986088181102786620613187551e-01
5.1311156993256379355017315901932306587696e-01
3.1564553197115585714271901451866142451763e-01
7.9176156352681159589224080264102667570114e-02
3.9657018859682580114167649298906326293945e-01
2.2721821910521575182961839800555026158690e-01
4.5619583994993639919357519829645752906799e-01
4.3586570355566595091900694569631014019251e-01
0.0000000000000000000000000000000000000000e+00
4.5133542835406831317257569935463834553957e-01
4.4873832452050904651130736056074965745211e-01
6.0144917040671641572657790675293654203415e-01
0.0000000000000000000000000000000000000000e+00
4.7858301350458026801604205502371769398451e-01
1.5803803813800312849657814240345032885671e-01
0.0000000000000000000000000000000000000000e+00
0.0000000000000000000000000000000000000000e+00
0.0000000000000000000000000000000000000000e+00
9.3894930385029439889876812230795621871948e+01
2.7726683950404856782157025918422732502222e-01
