1
0
23
9.9574062805454277569339183173724450170994e-01
3.2842570062984782763848556896846275776625e-01
2.6026386133393880628617012007453013211489e-01
8.2875049303254788579664591452456079423428e-01
1.5056249369009241934058707101939944550395e-01
6.1684475002344418825828142871614545583725e-01
5.4177625637534176927800899647991172969341e-01
0.0000000000000000000000000000000000000000e+00
8.0095574572772254562380567222135141491890e-01
6.8161802220728351375811371326562948524952e-01
2.5807205636314228813787963190407026559114e-01
0.0000000000000000000000000000000000000000e+00
3.2533944052434005111962278533610515296459e-01
4.3735100945729421528795910489861853420734e-01
6.5025561663704845027922374356421642005444e-01
8.2778500636983332050533590518170967698097e-01
0.0000000000000000000000000000000000000000e+00
8.0132826848155125354367100953822955489159e-01
8.9049963672335163966664595136535353958607e-01
3.1110879805924018803864328219788148999214e-01
5.0788943945178810501772659335983917117119e-01
1.8952202024450148787337866451707668602467e-01
1.6976676978869503775726457206474151462317e-01
6.9188137383235770450085055927047505974770e-01
7.5655881987209117056636387133039534091949e-01
4.2509974981922543646462031574628781527281e-01
6.3354660841665144666023934405529871582985e-01
6.3435853550360410402220168180065229535103e-01
5.2693064178773962868973512740922160446644e-01
3.7452237778385882860376909775368403643370e-01
6.9188137383235770450085055927047505974770e-01
1.0000000000000000000000000000000000000000e+00
5.3541847023693867058113937673624604940414e-01
7.7202697572904399603288538855849765241146e-01
7.1375426246869433377639779791934415698051e-01
8.4652726829617885861978265893412753939629e-01
6.9188137383235737143394317172351293265820e-01
3.1184632764944247851346403876959811896086e-01
1.0000000000000000000000000000000000000000e+00
5.0627085496619084192815307687851600348949e-01
8.1524711443097630514387219591299071907997e-01
9.8684193090040439599874844134319573640823e-01
1.3483202186496101582235951354959979653358e-01
7.0706146458144414346236317214788869023323e-01
7.6362126222105775052995113583165220916271e-01
6.9188137383235737143394317172351293265820e-01
0.0000000000000000000000000000000000000000e+00
6.1684475002344119065611494079348631203175e-01
5.0781511332568185501656898850342258810997e-01
1.0843756761378524344774376686473260633647e-01
5.9441967809735407612947710731532424688339e-01
5.2524688939934083276028786713141016662121e-01
3.7882047622761988447948056091263424605131e-01
6.1684475002344174576762725337175652384758e-01
4.3302666168675080227146167999308090656996e-01
5.6396374504432322805058674930478446185589e-01
6.7951813462886631600490261462255148217082e-02
6.1159340835555231485898275423096492886543e-01
6.1528714888934510351958806495531462132931e-01
4.6077525260861040834470259142108261585236e-01
6.3354660841665100257102949399268254637718e-01
1.3548425277468191876839576082147686975077e-02
3.6111923262178041715841914083284791558981e-01
7.6647206227934627786879673294606618583202e-01
7.5789000534187100921457158619887195527554e-01
8.5264674202528056845551418518880382180214e-01
6.7951813462884647076833743994939140975475e-02
1.3548425277468191876839576082147686975077e-02
7.5498098033285443442252926615765318274498e-01
7.7898467339512356133468529151286929845810e-01
4.0491457334645392096561522521369624882936e-01
5.5382592157978105529281265262397937476635e-01
3.7882047622761988447948056091263424605131e-01
3.7882047622761988447948056091263424605131e-01
4.8109051498349814091071152688527945429087e-01
4.7468947708076969504986664105672389268875e-01
5.0366804787206675975141934031853452324867e-01
9.2168568069119405361533381437766365706921e-01
5.3558254873094668369049031753093004226685e-01
3.7882047622761988447948056091263424605131e-01
2.9511291064689093577300127435592003166676e-01
2.5588026681175934928802462309249676764011e-01
6.0933709723152851278626940256799571216106e-01
1.0000000000000000000000000000000000000000e+00
8.6886080256116571263191872276365756988525e-01
2.9434227028869242026587471627863124012947e-01
1.0000000000000000000000000000000000000000e+00
6.1711693864639305395769497408764436841011e-01
6.3659575516047905985317356680752709507942e-01
2.9511291064688799368198601769108790904284e-01
3.9980829705194226297848558715486433357000e-01
3.7882047622761988447948056091263424605131e-01
1.4935596754824909809800104198984627146274e-02
9.1440394777434019779605023359181359410286e-01
5.4826907171136030072489120357204228639603e-01
7.8818615940692282606505614239722490310669e-01
7.8818615940692282606505614239722490310669e-01
4.7988580120176071996951350229210220277309e-01
6.1948822573368889088385458308039233088493e-01
9.2706467783782287028770952019840478897095e-01
6.9188137383235803756775794681743718683720e-01
3.2120861317409599156036392741953022778034e-01
2.3210630083986202865098391612264094874263e-01
2.4562829850137102294382884792867116630077e-01
7.5249156833433517022058367729187011718750e-01
4.7988580120176071996951350229210220277309e-01
0.0000000000000000000000000000000000000000e+00
6.1159340835555231485898275423096492886543e-01
7.3211466955658988098321060533635318279266e-01
5.3541847023693778240271967661101371049881e-01
3.4335023594825431203503285360056906938553e-01
1.0000000000000000000000000000000000000000e+00
8.9330281284506074523932284137117676436901e-01
6.6778990835266383019330760362208820879459e-01
6.9460510582466916673638479551300406455994e-01
5.0366804787206631566220949025591835379601e-01
2.7057224987985173392246451840037479996681e-01
7.3100104434706714151559481251752004027367e-01
7.3100104434706714151559481251752004027367e-01
7.4536699372717962752687981264898553490639e-01
7.3100104434706714151559481251752004027367e-01
2.3001819700977796379071094179380452260375e-01
5.6573940024395330539164206129498779773712e-01
9.6470305760383201487684345920570194721222e-01
3.1110879805924024354979451345570851117373e-01
5.5382592157978105529281265262397937476635e-01
5.8141228233363118071963526745093986392021e-01
4.7880773024249922986683714043465442955494e-01
5.4001027008283053465476086785201914608479e-01
8.7207551312026410084143890344421379268169e-01
8.6558968336395625264856334979413077235222e-01
8.8856548963202319768583947734441608190536e-01
5.0366804787206687077372180283418856561184e-01
4.9266987510257487237197437934810295701027e-01
5.9321392564344366249429185700137168169022e-01
8.5658252985475769047951644097338430583477e-01
5.0366804787206675975141934031853452324867e-01
3.1110879805924024354979451345570851117373e-01
7.3047620386506217915467686907504685223103e-01
8.2875049303254788579664591452456079423428e-01
4.2509974981922543646462031574628781527281e-01
6.3354660841665189074944919411791488528252e-01
4.2169076007427952479389432483003474771976e-01
7.2207745200948059149936852918472141027451e-01
7.9766195572828280102584130872855894267559e-01
8.5867629263496292324475689383689314126968e-01
7.5124943882832129204984994430560618638992e-01
4.5514367061618604681783040177833754569292e-01
4.2169076007427952479389432483003474771976e-01
9.5525797253700117650510037492495030164719e-01
4.2169076007427952479389432483003474771976e-01
1.0000000000000000000000000000000000000000e+00
7.2099356391328095483572724333498626947403e-01
8.0906294204739459541286805688287131488323e-01
4.2169076007427952479389432483003474771976e-01
8.9603308739200071553199222762486897408962e-01
1.0000000000000000000000000000000000000000e+00
0.0000000000000000000000000000000000000000e+00
1.0000000000000000000000000000000000000000e+00
1.0000000000000000000000000000000000000000e+00
8.3352190344463428228749535264796577394009e-01
7.0751750318175010701082783270976506173611e-01
1.0000000000000000000000000000000000000000e+00
8.3246821500834700113813369171111844480038e-01
1.0000000000000000000000000000000000000000e+00
7.0947568828890861247771226771874353289604e-01
1.0000000000000000000000000000000000000000e+00
1.0000000000000000000000000000000000000000e+00
4.5869770245707031097737171876360662281513e-01
1.0000000000000000000000000000000000000000e+00
6.7142137159069015250878464939887635409832e-01
1.0000000000000000000000000000000000000000e+00
0.0000000000000000000000000000000000000000e+00
8.5556734734136652420488644565921276807785e-01
5.6989634496265328955644235975341871380806e-01
6.1030827996715197869548319431487470865250e-01
7.7202697572904399603288538855849765241146e-01
2.8269612093342599834500106226187199354172e-01
2.0768183450716093396692940586945042014122e-01
5.4844706753053862335889334644889459013939e-01
1.0000000000000000000000000000000000000000e+00
2.9050964544838964176420859075733460485935e-01
3.6720807335581051589201706519816070795059e-01
3.3698075828098522643827550382411573082209e-01
6.5285449446764443059976201766403391957283e-01
5.3148711223763256406016353139420971274376e-01
1.7704329040720162558031347543874289840460e-01
5.9514948274350332191318102559307590126991e-01
8.7207551312026410084143890344421379268169e-01
1.0000000000000000000000000000000000000000e+00
6.5285449446763621494937979150563478469849e-01
1.4303871823193298196130740507214795798063e-01
4.7220887064816274847345312082325108349323e-01
5.6257153598561937535293964174343273043633e-01
6.4597837093741095060295265284366905689240e-01
6.3354660841665100257102949399268254637718e-01
1.4172797833654904309241828741505742073059e-01
5.6257153598561937535293964174343273043633e-01
8.1111352839017947236044392411713488399982e-01
8.4652726829617885861978265893412753939629e-01
8.7330077975268571854883248306578025221825e-01
2.3743243603259836516095049319119425490499e-01
2.6507273778225415306053491804050281643867e-01
4.1961909845967870769101182304439134895802e-01
2.9511291064688799368198601769108790904284e-01
3.5199340950147062212494120103656314313412e-01
5.6257153598561937535293964174343273043633e-01
7.3428413335069819822820136323571205139160e-01
4.2169076007427952479389432483003474771976e-01
6.0466326211256404832283806172199547290802e-01
4.2222190555380278986774555960437282919884e-01
1.6809470580785312171512302370501856785268e-02
2.6026386133393880628617012007453013211489e-01
1.5056249369009241934058707101939944550395e-01
1.6809470580785312171512302370501856785268e-02
1.6809470580785312171512302370501856785268e-02
1.6809470580785312171512302370501856785268e-02
1.6976676978869503775726457206474151462317e-01
3.7452237778385882860376909775368403643370e-01
3.1184632764944247851346403876959811896086e-01
1.6809470580785312171512302370501856785268e-02
6.7951813462886631600490261462255148217082e-02
1.6809470580785312171512302370501856785268e-02
3.7882047622761988447948056091263424605131e-01
1.6809470580785312171512302370501856785268e-02
1.6809470580785312171512302370501856785268e-02
2.3001819700977796379071094179380452260375e-01
3.1110879805924024354979451345570851117373e-01
4.2169076007427952479389432483003474771976e-01
1.6809470580785312171512302370501856785268e-02
1.4303871823193298196130740507214795798063e-01
1.6809470580785312171512302370501856785268e-02
1.6809470580785312171512302370501856785268e-02
2.6026386133393880628617012007453013211489e-01
1.5056249369009241934058707101939944550395e-01
0.0000000000000000000000000000000000000000e+00
0.0000000000000000000000000000000000000000e+00
0.0000000000000000000000000000000000000000e+00
1.6976676978869503775726457206474151462317e-01
3.7452237778385882860376909775368403643370e-01
3.1184632764944247851346403876959811896086e-01
0.0000000000000000000000000000000000000000e+00
6.7951813462886631600490261462255148217082e-02
1.3548425277468191876839576082147686975077e-02
3.7882047622761988447948056091263424605131e-01
1.4935596754824909809800104198984627146274e-02
0.0000000000000000000000000000000000000000e+00
2.3001819700977796379071094179380452260375e-01
3.1110879805924024354979451345570851117373e-01
4.2169076007427952479389432483003474771976e-01
0.0000000000000000000000000000000000000000e+00
1.4303871823193298196130740507214795798063e-01
1.6809470580785312171512302370501856785268e-02
1.6809470580785312171512302370501856785268e-02
0.0000000000000000000000000000000000000000e+00
2.6026386133393880628617012007453013211489e-01
1.5056249369009241934058707101939944550395e-01
0.0000000000000000000000000000000000000000e+00
0.0000000000000000000000000000000000000000e+00
0.0000000000000000000000000000000000000000e+00
1.6976676978869503775726457206474151462317e-01
3.7452237778385882860376909775368403643370e-01
3.1184632764944247851346403876959811896086e-01
0.0000000000000000000000000000000000000000e+00
6.7951813462886631600490261462255148217082e-02
1.3548425277468191876839576082147686975077e-02
3.7882047622761988447948056091263424605131e-01
1.4935596754824909809800104198984627146274e-02
0.0000000000000000000000000000000000000000e+00
2.3001819700977796379071094179380452260375e-01
3.1110879805924024354979451345570851117373e-01
4.2169076007427952479389432483003474771976e-01
0.0000000000000000000000000000000000000000e+00
1.4303871823193298196130740507214795798063e-01
1.6809470580785312171512302370501856785268e-02
1.6809470580785312171512302370501856785268e-02
0.0000000000000000000000000000000000000000e+00
0.0000000000000000000000000000000000000000e+00
9.4743117129758417149787419475615024566650e+01
1.0590576954471757342712834315534564666450e-01
