1
0
23
6.8503809249659330937731738231377676129341e-01
4.0400867628729292269085249245108570903540e-01
3.7133328415060129490399276619427837431431e-01
6.1599720081354436551634989882586523890495e-01
1.4936840350225055740196467013447545468807e-01
7.6930350123304103160393196958466432988644e-01
5.0472336772920012304410875003668479621410e-01
2.5051301446322765675844834731833543628454e-01
9.3065553438856518653210514457896351814270e-01
6.5516344283552974125939272198593243956566e-01
5.4674844806684830267329289199551567435265e-01
1.6001110819205263680053974439942976459861e-01
6.8465182440417782228081478024250827729702e-01
7.4703854590257889878301966746221296489239e-01
1.0000000000000000000000000000000000000000e+00
8.7291190267711249450854893439100123941898e-01
0.0000000000000000000000000000000000000000e+00
7.1281413874436405642143199656857177615166e-01
1.0000000000000000000000000000000000000000e+00
6.3152382130763118350813556389766745269299e-01
3.9637000738481248385269850587064865976572e-01
5.9955854591505175488208578826743178069592e-01
3.8358458650850935089948734457721002399921e-01
5.7062080052981112299193000580999068915844e-01
6.1288394294211046009479559870669618248940e-01
6.5302876766511519512903305439976975321770e-01
7.0676891448243295279496578586986288428307e-01
1.0000000000000000000000000000000000000000e+00
6.2456547720942467982752077659824863076210e-01
2.3546145736959300798218919226201251149178e-01
6.3969984034277871387530467472970485687256e-01
7.3251354035294835576053174008848145604134e-01
6.7038515368791218307364943029824644327164e-01
8.3240635366121029647956675034947693347931e-01
1.0000000000000000000000000000000000000000e+00
9.6286259614330349521083007857669144868851e-01
7.0676891448243361892878056096378713846207e-01
4.5335419437376295315189622670004609972239e-01
7.3444634795707652852314595293137244880199e-01
4.8179081297916809267789517434721346944571e-01
6.5302876766511530615133551691542379558086e-01
6.4115330238045642463617923567653633654118e-01
1.2395024900722828586907553471974097192287e-01
6.0107281544601875999944695649901404976845e-01
7.0676891448243361892878056096378713846207e-01
7.0676891448243361892878056096378713846207e-01
0.0000000000000000000000000000000000000000e+00
6.3969984034277871387530467472970485687256e-01
6.6702528125758997479266554364585317671299e-01
4.6819388491598956658634733685175888240337e-01
7.7522483582535517410150305295246653258801e-01
4.4555234260067611007372079257038421928883e-01
5.5798094516047203050845837424276396632195e-01
4.8406636252491386240848214583820663392544e-01
6.9461325394258355281351668963907286524773e-01
1.0000000000000000000000000000000000000000e+00
7.9156999212651554809205833862506551668048e-02
6.8465182440417782228081478024250827729702e-01
6.7117419486545804030441786380833946168423e-01
6.9243085610901855542209659688523970544338e-01
6.8465182440417027276424732917803339660168e-01
4.6296797190101135477391380845801904797554e-01
5.9624870057019629943084737533354200422764e-01
8.4366429804938836145566938284900970757008e-01
9.4223705073054209169214345820364542305470e-01
6.8465182440417726716930246766423806548119e-01
2.7584156081881006095102293329546228051186e-01
2.6237460054156597211161283667024690657854e-01
7.1361649133123250532406700585852377116680e-01
2.4754108426643398055411182667739922180772e-01
4.5866704611631453625264498441538307815790e-01
7.8500721997046774003337077374453656375408e-01
1.0000000000000000000000000000000000000000e+00
5.9354074346724461364033231802750378847122e-01
5.7062080052981112299193000580999068915844e-01
5.9726730646946624148085902561433613300323e-01
9.4837187795133714995898799315909855067730e-01
6.2688929423886796676868016220396384596825e-01
1.0000000000000000000000000000000000000000e+00
1.8340461745195940634900466648105066269636e-01
4.4068177013916698392392845562426373362541e-01
9.6848198308911370713047972458298318088055e-01
4.9535969082630831872293697415443602949381e-01
9.5177365712450923140863778826314955949783e-01
1.0000000000000000000000000000000000000000e+00
1.0000000000000000000000000000000000000000e+00
1.0000000000000000000000000000000000000000e+00
5.1097186440315356392716239497531205415726e-01
8.2221796794654544715541533150826580822468e-01
5.4335049141582714149478761100908741354942e-01
4.7293421869062846063513916305964812636375e-01
8.2721947335035705961558960552792996168137e-01
2.0182989944263873827168254138086922466755e-01
1.0000000000000000000000000000000000000000e+00
3.4935030645826947726106936897849664092064e-01
8.0334242891810625497583941978518851101398e-01
8.3240635366121029647956675034947693347931e-01
8.0601300917177642890720790092018432915211e-01
8.7449154232057069169314900136669166386127e-01
8.0334242891810703213195665739476680755615e-01
7.0076035563428396013563315136707387864590e-01
5.8224997436787084836851136060431599617004e-01
3.4870658329602821634551901297527365386486e-01
5.8224997436786529725338823482161387801170e-01
8.3240635366121007443496182531816884875298e-01
9.8881052457317342163634066309896297752857e-01
0.0000000000000000000000000000000000000000e+00
6.1203040785142837076904243076569400727749e-01
7.5696628549850886180649922607699409127235e-01
7.8898882061048047908968783303862437605858e-01
7.6306188804977537198936943241278640925884e-01
4.2542721790040510798647233059455174952745e-01
8.3179365354107159813423777450225315988064e-01
7.5576443259457670720280475507024675607681e-01
8.3303204711139011706677592883352190256119e-01
7.6306188804977537198936943241278640925884e-01
5.4095240151344126111609966756077483296394e-01
8.2738521460583847044745198218151926994324e-01
7.8898882061048047908968783303862437605858e-01
8.8855202249302123185259461024543270468712e-01
1.0000000000000000000000000000000000000000e+00
4.2542721790040510798647233059455174952745e-01
6.3969984034278026818753914994886144995689e-01
6.1288394294211556712070887442678213119507e-01
6.3087089487888070582499722149805165827274e-01
6.4359052228699231701369853908545337617397e-01
5.7470720466598834708094045709003694355488e-01
7.4113064117223570459458414916298352181911e-01
6.6917691650945287928919924524961970746517e-01
7.9685984689782041190397876562201417982578e-01
7.0676891448242629145681803493062034249306e-01
1.0000000000000000000000000000000000000000e+00
8.2738521460583847044745198218151926994324e-01
6.5583778219874666604027879657223820686340e-01
8.1807496570070092900550662307068705558777e-01
8.8401182530811572846118906454648822546005e-01
7.3352322305432415827652903317357413470745e-01
4.3294053720365138770986845884181093424559e-01
6.1203040785142837076904243076569400727749e-01
9.0857816294420046254742828750750049948692e-01
5.0472336772920012304410875003668479621410e-01
8.7230053593014156287921423427178524434566e-01
5.5942224614432867202395982531015761196613e-01
1.0000000000000000000000000000000000000000e+00
7.7950346087502353498166485223919153213501e-01
8.4806227999299332864779898955021053552628e-01
6.3147100697306102201622479697107337415218e-01
4.0717738166153255585655301729275379329920e-01
5.7522276151455087322972303809365257620811e-01
7.2850625255169321192738607351202517747879e-01
4.3410549410185578222964863925881218165159e-01
8.3230709584516038290757933282293379306793e-01
7.7613468327987555905878025441779755055904e-01
5.7027860385615314342544479586649686098099e-01
2.2752371854018960117826964051346294581890e-01
5.7624691627544510907910080277360975742340e-01
7.9141132603960318014912900252966210246086e-01
8.6117899173563672299280824518064036965370e-01
1.0000000000000000000000000000000000000000e+00
1.0000000000000000000000000000000000000000e+00
1.0000000000000000000000000000000000000000e+00
5.7624691627544244454384170239791274070740e-01
1.0000000000000000000000000000000000000000e+00
9.6575967954851782426572981421486474573612e-01
1.0000000000000000000000000000000000000000e+00
9.5680460512919762727790384815307334065437e-01
5.1920394671155811749940767185762524604797e-01
7.1264281580800159510147295804927125573158e-01
1.9242377490376527671145368003635667264462e-01
5.5408841492706994991124247462721541523933e-01
9.4729364137501481657466229080455377697945e-01
1.0000000000000000000000000000000000000000e+00
0.0000000000000000000000000000000000000000e+00
7.2350508041666850012063605390721932053566e-01
5.1486664514612312526509185772738419473171e-01
5.7166331883923826584492644542478956282139e-01
7.6254192527642794541264947838499210774899e-01
6.0161466012467212927106174902291968464851e-01
6.5205302677538734545947818332933820784092e-01
4.8243340696045777793443676273454912006855e-01
8.9891920564272709270881023257970809936523e-01
6.5302876766511874784271185490069910883904e-01
6.9243085610902455062642957273055799305439e-01
6.9243085610901855542209659688523970544338e-01
8.2989297313458576521583154317340813577175e-01
4.6835120263051888134242517480743117630482e-01
5.8224997436786507520878330979030579328537e-01
6.1570654534014712666589730361010879278183e-01
6.1004697774035743229603667714400216937065e-01
5.7240283993400808970619664250989444553852e-01
4.6835120263051888134242517480743117630482e-01
4.6835120263051888134242517480743117630482e-01
7.1361649133123250532406700585852377116680e-01
6.2982326688112799661922736049746163189411e-01
9.2596068681236720632199421743280254304409e-01
8.2738521460583913658126675727544352412224e-01
7.0924256638717020351236897113267332315445e-01
7.2943643286033177375315972312819212675095e-01
8.7649130797231533662738911516498774290085e-01
7.7381588965083902831310069814207963645458e-01
1.0000000000000000000000000000000000000000e+00
5.4465644506480714870377823899616487324238e-01
4.9590551670095078806710375829425174742937e-01
6.5486510337668213388440108246868476271629e-01
6.7955311059520262517708033556118607521057e-01
6.2243069394252781290077791709336452186108e-01
8.2738521460583958067047660733805969357491e-01
9.3219271567346850826396575939725153148174e-01
4.9590551670094573655234171383199281990528e-01
8.0206149141124494228449748334242030978203e-01
6.1004697774036709123635091600590385496616e-01
2.9409286008544194279679118153580930083990e-01
3.7133328415060129490399276619427837431431e-01
1.4936840350225055740196467013447545468807e-01
2.5051301446322765675844834731833543628454e-01
1.6001110819205263680053974439942976459861e-01
0.0000000000000000000000000000000000000000e+00
3.8358458650850935089948734457721002399921e-01
2.3546145736959300798218919226201251149178e-01
4.5335419437376295315189622670004609972239e-01
0.0000000000000000000000000000000000000000e+00
7.9156999212651554809205833862506551668048e-02
2.6237460054156597211161283667024690657854e-01
1.8340461745195940634900466648105066269636e-01
2.0182989944263873827168254138086922466755e-01
0.0000000000000000000000000000000000000000e+00
4.2542721790040510798647233059455174952745e-01
4.3294053720365138770986845884181093424559e-01
2.2752371854018960117826964051346294581890e-01
0.0000000000000000000000000000000000000000e+00
4.6835120263051888134242517480743117630482e-01
2.9409286008544194279679118153580930083990e-01
0.0000000000000000000000000000000000000000e+00
3.7133328415060129490399276619427837431431e-01
1.4936840350225055740196467013447545468807e-01
2.5051301446322765675844834731833543628454e-01
1.6001110819205263680053974439942976459861e-01
0.0000000000000000000000000000000000000000e+00
3.8358458650850935089948734457721002399921e-01
2.3546145736959300798218919226201251149178e-01
4.5335419437376295315189622670004609972239e-01
0.0000000000000000000000000000000000000000e+00
7.9156999212651554809205833862506551668048e-02
2.6237460054156597211161283667024690657854e-01
1.8340461745195940634900466648105066269636e-01
2.0182989944263873827168254138086922466755e-01
0.0000000000000000000000000000000000000000e+00
4.2542721790040510798647233059455174952745e-01
4.3294053720365138770986845884181093424559e-01
2.2752371854018960117826964051346294581890e-01
0.0000000000000000000000000000000000000000e+00
4.6835120263051888134242517480743117630482e-01
2.9409286008544194279679118153580930083990e-01
0.0000000000000000000000000000000000000000e+00
0.0000000000000000000000000000000000000000e+00
3.7133328415060129490399276619427837431431e-01
1.4936840350225055740196467013447545468807e-01
2.5051301446322765675844834731833543628454e-01
1.6001110819205263680053974439942976459861e-01
0.0000000000000000000000000000000000000000e+00
3.8358458650850935089948734457721002399921e-01
2.3546145736959300798218919226201251149178e-01
4.5335419437376295315189622670004609972239e-01
0.0000000000000000000000000000000000000000e+00
7.9156999212651554809205833862506551668048e-02
2.6237460054156597211161283667024690657854e-01
1.8340461745195940634900466648105066269636e-01
2.0182989944263873827168254138086922466755e-01
0.0000000000000000000000000000000000000000e+00
4.2542721790040510798647233059455174952745e-01
4.3294053720365138770986845884181093424559e-01
2.2752371854018960117826964051346294581890e-01
0.0000000000000000000000000000000000000000e+00
4.6835120263051888134242517480743117630482e-01
2.9409286008544194279679118153580930083990e-01
0.0000000000000000000000000000000000000000e+00
0.0000000000000000000000000000000000000000e+00
0.0000000000000000000000000000000000000000e+00
9.1499566946451025728492822963744401931763e+01
3.2421317930923176930946283391676843166351e-01
