1
0
23
6.2320655103182298617525702866259962320328e-01
4.2335561910698843446354544539644848555326e-01
4.3203733592182180789365020245895721018314e-01
7.5908162890181463122729610404348932206631e-01
2.5463987391409853566770493671356234699488e-01
7.9472673384366343540818888868670910596848e-01
7.5908162890181118953591976605821400880814e-01
4.5063468895459157792515725304838269948959e-01
8.9705693293337285254551716207060962915421e-01
6.9584292793566659973691912455251440405846e-01
6.4246146731708730914789384769392199814320e-01
2.7385038190154831205802565818885341286659e-01
7.8491425821614424496175388412666507065296e-01
8.8741533116376436485239764806465245783329e-01
1.0000000000000000000000000000000000000000e+00
1.0000000000000000000000000000000000000000e+00
0.0000000000000000000000000000000000000000e+00
7.1972378506980783097191078923060558736324e-01
7.0314244214177235026141943308175541460514e-01
6.5282225631021173484214159543626010417938e-01
6.1717957584798677217463591659907251596451e-01
8.3967884122503944066551184732816182076931e-01
5.2988533853513342108954020659439265727997e-01
7.4440956331127450251727850627503357827663e-01
6.5017530104024690018604815122671425342560e-01
6.9466761942648536098943168326513841748238e-01
7.0659846879292587118470692075788974761963e-01
1.0000000000000000000000000000000000000000e+00
6.5955519129148243440141641258378513157368e-01
4.0464924655260275931922819836472626775503e-01
6.7853783121992594651317176612792536616325e-01
7.6278823019077857114922380787902511656284e-01
7.8876431674250435666095881970250047743320e-01
7.9665493258697706036031149778864346444607e-01
9.8421701436981601229803118258132599294186e-01
8.8211779441392001999133753997739404439926e-01
8.1164250133387705332665973401162773370743e-01
4.2588279503690212868249886923877056688070e-01
7.8491425821614424496175388412666507065296e-01
6.9701655333449186180416745628463104367256e-01
7.0769317452543623048200061020907014608383e-01
7.9159127316652977413014014018699526786804e-01
5.4608452470423829439027940679807215929031e-01
5.2988533853513342108954020659439265727997e-01
7.2792554328600178603636550178634934127331e-01
8.1164250133387683128205480898031964898109e-01
0.0000000000000000000000000000000000000000e+00
8.0663370695131697551971683424199000000954e-01
7.8386658779859497148123637089156545698643e-01
8.6910076308050998594723068890743888914585e-01
8.9705693293337285254551716207060962915421e-01
6.3019764981376091839138098293915390968323e-01
7.7325434623604027972731955742347054183483e-01
8.1594812098389823962207856311579234898090e-01
8.5298852333444585838151397183537483215332e-01
1.0000000000000000000000000000000000000000e+00
2.8970449780782547843926977293449454009533e-01
7.8491425821614424496175388412666507065296e-01
8.6463395159335743045403432915918529033661e-01
7.9657682530137308152262676230748184025288e-01
7.9186134525565321506945792862097732722759e-01
6.8248491764084495692088694340782240033150e-01
7.7140137942893205469374606764176860451698e-01
8.9200922671888183135280314672854728996754e-01
9.8056238181799360020818312477786093950272e-01
8.0005089882125568490067735183401964604855e-01
5.8579077397276779759494047539192251861095e-01
3.8331075717799478752567665651440620422363e-01
7.4568397449339141047630619141273200511932e-01
4.9144059362581521410717755315999966114759e-01
6.6808411364748609972963322434225119650364e-01
7.2655829099995317132965055861859582364559e-01
1.0000000000000000000000000000000000000000e+00
6.5752852709144260501261669560335576534271e-01
6.7231563627559121076870951583259738981724e-01
7.5848002362544475474237515300046652555466e-01
7.8491425821614424496175388412666507065296e-01
7.9900348291086253915693760063732042908669e-01
1.0000000000000000000000000000000000000000e+00
4.2619094280966773879981701611541211605072e-01
6.4415696214002649000462952244561165571213e-01
8.8010979562737290393670264165848493576050e-01
7.8876431674250435666095881970250047743320e-01
1.0000000000000000000000000000000000000000e+00
7.7799988587458301925181558544863946735859e-01
9.5747642895706341903405700577422976493835e-01
1.0000000000000000000000000000000000000000e+00
7.2469571717573133540213348169345408678055e-01
9.6806783575882382475441545466310344636440e-01
5.8579077397276801963954540042323060333729e-01
6.2961547612131052442663303736480884253979e-01
7.3288924530836718762571990737342275679111e-01
4.8161849382993315860090888236300088465214e-01
7.3331039409208575996501622284995391964912e-01
6.3031912842051618373062638056580908596516e-01
7.8876431674250757630773023265646770596504e-01
9.2875620419845827946403460373403504490852e-01
1.0000000000000000000000000000000000000000e+00
9.2901834231401980712661270445096306502819e-01
9.1213084982233005870710940143908374011517e-01
9.2901834231401980712661270445096306502819e-01
6.5121351610983835289658827605308033525944e-01
4.8777441677544663978238759227679111063480e-01
6.5121351610984457014552617692970670759678e-01
9.4670437012252517394728101862710900604725e-01
8.5875927547918151638839390216162428259850e-01
0.0000000000000000000000000000000000000000e+00
6.7853783121992594651317176612792536616325e-01
8.0992749591315671420233002208988182246685e-01
7.9539186143529894135184576953179202973843e-01
7.6241388487158701092738510851631872355938e-01
6.6515976298423529211589766418910585343838e-01
7.8768228919514449160033109365031123161316e-01
7.5682010870079596820403367019025608897209e-01
7.9766331858735606274990459496621042490005e-01
8.7891548876420633185091446648584678769112e-01
7.4759607695286200979012392053846269845963e-01
8.4358607340173963340390628218301571905613e-01
7.7488538146049956711891582017415203154087e-01
8.8031251486953221441211780984303914010525e-01
9.2875620419845339448272625304525718092918e-01
3.4216917601467350396049482696980703622103e-01
6.4669741857816775976175449613947421312332e-01
6.6038329217365154821806072504841722548008e-01
7.0161112282699933384577661854564212262630e-01
7.0161112282699922282347415602998808026314e-01
7.2655749093672816751876553098554722964764e-01
7.2655749093673027694251231878297403454781e-01
7.0659846879292553811779953321092762053013e-01
7.2655749093672938876409261865774169564247e-01
8.1164250133387505492521540872985497117043e-01
1.0000000000000000000000000000000000000000e+00
8.5242752110754405059367400099290534853935e-01
7.2655749093672816751876553098554722964764e-01
7.3495413969064249393170484836446121335030e-01
9.1854821306505174405288016714621335268021e-01
7.3206839238615828424627807180513627827168e-01
4.1226949075026686486467042414005845785141e-01
6.8011762531879427218228784113307483494282e-01
8.5652020974290299371034507203148677945137e-01
7.4334338521914200548224016529275104403496e-01
8.1039337667928068587031020797439850866795e-01
6.4343281675644159456339821190340444445610e-01
7.3067584704945232054740245075663551688194e-01
7.9703938867401569190462851111078634858131e-01
8.9719588777206471519320984953083097934723e-01
7.7242671922730976596938035072525963187218e-01
6.3239851542693537034267592389369383454323e-01
7.5908162890181463122729610404348932206631e-01
7.7488538146050056631963798281503841280937e-01
6.2961547612131607554175616314751096069813e-01
9.1213084982232317532435672546853311359882e-01
7.8517577959851292401793898534378968179226e-01
6.2961547612132218176839160150848329067230e-01
2.8833295188924623619897147364099510014057e-01
6.8937889180944822431484908520360477268696e-01
8.6038260953447109891101263201562687754631e-01
9.3676129903388072328596081206342205405235e-01
8.4365106984928572853021933042327873408794e-01
1.0000000000000000000000000000000000000000e+00
8.5701642745275274926086694904370233416557e-01
6.8742215538038875521920090250205248594284e-01
9.3161116437346713770040196322952397167683e-01
6.4346419818740785423472061665961518883705e-01
9.3161116437346869201263643844868056476116e-01
8.4358607340173963340390628218301571905613e-01
6.1942583063452827385475529808900319039822e-01
6.9810482453616862219547556378529407083988e-01
3.6464168059590401638203616130340378731489e-01
7.7488538146049934507431089514284394681454e-01
6.9810482453616862219547556378529407083988e-01
9.3161116437346869201263643844868056476116e-01
0.0000000000000000000000000000000000000000e+00
9.1977277333033624628910729370545595884323e-01
7.5908162890181363202657394140260294079781e-01
7.5405743245414091902034670056309551000595e-01
9.4791342890470975390826424700208008289337e-01
1.0000000000000000000000000000000000000000e+00
7.5908162890181263282585177876171655952930e-01
7.9703938867401569190462851111078634858131e-01
1.0000000000000000000000000000000000000000e+00
6.5852392781720603398554203522508032619953e-01
8.6910076308050998594723068890743888914585e-01
8.2191190729939378467605592959444038569927e-01
8.4813001744850247121121356030926108360291e-01
6.1363691717686386084551486419513821601868e-01
6.6120512020615662684974722651531919836998e-01
7.3627210164040279849473336071241647005081e-01
8.2191190729942564807686267158715054392815e-01
8.0806461703632415094489260809496045112610e-01
8.6038260953447109891101263201562687754631e-01
5.4560931735854423241249833154142834246159e-01
6.8937889180945177702852788570453412830830e-01
8.2211666599019850298901701535214670002460e-01
1.0000000000000000000000000000000000000000e+00
8.9555745218328441925592642292031086981297e-01
8.2212762085858204219590561478980816900730e-01
8.6518305201911249735502451585489325225353e-01
9.1045748373219914650888995311106555163860e-01
9.4670437012253194630773123208200559020042e-01
9.6630486067563803320723536671721376478672e-01
5.8383403754371510085974250614526681602001e-01
6.2924270664670978181476357349311001598835e-01
8.0807600110343191790462924473104067146778e-01
7.0749441935418577731553568810340948402882e-01
6.5697526034400699490589659035322256386280e-01
8.0368622206669193541728191121364943683147e-01
8.0807600110343291710535140737192705273628e-01
7.0810729658966053978730315066059119999409e-01
7.9801204316809815075828282715519890189171e-01
8.2191190729942553705456020907149650156498e-01
4.2791495805355039827588825573911890387535e-01
4.3203733592182180789365020245895721018314e-01
2.5463987391409853566770493671356234699488e-01
4.5063468895459157792515725304838269948959e-01
2.7385038190154831205802565818885341286659e-01
0.0000000000000000000000000000000000000000e+00
5.2988533853513342108954020659439265727997e-01
4.0464924655260275931922819836472626775503e-01
4.2588279503690212868249886923877056688070e-01
0.0000000000000000000000000000000000000000e+00
2.8970449780782547843926977293449454009533e-01
3.8331075717799478752567665651440620422363e-01
4.2619094280966773879981701611541211605072e-01
4.8161849382993315860090888236300088465214e-01
0.0000000000000000000000000000000000000000e+00
3.4216917601467350396049482696980703622103e-01
4.1226949075026686486467042414005845785141e-01
2.8833295188924623619897147364099510014057e-01
0.0000000000000000000000000000000000000000e+00
5.4560931735854423241249833154142834246159e-01
4.2791495805355039827588825573911890387535e-01
0.0000000000000000000000000000000000000000e+00
4.3203733592182180789365020245895721018314e-01
2.5463987391409853566770493671356234699488e-01
4.5063468895459157792515725304838269948959e-01
2.7385038190154831205802565818885341286659e-01
0.0000000000000000000000000000000000000000e+00
5.2988533853513342108954020659439265727997e-01
4.0464924655260275931922819836472626775503e-01
4.2588279503690212868249886923877056688070e-01
0.0000000000000000000000000000000000000000e+00
2.8970449780782547843926977293449454009533e-01
3.8331075717799478752567665651440620422363e-01
4.2619094280966773879981701611541211605072e-01
4.8161849382993315860090888236300088465214e-01
0.0000000000000000000000000000000000000000e+00
3.4216917601467350396049482696980703622103e-01
4.1226949075026686486467042414005845785141e-01
2.8833295188924623619897147364099510014057e-01
0.0000000000000000000000000000000000000000e+00
5.4560931735854423241249833154142834246159e-01
4.2791495805355039827588825573911890387535e-01
0.0000000000000000000000000000000000000000e+00
0.0000000000000000000000000000000000000000e+00
4.3203733592182180789365020245895721018314e-01
2.5463987391409853566770493671356234699488e-01
4.5063468895459157792515725304838269948959e-01
2.7385038190154831205802565818885341286659e-01
0.0000000000000000000000000000000000000000e+00
5.2988533853513342108954020659439265727997e-01
4.0464924655260275931922819836472626775503e-01
4.2588279503690212868249886923877056688070e-01
0.0000000000000000000000000000000000000000e+00
2.8970449780782547843926977293449454009533e-01
3.8331075717799478752567665651440620422363e-01
4.2619094280966773879981701611541211605072e-01
4.8161849382993315860090888236300088465214e-01
0.0000000000000000000000000000000000000000e+00
3.4216917601467350396049482696980703622103e-01
4.1226949075026686486467042414005845785141e-01
2.8833295188924623619897147364099510014057e-01
0.0000000000000000000000000000000000000000e+00
5.4560931735854423241249833154142834246159e-01
4.2791495805355039827588825573911890387535e-01
0.0000000000000000000000000000000000000000e+00
0.0000000000000000000000000000000000000000e+00
0.0000000000000000000000000000000000000000e+00
8.9041818008679214813128055538982152938843e+01
7.2662025111583361525191548935254104435444e-01
