1
0
23
6.8445144997374973705461798090254887938499e-01
3.9808415205600244934913689576205797493458e-01
3.4005178060235830006519108792417682707310e-01
5.5667941705144263764282186457421630620956e-01
9.0837744694291996938595445953978924080729e-02
6.9182527755773504107850158106884919106960e-01
4.2911368251615583657709862563933711498976e-01
1.9296619829410657787072125302074709907174e-01
9.6609224853076713923627494295942597091198e-01
5.9817435137077235030034216833882965147495e-01
5.7341702960410767531129749841056764125824e-01
1.5065513855535309084565653847676003351808e-01
6.4804627787123370019628509908216074109077e-01
8.6152847583922698149194729921873658895493e-01
1.0000000000000000000000000000000000000000e+00
9.2314551927433829980884638644056394696236e-01
0.0000000000000000000000000000000000000000e+00
6.3318561424496266898387375476886518299580e-01
1.0000000000000000000000000000000000000000e+00
7.0144722874006670831903420548769645392895e-01
3.8608725068400134849966320871317293494940e-01
5.9638572247622634314723200077423825860023e-01
3.8608725068400134849966320871317293494940e-01
5.3137940595229038454050396467209793627262e-01
5.1842144933212053192761459285975433886051e-01
5.8970479823867660851277605615905486047268e-01
7.1592104957055691105693995268666185438633e-01
1.0000000000000000000000000000000000000000e+00
6.3318561424496266898387375476886518299580e-01
2.3392726860590215554047688328864751383662e-01
5.6077626354125276186834980762796476483345e-01
7.0972964583138598015921161277219653129578e-01
5.9785018304793680066211436496814712882042e-01
8.7464453782621809363462261899258010089397e-01
1.0000000000000000000000000000000000000000e+00
9.2036366107171896366878627304686233401299e-01
6.5694161527910421849441036101779900491238e-01
4.1575530497683765851490989007288590073586e-01
6.9237919276972315074658581579569727182388e-01
4.3021574288308472855391073608188889920712e-01
5.8970479823867660851277605615905486047268e-01
5.7489467958134821135018910354119725525379e-01
5.6580787373586294286553766141878440976143e-02
5.5320572050926564156014819673146121203899e-01
6.7835043082649537637962566805072128772736e-01
6.8072554943473506661177907517412677407265e-01
0.0000000000000000000000000000000000000000e+00
5.7794499959488532248030878690769895911217e-01
6.8814906001597220264187626526108942925930e-01
4.3449324032257413685798042024543974548578e-01
7.6871125507773163665348192807869054377079e-01
5.0022363141738879210862478430499322712421e-01
5.6384132770775985399325236357981339097023e-01
4.5460688465628512622274115528853144496679e-01
5.6934471099464578625060084959841333329678e-01
1.0000000000000000000000000000000000000000e+00
4.4206325588346216670654342806301428936422e-02
6.6498639910773749139849542189040221273899e-01
6.4759890246986184791921914438717067241669e-01
6.6498639910773627015316833421820774674416e-01
6.7059049037260642922575470947776921093464e-01
4.8427829836946451047552386626193765550852e-01
5.7795975722352055381492164087831042706966e-01
8.2109734541839218824321733336546458303928e-01
9.0000774278011053119996631721733137965202e-01
6.7648481307156815844905395351815968751907e-01
2.7250906942500752183633494496461935341358e-01
2.7250906942500752183633494496461935341358e-01
6.7481098717299570211025638855062425136566e-01
2.0706301855287995161702951918414328247309e-01
3.6954063990514418591715184447821229696274e-01
7.6871125507773985230386415423708967864513e-01
1.0000000000000000000000000000000000000000e+00
5.7860410258389505244736028544139117002487e-01
5.2198282978913990159952618341776542365551e-01
5.5692002494697279146862456400413066148758e-01
9.0920715847288524624758565551019273698330e-01
5.7435597941323790482925915057421661913395e-01
1.0000000000000000000000000000000000000000e+00
1.2679370845508861065376038368412991985679e-01
3.7912812990301009152815936431579757481813e-01
1.0000000000000000000000000000000000000000e+00
4.8109929042859900238937598260235972702503e-01
1.0000000000000000000000000000000000000000e+00
1.0000000000000000000000000000000000000000e+00
1.0000000000000000000000000000000000000000e+00
1.0000000000000000000000000000000000000000e+00
5.1500919692863544874228409753413870930672e-01
7.3538872928128895534172215775470249354839e-01
5.5736972054680489208067228901199996471405e-01
4.6063243353144645020336156449047848582268e-01
8.2681918931472808687033193564275279641151e-01
2.5678992781030807179831754183396697044373e-01
1.0000000000000000000000000000000000000000e+00
3.2225055832606919192784289407427422702312e-01
7.7666104475462660605700193627853877842426e-01
8.7464453782621898181304231911781243979931e-01
8.7068713998435465217795581338577903807163e-01
8.7164805028423708588292129206820391118526e-01
7.8224483966550051317057068445137701928616e-01
6.5694161527910499565052759862737730145454e-01
6.0726827599562838155833333075861446559429e-01
4.0376040234330895506431602370867040008307e-01
6.0726827599564314752456084534060209989548e-01
7.6019111484720647275992178037995472550392e-01
9.6619666765687617360214289874420501291752e-01
0.0000000000000000000000000000000000000000e+00
5.6077626354125276186834980762796476483345e-01
7.4895482179732220107126750008319504559040e-01
8.0055498294790439217649691272526979446411e-01
7.6199578468898565564160207941313274204731e-01
4.2010040435588114071663312643067911267281e-01
8.2437823289014955374653936814866028726101e-01
7.4755869397415231070169738814001902937889e-01
8.1439272388966810201083035281044431030750e-01
6.9358066636208037802902026669471524655819e-01
5.3716043010958647307973023998783901333809e-01
7.7831888433880913602536111284280195832253e-01
8.0055498294790439217649691272526979446411e-01
8.9866714364763677913572337274672463536263e-01
9.7468234847909740459215299779316410422325e-01
4.0560117512716775678427438833750784397125e-01
6.1199569001967202286351721340906806290150e-01
5.2973628302647712828843395982403308153152e-01
6.0799421610993409359480210696347057819366e-01
6.7362670427964055352987315927748568356037e-01
5.5053034467006334296002023620530962944031e-01
7.0901044939965329749753664145828224718571e-01
6.3107435289379010256993751681875437498093e-01
7.5572190815512640948981015753815881907940e-01
6.8072554943472518562685991128091700375080e-01
1.0000000000000000000000000000000000000000e+00
7.7831888433880902500305865032714791595936e-01
6.6414999727344703472908804542385041713715e-01
8.1294822495718666033326371689327061176300e-01
8.7550069832825627713646099437028169631958e-01
6.9165592600510816811976155804586596786976e-01
4.0130656703900674520113511789531912654638e-01
5.4340126740014504935771810778533108532429e-01
8.7332626815340996806469320290489122271538e-01
4.2911368251615578106594739438151009380817e-01
7.8448805204662996892750470578903332352638e-01
4.4828163241111129710958493888028897345066e-01
1.0000000000000000000000000000000000000000e+00
7.4757652334586821574191617401083931326866e-01
7.5929154452166758293429893456050194799900e-01
5.9407910375206995912122920344700105488300e-01
3.6462566090623843573226281478127930313349e-01
4.9980890505920377853144032087584491819143e-01
6.5757747022410828474647814800846390426159e-01
5.8431207951347829965271785113145597279072e-01
8.0900954896725929543777056096587330102921e-01
7.3668850639698768567598108347738161683083e-01
5.2533529472492179746012652685749344527721e-01
1.5771072408777453421890868412447161972523e-01
5.7723149435059351031185315150651149451733e-01
7.6239538926502137261564939763047732412815e-01
7.2020117049750298487964528248994611203671e-01
1.0000000000000000000000000000000000000000e+00
1.0000000000000000000000000000000000000000e+00
1.0000000000000000000000000000000000000000e+00
5.3944644313472944752163584780646488070488e-01
1.0000000000000000000000000000000000000000e+00
9.4864622494551020803754681764985434710979e-01
1.0000000000000000000000000000000000000000e+00
8.6548955345099198854796895830077119171619e-01
4.3388702733623407681307071470655500888824e-01
6.9796263005985959004817686945898458361626e-01
2.1043722639134065932609019000665284693241e-01
6.5993690606165267276139729801798239350319e-01
9.1890675538102384312111325925798155367374e-01
1.0000000000000000000000000000000000000000e+00
0.0000000000000000000000000000000000000000e+00
6.7954115354407640392508938020910136401653e-01
4.8512472204178208601277333400503266602755e-01
5.2411039766341394052773239309317432343960e-01
7.0325370417722365967705400180420838296413e-01
4.6614269466060009872165892375051043927670e-01
7.1098783616827332387799742718925699591637e-01
4.7890053392300258039426807954441756010056e-01
8.8525712575765513889791691326536238193512e-01
7.0855911453057396354182628783746622502804e-01
6.6498639910772938677041565824765712022781e-01
6.6498639910773560401935355912428349256516e-01
8.1025788071572535375963752812822349369526e-01
3.9629686595664537218652867522905580699444e-01
6.0726827599564758841665934596676379442215e-01
5.6806059070658543319609634636435657739639e-01
6.0726827599564647819363472081022337079048e-01
5.3473266864430257783169508911669254302979e-01
4.2711376266370126852933708505588583648205e-01
3.9629686595664537218652867522905580699444e-01
6.7481098717299481393183668842539191246033e-01
5.8371316247688753708899866978754289448261e-01
9.7746596565730248240555511074489913880825e-01
8.4766206912369956860686670552240684628487e-01
7.3868786146040554818625878397142514586449e-01
7.0901044939967006186520848132204264402390e-01
9.0030404172849487487440001132199540734291e-01
7.4708049558493860864416546974098309874535e-01
9.0543753453130992880915073328651487827301e-01
4.9942842257114133941442446484870743006468e-01
4.4971730610001797723285221763944718986750e-01
5.8989838612888467750394738686736673116684e-01
7.1397283662285149219428603828418999910355e-01
6.2796198585694118499134219746338203549385e-01
8.4766206912369967962916916803806088864803e-01
8.4300378706731593503320709714898839592934e-01
4.4971730610001736661018867380334995687008e-01
8.8972267100574764508991165712359361350536e-01
5.7800273688142567163339435865054838359356e-01
2.4436302826422826028895940453367074951530e-01
3.4005178060235830006519108792417682707310e-01
9.0837744694291996938595445953978924080729e-02
1.9296619829410657787072125302074709907174e-01
1.5065513855535309084565653847676003351808e-01
9.0837744694291996938595445953978924080729e-02
3.8608725068400134849966320871317293494940e-01
2.3392726860590215554047688328864751383662e-01
4.1575530497683765851490989007288590073586e-01
9.0837744694291996938595445953978924080729e-02
9.0837744694291996938595445953978924080729e-02
2.7250906942500752183633494496461935341358e-01
1.2679370845508861065376038368412991985679e-01
2.5678992781030807179831754183396697044373e-01
9.0837744694291996938595445953978924080729e-02
4.0560117512716775678427438833750784397125e-01
4.0130656703900674520113511789531912654638e-01
1.5771072408777453421890868412447161972523e-01
9.0837744694291996938595445953978924080729e-02
3.9629686595664537218652867522905580699444e-01
2.4436302826422826028895940453367074951530e-01
9.0837744694291996938595445953978924080729e-02
3.4005178060235830006519108792417682707310e-01
9.0837744694291996938595445953978924080729e-02
1.9296619829410657787072125302074709907174e-01
1.5065513855535309084565653847676003351808e-01
0.0000000000000000000000000000000000000000e+00
3.8608725068400134849966320871317293494940e-01
2.3392726860590215554047688328864751383662e-01
4.1575530497683765851490989007288590073586e-01
0.0000000000000000000000000000000000000000e+00
4.4206325588346216670654342806301428936422e-02
2.7250906942500752183633494496461935341358e-01
1.2679370845508861065376038368412991985679e-01
2.5678992781030807179831754183396697044373e-01
0.0000000000000000000000000000000000000000e+00
4.0560117512716775678427438833750784397125e-01
4.0130656703900674520113511789531912654638e-01
1.5771072408777453421890868412447161972523e-01
0.0000000000000000000000000000000000000000e+00
3.9629686595664537218652867522905580699444e-01
2.4436302826422826028895940453367074951530e-01
9.0837744694291996938595445953978924080729e-02
0.0000000000000000000000000000000000000000e+00
3.4005178060235830006519108792417682707310e-01
9.0837744694291996938595445953978924080729e-02
1.9296619829410657787072125302074709907174e-01
1.5065513855535309084565653847676003351808e-01
0.0000000000000000000000000000000000000000e+00
3.8608725068400134849966320871317293494940e-01
2.3392726860590215554047688328864751383662e-01
4.1575530497683765851490989007288590073586e-01
0.0000000000000000000000000000000000000000e+00
4.4206325588346216670654342806301428936422e-02
2.7250906942500752183633494496461935341358e-01
1.2679370845508861065376038368412991985679e-01
2.5678992781030807179831754183396697044373e-01
0.0000000000000000000000000000000000000000e+00
4.0560117512716775678427438833750784397125e-01
4.0130656703900674520113511789531912654638e-01
1.5771072408777453421890868412447161972523e-01
0.0000000000000000000000000000000000000000e+00
3.9629686595664537218652867522905580699444e-01
2.4436302826422826028895940453367074951530e-01
9.0837744694291996938595445953978924080729e-02
0.0000000000000000000000000000000000000000e+00
0.0000000000000000000000000000000000000000e+00
9.0637767710983240476707578636705875396729e+01
2.9121250673559068156137641381064895540476e-01
