1
0
23
6.7478828685169467416216093624825589358807e-01
3.9623898153983871939232130898744799196720e-01
2.7189796011442307621663871941564138978720e-01
5.4470623733579992542530590071692131459713e-01
6.7535210645714258137495278333517489954829e-02
6.7829755467261609869211724799242801964283e-01
4.4900073058320538743615202292858157306910e-01
2.3882242179183507668760455544543219730258e-01
9.0775254528631088568602081068092957139015e-01
5.4206719341664766353972026990959420800209e-01
6.1953833379809297721152461235760711133480e-01
1.5202190847882071644825430212222272530198e-01
6.5556473069836262990150999030447565019131e-01
7.6851164540853234008466188242891803383827e-01
1.0000000000000000000000000000000000000000e+00
8.9198126549682166253063542171730659902096e-01
0.0000000000000000000000000000000000000000e+00
6.5072285131129925517257106548640877008438e-01
1.0000000000000000000000000000000000000000e+00
6.4640964920832921780657898125355131924152e-01
4.1723845293847172666090727943810634315014e-01
4.1723845293847172666090727943810634315014e-01
4.1723845293847172666090727943810634315014e-01
5.2769886452026770751189133079606108367443e-01
4.9808150911636034363638714239641558378935e-01
5.8769127412570554280790702250669710338116e-01
7.3645119603025666066287158173508942127228e-01
1.0000000000000000000000000000000000000000e+00
6.5143661920713169521945928863715380430222e-01
2.3166272817867331057506419256242224946618e-01
5.3623032010394366952965583550394512712955e-01
7.1095978298178208465429861462325789034367e-01
5.9565918858110467049016278906492516398430e-01
8.6879418174440925515256139988196082413197e-01
9.9874886964860010163391734749893657863140e-01
8.6713170912505965759464743314310908317566e-01
6.0876502719013503295286682259757071733475e-01
3.9258878248905204610963437517057172954082e-01
6.9139832692572633643379731438471935689449e-01
4.1547464411580820042857453699980396777391e-01
5.8769127412570143498271590942749753594398e-01
5.9373231356364331023911518059321679174900e-01
1.0901238324429685100369624706218019127846e-01
5.6546069143710020465931620492483489215374e-01
6.8398219401857507371289557340787723660469e-01
6.3109999407760664080768719941261224448681e-01
0.0000000000000000000000000000000000000000e+00
5.9394302128357601144870159259880892932415e-01
6.9049581718591601653400857685483060777187e-01
4.7900883685137563006151140143629163503647e-01
7.8038330988207649241417129815090447664261e-01
5.5648333527517057639499853394227102398872e-01
5.5589231359639557084051375568378716707230e-01
4.8514558151370534844204485125374048948288e-01
5.5717067572809675368716852972283959388733e-01
1.0000000000000000000000000000000000000000e+00
1.4315598775197901221245544434168550651520e-02
6.5623610280376243331090790888993069529533e-01
6.9923129703654962607828338150284253060818e-01
6.4857567514450642498502475064015015959740e-01
6.4401525309868135060753502330044284462929e-01
4.4805357787309663120112190881627611815929e-01
5.6741786628243839896157396651688031852245e-01
8.2339202199281869010150103349587880074978e-01
8.9608020593360082628464624576736241579056e-01
6.5623610280376465375695715920301154255867e-01
2.6119634489707738156383243222080636769533e-01
2.6119634489707738156383243222080636769533e-01
6.4452667263621188364908221046789549291134e-01
1.8843706183913791485373678824544185772538e-01
3.1483271712800603436832602710637729614973e-01
7.6818437626279345575852630645385943353176e-01
9.5792178867981991885471870773471891880035e-01
5.5400559206408583889924557297490537166595e-01
4.8913788138130065430431159256841056048870e-01
5.3623032010394366952965583550394512712955e-01
8.7837578919272174537979935848852619528770e-01
5.3533683420119526630287509760819375514984e-01
1.0000000000000000000000000000000000000000e+00
8.7254246227419327008867355743859661743045e-02
3.7819433959426246305568497518834192305803e-01
1.0000000000000000000000000000000000000000e+00
5.0339247679859611128705410010297782719135e-01
1.0000000000000000000000000000000000000000e+00
1.0000000000000000000000000000000000000000e+00
1.0000000000000000000000000000000000000000e+00
1.0000000000000000000000000000000000000000e+00
5.1652712206735351685438217828050255775452e-01
7.9011080613579254272593743735342286527157e-01
5.5936251370078027278509580355603247880936e-01
4.5142433758283584399606525039416737854481e-01
8.0573642396784517227814603756996802985668e-01
2.1489367842967832533673799844109453260899e-01
1.0000000000000000000000000000000000000000e+00
3.0615005657278959727563005799311213195324e-01
7.8213417557818709635597542728646658360958e-01
8.6879418174440925515256139988196082413197e-01
8.6233684540722199685092164145316928625107e-01
9.1991342876824355734299842879408970475197e-01
7.8213417557818709635597542728646658360958e-01
6.0876502719012726139169444650178775191307e-01
5.9803962519438291778328675718512386083603e-01
4.6159594052585900536556096085405442863703e-01
5.9803962519438291778328675718512386083603e-01
7.5160122070798951465775417091208510100842e-01
1.0000000000000000000000000000000000000000e+00
0.0000000000000000000000000000000000000000e+00
5.4684234527626351951568040021811611950397e-01
7.1180133122006139512194522467325441539288e-01
7.8710928074630248651999409048585221171379e-01
7.8577479791105997453115605821949429810047e-01
4.4665946889033625311071773467119783163071e-01
8.2651271847699780970231131504988297820091e-01
7.4303975089207785487133151036687195301056e-01
7.8710928074630182038617931539192795753479e-01
6.7940399078184077197306578455027192831039e-01
5.3533683420119526630287509760819375514984e-01
7.5032110911566407551731572311837226152420e-01
7.8710928074630248651999409048585221171379e-01
8.8776234804611897644122109340969473123550e-01
9.5608368577338598282011616902309469878674e-01
4.4665946889033625311071773467119783163071e-01
5.8927487905127973188967871465138159692287e-01
5.4075341467702042752563329486292786896229e-01
6.3268289113795694866837493464117869734764e-01
6.7194560479999987379073900228831917047501e-01
5.3458006149270431706099770963191986083984e-01
6.5461539754570152727097820388735271990299e-01
6.1302013940274346914804937114240601658821e-01
7.6266799171893306930058997750165872275829e-01
6.4721917098219738928577271508402191102505e-01
1.0000000000000000000000000000000000000000e+00
7.7243133673443387099410983864800073206425e-01
6.4721917098219738928577271508402191102505e-01
8.4345692895891710705313926155213266611099e-01
8.2612227618375178028742311653331853449345e-01
6.6472834813989500890585304659907706081867e-01
3.7992876416813992079823947278782725334167e-01
5.2294300756766731730351693840930238366127e-01
8.7644154522103745463823543104808777570724e-01
4.4900073058320522090269832915510050952435e-01
7.8038330988207715854798607324482873082161e-01
5.1358416128574591041910935018677264451981e-01
1.0000000000000000000000000000000000000000e+00
7.6971126085637309177656106840004213154316e-01
7.5878616291772837953999442106578499078751e-01
6.0983653400443049719115151674486696720123e-01
3.7632843726050313470921082625864073634148e-01
4.7989039444818626378719272906892001628876e-01
6.3068414307365316950892975000897422432899e-01
6.0452176201688345713591843377798795700073e-01
7.9182732066764094369659687799867242574692e-01
7.9044246400797268936599948574439622461796e-01
4.6851834985699725155683381672133691608906e-01
2.3196391190232623635836262110387906432152e-01
5.4620158527380513469040579366264864802361e-01
7.7478294463964969551739159214776009321213e-01
7.1670985949952781268734725017566233873367e-01
1.0000000000000000000000000000000000000000e+00
1.0000000000000000000000000000000000000000e+00
1.0000000000000000000000000000000000000000e+00
4.9201607833786065171466361789498478174210e-01
1.0000000000000000000000000000000000000000e+00
7.6060709311912622077045398327754810452461e-01
1.0000000000000000000000000000000000000000e+00
8.5051458227764598074571722463588230311871e-01
4.7345461895855578404734842479228973388672e-01
6.4481797458112566356902561892638914287090e-01
1.9728320080130512526039865406346507370472e-01
6.1887885836413936146982450736686587333679e-01
8.5295581879589343898828701640013605356216e-01
1.0000000000000000000000000000000000000000e+00
0.0000000000000000000000000000000000000000e+00
6.3605293630099102308861347410129383206367e-01
4.5991548574701918150609003532736096531153e-01
5.0756874676872154594775565783493220806122e-01
6.8191821651722250852145634780754335224628e-01
4.6100021454786443975137899542460218071938e-01
6.6195915957676554342015151632949709892273e-01
4.2885827807349763407529508185689337551594e-01
8.6612964360484123726990901559474878013134e-01
1.0000000000000000000000000000000000000000e+00
6.6877365917735853706460602552397176623344e-01
6.4857567514450642498502475064015015959740e-01
8.1404023032235484080842979892622679471970e-01
4.2529501560157495498870616756903473287821e-01
5.9114850119505324421709246962564066052437e-01
5.4971486933625346438248016056604683399200e-01
5.7148073801043808295219150750199332833290e-01
5.3657031199639138030477170104859396815300e-01
4.2885827807350795914942409581271931529045e-01
4.2529501560157495498870616756903473287821e-01
6.6525787578781381270687234064098447561264e-01
5.7534937096775162768125255752238444983959e-01
9.9207538411655582510917383842752315104008e-01
8.0127046638275600809464549456606619060040e-01
7.6595667472136508280300404294393956661224e-01
7.2385066879759474289812715142033994197845e-01
8.4003413715239805270584838581271469593048e-01
6.8008954321618253491266159471706487238407e-01
9.1948098128165312026283118029823526740074e-01
4.8784679951052839497194213436159770935774e-01
4.3635741983341719274491765645507257431746e-01
5.7534937096774874110138853211537934839725e-01
7.0465897590981430020917741785524412989616e-01
6.0876502719012726139169444650178775191307e-01
8.4003413715239860781736069839098490774632e-01
8.0127046638275145618024453142425045371056e-01
4.0147912558532555804546859690162818878889e-01
7.4664401002541447294191812034114263951778e-01
5.7148073801043808295219150750199332833290e-01
2.1331093810259582621569052207632921636105e-01
2.7189796011442307621663871941564138978720e-01
6.7535210645714258137495278333517489954829e-02
2.3882242179183507668760455544543219730258e-01
1.5202190847882071644825430212222272530198e-01
0.0000000000000000000000000000000000000000e+00
4.1723845293847172666090727943810634315014e-01
2.3166272817867331057506419256242224946618e-01
3.9258878248905204610963437517057172954082e-01
0.0000000000000000000000000000000000000000e+00
1.4315598775197901221245544434168550651520e-02
2.6119634489707738156383243222080636769533e-01
8.7254246227419327008867355743859661743045e-02
2.1489367842967832533673799844109453260899e-01
0.0000000000000000000000000000000000000000e+00
4.4665946889033625311071773467119783163071e-01
3.7992876416813992079823947278782725334167e-01
2.3196391190232623635836262110387906432152e-01
0.0000000000000000000000000000000000000000e+00
4.2529501560157495498870616756903473287821e-01
2.1331093810259582621569052207632921636105e-01
0.0000000000000000000000000000000000000000e+00
2.7189796011442307621663871941564138978720e-01
6.7535210645714258137495278333517489954829e-02
2.3882242179183507668760455544543219730258e-01
1.5202190847882071644825430212222272530198e-01
0.0000000000000000000000000000000000000000e+00
4.1723845293847172666090727943810634315014e-01
2.3166272817867331057506419256242224946618e-01
3.9258878248905204610963437517057172954082e-01
0.0000000000000000000000000000000000000000e+00
1.4315598775197901221245544434168550651520e-02
2.6119634489707738156383243222080636769533e-01
8.7254246227419327008867355743859661743045e-02
2.1489367842967832533673799844109453260899e-01
0.0000000000000000000000000000000000000000e+00
4.4665946889033625311071773467119783163071e-01
3.7992876416813992079823947278782725334167e-01
2.3196391190232623635836262110387906432152e-01
0.0000000000000000000000000000000000000000e+00
4.2529501560157495498870616756903473287821e-01
2.1331093810259582621569052207632921636105e-01
0.0000000000000000000000000000000000000000e+00
0.0000000000000000000000000000000000000000e+00
2.7189796011442307621663871941564138978720e-01
6.7535210645714258137495278333517489954829e-02
2.3882242179183507668760455544543219730258e-01
1.5202190847882071644825430212222272530198e-01
0.0000000000000000000000000000000000000000e+00
4.1723845293847172666090727943810634315014e-01
2.3166272817867331057506419256242224946618e-01
3.9258878248905204610963437517057172954082e-01
0.0000000000000000000000000000000000000000e+00
1.4315598775197901221245544434168550651520e-02
2.6119634489707738156383243222080636769533e-01
8.7254246227419327008867355743859661743045e-02
2.1489367842967832533673799844109453260899e-01
0.0000000000000000000000000000000000000000e+00
4.4665946889033625311071773467119783163071e-01
3.7992876416813992079823947278782725334167e-01
2.3196391190232623635836262110387906432152e-01
0.0000000000000000000000000000000000000000e+00
4.2529501560157495498870616756903473287821e-01
2.1331093810259582621569052207632921636105e-01
0.0000000000000000000000000000000000000000e+00
0.0000000000000000000000000000000000000000e+00
0.0000000000000000000000000000000000000000e+00
9.0413305400245789655855332966893911361694e+01
2.7178682508733337241935146266769152134657e-01
