1
0
23
7.0644973301202151905187065494828857481480e-01
3.9209172149238008531213495189149398356676e-01
2.7298221809808975724109814109397120773792e-01
5.3645619791789256325387214019428938627243e-01
2.6305906165514637146118914756698359269649e-02
6.4764901217261672261571447961614467203617e-01
4.3492473504809908702029019877954851835966e-01
2.1135510093063147873948537380783818662167e-01
9.1855826153816233503590638065361417829990e-01
5.1666879551350342048010588769102469086647e-01
6.6469598950918529212117391580250114202499e-01
1.9376919432672845555742924261721782386303e-01
6.4280318488980292546131067865644581615925e-01
8.3763597206328554989340773317962884902954e-01
1.0000000000000000000000000000000000000000e+00
9.1401931152783755241131302682333625853062e-01
0.0000000000000000000000000000000000000000e+00
5.5077050894364032451733237394364550709724e-01
1.0000000000000000000000000000000000000000e+00
7.3627172239019988975172736900276504456997e-01
4.7121154693676786662237532254948746412992e-01
5.3911253377940249187361132499063387513161e-01
4.7121154693676786662237532254948746412992e-01
5.3922402689847992451888103460078127682209e-01
4.7981070093412120369791296070616226643324e-01
5.8058700493207504589321388266398571431637e-01
7.5447197874867155675815411086659878492355e-01
1.0000000000000000000000000000000000000000e+00
7.5168726795209117597096337703987956047058e-01
2.5168792463796707536971553054172545671463e-01
5.3922402689847992451888103460078127682209e-01
6.9061848799333092063790218162466771900654e-01
5.7365879868786828765792051854077726602554e-01
9.5459085236703966614868477336131036281586e-01
1.0000000000000000000000000000000000000000e+00
7.9056323877943091016362586742616258561611e-01
6.1715309727745593093573006626684218645096e-01
4.0421870751747601691050704175722785294056e-01
6.5302991327828052714465911776642315089703e-01
4.2803661431073136700575787472189404070377e-01
5.7365879868786839868022298105643130838871e-01
5.9701034866090985087083709004218690097332e-01
1.1021590384459833966701580720837228000164e-01
6.5175529738437898430447603459469974040985e-01
7.1545790674781206686105861081159673631191e-01
6.4653905541833511794180822107591666281223e-01
0.0000000000000000000000000000000000000000e+00
6.0888842127528852721241037215804681181908e-01
7.1195655022335679884548653717502020299435e-01
4.9840329529533566876864369987742975354195e-01
7.8050779964066441252157346752937883138657e-01
4.5094947298300425142514313847641460597515e-01
5.9106265991703588191796825412893667817116e-01
4.7871275158239262603743213730922434478998e-01
5.4859192991451299903360450116451829671860e-01
1.0000000000000000000000000000000000000000e+00
3.1059957727828040041639923174443538300693e-02
6.3365628914400196070033643991337157785892e-01
6.6352154788858497269643521576654165983200e-01
6.2829722289905010068622459584730677306652e-01
6.0607419418084307327632132000871933996677e-01
4.4116688775869200567214534203230869024992e-01
5.4735375187260759677343457951792515814304e-01
8.1410424923495594562439237051876261830330e-01
8.6154418860818671177526084647979587316513e-01
5.9701034866090985087083709004218690097332e-01
2.3034687771515752197082349539414281025529e-01
2.2998381432243428235118187785701593384147e-01
6.2442018711761426708051203604554757475853e-01
1.7016510235394818884024914495967095717788e-01
3.0091024516940673150244833777833264321089e-01
7.6747715619209533333133776977774687111378e-01
9.4586894441160307422933328780345618724823e-01
6.2179349302006126087860593543155118823051e-01
4.7743007780227064706934925197856500744820e-01
5.3922402689847992451888103460078127682209e-01
9.0812492989385229513743524876190349459648e-01
5.2254745898382093383105484463158063590527e-01
1.0000000000000000000000000000000000000000e+00
9.5186583011450359714800129040668252855539e-02
3.8260473853241971919914021782460622489452e-01
1.0000000000000000000000000000000000000000e+00
5.0385743068282384804490448004798963665962e-01
1.0000000000000000000000000000000000000000e+00
1.0000000000000000000000000000000000000000e+00
1.0000000000000000000000000000000000000000e+00
1.0000000000000000000000000000000000000000e+00
5.5435696444866777721216521968017332255840e-01
8.7574465105341370296798686467809602618217e-01
5.7190324539020553906709665170637890696526e-01
4.1016209172998813192734246513282414525747e-01
7.0540965852525805424022564693586900830269e-01
2.4126518589006218373782530761673115193844e-01
1.0000000000000000000000000000000000000000e+00
2.6652507713280337853234414069447666406631e-01
7.5088388643824388601899499917635694146156e-01
8.6038980126467234921250337720266543328762e-01
9.2312594838155126453216325899120420217514e-01
9.1404376286282973396168927138205617666245e-01
7.8012416768864567551133859524270519614220e-01
6.1715309727745826240408177909557707607746e-01
5.8142178334196481515050436428282409906387e-01
4.8286134024121241115068414728739298880100e-01
5.8142178334196614741813391447067260742188e-01
7.6747715619209733173278209505951963365078e-01
1.0000000000000000000000000000000000000000e+00
0.0000000000000000000000000000000000000000e+00
5.3922402689847992451888103460078127682209e-01
6.8725122089416257331606630032183602452278e-01
7.3551181923184316691077810901333577930927e-01
8.2859922987989442777490012304042465984821e-01
4.3609846294110271580635185273422393947840e-01
8.5324091783553146495222563316929154098034e-01
7.2766288315922300622418106286204420030117e-01
7.7875364378383349350798425803077407181263e-01
6.5302991327828840972813395637786015868187e-01
5.5169703929661273456019898731028661131859e-01
7.2656493380749154198383621405810117721558e-01
8.3589234093297926087018367979908362030983e-01
8.2605077465705312178556596336420625448227e-01
9.3587520972934123975051079469267278909683e-01
4.3609846294110271580635185273422393947840e-01
6.2055590445298935975415588472969830036163e-01
5.4979595052583007941393589135259389877319e-01
6.6469598950918651336650100347469560801983e-01
7.2429191640824863718250981037272140383720e-01
5.1079364223803691569258944582543335855007e-01
7.3736348280223695805801753522246144711971e-01
6.1104245661639333686565578318550251424313e-01
7.6523756812585330688847307101241312921047e-01
6.4653905541833345260727128334110602736473e-01
1.0000000000000000000000000000000000000000e+00
7.6845208157327016262883034869446419179440e-01
6.4912298537289092603685958238202147185802e-01
8.2918898551409414565682709508109837770462e-01
7.9040455167296042038316272737574763596058e-01
6.8566153674891572311622667257324792444706e-01
3.7865437875440366433110739308176562190056e-01
5.1848171750166904825363189956988207995892e-01
8.1695344426130678261444018062320537865162e-01
4.0405628938838256125620773673290386795998e-01
8.2111346616556979416401418347959406673908e-01
4.1647957845817396016485645304783247411251e-01
1.0000000000000000000000000000000000000000e+00
7.7590354305284325864278116569039411842823e-01
7.8490949801746379144162801821948960423470e-01
6.2492179442291817537125098169781267642975e-01
3.7284336144323526607280427924706600606441e-01
4.7091205931078661262034756873617880046368e-01
6.2179349302006559074840197354205884039402e-01
5.9308962407791476767471294806455262005329e-01
8.2699683656021694133642085944302380084991e-01
7.7817993853261469006099559919675812125206e-01
4.7091205931078661262034756873617880046368e-01
2.2382829070330251264309140424302313476801e-01
5.4022493581801045436918684572447091341019e-01
7.6076985985101430731702976117958314716816e-01
5.3424689993918006436501855205278843641281e-01
1.0000000000000000000000000000000000000000e+00
1.0000000000000000000000000000000000000000e+00
1.0000000000000000000000000000000000000000e+00
4.8937082022747846465904331125784665346146e-01
1.0000000000000000000000000000000000000000e+00
7.7033190160547815317215736286016181111336e-01
1.0000000000000000000000000000000000000000e+00
8.4612000018928357203407131237327121198177e-01
4.3397840548441224406417404679814353585243e-01
6.9054714608750344950749422423541545867920e-01
1.3815393725959290716076566241099499166012e-01
5.4324391757463097452074407556210644543171e-01
9.1942356266562874633763158271904103457928e-01
1.0000000000000000000000000000000000000000e+00
0.0000000000000000000000000000000000000000e+00
6.0149980185602458515603530031512491405010e-01
4.5063584585680555028019966812280472368002e-01
5.1689377713144857295901601901277899742126e-01
6.7386589000692675988091195904416963458061e-01
4.6283509748847428966200823197141289710999e-01
7.1890930902301619642713603752781637012959e-01
4.6169246951389480981831070494081359356642e-01
8.7268189087552094918009970569983124732971e-01
1.0000000000000000000000000000000000000000e+00
6.3365628914399341198304682620801031589508e-01
6.3365628914400073945500935224117711186409e-01
8.5708600762860631672168665318167768418789e-01
4.5226913290922832189266955538187175989151e-01
5.7775322778708637638800382774206809699535e-01
5.3783477371571097869207278563408181071281e-01
5.7775322778709847781897224194835871458054e-01
5.3783477371571253300430726085323840379715e-01
4.5063584585680555028019966812280472368002e-01
4.5063584585680555028019966812280472368002e-01
6.8967585376137408026409048034111037850380e-01
5.7838770562584240764181231497786939144135e-01
1.0000000000000000000000000000000000000000e+00
8.1888354941365593120394805737305432558060e-01
8.2413347860032437619537404316361062228680e-01
6.7274199369804432713237929419847205281258e-01
8.4466609689838401120454136616899631917477e-01
6.8945738274202339468388345267158001661301e-01
9.3456739300308844242692885018186643719673e-01
4.8286134024120608287944378389511257410049e-01
4.2086655998414546075991893303580582141876e-01
5.9067953759412594738620327916578389704227e-01
7.4208081730113062413067837042035534977913e-01
6.1174930564584717451737105875508859753609e-01
8.4466609689838401120454136616899631917477e-01
8.1888354941365903982841700781136751174927e-01
4.2423891233621785490370825755235273391008e-01
8.5711953419377140406254511617589741945267e-01
5.7775322778709925497508947955793701112270e-01
2.0100078910792257280704120603331830352545e-01
2.7298221809808975724109814109397120773792e-01
2.6305906165514637146118914756698359269649e-02
2.1135510093063147873948537380783818662167e-01
1.9376919432672845555742924261721782386303e-01
0.0000000000000000000000000000000000000000e+00
4.7121154693676786662237532254948746412992e-01
2.5168792463796707536971553054172545671463e-01
4.0421870751747601691050704175722785294056e-01
0.0000000000000000000000000000000000000000e+00
3.1059957727828040041639923174443538300693e-02
2.2998381432243428235118187785701593384147e-01
9.5186583011450359714800129040668252855539e-02
2.4126518589006218373782530761673115193844e-01
0.0000000000000000000000000000000000000000e+00
4.3609846294110271580635185273422393947840e-01
3.7865437875440366433110739308176562190056e-01
2.2382829070330251264309140424302313476801e-01
0.0000000000000000000000000000000000000000e+00
4.5063584585680555028019966812280472368002e-01
2.0100078910792257280704120603331830352545e-01
0.0000000000000000000000000000000000000000e+00
2.7298221809808975724109814109397120773792e-01
2.6305906165514637146118914756698359269649e-02
2.1135510093063147873948537380783818662167e-01
1.9376919432672845555742924261721782386303e-01
0.0000000000000000000000000000000000000000e+00
4.7121154693676786662237532254948746412992e-01
2.5168792463796707536971553054172545671463e-01
4.0421870751747601691050704175722785294056e-01
0.0000000000000000000000000000000000000000e+00
3.1059957727828040041639923174443538300693e-02
2.2998381432243428235118187785701593384147e-01
9.5186583011450359714800129040668252855539e-02
2.4126518589006218373782530761673115193844e-01
0.0000000000000000000000000000000000000000e+00
4.3609846294110271580635185273422393947840e-01
3.7865437875440366433110739308176562190056e-01
2.2382829070330251264309140424302313476801e-01
0.0000000000000000000000000000000000000000e+00
4.5063584585680555028019966812280472368002e-01
2.0100078910792257280704120603331830352545e-01
0.0000000000000000000000000000000000000000e+00
0.0000000000000000000000000000000000000000e+00
2.7298221809808975724109814109397120773792e-01
2.6305906165514637146118914756698359269649e-02
2.1135510093063147873948537380783818662167e-01
1.9376919432672845555742924261721782386303e-01
0.0000000000000000000000000000000000000000e+00
4.7121154693676786662237532254948746412992e-01
2.5168792463796707536971553054172545671463e-01
4.0421870751747601691050704175722785294056e-01
0.0000000000000000000000000000000000000000e+00
3.1059957727828040041639923174443538300693e-02
2.2998381432243428235118187785701593384147e-01
9.5186583011450359714800129040668252855539e-02
2.4126518589006218373782530761673115193844e-01
0.0000000000000000000000000000000000000000e+00
4.3609846294110271580635185273422393947840e-01
3.7865437875440366433110739308176562190056e-01
2.2382829070330251264309140424302313476801e-01
0.0000000000000000000000000000000000000000e+00
4.5063584585680555028019966812280472368002e-01
2.0100078910792257280704120603331830352545e-01
0.0000000000000000000000000000000000000000e+00
0.0000000000000000000000000000000000000000e+00
0.0000000000000000000000000000000000000000e+00
9.0073551084447728953819023445248603820801e+01
2.5591978168639556434627024827932473272085e-01
