1
0
23
7.0067355028710309738926298450678586959839e-01
3.9001924599193504850092040214804001152515e-01
2.6328349780254212131325175505480729043484e-01
4.9327612860301200958801359774952288717031e-01
6.4821974957527629321307749421521293697879e-03
6.5247251822629659390173628707998432219028e-01
4.0798794929576431833595506759593263268471e-01
1.9984335432927002873526589610264636576176e-01
9.1969616284504884795580892387079074978828e-01
5.1077436853063484800685500886174850165844e-01
6.3478760379542376046657636834424920380116e-01
1.6872795157317246883543759849999332800508e-01
6.5215576203634184615509639115771278738976e-01
8.3107418337548100151224161891150288283825e-01
1.0000000000000000000000000000000000000000e+00
9.1570098614345152299165420117788016796112e-01
0.0000000000000000000000000000000000000000e+00
5.3541494118225363418872575493878684937954e-01
1.0000000000000000000000000000000000000000e+00
6.8373286641897601523254479616298340260983e-01
4.5645332574569996708646613114979118108749e-01
4.9586272840154377306021160620730370283127e-01
4.5645332574569996708646613114979118108749e-01
5.3051129492824455891053503364673815667629e-01
4.7285878339137316084261897231044713407755e-01
5.7362463799174723266816044997540302574635e-01
7.5056425218460820492083485078183002769947e-01
1.0000000000000000000000000000000000000000e+00
7.2163515648933540536091868489165790379047e-01
2.5148829395819005672052526279003359377384e-01
5.3450588310367297406600073372828774154186e-01
6.8661644010288647166362352436408400535583e-01
5.9098167973031590083365927057457156479359e-01
9.0435883851875054073587989478255622088909e-01
1.0000000000000000000000000000000000000000e+00
7.8046895603200105995256308233365416526794e-01
6.1679541292255246620612751939916051924229e-01
4.0853875191708433067816486072842963039875e-01
6.7706980359549073789082740404410287737846e-01
4.0839671900709284546593380582635290920734e-01
5.4371505924537533172014036608743481338024e-01
5.8688333883204113483600394829409196972847e-01
1.0906492023031144622535748567315749824047e-01
6.1747710155645585405892461494659073650837e-01
6.9294560139470595672150921018328517675400e-01
6.4018948535849351522131200908916071057320e-01
0.0000000000000000000000000000000000000000e+00
5.9998987357248168006407240682165138423443e-01
6.8661644010288824802046292461454868316650e-01
5.0084766008114878221846311134868301451206e-01
7.6123364749047850441598939141840673983097e-01
5.0583220419174046433852254267549142241478e-01
5.5934756288612041963403953559463843703270e-01
4.6316370187851352291374951164470985531807e-01
5.6026409459117754163770541708800010383129e-01
1.0000000000000000000000000000000000000000e+00
1.3170451145559839908893984272708621574566e-02
6.3292546045848951941081850236514583230019e-01
6.5699477501988223782092291003209538757801e-01
6.3292546045848840918779387720860540866852e-01
6.1318906751239743435633045010035857558250e-01
4.3627520293444943533245350408833473920822e-01
5.6720414777326388922062960773473605513573e-01
8.1147845166649779091727623381302691996098e-01
8.6616151334541047202009167449432425200939e-01
6.1318906751239254937502209941158071160316e-01
2.3311645564153721243982886335288640111685e-01
2.3311645564153721243982886335288640111685e-01
6.2583509637408540893233066526590846478939e-01
1.5647923044245304335930768502294085919857e-01
3.1359759855360730407269898023514542728662e-01
7.7257761828263038506037219121935777366161e-01
1.0000000000000000000000000000000000000000e+00
5.7273507793543554367232673030230216681957e-01
4.7877313550381456197513330153014976531267e-01
5.3450588310367297406600073372828774154186e-01
9.3484432545250784052370818244526162743568e-01
5.1054141773771255508052036020671948790550e-01
1.0000000000000000000000000000000000000000e+00
9.2239116424098446800350359353615203872323e-02
3.5972542239155169685460577966296114027500e-01
1.0000000000000000000000000000000000000000e+00
4.7679143049981120849878379885922186076641e-01
1.0000000000000000000000000000000000000000e+00
1.0000000000000000000000000000000000000000e+00
1.0000000000000000000000000000000000000000e+00
1.0000000000000000000000000000000000000000e+00
5.4000610614317667845796222536591812968254e-01
8.2558341329890705395655459142290055751801e-01
5.6939401576822878947581330066896043717861e-01
4.2544055170040834257250139671668875962496e-01
7.7810370761715919041279221346485428512096e-01
2.2306465922839713300618313951417803764343e-01
1.0000000000000000000000000000000000000000e+00
2.5071799427620461431232001814350951462984e-01
7.6107121604881378118534485111013054847717e-01
8.5754730912715604329576990494388155639172e-01
9.1670075909482584552989692383562214672565e-01
9.4525652513503977125708388484781607985497e-01
7.7914252032795994207248213569982908666134e-01
6.1679541292255268825073244443046860396862e-01
5.9566805421307778001249744193046353757381e-01
4.7835379810592737470642532571218907833099e-01
5.9566805421308155477078116746270097792149e-01
7.7233700155874895898477916489355266094208e-01
1.0000000000000000000000000000000000000000e+00
0.0000000000000000000000000000000000000000e+00
5.3109400420315566737627932525356300175190e-01
6.6941703492536897002196383255068212747574e-01
7.0224681955327361571050914790248498320580e-01
8.0730256334437455745245415528188459575176e-01
4.2314537763404852510618070482451003044844e-01
8.5160354292465445524840106372721493244171e-01
7.3434943323322576791412075181142427027225e-01
7.8046895603200105995256308233365416526794e-01
6.6177744061882182169398447513231076300144e-01
5.3810303684656335398983628692803904414177e-01
7.2893654224320336698639266614918597042561e-01
7.7488546959468462826947643407038412988186e-01
8.4647516237643416481262192974099889397621e-01
9.6142362948075898998467891942709684371948e-01
4.2314537763404852510618070482451003044844e-01
6.0910202128964363588181640807306393980980e-01
5.1580209695538203895637252571759745478630e-01
6.3478760379542131797592219299986027181149e-01
6.9556797435315775857134212856180965900421e-01
5.0462940666907218911774180014617741107941e-01
7.0451629817155569934783443386550061404705e-01
6.0726979231450728402563754571019671857357e-01
7.4962717189828853570077171752927824854851e-01
6.4018948535849307113210215902654454112053e-01
1.0000000000000000000000000000000000000000e+00
7.5597308142332431124543745681876316666603e-01
6.3714912260948841637997475118027068674564e-01
8.3261892596014686063199405907653272151947e-01
8.1460399556315088442914884581114165484905e-01
6.7028052410990934806278573887539096176624e-01
3.7354345408173911247118326173222158104181e-01
5.3109400420316044133528521342668682336807e-01
8.0938489395565405004617787199094891548157e-01
4.0798794929576431833595506759593263268471e-01
7.8993419749819859809747413237346336245537e-01
4.2950367803813954692415677527606021612883e-01
1.0000000000000000000000000000000000000000e+00
7.6856019877636894133132727802149020135403e-01
7.7395832462054503508852576487697660923004e-01
6.1717274669584254453980065591167658567429e-01
3.7003236643283482498745229349879082292318e-01
4.8358279516970414935173039339133538305759e-01
6.3714912260948841637997475118027068674564e-01
6.0390134060066325005777798651251941919327e-01
8.1719279429254121360770568571751937270164e-01
7.6033691754346799385189115128014236688614e-01
4.8083746850160413721653185348259285092354e-01
2.1863932137287248047563537056703353300691e-01
5.5614654144036057559219443646725267171860e-01
7.5713072565542516301206887874286621809006e-01
5.0475644527876617484452026474173180758953e-01
1.0000000000000000000000000000000000000000e+00
1.0000000000000000000000000000000000000000e+00
1.0000000000000000000000000000000000000000e+00
4.5893737298668646484856026290799491107464e-01
1.0000000000000000000000000000000000000000e+00
7.0876503927973444341148478997638449072838e-01
1.0000000000000000000000000000000000000000e+00
8.5849670516303855372086673014564439654350e-01
4.2314364557398553845501965042785741388798e-01
6.8471469305363985569101714645512402057648e-01
1.2836708087095849428749261278426274657249e-01
5.2156943008659084615175061117042787373066e-01
8.5203181677005079830422573650139383971691e-01
1.0000000000000000000000000000000000000000e+00
0.0000000000000000000000000000000000000000e+00
6.0092962563258400798815728194313123822212e-01
4.2258717023938602297405964236531872302294e-01
5.0508304491743494235578282314236275851727e-01
6.4193018828337522485583122033858671784401e-01
4.5808962014178655763885217311326414346695e-01
6.8373286641897446092031032094382680952549e-01
4.2862129176088242799025351814634632319212e-01
8.6724034066550204080670027906307950615883e-01
1.0000000000000000000000000000000000000000e+00
6.3292546045849262803528745280345901846886e-01
6.3292546045848940838851603984949178993702e-01
8.3723968974729900960340955862193368375301e-01
4.2862129176087582216325699846493080258369e-01
5.7893478768432493630768931325292214751244e-01
5.1372656116573933715585553727578371763229e-01
5.4888478012029451313935624057194218039513e-01
5.1372656116574177964650971262017264962196e-01
4.2258717023938602297405964236531872302294e-01
4.2258717023938602297405964236531872302294e-01
6.9020603600092644835939381664502434432507e-01
5.5978417108761902021285550290485844016075e-01
9.8159488383935256106127553721307776868343e-01
8.1912075290423147500007416965672746300697e-01
7.9323959173993352500531273108208552002907e-01
7.3074849667025609800674601501668803393841e-01
8.5561387181328618645181904867058619856834e-01
6.8037126311475881745849392245872877538204e-01
9.3355229964476227344505332439439371228218e-01
4.6316370187851352291374951164470985531807e-01
4.2008034079465739196734830329660326242447e-01
5.6707131754246509203198911563958972692490e-01
7.6080698302314364589449269260512664914131e-01
6.0704422594777873722904359965468756854534e-01
8.4394629531053977355981032815179787576199e-01
8.1912075290423835838282684562727808952332e-01
4.0317937716426560657012601041060406714678e-01
8.0572324704051523358572239885688759386539e-01
5.5978417108761480136536192731000483036041e-01
2.0084951774223377962691472475853515788913e-01
2.6328349780254212131325175505480729043484e-01
6.4821974957527629321307749421521293697879e-03
1.9984335432927002873526589610264636576176e-01
1.6872795157317246883543759849999332800508e-01
0.0000000000000000000000000000000000000000e+00
4.5645332574569996708646613114979118108749e-01
2.5148829395819005672052526279003359377384e-01
4.0853875191708433067816486072842963039875e-01
0.0000000000000000000000000000000000000000e+00
1.3170451145559839908893984272708621574566e-02
2.3311645564153721243982886335288640111685e-01
9.2239116424098446800350359353615203872323e-02
2.2306465922839713300618313951417803764343e-01
0.0000000000000000000000000000000000000000e+00
4.2314537763404852510618070482451003044844e-01
3.7354345408173911247118326173222158104181e-01
2.1863932137287248047563537056703353300691e-01
0.0000000000000000000000000000000000000000e+00
4.2258717023938602297405964236531872302294e-01
2.0084951774223377962691472475853515788913e-01
0.0000000000000000000000000000000000000000e+00
2.6328349780254212131325175505480729043484e-01
6.4821974957527629321307749421521293697879e-03
1.9984335432927002873526589610264636576176e-01
1.6872795157317246883543759849999332800508e-01
0.0000000000000000000000000000000000000000e+00
4.5645332574569996708646613114979118108749e-01
2.5148829395819005672052526279003359377384e-01
4.0853875191708433067816486072842963039875e-01
0.0000000000000000000000000000000000000000e+00
1.3170451145559839908893984272708621574566e-02
2.3311645564153721243982886335288640111685e-01
9.2239116424098446800350359353615203872323e-02
2.2306465922839713300618313951417803764343e-01
0.0000000000000000000000000000000000000000e+00
4.2314537763404852510618070482451003044844e-01
3.7354345408173911247118326173222158104181e-01
2.1863932137287248047563537056703353300691e-01
0.0000000000000000000000000000000000000000e+00
4.2258717023938602297405964236531872302294e-01
2.0084951774223377962691472475853515788913e-01
0.0000000000000000000000000000000000000000e+00
0.0000000000000000000000000000000000000000e+00
2.6328349780254212131325175505480729043484e-01
6.4821974957527629321307749421521293697879e-03
1.9984335432927002873526589610264636576176e-01
1.6872795157317246883543759849999332800508e-01
0.0000000000000000000000000000000000000000e+00
4.5645332574569996708646613114979118108749e-01
2.5148829395819005672052526279003359377384e-01
4.0853875191708433067816486072842963039875e-01
0.0000000000000000000000000000000000000000e+00
1.3170451145559839908893984272708621574566e-02
2.3311645564153721243982886335288640111685e-01
9.2239116424098446800350359353615203872323e-02
2.2306465922839713300618313951417803764343e-01
0.0000000000000000000000000000000000000000e+00
4.2314537763404852510618070482451003044844e-01
3.7354345408173911247118326173222158104181e-01
2.1863932137287248047563537056703353300691e-01
0.0000000000000000000000000000000000000000e+00
4.2258717023938602297405964236531872302294e-01
2.0084951774223377962691472475853515788913e-01
0.0000000000000000000000000000000000000000e+00
0.0000000000000000000000000000000000000000e+00
0.0000000000000000000000000000000000000000e+00
8.9736404159127943103158031590282917022705e+01
2.6022665317296206355379695196461398154497e-01
