1
0
23
6.9351314834332622449863947622361592948437e-01
3.9160509401838311527299651970679406076670e-01
2.7224604358543069704268191344453953206539e-01
5.3228280835345920252166251884773373603821e-01
5.0346207467428016890664821403333917260170e-02
6.7115049068580778790504837161279283463955e-01
4.4279610512540168443251786811742931604385e-01
2.2753552718134828491969301467179320752621e-01
9.0002363003817897890712629305198788642883e-01
5.3872965246212789480750871007330715656281e-01
6.1237004194340705076626818481599912047386e-01
1.4965039991262224505774725002993363887072e-01
6.4893773060295079080361801970866508781910e-01
7.8337898564802044276689230173360556364059e-01
1.0000000000000000000000000000000000000000e+00
8.8151012270681461391319544418365694582462e-01
0.0000000000000000000000000000000000000000e+00
5.8568701300548453581029662018408998847008e-01
1.0000000000000000000000000000000000000000e+00
6.1111296660363823018968787437188439071178e-01
4.3120754458684529275558361405273899435997e-01
4.4184194877369153964252745936391875147820e-01
4.3120754458684529275558361405273899435997e-01
5.1544956145141940240250733040738850831985e-01
4.8808114295217752687250367671367712318897e-01
5.6718445524418370506936071251402609050274e-01
7.4402378053149509362640401377575471997261e-01
1.0000000000000000000000000000000000000000e+00
7.1548436915961710624856095819268375635147e-01
2.2037322440369411236105179341393522918224e-01
5.3311663373785156405659790834761224687099e-01
6.8362246309360397145127308249357156455517e-01
5.7160272229654296438638994004577398300171e-01
8.8453593323115120572452951819286681711674e-01
1.0000000000000000000000000000000000000000e+00
7.7145897467112967138547219292377121746540e-01
6.1427588803434607367393027743673883378506e-01
3.8777679814319221396345938046579249203205e-01
6.7625278487966378193618766090366989374161e-01
4.1353111279179133319416905578691512346268e-01
5.2397408424005553762015097163384780287743e-01
5.8708363641452487868832577078137546777725e-01
9.9379430068307073042888077907264232635498e-02
5.8673089650436272002309578965650871396065e-01
6.7356318003775839109437129081925377249718e-01
6.2685807620895961367324389357236213982105e-01
0.0000000000000000000000000000000000000000e+00
6.0498008009771020443423594770138151943684e-01
6.7932333347820827995633408136200159788132e-01
4.8557134963282366779679932733415625989437e-01
7.6583673889797532208234542849822901189327e-01
5.2449224920992099097105665350682102143764e-01
5.7044625360682754688923523644916713237762e-01
4.6865746933028906706653060609824024140835e-01
5.5061067664628293716333473639679141342640e-01
1.0000000000000000000000000000000000000000e+00
1.8524130539826329233665802576069836504757e-02
6.3773930284124347167562518734484910964966e-01
6.7755457821971853960008047579322010278702e-01
6.3773930284125190937061233853455632925034e-01
6.2492574082145846414704237758996896445751e-01
4.2506190227730555886154206746141426265240e-01
5.6587581329927916229394213587511330842972e-01
7.8746406472096730499998784580384381115437e-01
8.8453593323115120572452951819286681711674e-01
6.2955428913468436391553950670640915632248e-01
2.3166703804985855352782664340338669717312e-01
2.3166703804985855352782664340338669717312e-01
6.3814565232676923045573857962153851985931e-01
1.6614865674095827263734292955632554367185e-01
2.8122696695932941635120982937223743647337e-01
7.5967284888491970473722858514520339667797e-01
9.0736128363513912642446257450501434504986e-01
5.5567688580164431577657069283304736018181e-01
4.8324556834098425506240914728550706058741e-01
5.3311663373785156405659790834761224687099e-01
8.6889469103987959641699490020982921123505e-01
5.2103053817773592459872133986209519207478e-01
1.0000000000000000000000000000000000000000e+00
6.6308740767101317925558134902530582621694e-02
3.8169811414597576426643854574649594724178e-01
1.0000000000000000000000000000000000000000e+00
4.8550748351220751608536829735385254025459e-01
1.0000000000000000000000000000000000000000e+00
1.0000000000000000000000000000000000000000e+00
1.0000000000000000000000000000000000000000e+00
1.0000000000000000000000000000000000000000e+00
5.3284723165015213108830494093126617372036e-01
8.3454493394347395440746595340897329151630e-01
5.5750148416770006765119660485652275383472e-01
4.5445160564583109152891893245396204292774e-01
8.1121146247627795577983533803489990532398e-01
2.0480579682643551553411498389323242008686e-01
1.0000000000000000000000000000000000000000e+00
3.2234218416393961570420856332930270582438e-01
7.4410411849481372659198541441583074629307e-01
8.7787952903344623756254350155359134078026e-01
9.0685775580770333625935109012061730027199e-01
8.9324225144134217213576221183757297694683e-01
7.8317256348347197292270038815331645309925e-01
6.1427588803434507447320811479585245251656e-01
5.9756664679119753103009315964300185441971e-01
4.8502297522847137578594356455141678452492e-01
5.9756664679119708694088330958038568496704e-01
7.3904297863653090061575312574859708547592e-01
1.0000000000000000000000000000000000000000e+00
0.0000000000000000000000000000000000000000e+00
5.3694381668084945058438961495994590222836e-01
7.0391550594620966307957132812589406967163e-01
7.2867966264394556930028556962497532367706e-01
7.9190455636495205027358679217286407947540e-01
4.4572269398304775744890093847061507403851e-01
8.2101175012355509519323959466419182717800e-01
7.2448284740825952265907972105196677148342e-01
7.5900291432080579934194020097493194043636e-01
6.5076473068009133005062949450802989304066e-01
5.1542161937342534372419322608038783073425e-01
7.2915708424044800572971780638908967375755e-01
7.7886901907231820274546407745219767093658e-01
8.4717822733300907067643947812030091881752e-01
9.8536867664473126726676355247036553919315e-01
4.4572269398304775744890093847061507403851e-01
5.8568701300548808852397542068501934409142e-01
5.3694470058108745291747254668734967708588e-01
6.1237004194340716178857064733165316283703e-01
6.7992269231903879056488904097932390868664e-01
5.1965558981817561168270458438200876116753e-01
6.8053997014787570574156916336505673825741e-01
5.9646989029834029949483920063357800245285e-01
7.5080887169150845039666819502599537372589e-01
6.2685807620896205616389806891675107181072e-01
1.0000000000000000000000000000000000000000e+00
7.7532983885155548620105037116445600986481e-01
6.3805650397066937529189090128056704998016e-01
8.4911562213539160115516324367490597069263e-01
8.2901597140453608947296970654861070215702e-01
6.6122058831574537229869292787043377757072e-01
3.8351057399641413914181953259685542434454e-01
5.3482060900703443095949296548496931791306e-01
8.6163498729502785433709277640446089208126e-01
4.4279610512540168443251786811742931604385e-01
7.9190455636495127311746955456328578293324e-01
4.4234122251104790457532089931191876530647e-01
1.0000000000000000000000000000000000000000e+00
7.6503707315117330800546824320917949080467e-01
7.5660596870611007691564964261488057672977e-01
6.0156481939310757489636216632789000868797e-01
3.7202003235243524814634952235792297869921e-01
4.8540559121675902476411579300474841147661e-01
6.1832182965979098909770073078107088804245e-01
5.7237211432598600335808214367716573178768e-01
8.1867263146674895679666406067553907632828e-01
7.9164712743004672645952268794644623994827e-01
4.7076793942663625047728714889672119170427e-01
2.3002628924549106681496368764783255755901e-01
5.6486777674840937812916763505199924111366e-01
7.6099888549322225461679636282497085630894e-01
6.3099321365119132032361903839046135544777e-01
1.0000000000000000000000000000000000000000e+00
1.0000000000000000000000000000000000000000e+00
1.0000000000000000000000000000000000000000e+00
4.8389856910042639004387865497847087681293e-01
1.0000000000000000000000000000000000000000e+00
8.2979635809948959490611741784960031509399e-01
1.0000000000000000000000000000000000000000e+00
8.7450418682165009798268329177517443895340e-01
4.1681287119387433470762971410294994711876e-01
7.2418423522457164853705080531653948128223e-01
1.6741008245651789465568981540855020284653e-01
5.9574579891542867038367603527149185538292e-01
8.9683815269099087519322210937389172613621e-01
1.0000000000000000000000000000000000000000e+00
0.0000000000000000000000000000000000000000e+00
6.0520851958539023662808631343068554997444e-01
4.5207137819321718819054467530804686248302e-01
4.8115261474754289494626391388010233640671e-01
6.6134274738162124318563428460038267076015e-01
4.4262130628386386899109083969960920512676e-01
6.4171005843866757434312830810085870325565e-01
4.2967566528729828068122742479317821562290e-01
8.7157531639282337376783971194527111947536e-01
1.0000000000000000000000000000000000000000e+00
6.3773930284125190937061233853455632925034e-01
6.3773930284125190937061233853455632925034e-01
8.0845513083652520425204102139105089008808e-01
4.2967566528729828068122742479317821562290e-01
5.8418630478143407369628903325065039098263e-01
5.3694381668084945058438961495994590222836e-01
5.8418630478143407369628903325065039098263e-01
5.3912433018220151659249950171215459704399e-01
4.2967566528729828068122742479317821562290e-01
4.2967566528729828068122742479317821562290e-01
6.8443779858622744161067430468392558395863e-01
5.7700336654985473483492341983946971595287e-01
9.7507607776777749375440862422692589461803e-01
8.1436371048501543512543321412522345781326e-01
7.6681527442361563373651733854785561561584e-01
7.1170706023192031874913254796410910785198e-01
8.5140948785158765410585601784987375140190e-01
6.8443779858622777467758169223088771104813e-01
9.2349730560432674586479606659850105643272e-01
4.7653227651972346334829921943310182541609e-01
4.1898530453083754343523992247355636209249e-01
5.6669837036168280164361021888907998800278e-01
7.5131639028149532766320817245286889374256e-01
6.1427588803434429731709087718627415597439e-01
8.5140948785158765410585601784987375140190e-01
8.1436371048501543512543321412522345781326e-01
4.0958593892023908988875291470321826636791e-01
8.2027897763781720819054044113727286458015e-01
5.7831155954157165144380314814043231308460e-01
2.1690642302635129712307104909996269270778e-01
2.7224604358543069704268191344453953206539e-01
5.0346207467428016890664821403333917260170e-02
2.2753552718134828491969301467179320752621e-01
1.4965039991262224505774725002993363887072e-01
0.0000000000000000000000000000000000000000e+00
4.3120754458684529275558361405273899435997e-01
2.2037322440369411236105179341393522918224e-01
3.8777679814319221396345938046579249203205e-01
0.0000000000000000000000000000000000000000e+00
1.8524130539826329233665802576069836504757e-02
2.3166703804985855352782664340338669717312e-01
6.6308740767101317925558134902530582621694e-02
2.0480579682643551553411498389323242008686e-01
0.0000000000000000000000000000000000000000e+00
4.4572269398304775744890093847061507403851e-01
3.8351057399641413914181953259685542434454e-01
2.3002628924549106681496368764783255755901e-01
0.0000000000000000000000000000000000000000e+00
4.2967566528729828068122742479317821562290e-01
2.1690642302635129712307104909996269270778e-01
0.0000000000000000000000000000000000000000e+00
2.7224604358543069704268191344453953206539e-01
5.0346207467428016890664821403333917260170e-02
2.2753552718134828491969301467179320752621e-01
1.4965039991262224505774725002993363887072e-01
0.0000000000000000000000000000000000000000e+00
4.3120754458684529275558361405273899435997e-01
2.2037322440369411236105179341393522918224e-01
3.8777679814319221396345938046579249203205e-01
0.0000000000000000000000000000000000000000e+00
1.8524130539826329233665802576069836504757e-02
2.3166703804985855352782664340338669717312e-01
6.6308740767101317925558134902530582621694e-02
2.0480579682643551553411498389323242008686e-01
0.0000000000000000000000000000000000000000e+00
4.4572269398304775744890093847061507403851e-01
3.8351057399641413914181953259685542434454e-01
2.3002628924549106681496368764783255755901e-01
0.0000000000000000000000000000000000000000e+00
4.2967566528729828068122742479317821562290e-01
2.1690642302635129712307104909996269270778e-01
0.0000000000000000000000000000000000000000e+00
0.0000000000000000000000000000000000000000e+00
2.7224604358543069704268191344453953206539e-01
5.0346207467428016890664821403333917260170e-02
2.2753552718134828491969301467179320752621e-01
1.4965039991262224505774725002993363887072e-01
0.0000000000000000000000000000000000000000e+00
4.3120754458684529275558361405273899435997e-01
2.2037322440369411236105179341393522918224e-01
3.8777679814319221396345938046579249203205e-01
0.0000000000000000000000000000000000000000e+00
1.8524130539826329233665802576069836504757e-02
2.3166703804985855352782664340338669717312e-01
6.6308740767101317925558134902530582621694e-02
2.0480579682643551553411498389323242008686e-01
0.0000000000000000000000000000000000000000e+00
4.4572269398304775744890093847061507403851e-01
3.8351057399641413914181953259685542434454e-01
2.3002628924549106681496368764783255755901e-01
0.0000000000000000000000000000000000000000e+00
4.2967566528729828068122742479317821562290e-01
2.1690642302635129712307104909996269270778e-01
0.0000000000000000000000000000000000000000e+00
0.0000000000000000000000000000000000000000e+00
0.0000000000000000000000000000000000000000e+00
9.0562606846327199150437081698328256607056e+01
2.6578889138738137631889912881888449192047e-01
