1
0
23
6.6813561214122163534057108336128294467926e-01
4.1999663503861572877440266893245279788971e-01
4.4051954659290371019153553788783028721809e-01
6.9972479984050017787211572795058600604534e-01
2.1757292034855763018796892538375686854124e-01
8.2407808218154565693680524418596178293228e-01
5.7294967606837632345673227973747998476028e-01
3.6155070520542609280312262853840366005898e-01
9.9070215287792251501741702668368816375732e-01
6.9869243852690621210399513074662536382675e-01
5.5910960990338387510689699411159381270409e-01
2.1855931760450045264754237450688378885388e-01
7.8485786081529707036708032319438643753529e-01
8.2722036014157773742283552564913406968117e-01
1.0000000000000000000000000000000000000000e+00
9.0945936407719785155023828338016755878925e-01
0.0000000000000000000000000000000000000000e+00
7.7258506080760891432390735644730739295483e-01
1.0000000000000000000000000000000000000000e+00
7.5176737107145108485184437085990794003010e-01
4.8849462651354280673388075229013338685036e-01
7.7197050064889227716236064225086010992527e-01
4.8849462651354280673388075229013338685036e-01
6.5737240149251752185932673455681651830673e-01
6.2320016794316801522768400900531560182571e-01
6.9635321841252628694007853482617065310478e-01
7.4009567292327249621308737914660014212132e-01
1.0000000000000000000000000000000000000000e+00
6.5737240149252174070682031015167012810707e-01
2.8256607199697802990101536124711856245995e-01
6.7379971361976609411925664971931837499142e-01
7.7256775645904485205761602628626860678196e-01
7.2259405256640318881977691489737480878830e-01
8.6330757875351982200129441480385139584541e-01
1.0000000000000000000000000000000000000000e+00
9.7724113613993068838681210763752460479736e-01
7.5787452443605152208050412809825502336025e-01
4.9037127098826621685034865549823734909296e-01
8.0690460926833140753444695292273536324501e-01
5.5339134548932977786250830831704661250114e-01
6.9635321841252317831560958438785746693611e-01
6.4311971576110071868725981403258629143238e-01
1.2939407255767532145540599231026135385036e-01
6.0307085759999767837769013567594811320305e-01
7.0838117021404234385784093319671228528023e-01
7.5787452443605152208050412809825502336025e-01
0.0000000000000000000000000000000000000000e+00
6.8881283207594923290173483110265806317329e-01
7.5376759121053260592759670544182881712914e-01
5.3201748204638077410777441400568932294846e-01
9.0976667377959086202565686107845976948738e-01
5.5777672773620690094276142190210521221161e-01
6.5737240149252174070682031015167012810707e-01
5.4224094155130719840940400899853557348251e-01
8.0772744709169508325885544763877987861633e-01
1.0000000000000000000000000000000000000000e+00
1.5973284727365438806501174440199974924326e-01
7.4182710806599749808754040714120492339134e-01
7.1188058327936076796760289653320796787739e-01
7.6636644632364492313314485727460123598576e-01
7.4182710806599749808754040714120492339134e-01
5.6562493599637853058936798333888873457909e-01
6.7108085540692719028754709142958745360374e-01
8.5989360707335227296255197870777919888496e-01
9.5401896976310618381234007756575010716915e-01
7.4132342275824036903486558003351092338562e-01
3.7037014695288877907941582634521182626486e-01
3.1330229998985120731802567206614185124636e-01
7.7998599591551087684138110489584505558014e-01
3.2176867277521464805190021252201404422522e-01
5.6840591946274066081912224035477265715599e-01
7.8423004097886350738377814195700921118259e-01
1.0000000000000000000000000000000000000000e+00
6.2562970923509675369444948955788277089596e-01
6.4118465063200313913682748534483835101128e-01
6.4540083806674874988829060384887270629406e-01
1.0000000000000000000000000000000000000000e+00
6.4540083806674874988829060384887270629406e-01
1.0000000000000000000000000000000000000000e+00
2.4119379873403615222038354204414645209908e-01
4.9034004596475710968661587685346603393555e-01
1.0000000000000000000000000000000000000000e+00
5.4679849566389882031813840512768365442753e-01
1.0000000000000000000000000000000000000000e+00
7.6107769784177925487256288761273026466370e-01
1.0000000000000000000000000000000000000000e+00
1.0000000000000000000000000000000000000000e+00
5.9615057426959527919763104364392347633839e-01
8.6044598437378938537989370161085389554501e-01
6.3048567721588000267729512415826320648193e-01
5.7252585835433400518468260997906327247620e-01
8.5746214500340567354896847973577678203583e-01
3.3082202355763623558004837832413613796234e-01
9.8928800855203924413672211812809109687805e-01
3.8821647369877965161322208587080240249634e-01
8.2708123946364164869038404503953643143177e-01
8.8432637150203474707410578048438765108585e-01
8.5459807544367083487202307878760620951653e-01
8.7466894971316366813596232532290741801262e-01
8.2708123946364198175729143258649855852127e-01
7.4182988906949409724234101304318755865097e-01
6.2132542358644138325018957402789965271950e-01
3.8105323506845090175687573719187639653683e-01
6.2132542358644093916097972396528348326683e-01
8.8432637150202153542011274112155660986900e-01
9.7769561348884015394844482216285541653633e-01
0.0000000000000000000000000000000000000000e+00
6.5027270296653705283773660994484089314938e-01
8.2422640274711334029689169256016612052917e-01
7.8263273114529319229859538609161972999573e-01
7.7426790647262200284473010469810105860233e-01
4.8665928376697259460925693019817117601633e-01
8.9482436246031049620341946138069033622742e-01
7.5787452443605152208050412809825502336025e-01
8.3751358605946923940877013592398725450039e-01
7.7426790647262200284473010469810105860233e-01
5.5045824679526411671304231276735663414001e-01
8.4438873913639111989937191538047045469284e-01
8.3031558580167852401388017824501730501652e-01
9.8444874039445018354399508098140358924866e-01
1.0000000000000000000000000000000000000000e+00
4.6629778426545814840054049454920459538698e-01
6.9440928309107241567232904344564303755760e-01
6.2320016794316235309025842070695944130421e-01
6.5748533449841750631037484708940610289574e-01
6.9169038401930160731012620090041309595108e-01
6.0367718334059650153733400657074525952339e-01
7.8388763684444728863098816873389296233654e-01
6.5737240149251752185932673455681651830673e-01
7.7527521850475833442573048159829340875149e-01
7.5257058251121633496438789734384045004845e-01
1.0000000000000000000000000000000000000000e+00
8.4434234746780278957345444723614491522312e-01
7.0554100218429471880199344013817608356476e-01
7.4722379781792969133391579816816374659538e-01
9.4309923413397278579850535606965422630310e-01
7.7426790647261767297493406658759340643883e-01
4.6252137648311353324004358000820502638817e-01
6.5316909577610304804551333290874026715755e-01
9.6619569197469146182299937208881601691246e-01
5.5487090082378165423193649985478259623051e-01
9.4253355218614431887402815846144221723080e-01
4.6900567345309274180920056096510961651802e-01
1.0000000000000000000000000000000000000000e+00
8.1513835041257942659598256796016357839108e-01
8.9577567055671170059838459565071389079094e-01
6.7861052642139496615669713719398714601994e-01
5.2692050829536474232384080096380785107613e-01
6.6704671668389703409474122963729314506054e-01
7.7998599591551087684138110489584505558014e-01
5.3639550428549620519902418891433626413345e-01
8.2708123946365119660839582138578407466412e-01
8.2001021531236972794687289933790452778339e-01
6.3996067320601668360069425034453161060810e-01
3.1129151038740560109019384071871172636747e-01
5.9759570174457710134419130554306320846081e-01
8.0386788081240112546765885781496763229370e-01
9.5086131284484676218227150457096286118031e-01
9.4156500328548053957433694449719041585922e-01
1.0000000000000000000000000000000000000000e+00
9.8125472117176260056226055894512683153152e-01
6.1553652195008090597383443309809081256390e-01
1.0000000000000000000000000000000000000000e+00
8.3799705069522112399482693945174105465412e-01
9.3218839798240937799533867291756905615330e-01
9.8125472117176870678889599730609916150570e-01
5.9525573884612381636571853960049338638783e-01
8.5952811289396702232323832504334859549999e-01
3.4691088379433820954034217720618471503258e-01
6.3091006019329531895323270873632282018661e-01
9.4156500328548053957433694449719041585922e-01
9.8523460999080825217788515146821737289429e-01
0.0000000000000000000000000000000000000000e+00
7.7998599591551087684138110489584505558014e-01
6.3230908650007133786630220129154622554779e-01
6.0353189098191573069840387688600458204746e-01
8.5437881179673524911777349188923835754395e-01
1.0000000000000000000000000000000000000000e+00
7.4155222393642938882862836180720478296280e-01
5.3930721477581633482856204864219762384892e-01
9.4236911476117779518091310819727368652821e-01
6.6813561214122341169741048361174762248993e-01
7.3283496225290489789472303527873009443283e-01
7.6636644632364492313314485727460123598576e-01
8.7255813939843451798594742285786196589470e-01
5.2888017507416928975061409801128320395947e-01
6.2132542358644204938400434912182390689850e-01
6.5288563919287467829377646921784617006779e-01
6.9482340510672768729705239820759743452072e-01
6.6347319023525597181389912293525412678719e-01
5.2888017507416928975061409801128320395947e-01
5.2888017507416928975061409801128320395947e-01
7.8485786081529917979082711099181324243546e-01
6.8991916948051235092265187631710432469845e-01
9.4420831606942634550705406581982970237732e-01
8.4438873913639023172095221525523811578751e-01
7.9556964775070349027430438582086935639381e-01
7.8388763684443985013672318018507212400436e-01
9.1653376009384257550038910267176106572151e-01
8.6330757875351893382287471467861905694008e-01
1.0000000000000000000000000000000000000000e+00
6.3048567721587667200822124868864193558693e-01
5.4859496841714550097179881049669347703457e-01
7.4598659185535665105959424181492067873478e-01
7.6535301805648270345727723906747996807098e-01
6.3773790438722033346863327096798457205296e-01
8.4438873913638878843102020255173556506634e-01
9.2716224694688320617785848298808559775352e-01
5.9498353673885162606893572956323623657227e-01
8.7735822911993632811089582901331596076488e-01
6.6347319023525597181389912293525412678719e-01
3.0594517679604921189806532311195041984320e-01
4.4051954659290371019153553788783028721809e-01
2.1757292034855763018796892538375686854124e-01
3.6155070520542609280312262853840366005898e-01
2.1855931760450045264754237450688378885388e-01
0.0000000000000000000000000000000000000000e+00
4.8849462651354280673388075229013338685036e-01
2.8256607199697802990101536124711856245995e-01
4.9037127098826621685034865549823734909296e-01
0.0000000000000000000000000000000000000000e+00
1.5973284727365438806501174440199974924326e-01
3.1330229998985120731802567206614185124636e-01
2.4119379873403615222038354204414645209908e-01
3.3082202355763623558004837832413613796234e-01
0.0000000000000000000000000000000000000000e+00
4.6629778426545814840054049454920459538698e-01
4.6252137648311353324004358000820502638817e-01
3.1129151038740560109019384071871172636747e-01
0.0000000000000000000000000000000000000000e+00
5.2888017507416928975061409801128320395947e-01
3.0594517679604921189806532311195041984320e-01
0.0000000000000000000000000000000000000000e+00
4.4051954659290371019153553788783028721809e-01
2.1757292034855763018796892538375686854124e-01
3.6155070520542609280312262853840366005898e-01
2.1855931760450045264754237450688378885388e-01
0.0000000000000000000000000000000000000000e+00
4.8849462651354280673388075229013338685036e-01
2.8256607199697802990101536124711856245995e-01
4.9037127098826621685034865549823734909296e-01
0.0000000000000000000000000000000000000000e+00
1.5973284727365438806501174440199974924326e-01
3.1330229998985120731802567206614185124636e-01
2.4119379873403615222038354204414645209908e-01
3.3082202355763623558004837832413613796234e-01
0.0000000000000000000000000000000000000000e+00
4.6629778426545814840054049454920459538698e-01
4.6252137648311353324004358000820502638817e-01
3.1129151038740560109019384071871172636747e-01
0.0000000000000000000000000000000000000000e+00
5.2888017507416928975061409801128320395947e-01
3.0594517679604921189806532311195041984320e-01
0.0000000000000000000000000000000000000000e+00
0.0000000000000000000000000000000000000000e+00
4.4051954659290371019153553788783028721809e-01
2.1757292034855763018796892538375686854124e-01
3.6155070520542609280312262853840366005898e-01
2.1855931760450045264754237450688378885388e-01
0.0000000000000000000000000000000000000000e+00
4.8849462651354280673388075229013338685036e-01
2.8256607199697802990101536124711856245995e-01
4.9037127098826621685034865549823734909296e-01
0.0000000000000000000000000000000000000000e+00
1.5973284727365438806501174440199974924326e-01
3.1330229998985120731802567206614185124636e-01
2.4119379873403615222038354204414645209908e-01
3.3082202355763623558004837832413613796234e-01
0.0000000000000000000000000000000000000000e+00
4.6629778426545814840054049454920459538698e-01
4.6252137648311353324004358000820502638817e-01
3.1129151038740560109019384071871172636747e-01
0.0000000000000000000000000000000000000000e+00
5.2888017507416928975061409801128320395947e-01
3.0594517679604921189806532311195041984320e-01
0.0000000000000000000000000000000000000000e+00
0.0000000000000000000000000000000000000000e+00
0.0000000000000000000000000000000000000000e+00
9.0317738870977237297665851656347513198853e+01
3.6313085642636599992272294912254437804222e-01
