1
0
23
7.0300215294989909509126846387516707181931e-01
3.9003046448381950561667963484069332480431e-01
2.6684327547730024576821961090900003910065e-01
5.0709232960450545402153466056915931403637e-01
1.2270160562265042258900393790099769830704e-02
6.3774492555636552726383570188772864639759e-01
4.0479205844148236081991854007355868816376e-01
1.8926401281150209698900255261833081021905e-01
9.1686010726576339102678048220695927739143e-01
5.0585217022975015321861746997456066310406e-01
6.4442748750286804604314738753600977361202e-01
1.7688898988199275308375035820063203573227e-01
6.3281602405800307931116321924491785466671e-01
8.3349745968342880964030428003752604126930e-01
1.0000000000000000000000000000000000000000e+00
9.1192013197435539684221339484793134033680e-01
0.0000000000000000000000000000000000000000e+00
5.3710642123165630579251228482462465763092e-01
1.0000000000000000000000000000000000000000e+00
7.2583957269228083220014013932086527347565e-01
4.6638184484132799711986194779456127434969e-01
4.9929227269195797234146994014736264944077e-01
4.6638184484132799711986194779456127434969e-01
5.3514826842741425316773984377505257725716e-01
4.7501866031868789086445303837535902857780e-01
5.7907839081891265831103510208777152001858e-01
7.5032318310986079179514263159944675862789e-01
1.0000000000000000000000000000000000000000e+00
7.4806502067168845204747640309506095945835e-01
2.5744324146760172444814429582038428634405e-01
5.3514826842741447521234476880636066198349e-01
6.7293922151617557858571672113612294197083e-01
5.7482685472850347796480718898237682878971e-01
9.1658029527788842383273504310636781156063e-01
1.0000000000000000000000000000000000000000e+00
7.8361246605369005990837649733293801546097e-01
6.1167120227912019636562490632059052586555e-01
3.9875445003484821793193759731366299092770e-01
6.6074117581352587169618573170737363398075e-01
4.0648028391826046545887152205978054553270e-01
5.4264854684350138924742168455850332975388e-01
5.9312669196474665511686907848343253135681e-01
1.1358633476426760466893028933554887771606e-01
6.2804061123788590403904663617140613496304e-01
6.9345147775822035818293898046249523758888e-01
6.4055716973611132036836579572991468012333e-01
0.0000000000000000000000000000000000000000e+00
6.0530443570124181640323968167649582028389e-01
7.0790420749096982788728382729459553956985e-01
4.9135950137053313602208959309791680425406e-01
7.7318751798805041008932903423556126654148e-01
5.0484421113330202324220863374648615717888e-01
5.9554490692119499417600536617101170122623e-01
4.7148094430719805769669505934871267527342e-01
5.6348119606109481338762634550221264362335e-01
1.0000000000000000000000000000000000000000e+00
2.8050858513770156321687210265736212022603e-02
6.2935796651966224857233100919984281063080e-01
6.5829128140036874405893740913597866892815e-01
6.1245896692054646592850986053235828876495e-01
6.0218611587208181745722868072334676980972e-01
4.3102299350526296350949451152700930833817e-01
5.6637483196345195235466007943614386022091e-01
8.0998490950397494803070230773300863802433e-01
8.6583668774090649655761353642446920275688e-01
5.9956872346675227358758775153546594083309e-01
2.3253834127383654628573594891349785029888e-01
2.3253834127383654628573594891349785029888e-01
6.1881573712399584596965951277525164186954e-01
1.6016673055401950409581957046611933037639e-01
3.0583825216336341101808216080826241523027e-01
7.6651720776709542093385607586242258548737e-01
9.2092458356731454749422027816763147711754e-01
5.9121953229961898834687872295035049319267e-01
4.7944934548849488242794336656515952199697e-01
5.3514826842741447521234476880636066198349e-01
9.2471592147400594186024136433843523263931e-01
5.2276634355916717922241332416888326406479e-01
1.0000000000000000000000000000000000000000e+00
9.0788229710524817606120961954729864373803e-02
3.5910129456640915712739570153644308447838e-01
1.0000000000000000000000000000000000000000e+00
4.9374315376725969040094810225127730518579e-01
9.7374497018046635155030799069209024310112e-01
1.0000000000000000000000000000000000000000e+00
1.0000000000000000000000000000000000000000e+00
1.0000000000000000000000000000000000000000e+00
5.4379673153469831881068330403650179505348e-01
8.8228557697091114508936016136431135237217e-01
5.6947163171526615776940616342471912503242e-01
4.1785213853095265479353770388115663081408e-01
7.4338871368987025078922670218162238597870e-01
2.3586162911150276855209995119366794824600e-01
1.0000000000000000000000000000000000000000e+00
2.4877432942756941280926241688575828447938e-01
7.5095067133597237507558475044788792729378e-01
8.5616820867875764733412324858363717794418e-01
9.0781945546678333158752138842828571796417e-01
9.2043034605004903081493239369592629373074e-01
7.7745343259191168616695222226553596556187e-01
6.1167120227912097352174214393016882240772e-01
5.8451080292052726150586750009097158908844e-01
4.8384654788465109032102873243275098502636e-01
5.8451080292053014808573152549797669053078e-01
7.6651720776709542093385607586242258548737e-01
1.0000000000000000000000000000000000000000e+00
0.0000000000000000000000000000000000000000e+00
5.3514826842741447521234476880636066198349e-01
6.7372358570053236803687468636780977249146e-01
7.0845096694669007497680013329954817891121e-01
8.2004231002909833136982342693954706192017e-01
4.3294157569372843097355030295148026198149e-01
8.4766685221650273085458593413932248950005e-01
7.2949599180401791809202904914855025708675e-01
7.8361246605368717332851247192593291401863e-01
6.4892673798012834307513685416779480874538e-01
5.5121589487011013464012876283959485590458e-01
7.5036418651687675218653339470620267093182e-01
8.2632574134093994544514316658023744821548e-01
8.2565249254622108399104263298795558512211e-01
9.1785176000131341034204979223432019352913e-01
4.3294157569372843097355030295148026198149e-01
6.0549963629228942263438284498988650739193e-01
5.3092775558799876201021561428206041455269e-01
6.4442748750286815706544985005166381597519e-01
7.1681002386393888325955003892886452376842e-01
4.9484380964104579536666506101028062403202e-01
7.1851062225758688395416129424120299518108e-01
6.0925374978963564576162070807185955345631e-01
7.5767757301435390004940018116030842065811e-01
6.4055716973611132036836579572991468012333e-01
1.0000000000000000000000000000000000000000e+00
7.6838793639787705824772956475499086081982e-01
6.3859306882020483442374825244769454002380e-01
8.4609324878915548318047967768507078289986e-01
8.0025911340944488880921880991081707179546e-01
6.9399210128781241291306969287688843905926e-01
3.8405971717750231331223176312050782144070e-01
5.3346440235130709872635179635835811495781e-01
8.1372481606052637914672232000157237052917e-01
4.0479205844148169468610376497963443398476e-01
8.0586604436232400772155415324959903955460e-01
4.0349819740386372313167839820380322635174e-01
1.0000000000000000000000000000000000000000e+00
7.8412001711204593057402689737500622868538e-01
7.7920915056685191579788352100877091288567e-01
6.3254563314612100022316099057206884026527e-01
3.6954676072560793675947365954925771802664e-01
4.7600975191745115155939060969103593379259e-01
6.2756180822242779715480764934909529983997e-01
5.8403352064850666547357604940771125257015e-01
8.3516782740034389842520567981409840285778e-01
7.6641061981388647339485942211467772722244e-01
4.7600975191745026338097090956580359488726e-01
2.2774746114074861935705484938807785511017e-01
5.5088209462232717861240871570771560072899e-01
7.5509018956457318871855477482313290238380e-01
5.1500535460490093342400541587267071008682e-01
1.0000000000000000000000000000000000000000e+00
1.0000000000000000000000000000000000000000e+00
1.0000000000000000000000000000000000000000e+00
4.8306209148830259181295332382433116436005e-01
1.0000000000000000000000000000000000000000e+00
7.7223357687171456653629775246372446417809e-01
1.0000000000000000000000000000000000000000e+00
8.4055318300433401468296779057709500193596e-01
4.2668541009542648723140700894873589277267e-01
6.6016763326667271538639170103124342858791e-01
1.3121529182014046721604927370208315551281e-01
5.3196328429740769028200020329677499830723e-01
8.7295943156584299149614025736809708178043e-01
1.0000000000000000000000000000000000000000e+00
0.0000000000000000000000000000000000000000e+00
6.0620652040353406597716912074247375130653e-01
4.2925746184023561013987091428134590387344e-01
4.8986724878903209479119595926022157073021e-01
6.5176334901379018305078716366551816463470e-01
4.2925746184023561013987091428134590387344e-01
7.0197013009573061559365214634453877806664e-01
4.4759236310135447345359693827049341052771e-01
8.5996783466999693334997800775454379618168e-01
1.0000000000000000000000000000000000000000e+00
6.1605433448393398521147901192307472229004e-01
6.1605433448392998840859036135952919721603e-01
8.5627808091534229895103180751902982592583e-01
4.2925746184023561013987091428134590387344e-01
5.6391787504978296841073870382388122379780e-01
5.1649802608562755956711498583899810910225e-01
5.6167713728867185718485188772319816052914e-01
5.1649802608562755956711498583899810910225e-01
4.2925746184023561013987091428134590387344e-01
4.2925746184023561013987091428134590387344e-01
6.9053041886643418134639205163693986833096e-01
5.5805466788418733870003052288666367530823e-01
9.7576108815781259497867949903593398630619e-01
8.3195402331903955950309637046302668750286e-01
8.1927853084286728080343209512648172676563e-01
7.1851062225758122181673570594284683465958e-01
8.5988920941974034128918447095202282071114e-01
6.8745059587630741315678051250870339572430e-01
9.4739756291078947025852130536804907023907e-01
4.8172302958167773079267703906225506216288e-01
4.2982697767891359097447434578498359769583e-01
5.8700561956279817543702392867999151349068e-01
7.6222433469213957124566150014288723468781e-01
6.0617071489397644779018037297646515071392e-01
8.5988920941974078537839432101463899016380e-01
8.3195402331903955950309637046302668750286e-01
4.2607448271513564952428509968740399926901e-01
8.4599512467795989767438413764466531574726e-01
5.5805466788419011425759208577801473438740e-01
2.0719200256335359999759759830340044572949e-01
2.6684327547730024576821961090900003910065e-01
1.2270160562265042258900393790099769830704e-02
1.8926401281150209698900255261833081021905e-01
1.7688898988199275308375035820063203573227e-01
0.0000000000000000000000000000000000000000e+00
4.6638184484132799711986194779456127434969e-01
2.5744324146760172444814429582038428634405e-01
3.9875445003484821793193759731366299092770e-01
0.0000000000000000000000000000000000000000e+00
2.8050858513770156321687210265736212022603e-02
2.3253834127383654628573594891349785029888e-01
9.0788229710524817606120961954729864373803e-02
2.3586162911150276855209995119366794824600e-01
0.0000000000000000000000000000000000000000e+00
4.3294157569372843097355030295148026198149e-01
3.8405971717750231331223176312050782144070e-01
2.2774746114074861935705484938807785511017e-01
0.0000000000000000000000000000000000000000e+00
4.2925746184023561013987091428134590387344e-01
2.0719200256335359999759759830340044572949e-01
0.0000000000000000000000000000000000000000e+00
2.6684327547730024576821961090900003910065e-01
1.2270160562265042258900393790099769830704e-02
1.8926401281150209698900255261833081021905e-01
1.7688898988199275308375035820063203573227e-01
0.0000000000000000000000000000000000000000e+00
4.6638184484132799711986194779456127434969e-01
2.5744324146760172444814429582038428634405e-01
3.9875445003484821793193759731366299092770e-01
0.0000000000000000000000000000000000000000e+00
2.8050858513770156321687210265736212022603e-02
2.3253834127383654628573594891349785029888e-01
9.0788229710524817606120961954729864373803e-02
2.3586162911150276855209995119366794824600e-01
0.0000000000000000000000000000000000000000e+00
4.3294157569372843097355030295148026198149e-01
3.8405971717750231331223176312050782144070e-01
2.2774746114074861935705484938807785511017e-01
0.0000000000000000000000000000000000000000e+00
4.2925746184023561013987091428134590387344e-01
2.0719200256335359999759759830340044572949e-01
0.0000000000000000000000000000000000000000e+00
0.0000000000000000000000000000000000000000e+00
2.6684327547730024576821961090900003910065e-01
1.2270160562265042258900393790099769830704e-02
1.8926401281150209698900255261833081021905e-01
1.7688898988199275308375035820063203573227e-01
0.0000000000000000000000000000000000000000e+00
4.6638184484132799711986194779456127434969e-01
2.5744324146760172444814429582038428634405e-01
3.9875445003484821793193759731366299092770e-01
0.0000000000000000000000000000000000000000e+00
2.8050858513770156321687210265736212022603e-02
2.3253834127383654628573594891349785029888e-01
9.0788229710524817606120961954729864373803e-02
2.3586162911150276855209995119366794824600e-01
0.0000000000000000000000000000000000000000e+00
4.3294157569372843097355030295148026198149e-01
3.8405971717750231331223176312050782144070e-01
2.2774746114074861935705484938807785511017e-01
0.0000000000000000000000000000000000000000e+00
4.2925746184023561013987091428134590387344e-01
2.0719200256335359999759759830340044572949e-01
0.0000000000000000000000000000000000000000e+00
0.0000000000000000000000000000000000000000e+00
0.0000000000000000000000000000000000000000e+00
8.9660223011241285462347150314599275588989e+01
2.5829806530362081629093040646694134920835e-01
