1
0
23
7.0459296310003094454543770552845671772957e-01
3.9473713488467915277979614074865821748972e-01
2.9709671977617935212379052245523780584335e-01
5.0761667322533854385113727403222583234310e-01
1.5373063403151694932685655814452729828190e-03
6.4455342543712768055286232993239536881447e-01
3.8202097437105103638899095130909699946642e-01
1.1429135861290694309300164377418695949018e-01
9.5432457057889152896024143046815879642963e-01
4.9991122266027476772620730116614140570164e-01
6.6480322679219139292428053522598929703236e-01
2.0663090809186282492682096290081972256303e-01
6.5462222858383711798779813761939294636250e-01
8.6148480182936326698950324498582631349564e-01
1.0000000000000000000000000000000000000000e+00
9.1334939866724262902408781883423216640949e-01
0.0000000000000000000000000000000000000000e+00
5.7365721102677391662894024193519726395607e-01
1.0000000000000000000000000000000000000000e+00
7.1378462005024423397969712823396548628807e-01
4.7569613614501798926070819106826093047857e-01
4.7569613614501798926070819106826093047857e-01
4.7569613614501798926070819106826093047857e-01
5.5962759680654106109187750917044468224049e-01
5.1563089753439717011218590414500795304775e-01
5.6381353429710534541641209216322749853134e-01
7.5071662319607201929727580136386677622795e-01
1.0000000000000000000000000000000000000000e+00
7.7261145391301910834158661600667983293533e-01
2.7484624349975045332072909332055132836103e-01
5.5631081236880619567131134317605756223202e-01
7.0354899359925604507282059785211458802223e-01
5.5119468727173759337034653071896173059940e-01
9.7677585541725098217114009457873180508614e-01
1.0000000000000000000000000000000000000000e+00
8.6186401038372206784288209746591746807098e-01
6.5381445529740001010310379570000804960728e-01
4.3751381375318704192167729161155875772238e-01
7.2369102413862307354719405338983051478863e-01
3.9667525535526593216673063579946756362915e-01
5.4478400505597335268248571082949638366699e-01
5.9657137520124181584435518743703141808510e-01
1.1771297838536831648070801747962832450867e-01
6.9404333506352045013443330390146002173424e-01
7.0574901762434261165424231876386329531670e-01
6.8177617528646372591083490988239645957947e-01
0.0000000000000000000000000000000000000000e+00
6.1011043864391723001716627550194971263409e-01
6.9663424913542670857680150220403447747231e-01
4.7906612312913399165381633793003857135773e-01
7.7809279086433214001061742237652651965618e-01
4.9001308544322674798365824244683608412743e-01
5.8356822278512199275724015024024993181229e-01
5.0214284559111332928438287126482464373112e-01
5.4056593792773144357965975359547883272171e-01
1.0000000000000000000000000000000000000000e+00
5.7633493437483702959145404065566253848374e-02
6.4616497089228064343302548877545632421970e-01
6.8187351595287737371364755745162256062031e-01
5.6389110751337967464280609419802203774452e-01
6.0081269357833055888562512336648069322109e-01
4.4126353375191190719917244678072165697813e-01
5.5181735600928194518388636424788273870945e-01
8.3155309862995197001112046564230695366859e-01
8.6903268229313246351352972851600497961044e-01
5.9657137520124181584435518743703141808510e-01
2.3165602619355332714157214013539487496018e-01
2.1432095749871318823842614165187114849687e-01
6.5534145209890526384555187178193591535091e-01
1.6807743895681004353548360086278989911079e-01
2.9469566963677457094306078033696394413710e-01
7.4273565724096068940696113713784143328667e-01
9.2979015378862617247079924709396436810493e-01
6.2696727031914400996015501732472330331802e-01
4.7811232268923614663336252306180540472269e-01
5.5631081236880619567131134317605756223202e-01
9.3208387419740468260442867176607251167297e-01
5.6881894938998756039438831066945567727089e-01
1.0000000000000000000000000000000000000000e+00
9.6980653192854496258412666520598577335477e-02
4.0104860569104866518941321373858954757452e-01
1.0000000000000000000000000000000000000000e+00
4.9455378647285841431369135534623637795448e-01
1.0000000000000000000000000000000000000000e+00
1.0000000000000000000000000000000000000000e+00
1.0000000000000000000000000000000000000000e+00
1.0000000000000000000000000000000000000000e+00
5.5093073352966404065966798953013494610786e-01
9.4628217062553410254821528724278323352337e-01
5.7885421683226323530391255189897492527962e-01
4.0672674034678496512995593548112083226442e-01
7.3589963799211444150927263763151131570339e-01
2.5811104377563454104205220573931001126766e-01
1.0000000000000000000000000000000000000000e+00
2.6855466095960728312164178532839287072420e-01
7.2486374383440821400625964088249020278454e-01
8.2685501041435238711585498094791546463966e-01
9.0607190115065527891147212358191609382629e-01
9.1621467560669744845114337294944562017918e-01
7.8968382637733536277835355576826259493828e-01
6.5381445529739790067935700790258124470711e-01
5.7256568982143940527151926289661787450314e-01
5.1603530546040454751732795557472854852676e-01
5.7256568982143907220461187534965574741364e-01
7.4445319437868073819686287606600672006607e-01
1.0000000000000000000000000000000000000000e+00
0.0000000000000000000000000000000000000000e+00
5.4766623753185794676312525552930310368538e-01
6.9642574135756063480329203230212442576885e-01
7.3674626609125137832734253606759011745453e-01
8.5165290757170231117356706818100064992905e-01
4.4939187104049860277399375263485126197338e-01
8.5165290757170297730738184327492490410805e-01
7.6081453655360864463119696665671654045582e-01
8.0680916289512139005779545186669565737247e-01
6.7999681939578260347900595661485567688942e-01
6.1045744146191904810905271006049588322639e-01
7.4732648461032480380339393377653323113918e-01
8.2303842595476683907662618366884998977184e-01
7.8792472543785352367962104835896752774715e-01
9.2952667342154160490252934323507361114025e-01
4.4939187104049860277399375263485126197338e-01
6.2517613748423506159213047794764861464500e-01
5.3826777271958636816862053819932043552399e-01
6.5543071762917193279207594969193451106548e-01
7.3580175098118905108179887974984012544155e-01
4.7788254582075440080046746516018174588680e-01
7.8163507424176414950522939761867746710777e-01
6.2854983438762190850468414282659068703651e-01
7.9083224235177340677438451166381128132343e-01
6.3546988006571036855518741504056379199028e-01
1.0000000000000000000000000000000000000000e+00
7.6163447306925591284709753381321206688881e-01
6.3798972643994300568692779052071273326874e-01
8.5213158057654159183158526502666063606739e-01
8.0421813522915430727522334564127959311008e-01
7.1583308314013927020624805663828738033772e-01
4.0665305615848523768107725118170492351055e-01
5.2724783243116057906973992430721409618855e-01
7.9034421536913257444467717505176551640034e-01
3.6661912091353754394873476485372520983219e-01
7.8662660636634984534509840159444138407707e-01
4.0084021969721284062160293615306727588177e-01
1.0000000000000000000000000000000000000000e+00
8.0345108937713827224058604770107194781303e-01
7.8527697100582694034187625220511108636856e-01
6.2665991788044761445775066022179089486599e-01
3.6829557935664936074715569702675566077232e-01
4.3157903533814517826883161433215718716383e-01
6.2696727031914478711627225493430159986019e-01
6.0325783125557363995028481440385803580284e-01
8.4967792003449671422998790148994885385036e-01
7.7383764526691423135673630895325914025307e-01
5.0139256768286821763780380933894775807858e-01
1.7170481534113532506857779935671715065837e-01
5.7954334263729112564078604918904602527618e-01
7.2728196272175904546486435719998553395271e-01
4.7655032080425518969946097058709710836411e-01
1.0000000000000000000000000000000000000000e+00
1.0000000000000000000000000000000000000000e+00
1.0000000000000000000000000000000000000000e+00
5.1866243693136337977733774096122942864895e-01
1.0000000000000000000000000000000000000000e+00
1.0000000000000000000000000000000000000000e+00
1.0000000000000000000000000000000000000000e+00
9.1458029639821436518332120613195002079010e-01
4.2019540270021166206149132449354510754347e-01
7.1360737733615886568827590963337570428848e-01
1.5343723623489313734324923643725924193859e-01
5.1313589543301341144854177400702610611916e-01
9.5820489694811028513754536106716841459274e-01
1.0000000000000000000000000000000000000000e+00
0.0000000000000000000000000000000000000000e+00
6.0797740884144113593379188387189060449600e-01
4.1487490613484973023261659363924991339445e-01
4.8070039344675530301742583105806261301041e-01
6.4728156244943479968867450224934145808220e-01
4.1487490613484973023261659363924991339445e-01
7.1413103858515891708691469830228015780449e-01
4.5848238361419435538124389495351351797581e-01
8.7410508596270597436728166940156370401382e-01
1.0000000000000000000000000000000000000000e+00
5.8280548105181817497566498786909505724907e-01
5.8280548105181850804257237541605718433857e-01
8.4953706077222890247213626935263164341450e-01
4.3126342670266293310987748554907739162445e-01
5.4380905690771053073717666848096996545792e-01
5.2433464344756863795282697537913918495178e-01
6.2517613748423550568134032801026478409767e-01
5.2433464344756852693052451286348514258862e-01
4.1487490613484973023261659363924991339445e-01
4.1487490613484973023261659363924991339445e-01
7.1461632224099880250633987088804133236408e-01
5.7346642685195714506107833585701882839203e-01
1.0000000000000000000000000000000000000000e+00
8.4751935569489955657473956307512708008289e-01
8.1549387178612153803669571061618626117706e-01
6.9006273832593079120556467387359589338303e-01
8.6337582606670038032348202250432223081589e-01
6.7693782173355310227691461477661505341530e-01
9.7421337645803429694524311344139277935028e-01
4.9703802202562680223607571861066389828920e-01
4.1497761033721269896545891242567449808121e-01
5.8536423928280334472162849124288186430931e-01
6.9676826831688487562388445439864881336689e-01
6.0681934130763126589158673596102744340897e-01
8.6481881887588796242738453656784258782864e-01
8.4923689283261949434233883948763832449913e-01
4.2598216571575930888826633236021734774113e-01
9.0745143965756880355399971449514850974083e-01
5.7105545470971386112779555332963354885578e-01
2.3624661780651268205843962277867831289768e-01
2.9709671977617935212379052245523780584335e-01
1.5373063403151694932685655814452729828190e-03
1.1429135861290694309300164377418695949018e-01
2.0663090809186282492682096290081972256303e-01
0.0000000000000000000000000000000000000000e+00
4.7569613614501798926070819106826093047857e-01
2.7484624349975045332072909332055132836103e-01
4.3751381375318704192167729161155875772238e-01
0.0000000000000000000000000000000000000000e+00
5.7633493437483702959145404065566253848374e-02
2.1432095749871318823842614165187114849687e-01
9.6980653192854496258412666520598577335477e-02
2.5811104377563454104205220573931001126766e-01
0.0000000000000000000000000000000000000000e+00
4.4939187104049860277399375263485126197338e-01
4.0665305615848523768107725118170492351055e-01
1.7170481534113532506857779935671715065837e-01
0.0000000000000000000000000000000000000000e+00
4.1487490613484973023261659363924991339445e-01
2.3624661780651268205843962277867831289768e-01
0.0000000000000000000000000000000000000000e+00
2.9709671977617935212379052245523780584335e-01
1.5373063403151694932685655814452729828190e-03
1.1429135861290694309300164377418695949018e-01
2.0663090809186282492682096290081972256303e-01
0.0000000000000000000000000000000000000000e+00
4.7569613614501798926070819106826093047857e-01
2.7484624349975045332072909332055132836103e-01
4.3751381375318704192167729161155875772238e-01
0.0000000000000000000000000000000000000000e+00
5.7633493437483702959145404065566253848374e-02
2.1432095749871318823842614165187114849687e-01
9.6980653192854496258412666520598577335477e-02
2.5811104377563454104205220573931001126766e-01
0.0000000000000000000000000000000000000000e+00
4.4939187104049860277399375263485126197338e-01
4.0665305615848523768107725118170492351055e-01
1.7170481534113532506857779935671715065837e-01
0.0000000000000000000000000000000000000000e+00
4.1487490613484973023261659363924991339445e-01
2.3624661780651268205843962277867831289768e-01
0.0000000000000000000000000000000000000000e+00
0.0000000000000000000000000000000000000000e+00
2.9709671977617935212379052245523780584335e-01
1.5373063403151694932685655814452729828190e-03
1.1429135861290694309300164377418695949018e-01
2.0663090809186282492682096290081972256303e-01
0.0000000000000000000000000000000000000000e+00
4.7569613614501798926070819106826093047857e-01
2.7484624349975045332072909332055132836103e-01
4.3751381375318704192167729161155875772238e-01
0.0000000000000000000000000000000000000000e+00
5.7633493437483702959145404065566253848374e-02
2.1432095749871318823842614165187114849687e-01
9.6980653192854496258412666520598577335477e-02
2.5811104377563454104205220573931001126766e-01
0.0000000000000000000000000000000000000000e+00
4.4939187104049860277399375263485126197338e-01
4.0665305615848523768107725118170492351055e-01
1.7170481534113532506857779935671715065837e-01
0.0000000000000000000000000000000000000000e+00
4.1487490613484973023261659363924991339445e-01
2.3624661780651268205843962277867831289768e-01
0.0000000000000000000000000000000000000000e+00
0.0000000000000000000000000000000000000000e+00
0.0000000000000000000000000000000000000000e+00
8.8065860416184861492183699738234281539917e+01
2.5197900443411114235203740463475696742535e-01
