1
0
23
7.0784401611389224928672092573833651840687e-01
3.9371218616529607414733504811010789126158e-01
2.7990153219404528828206935031630564481020e-01
5.0378233405251615639741658014827407896519e-01
8.6431031459505737457593710360015393234789e-03
6.4293339215792111307479217430227436125278e-01
4.0064912934788415865838828722189646214247e-01
1.3763925476851759932550578469090396538377e-01
9.4600266879294592214932890783529728651047e-01
5.0454063474773025443909091336536221206188e-01
6.7916246078435404953665965877007693052292e-01
2.1241603028627853433363270596601068973541e-01
6.5339885969484678973628888343228027224541e-01
8.4128675030811383983575524325715377926826e-01
1.0000000000000000000000000000000000000000e+00
9.1805951280928144164761306456057354807854e-01
0.0000000000000000000000000000000000000000e+00
5.5791405876019939391596835775999352335930e-01
1.0000000000000000000000000000000000000000e+00
7.1054236129288239620649392236373387277126e-01
4.8089948014826527922238597057003062218428e-01
4.8089948014826527922238597057003062218428e-01
4.8089948014826527922238597057003062218428e-01
5.4941235466931059860939967620652168989182e-01
5.0986827737360584933412610553205013275146e-01
5.6311923242511996434700449754018336534500e-01
7.4833880839008304342030442057875916361809e-01
1.0000000000000000000000000000000000000000e+00
7.6822033253026100751981175562832504510880e-01
2.7042612235638674444970774857210926711559e-01
5.4941235466931059860939967620652168989182e-01
7.0694350823800067296076576894847676157951e-01
5.5824540767880581615401069939252920448780e-01
9.7266787206024374334845106204738840460777e-01
1.0000000000000000000000000000000000000000e+00
8.4661542073766227201048195638577453792095e-01
6.5251465496429261747834971174597740173340e-01
4.3370667710334220856793763232417404651642e-01
7.3024750906655599980155102457501925528049e-01
3.8796260505086976877464621793478727340698e-01
5.5282421262286418617293293209513649344444e-01
5.9473917176860813249561488191829994320869e-01
9.3933676675374555564701495313784107565880e-02
6.6565780618001635371427937570842914283276e-01
7.0591561374548950080765052916831336915493e-01
6.8032495915363511151952025102218613028526e-01
0.0000000000000000000000000000000000000000e+00
6.0035664787291631583343587408307939767838e-01
7.0694350823799356753340816794661805033684e-01
4.8849402916700873644728631006728392094374e-01
7.7409598756319264456493556281202472746372e-01
5.0249024989406132490898926334921270608902e-01
5.7578232616204294558315268659498542547226e-01
4.9629384406052984290980134574056137353182e-01
5.4178463436377455320069884692202322185040e-01
1.0000000000000000000000000000000000000000e+00
5.0813679349630880288657408527797088027000e-02
6.2891331180179921300776868520188145339489e-01
6.7677063712218743507520457569626159965992e-01
5.7847567646186071055325328416074626147747e-01
6.1632223084764947707014925981638953089714e-01
4.3696766849110096897490507217298727482557e-01
5.5869642223848126061369612216367386281490e-01
8.2160653569565245124550756372627802193165e-01
8.7172447696547128437316587223904207348824e-01
5.9976910990444409765842692650039680302143e-01
2.2395697492583335752591722211946034803987e-01
2.0959138768858665002881025429815053939819e-01
6.4562463753143384259658432711148634552956e-01
1.7182619658864400902231750478676985949278e-01
2.9156645591561380914669143749051727354527e-01
7.4415277114567546234980000008363276720047e-01
9.2679034178189600989838936584419570863247e-01
6.3393001820552463687619137999718077480793e-01
4.6763149209561183372585446704761125147343e-01
5.4941235466931059860939967620652168989182e-01
9.3088724374767151115150909390649758279324e-01
5.5999214714540879178628074441803619265556e-01
1.0000000000000000000000000000000000000000e+00
9.7994015458829963893805370389600284397602e-02
3.8430485726303498239531108993105590343475e-01
1.0000000000000000000000000000000000000000e+00
5.0676213121960655971776077421964146196842e-01
1.0000000000000000000000000000000000000000e+00
1.0000000000000000000000000000000000000000e+00
1.0000000000000000000000000000000000000000e+00
1.0000000000000000000000000000000000000000e+00
5.4576056956088714322561372682685032486916e-01
9.7013009381466763780821338514215312898159e-01
5.7994894917227723940555961235077120363712e-01
3.9681543969080623757150760866352356970310e-01
7.3754239809234811708904544502729550004005e-01
2.5819233575398325974958879669429734349251e-01
1.0000000000000000000000000000000000000000e+00
2.7153627746513231411285005378886125981808e-01
7.3362618765985665447715291520580649375916e-01
8.3764567759881092268159363811719231307507e-01
9.2538704387962289477087551858858205378056e-01
9.2954873533144777297820837702602148056030e-01
7.7907652986545194995215979361091740429401e-01
6.5251465496428762147473889854154549539089e-01
5.7531449302597614803289616247639060020447e-01
5.1752740096235894107223884930135682225227e-01
5.7531449302597525985447646235115826129913e-01
7.4961328717152819756108783622039481997490e-01
1.0000000000000000000000000000000000000000e+00
0.0000000000000000000000000000000000000000e+00
5.3891245698517409312700010559638030827045e-01
6.9416444803097943072600628511281684041023e-01
7.3937825952343516622278229988296516239643e-01
8.4311853982830597953324058835278265178204e-01
4.5125238007598400535869131999788805842400e-01
8.4311853982830597953324058835278265178204e-01
7.6212701595856424674479967507068067789078e-01
8.0948417081696599773010802891803905367851e-01
6.8764375995137316799343807360855862498283e-01
5.9335569017330058727566211018711328506470e-01
7.4855258264548818480932368402136489748955e-01
8.2810014896931383177047791832592338323593e-01
7.9105510052345218152680672574206255376339e-01
9.4052980656345086529768195759970694780350e-01
4.5125238007598400535869131999788805842400e-01
6.1599218716190173861235734875663183629513e-01
5.3662297181672125034879172744695097208023e-01
6.6412738009444538533898594323545694351196e-01
7.3594108349375653155277632322395220398903e-01
4.7229100750985253398539498448371887207031e-01
7.7219702349539709462789005556260235607624e-01
6.2602245907580278405646367900772020220757e-01
7.8741593230808837322598492391989566385746e-01
6.2934098095048773835458177927648648619652e-01
1.0000000000000000000000000000000000000000e+00
7.5599042957095763384245401539374142885208e-01
6.3981742136690211708582864957861602306366e-01
8.4899472569085521200804578256793320178986e-01
8.1089098315569552166692801620229147374630e-01
7.0649488314589026227707790894783101975918e-01
3.9609950398866555776322684323531575500965e-01
5.2465469821558219365442710113711655139923e-01
8.0117412385056141488348657730966806411743e-01
3.8182622701436796930352102208416908979416e-01
7.9806824049362645734362331495503894984722e-01
3.9279330481388885498716945221531204879284e-01
1.0000000000000000000000000000000000000000e+00
7.9228975705440174426286148445797152817249e-01
7.9125957147861825102808097653905861079693e-01
6.0924705007472368389898065288434736430645e-01
3.6809684630749028855234428192488849163055e-01
4.2973297884055172701778246846515685319901e-01
6.3393001820552474789849384251283481717110e-01
5.9921939969995086094911584950750693678856e-01
8.3528408070916837502295493322890251874924e-01
7.7334630562974759904193433612817898392677e-01
5.0369503611460664238563822436844930052757e-01
1.6782372282024471399353160450118593871593e-01
5.6801858459434528825227062043268233537674e-01
7.2357518614505234033629221812589094042778e-01
4.7731503770674699183018674375489354133606e-01
1.0000000000000000000000000000000000000000e+00
1.0000000000000000000000000000000000000000e+00
1.0000000000000000000000000000000000000000e+00
5.0769422486775761527155736985150724649429e-01
1.0000000000000000000000000000000000000000e+00
9.7658730518595060487996306619606912136078e-01
1.0000000000000000000000000000000000000000e+00
9.0361255179968302808646285484428517520428e-01
4.1319254981709752083673947709030471742153e-01
6.9689323100912503594628333303262479603291e-01
1.4367545266275294491009617559029720723629e-01
5.4740367231917119728024090363760478794575e-01
9.6066237327734871342954647843725979328156e-01
1.0000000000000000000000000000000000000000e+00
0.0000000000000000000000000000000000000000e+00
6.0166054088979825653638044968829490244389e-01
4.2279152436591393993126075656618922948837e-01
4.9847694742522985489330267228069715201855e-01
6.5499401608835416954690344937262125313282e-01
4.2279152436591393993126075656618922948837e-01
7.1093308919906139653477339379605837166309e-01
4.5722510757624512667263161347364075481892e-01
8.7894025875333092745478325014119036495686e-01
1.0000000000000000000000000000000000000000e+00
5.9370605566931111685136102096294052898884e-01
5.9370605566931111685136102096294052898884e-01
8.4311537263854108292804312441148795187473e-01
4.4574904815077720510174685841775499284267e-01
5.5039031813073169274730389588512480258942e-01
5.2827722888256267719242487146402709186077e-01
6.1599218716190173861235734875663183629513e-01
5.2827722888256256617012240894837304949760e-01
4.2279152436591393993126075656618922948837e-01
4.2279152436591393993126075656618922948837e-01
7.0960641053856499116392342330073006451130e-01
5.7100531203054682993780488686752505600452e-01
1.0000000000000000000000000000000000000000e+00
8.4021356452238948886446223696111701428890e-01
8.0743063861209019016484944586409255862236e-01
6.8839318968116192110073825460858643054962e-01
8.6577961617524445969706903269980102777481e-01
6.7479521682723664355307846562936902046204e-01
9.4728913085968546869963802237180061638355e-01
4.8648658624966728547533989512885455042124e-01
4.1043651682520787549179885900230146944523e-01
5.7755011651356558122216711126384325325489e-01
7.0493909026091805536395895614987239241600e-01
5.9911876241362660433509290669462643563747e-01
8.6577961617523702120280404415098018944263e-01
8.4567408054824244612035499812918715178967e-01
4.2256659530468426710925200495694298297167e-01
8.7157496828166669544657452206593006849289e-01
5.7100531203053750406439803555258549749851e-01
2.2447910854533179025871447720419382676482e-01
2.7990153219404528828206935031630564481020e-01
8.6431031459505737457593710360015393234789e-03
1.3763925476851759932550578469090396538377e-01
2.1241603028627853433363270596601068973541e-01
0.0000000000000000000000000000000000000000e+00
4.8089948014826527922238597057003062218428e-01
2.7042612235638674444970774857210926711559e-01
4.3370667710334220856793763232417404651642e-01
0.0000000000000000000000000000000000000000e+00
5.0813679349630880288657408527797088027000e-02
2.0959138768858665002881025429815053939819e-01
9.7994015458829963893805370389600284397602e-02
2.5819233575398325974958879669429734349251e-01
0.0000000000000000000000000000000000000000e+00
4.5125238007598400535869131999788805842400e-01
3.9609950398866555776322684323531575500965e-01
1.6782372282024471399353160450118593871593e-01
0.0000000000000000000000000000000000000000e+00
4.2279152436591393993126075656618922948837e-01
2.2447910854533179025871447720419382676482e-01
0.0000000000000000000000000000000000000000e+00
2.7990153219404528828206935031630564481020e-01
8.6431031459505737457593710360015393234789e-03
1.3763925476851759932550578469090396538377e-01
2.1241603028627853433363270596601068973541e-01
0.0000000000000000000000000000000000000000e+00
4.8089948014826527922238597057003062218428e-01
2.7042612235638674444970774857210926711559e-01
4.3370667710334220856793763232417404651642e-01
0.0000000000000000000000000000000000000000e+00
5.0813679349630880288657408527797088027000e-02
2.0959138768858665002881025429815053939819e-01
9.7994015458829963893805370389600284397602e-02
2.5819233575398325974958879669429734349251e-01
0.0000000000000000000000000000000000000000e+00
4.5125238007598400535869131999788805842400e-01
3.9609950398866555776322684323531575500965e-01
1.6782372282024471399353160450118593871593e-01
0.0000000000000000000000000000000000000000e+00
4.2279152436591393993126075656618922948837e-01
2.2447910854533179025871447720419382676482e-01
0.0000000000000000000000000000000000000000e+00
0.0000000000000000000000000000000000000000e+00
2.7990153219404528828206935031630564481020e-01
8.6431031459505737457593710360015393234789e-03
1.3763925476851759932550578469090396538377e-01
2.1241603028627853433363270596601068973541e-01
0.0000000000000000000000000000000000000000e+00
4.8089948014826527922238597057003062218428e-01
2.7042612235638674444970774857210926711559e-01
4.3370667710334220856793763232417404651642e-01
0.0000000000000000000000000000000000000000e+00
5.0813679349630880288657408527797088027000e-02
2.0959138768858665002881025429815053939819e-01
9.7994015458829963893805370389600284397602e-02
2.5819233575398325974958879669429734349251e-01
0.0000000000000000000000000000000000000000e+00
4.5125238007598400535869131999788805842400e-01
3.9609950398866555776322684323531575500965e-01
1.6782372282024471399353160450118593871593e-01
0.0000000000000000000000000000000000000000e+00
4.2279152436591393993126075656618922948837e-01
2.2447910854533179025871447720419382676482e-01
0.0000000000000000000000000000000000000000e+00
0.0000000000000000000000000000000000000000e+00
0.0000000000000000000000000000000000000000e+00
9.0051331582980765233514830470085144042969e+01
2.5221550944899362445283941269735805690289e-01
