1
0
23
6.1250915719910370427214729716069996356964e-01
3.8325580983520857181190422124927863478661e-01
2.6040949480565789286856670514680445194244e-01
7.8626100116143282647840351273771375417709e-01
3.1355823389664699840650996520707849413157e-01
9.4203718623595555925476219272240996360779e-01
7.5056953035657059114527100973646156489849e-01
4.3379615197894622058427671618119347840548e-01
7.0251046185047194558848104861681349575520e-01
9.5979198395180209679722338478313758969307e-01
7.6246005874414335412581067430437542498112e-01
2.3120143532828468790896181417338084429502e-01
4.0846577796594263354279519262490794062614e-01
1.0000000000000000000000000000000000000000e+00
5.4883592292787120037189652066444978117943e-01
1.0000000000000000000000000000000000000000e+00
0.0000000000000000000000000000000000000000e+00
7.8351098406845964827738271196722052991390e-01
5.0759814425691074379898282131762243807316e-01
6.2028036403197150949750948711880482733250e-01
4.7090466730431324027250639119301922619343e-01
7.3733140625946302915139085598639212548733e-01
3.4172932937286953913869069765496533364058e-01
7.6047854752364463237768177350517362356186e-01
7.5325937068134374285932608472649008035660e-01
6.4445138483738273471601587516488507390022e-01
7.5191971155000825177694423473440110683441e-01
1.0000000000000000000000000000000000000000e+00
5.8198979099432168737848769524134695529938e-01
2.5681039159749996514392478275112807750702e-01
4.4026545696974295207581917566130869090557e-01
9.2150765055826910909786420234013348817825e-01
6.9552104790299673631182031385833397507668e-01
7.6798330985055784925208399727125652134418e-01
3.6613590794486217117054138725507073104382e-01
6.6689339855291307479490114928921684622765e-01
6.9552104790299373870965382593567483127117e-01
2.2539145517183936662242160764435539022088e-01
8.5042389017857522581778084713732823729515e-01
6.8003096076885938270351061873952858150005e-01
5.8904946387627965531663676301832310855389e-01
6.5508710044975071440376268583349883556366e-01
1.0000000000000000000000000000000000000000e+00
3.7176983544425967753710438046255148947239e-01
5.4445030973763230974782345583662390708923e-01
6.1474671545063808153486206720117479562759e-01
0.0000000000000000000000000000000000000000e+00
4.5440948771661637817231849112431518733501e-01
6.2684928625545577318689538515172898769379e-01
6.4439638928400622130965302858385257422924e-01
8.5388908761399595626073733001248911023140e-01
4.6236005694391907328011370736930985003710e-01
6.4170560637081985877472334323101677000523e-01
5.2703445540991400442010217375354841351509e-01
5.9678721281116375863007306179497390985489e-01
4.5903451609202422512012731203867588192225e-01
0.0000000000000000000000000000000000000000e+00
4.4777753832886291185388927260646596550941e-01
7.0514889871101471552350403726450167596340e-01
4.4523147643516258753493275435175746679306e-01
1.0000000000000000000000000000000000000000e+00
3.8889882492114891121559594466816633939743e-01
7.8351098406845942623277778693591244518757e-01
7.0471324317800876357864581223111599683762e-01
6.6992542372531027616844312433386221528053e-01
4.6667214918572530457652192126261070370674e-01
1.8832720037851849448351515547983581200242e-01
0.0000000000000000000000000000000000000000e+00
6.4251404222852948056043942415271885693073e-01
5.9057502870007905215743448934517800807953e-01
5.5201689903026085470827410972560755908489e-01
7.6162836731083383146057030899100936949253e-01
9.7260071177086415694645893381675705313683e-01
6.2195701809019410255530146969249472022057e-01
5.8198979099432168737848769524134695529938e-01
5.9298367372219773496766492826282046735287e-01
7.2115713652596358240742802081513218581676e-01
7.3768136889588065141509787281393073499203e-01
4.7676082366382421806605407255119644105434e-01
3.4664522671224295979897078723297454416752e-01
5.9077435863134442062261086903163231909275e-01
1.0000000000000000000000000000000000000000e+00
6.4445138483738273471601587516488507390022e-01
1.0000000000000000000000000000000000000000e+00
6.7659180710988597873267735849367454648018e-01
1.0000000000000000000000000000000000000000e+00
9.9920723701284752671369915333343669772148e-01
5.9601261635587587939255627134116366505623e-01
9.6445137110653023082562640411197207868099e-01
5.5877850716663524099914184262161143124104e-01
5.3116726902914812580291936683352105319500e-01
9.9946477492657492813776798357139341533184e-01
4.7092040204701346439719600311946123838425e-01
4.6608006196595830328277543230797164142132e-01
1.0000000000000000000000000000000000000000e+00
9.2489686754716904371065311352140270173550e-01
6.6908728293052743829605333303334191441536e-01
3.2728227227929373999160134189878590404987e-01
4.9702365923191571539518918143585324287415e-01
9.8148849926085379724582935523358173668385e-01
9.9499947067908323106166790239512920379639e-01
7.0369291998993233061554519736091606318951e-01
2.9587795462970206683550600246235262602568e-01
3.2795562858797133731769690712098963558674e-01
7.2713355277179558822098215387086383998394e-01
7.3581840489677685646086047199787572026253e-01
3.2534240406996817185358850110787898302078e-02
7.6607745029390650337575152661884203553200e-01
1.0000000000000000000000000000000000000000e+00
8.2166699729230807669466685183579102158546e-01
7.6246005874414335412581067430437542498112e-01
1.0000000000000000000000000000000000000000e+00
6.0668220325899402389779879740672186017036e-01
7.2080370709176844190579913629335351288319e-01
7.9529904997241607222946413457975722849369e-01
5.2770152824226712606758837864617817103863e-01
3.7824352971682612123416333815839607268572e-01
6.8820251069869198268236232252093032002449e-01
6.9177020200442806974194809299660846590996e-01
7.7579646723622630588579340837895870208740e-01
9.2127730396693185976886297794408164918423e-01
1.3917059317360369607996517515857703983784e-01
6.8003428474215676935443752881838008761406e-01
6.8121096138264947139617788707255385816097e-01
8.0356316940098848622398008956224657595158e-01
7.1329464428951738774742352688917890191078e-01
5.9286053086537382483811597921885550022125e-01
6.8695955941182595960725620898301713168621e-01
7.2442680793605196409856716854847036302090e-01
5.9165244784199200189789280557306483387947e-01
5.1252472866541243234905778081156313419342e-01
7.4133758672185823268563353849458508193493e-01
6.1616544431478736942864316006307490170002e-01
6.4202077506103016890648405023966915905476e-01
7.1280830178931431362343573709949851036072e-01
7.6745558010533609927250608961912803351879e-01
7.2456423675110936954979479196481406688690e-01
5.1252472866541243234905778081156313419342e-01
7.3804483518326202684534109721425920724869e-01
9.5479048338557637176648995591676793992519e-01
7.2115713652596358240742802081513218581676e-01
6.4181521019051845922120946852373890578747e-01
4.0711221332507191439376015296147670596838e-01
7.4867802952130657612173081361106596887112e-01
6.7099734011844580638950219508842565119267e-01
5.4435405866147135167665283006499521434307e-01
4.1972599547518579798932591984339524060488e-01
4.9325801520056322679863569646840915083885e-01
5.3116726902914812580291936683352105319500e-01
7.2115713652596358240742802081513218581676e-01
7.0268624745004015785809770022751763463020e-01
5.0750123387506651528866541411844082176685e-01
6.6045699292431070404063575551845133304596e-01
6.8967902902745581439347688501584343612194e-01
4.0711221332507191439376015296147670596838e-01
6.0063041828133911792519938899204134941101e-01
6.8652277683163065447047301859129220247269e-01
8.8866038308604788920064265766995958983898e-01
7.4651359610708523106836764782201498746872e-01
4.6236005694392001696968463875236921012402e-01
9.6693676838491549041521011531585827469826e-01
6.9059044974267458361083527051960118114948e-01
8.5239923778901727224877049593487754464149e-01
7.2115713652596591387577973364386707544327e-01
4.3121390738806880671418753081525210291147e-01
6.4873214560042435916642489246441982686520e-01
1.0000000000000000000000000000000000000000e+00
9.2321972443430866395175371508230455219746e-01
4.5416261273400143627654301781149115413427e-01
8.1471858592960821887629663251573219895363e-01
7.2129014660183055074327285183244384825230e-01
7.0335960375871775518419326544972136616707e-01
0.0000000000000000000000000000000000000000e+00
7.0836928857038361506681667378870770335197e-01
7.9438777642459490468951344155357219278812e-01
8.2714557176528680226823553311987780034542e-01
7.3899971220509574898471782944398000836372e-01
6.6513163618747328520441897126147523522377e-01
5.8941262106546288279673717624973505735397e-01
7.6047854752364152375321282306686043739319e-01
7.4611138809419197404082524371915496885777e-01
5.3774566654684452515766679425723850727081e-01
7.7248127225893081782004401247831992805004e-01
5.2699446642600267232126043381867930293083e-01
6.9177020200442806974194809299660846590996e-01
5.9644786806207428231374478855286724865437e-01
4.0030621211420086558163689005596097558737e-01
9.0007599451397424239473821216961368918419e-01
5.8941262106546288279673717624973505735397e-01
5.3116726902914812580291936683352105319500e-01
7.5010713166429265896795186563394963741302e-01
4.0030621211420086558163689005596097558737e-01
4.2720223036490811985288473806576803326607e-01
7.3256537655587594670691942155826836824417e-01
8.2451736685263310455695773271145299077034e-01
1.0000000000000000000000000000000000000000e+00
3.9305612213105117769273988415079656988382e-01
5.5280766087133426101019040288520045578480e-01
7.9574123748365988006980842328630387783051e-01
6.4992461261017020479613393035833723843098e-01
3.3337198678089485781583789503201842308044e-01
2.7603524112338267970656602301460225135088e-01
2.3819082700000293595365974397282116115093e-01
7.3183572027420351613358207032433710992336e-01
5.4374382824726041896212791471043601632118e-01
4.6889219892668643208111234343959949910641e-01
8.0407133775463424107954324426827952265739e-01
7.0126662184547006173573890919215045869350e-01
5.9330667755861365986191913179936818778515e-01
5.6345385339349030040523302886867895722389e-01
6.4031348706220903022057200359995476901531e-01
2.3819082700000293595365974397282116115093e-01
2.6040949480565789286856670514680445194244e-01
3.1355823389664699840650996520707849413157e-01
4.3379615197894622058427671618119347840548e-01
2.3120143532828468790896181417338084429502e-01
0.0000000000000000000000000000000000000000e+00
3.4172932937286953913869069765496533364058e-01
2.5681039159749996514392478275112807750702e-01
2.2539145517183936662242160764435539022088e-01
0.0000000000000000000000000000000000000000e+00
0.0000000000000000000000000000000000000000e+00
0.0000000000000000000000000000000000000000e+00
3.4664522671224295979897078723297454416752e-01
4.7092040204701346439719600311946123838425e-01
3.2534240406996817185358850110787898302078e-02
1.3917059317360369607996517515857703983784e-01
5.1252472866541243234905778081156313419342e-01
4.0711221332507191439376015296147670596838e-01
0.0000000000000000000000000000000000000000e+00
4.0030621211420086558163689005596097558737e-01
2.3819082700000293595365974397282116115093e-01
0.0000000000000000000000000000000000000000e+00
2.6040949480565789286856670514680445194244e-01
3.1355823389664699840650996520707849413157e-01
4.3379615197894622058427671618119347840548e-01
2.3120143532828468790896181417338084429502e-01
0.0000000000000000000000000000000000000000e+00
3.4172932937286953913869069765496533364058e-01
2.5681039159749996514392478275112807750702e-01
2.2539145517183936662242160764435539022088e-01
0.0000000000000000000000000000000000000000e+00
0.0000000000000000000000000000000000000000e+00
0.0000000000000000000000000000000000000000e+00
3.4664522671224295979897078723297454416752e-01
4.7092040204701346439719600311946123838425e-01
3.2534240406996817185358850110787898302078e-02
1.3917059317360369607996517515857703983784e-01
5.1252472866541243234905778081156313419342e-01
4.0711221332507191439376015296147670596838e-01
0.0000000000000000000000000000000000000000e+00
4.0030621211420086558163689005596097558737e-01
2.3819082700000293595365974397282116115093e-01
0.0000000000000000000000000000000000000000e+00
0.0000000000000000000000000000000000000000e+00
2.6040949480565789286856670514680445194244e-01
3.1355823389664699840650996520707849413157e-01
4.3379615197894622058427671618119347840548e-01
2.3120143532828468790896181417338084429502e-01
0.0000000000000000000000000000000000000000e+00
3.4172932937286953913869069765496533364058e-01
2.5681039159749996514392478275112807750702e-01
2.2539145517183936662242160764435539022088e-01
0.0000000000000000000000000000000000000000e+00
0.0000000000000000000000000000000000000000e+00
0.0000000000000000000000000000000000000000e+00
3.4664522671224295979897078723297454416752e-01
4.7092040204701346439719600311946123838425e-01
3.2534240406996817185358850110787898302078e-02
1.3917059317360369607996517515857703983784e-01
5.1252472866541243234905778081156313419342e-01
4.0711221332507191439376015296147670596838e-01
0.0000000000000000000000000000000000000000e+00
4.0030621211420086558163689005596097558737e-01
2.3819082700000293595365974397282116115093e-01
0.0000000000000000000000000000000000000000e+00
0.0000000000000000000000000000000000000000e+00
0.0000000000000000000000000000000000000000e+00
7.8865087974202580767268955241888761520386e+01
7.5256268039644880207816868278314359486103e-01
