1
0
23
6.1524412725660571066299553422140888869762e-01
3.8240182406777356582949778385227546095848e-01
2.5128780982069764959874191845301538705826e-01
7.7759712382334889024804169821436516940594e-01
3.0342238366220730672040417630341835319996e-01
9.2489151928130108881731530345859937369823e-01
7.3725008121457513698970842597191222012043e-01
4.2264313679181564342712817961000837385654e-01
6.9971754110102701851303663715953007340431e-01
9.2800190176651109474903478258056566119194e-01
7.4478153287922499448114876940962858498096e-01
2.3204293064889622288937687244469998404384e-01
4.0822509637342796473546968627488240599632e-01
1.0000000000000000000000000000000000000000e+00
5.7388222241252984101578249465092085301876e-01
1.0000000000000000000000000000000000000000e+00
0.0000000000000000000000000000000000000000e+00
7.8651679652298123190945489113801158964634e-01
4.8999777448636511190116493708046618849039e-01
6.0611290836584164054556822520680725574493e-01
4.6400463858728935306885432510171085596085e-01
7.0831353974371280557420504919718950986862e-01
3.2986477234169303551780672023596707731485e-01
7.6107241887357657272872302200994454324245e-01
7.5693424848957158168616388138616457581520e-01
6.3646612121228829384023129023262299597263e-01
7.6756276980040816226846800418570637702942e-01
1.0000000000000000000000000000000000000000e+00
5.8144159150999796814573983283480629324913e-01
2.6679990781188550608149512299860361963511e-01
4.3807537481692354619511320379388052970171e-01
9.1730091438147809412839706055819988250732e-01
6.9769070766501783964486094191670417785645e-01
7.7828613637283827753066134391701780259609e-01
3.8811765607709569625427548089646734297276e-01
6.7032957818563343455053882280481047928333e-01
7.0201506155773552020349370650365017354488e-01
2.3027148481324574702533425352157792076468e-01
8.4014619807067492107677253443398512899876e-01
6.7649009168091822630231035873293876647949e-01
5.9405530483922297513288413028931245207787e-01
6.6020813718178605888908805354731157422066e-01
1.0000000000000000000000000000000000000000e+00
3.7613280366243240226964417161070741713047e-01
5.5657023230083435549886416993103921413422e-01
6.1977101970590953161632796764024533331394e-01
0.0000000000000000000000000000000000000000e+00
4.4568187430367711687750897908699698746204e-01
6.1924313346631232324313032222562469542027e-01
6.3518631715457829489679397738655097782612e-01
8.5745203062699337781538133640424348413944e-01
4.5278891335310089694132784643443301320076e-01
6.4783331475495309348389127990230917930603e-01
5.3259066928929421624872020402108319103718e-01
5.9617166384768294218332584932795725762844e-01
4.4500726661025435948459971768897958099842e-01
0.0000000000000000000000000000000000000000e+00
4.4697793537123092777463284619443584233522e-01
7.0200256319821263684133327842573635280132e-01
4.5123197665878322926147347970982082188129e-01
1.0000000000000000000000000000000000000000e+00
3.8493543416310194160701030341442674398422e-01
7.5945824513958548607206466840580105781555e-01
7.0235359897574856091750916675664484500885e-01
6.6927690986834209585509825046756304800510e-01
4.7465395248612995970916017540730535984039e-01
1.9138612111550110106428235212661093100905e-01
0.0000000000000000000000000000000000000000e+00
6.5015225865196235588427953189238905906677e-01
5.7285886904973937205909351177979260683060e-01
5.4916520744076646742826142144622281193733e-01
7.5859049205765261003620025803684256970882e-01
9.5561576762634792281403406377648934721947e-01
6.0472548783385848825133734862902201712132e-01
5.8144159150999796814573983283480629324913e-01
5.9403447519523699948962303096777759492397e-01
7.2465931273021266800782314021489582955837e-01
7.0882692953962800341827232841751538217068e-01
4.8889439655233535297895741678075864911079e-01
3.3038519282479278382780307765642646700144e-01
5.9585523475622381717187181493500247597694e-01
1.0000000000000000000000000000000000000000e+00
6.3378300105833984545711246028076857328415e-01
1.0000000000000000000000000000000000000000e+00
6.5846999632620395459525752812623977661133e-01
8.7961752014572136548764547114842571318150e-01
1.0000000000000000000000000000000000000000e+00
5.9163865926399994421558403701055794954300e-01
9.6709915274888003100528521827072836458683e-01
5.5252651719848178135663374632713384926319e-01
5.3312685807796678094661046998226083815098e-01
9.8069929351621154545171066274633631110191e-01
4.8337822311518330309354496421292424201965e-01
4.6137243357131968446438463615777436643839e-01
1.0000000000000000000000000000000000000000e+00
9.1612035411224790326656375327729620039463e-01
6.6894100620769780807250981524703092873096e-01
3.1378289075211751590899211805663071572781e-01
5.0320226919031840751017625734675675630569e-01
9.9384348925931098595043522436753846704960e-01
1.0000000000000000000000000000000000000000e+00
7.1819099693754473445750363680417649447918e-01
2.9221766650818048471904830876155756413937e-01
3.3280643136023524419897512416355311870575e-01
7.1716533467297072235169252962805330753326e-01
7.3838240801979893035422719549387693405151e-01
3.4792555757054234588654395565754384733737e-02
7.6449726529620587456292923889122903347015e-01
1.0000000000000000000000000000000000000000e+00
8.2646855401472574254029268558952026069164e-01
7.6881521727192714266152506752405315637589e-01
9.9518618394513747027474437345517799258232e-01
6.0056454494554945000572843127883970737457e-01
7.2171035786361437125435713824117556214333e-01
7.9675851773839179159608647751156240701675e-01
5.4425337594473810476358721643919125199318e-01
3.7225699208441742626973791630007326602936e-01
6.9335593899900693770632642554119229316711e-01
6.9142208047843889406891548787825740873814e-01
7.7841735275096113344517334553529508411884e-01
8.8667409533233998431001054996158927679062e-01
1.3402984587814736894273437428637407720089e-01
6.8146411066163092851155624884995631873608e-01
6.8146411066163092851155624884995631873608e-01
8.0095287515681590218008523152093403041363e-01
7.1116591354803693203479042495018802583218e-01
6.0073296125504604958678100956603884696960e-01
6.8020051829139860366524317214498296380043e-01
7.2575871471117781030812921017059125006199e-01
5.9857886468292476056518580662668682634830e-01
5.1145186621122296077857072305050678551197e-01
7.2906862347325063211656015482731163501740e-01
6.1873573398337389228629490389721468091011e-01
6.4197486396703040689715180633356794714928e-01
6.9561054086689433351153866169624961912632e-01
7.6483823955700258601098084909608587622643e-01
7.3056579063413729091536197302048094570637e-01
5.1145186621122296077857072305050678551197e-01
7.3723578001402145787324116099625825881958e-01
9.4883601412311935341392654663650318980217e-01
7.1794070105678087223566308239242061972618e-01
6.3815218501745951673598256093100644648075e-01
4.1187610627602733170959936614963226020336e-01
7.5370527694335276436277126776985824108124e-01
6.7917447069781156088197349163237959146500e-01
5.5581270272674454524519660481018945574760e-01
4.2828124120499100335734965483425185084343e-01
4.9434280463664198590478804362646769732237e-01
5.3312685807796678094661046998226083815098e-01
7.1413341726436796452759381281794048845768e-01
6.9901573156142693399317522562341764569283e-01
5.0941810941387899447363452054560184478760e-01
6.7507757561416981140212101308861747384071e-01
6.9324266693599456701235794753301888704300e-01
4.1187610627602733170959936614963226020336e-01
6.1905274336193805151395963548566214740276e-01
7.0606750088477487903304563587880693376064e-01
8.9859533036815442130773590179160237312317e-01
7.3281720817480855423298180539859458804131e-01
4.5278891335310089694132784643443301320076e-01
9.7282503115394758363976279724738560616970e-01
7.1293277922767472887244366575032472610474e-01
8.3388445167621982889727405563462525606155e-01
7.2465931273021277903012560273054987192154e-01
4.1479050782515836104380468896124511957169e-01
6.4943695929827638391174104981473647058010e-01
1.0000000000000000000000000000000000000000e+00
9.0288546620353549165827189426636323332787e-01
4.5242836576171147067171318667533341795206e-01
8.2182321513612155428063488216139376163483e-01
7.3141927080369073532750689992099069058895e-01
7.0583555062123370937854360818164423108101e-01
0.0000000000000000000000000000000000000000e+00
6.9826230368750108468134385475423187017441e-01
7.7112360297943838283174500247696414589882e-01
8.2921228375010702649205995840020477771759e-01
7.4478153287922499448114876940962858498096e-01
6.4680476093055505604212385151186026632786e-01
5.9279638747891261196798495802795514464378e-01
7.6107241887358367815608062301180325448513e-01
7.4334812579690312528413187465048395097256e-01
5.3905383683511143289024403202347457408905e-01
7.6423707422000475286694154419819824397564e-01
5.2554367375084132252283097841427661478519e-01
6.8728683603564411086495056224521249532700e-01
5.9777485559224896594088249912601895630360e-01
3.9538703848113543326547869583009742200375e-01
9.0784579208753701795586721345898695290089e-01
5.9114006958574771832815031302743591368198e-01
5.3047011539668165180927417168277315795422e-01
7.5581401720972418711852469641598872840405e-01
3.9538703848113543326547869583009742200375e-01
4.2348255378122062753121213063423056155443e-01
7.2881055007167294679248925604042597115040e-01
7.9586738035448334471766429487615823745728e-01
1.0000000000000000000000000000000000000000e+00
3.7976828584230176710789805838430766016245e-01
5.4116176036324581399838962170179001986980e-01
8.0856680116587120732418725310708396136761e-01
6.5564489204435383307156826049322262406349e-01
3.3591504253568577054167576534382533282042e-01
2.8160454884294733313154779352771583944559e-01
2.4005763453843459442893504274252336472273e-01
7.2465931273020700587039755191653966903687e-01
5.4517969588773163014394640413229353725910e-01
4.6366462978351757895367768469441216439009e-01
7.9411997367096964772770206764107570052147e-01
6.9786345245492098499084931972902268171310e-01
6.0136205273669762760846424498595297336578e-01
5.7060781692950035548506093618925660848618e-01
6.3399335223027941665918660874012857675552e-01
2.4005763453843459442893504274252336472273e-01
2.5128780982069764959874191845301538705826e-01
3.0342238366220730672040417630341835319996e-01
4.2264313679181564342712817961000837385654e-01
2.3204293064889622288937687244469998404384e-01
0.0000000000000000000000000000000000000000e+00
3.2986477234169303551780672023596707731485e-01
2.6679990781188550608149512299860361963511e-01
2.3027148481324574702533425352157792076468e-01
0.0000000000000000000000000000000000000000e+00
0.0000000000000000000000000000000000000000e+00
0.0000000000000000000000000000000000000000e+00
3.3038519282479278382780307765642646700144e-01
4.8337822311518330309354496421292424201965e-01
3.4792555757054234588654395565754384733737e-02
1.3402984587814736894273437428637407720089e-01
5.1145186621122296077857072305050678551197e-01
4.1187610627602733170959936614963226020336e-01
0.0000000000000000000000000000000000000000e+00
3.9538703848113543326547869583009742200375e-01
2.4005763453843459442893504274252336472273e-01
0.0000000000000000000000000000000000000000e+00
2.5128780982069764959874191845301538705826e-01
3.0342238366220730672040417630341835319996e-01
4.2264313679181564342712817961000837385654e-01
2.3204293064889622288937687244469998404384e-01
0.0000000000000000000000000000000000000000e+00
3.2986477234169303551780672023596707731485e-01
2.6679990781188550608149512299860361963511e-01
2.3027148481324574702533425352157792076468e-01
0.0000000000000000000000000000000000000000e+00
0.0000000000000000000000000000000000000000e+00
0.0000000000000000000000000000000000000000e+00
3.3038519282479278382780307765642646700144e-01
4.8337822311518330309354496421292424201965e-01
3.4792555757054234588654395565754384733737e-02
1.3402984587814736894273437428637407720089e-01
5.1145186621122296077857072305050678551197e-01
4.1187610627602733170959936614963226020336e-01
0.0000000000000000000000000000000000000000e+00
3.9538703848113543326547869583009742200375e-01
2.4005763453843459442893504274252336472273e-01
0.0000000000000000000000000000000000000000e+00
0.0000000000000000000000000000000000000000e+00
2.5128780982069764959874191845301538705826e-01
3.0342238366220730672040417630341835319996e-01
4.2264313679181564342712817961000837385654e-01
2.3204293064889622288937687244469998404384e-01
0.0000000000000000000000000000000000000000e+00
3.2986477234169303551780672023596707731485e-01
2.6679990781188550608149512299860361963511e-01
2.3027148481324574702533425352157792076468e-01
0.0000000000000000000000000000000000000000e+00
0.0000000000000000000000000000000000000000e+00
0.0000000000000000000000000000000000000000e+00
3.3038519282479278382780307765642646700144e-01
4.8337822311518330309354496421292424201965e-01
3.4792555757054234588654395565754384733737e-02
1.3402984587814736894273437428637407720089e-01
5.1145186621122296077857072305050678551197e-01
4.1187610627602733170959936614963226020336e-01
0.0000000000000000000000000000000000000000e+00
3.9538703848113543326547869583009742200375e-01
2.4005763453843459442893504274252336472273e-01
0.0000000000000000000000000000000000000000e+00
0.0000000000000000000000000000000000000000e+00
0.0000000000000000000000000000000000000000e+00
7.7628508824792774589695909526199102401733e+01
7.5608103206266696894033429998671635985374e-01
