1
0
23
6.1398118442751004053548058436717838048935e-01
3.8341133268709726156231454297085292637348e-01
2.5391904866404374496724472010100726038218e-01
7.8201001616456355947093470604158937931061e-01
3.0949564570541765462508010386954993009567e-01
9.2930268515088765290954597730888053774834e-01
7.4738617607306900847419228739454410970211e-01
4.3299221974147966696122580287919845432043e-01
7.0289862615219345087780311587266623973846e-01
9.5298948153733054056147011579014360904694e-01
7.5304877791369795314579960177070461213589e-01
2.3585629918462322485162019347626483067870e-01
4.1938864615302740013191851176088675856590e-01
1.0000000000000000000000000000000000000000e+00
5.5113716730058448511897495336597785353661e-01
1.0000000000000000000000000000000000000000e+00
0.0000000000000000000000000000000000000000e+00
7.8412019242400343710386323436978273093700e-01
4.9623417107612266541138978936942294239998e-01
6.1174371468081822911244671558961272239685e-01
4.6567234671205692819739851984195411205292e-01
7.2179994768380595360213192179799079895020e-01
3.3223124217860983131700436388200614601374e-01
7.6764892659314731826469824227388016879559e-01
7.5604139028589967264082360998145304620266e-01
6.4268097987022476669238812974072061479092e-01
7.5767123728539320648422972226398997008801e-01
1.0000000000000000000000000000000000000000e+00
5.8410597329130464760993390882504172623158e-01
2.6452598369591606708439712747349403798580e-01
4.4049165672308737695672675727109890431166e-01
9.1790738419384365620601329283090308308601e-01
6.9729843655815060277092243268270976841450e-01
7.8010590692268655388375009351875633001328e-01
3.7385689908407682136015637297532521188259e-01
6.6758855971561370523659206810407340526581e-01
6.9833010936197625895260898687411099672318e-01
2.2892503763050484066887690914882114157081e-01
8.5109017689861887756563874063431285321712e-01
6.8419918071737073628213465781300328671932e-01
5.9618259208848889407761362235760316252708e-01
6.6078132291214664029155301250284537672997e-01
1.0000000000000000000000000000000000000000e+00
3.7089551971818712772233084251638501882553e-01
5.5244214981954276044717744298395700752735e-01
6.1904579032712048203279664448928087949753e-01
0.0000000000000000000000000000000000000000e+00
4.5099460931085577630739180676755495369434e-01
6.2398763161059722648360548191703855991364e-01
6.4137554822536002596677917608758434653282e-01
8.5203886668164874329534086427884176373482e-01
4.5296901278942058866050501819700002670288e-01
6.5029463862700076504097523866221308708191e-01
5.3148076416289768975076412971247918903828e-01
5.9236702240414229603260309886536560952663e-01
4.4655022346293044011034112372726667672396e-01
0.0000000000000000000000000000000000000000e+00
4.4761775215918658821223630184249486774206e-01
7.1054570128445970755848293265444226562977e-01
4.5160973305132640076564598530239891260862e-01
1.0000000000000000000000000000000000000000e+00
3.8589704076268432908491945454443339258432e-01
7.7359935940996282788262305984972044825554e-01
7.0822075210243196075055038818391039967537e-01
6.6808301889114962701654576449072919785976e-01
4.7358343154480536663086809312517289072275e-01
1.8985242764325552244919492750341305509210e-01
0.0000000000000000000000000000000000000000e+00
6.4985255352717019583508317737141624093056e-01
5.7974101614772266533037736735423095524311e-01
5.5704884428231593584968095456133596599102e-01
7.6377412443853676116134465701179578900337e-01
9.5840028037887114997772641800111159682274e-01
6.1392792864209522196716761754942126572132e-01
5.8410597329130464760993390882504172623158e-01
5.9654459422084948894138278774335049092770e-01
7.2269084316117082611441446715616621077061e-01
7.1591642258223853190202135010622441768646e-01
4.8168391689272477274030848093389067798853e-01
3.3979407311281922821066814321966376155615e-01
5.9811098067296430969008724787272512912750e-01
1.0000000000000000000000000000000000000000e+00
6.3550590909285453733446047408506274223328e-01
1.0000000000000000000000000000000000000000e+00
6.8143731422663211816370676388032734394073e-01
9.1182141546366857198790967231616377830505e-01
1.0000000000000000000000000000000000000000e+00
5.9432879902429525120766129475669004023075e-01
9.6135024166074156681816020864062011241913e-01
5.5404700035422815851404720888240262866020e-01
5.3352488638141237764500601770123466849327e-01
1.0000000000000000000000000000000000000000e+00
4.6452644372009954665259101602714508771896e-01
4.6479277282073061527967183792497962713242e-01
1.0000000000000000000000000000000000000000e+00
9.1882963352559765546345715847564861178398e-01
6.6398940700753028565372915181796997785568e-01
3.2209425720974360629611510375980287790298e-01
4.9827304831620411462722586293239146471024e-01
9.7475080240291789301920744037488475441933e-01
1.0000000000000000000000000000000000000000e+00
7.0808616825722525689457143016625195741653e-01
2.9170074272003132520580948039423674345016e-01
3.3070549492938045021972470749460626393557e-01
7.1930569240562325372678742496646009385586e-01
7.2899021070975389413604261790169402956963e-01
3.6042093002553059200021579044914687983692e-02
7.6609551785168872317655086590093560516834e-01
1.0000000000000000000000000000000000000000e+00
8.2411213561557317142103329388191923499107e-01
7.6544892513384610310822608880698680877686e-01
1.0000000000000000000000000000000000000000e+00
6.0427140195527173638367912644753232598305e-01
7.2207405497325261034546883820439688861370e-01
7.9744152607799156928791717291460372507572e-01
5.3259698707114710991561423725215718150139e-01
3.7504765101272419247635525607620365917683e-01
6.9042612952840010098753964484785683453083e-01
6.9896692740530874665694227587664499878883e-01
7.8392249190215368415124430612195283174515e-01
9.1143364464257592416629449871834367513657e-01
1.4013745616344636113481669781322125345469e-01
6.8419918071737784170949225881486199796200e-01
6.8419918071737784170949225881486199796200e-01
8.0259925153717459611613094239146448671818e-01
7.1243389996195405355905450051068328320980e-01
5.9165554309597934157238796615274623036385e-01
6.8450258465292712628524895990267395973206e-01
7.2378794312056438098323951635393314063549e-01
5.9218115518032166111339620329090394079685e-01
5.1410776684210357512228029008838348090649e-01
7.3454315319836038788992027548374608159065e-01
6.1677254657097368983897922589676454663277e-01
6.4502013231791943681514567288104444742203e-01
7.0572972884881401967049896484240889549255e-01
7.6334252506740651877947811954072676599026e-01
7.3412140550237847680392633265000768005848e-01
5.1246714709001661702814089949242770671844e-01
7.3845896022389967416899025920429266989231e-01
9.5427754543384724073007419065106660127640e-01
7.2019875552190038003885774742229841649532e-01
6.4073355398314602027198816358577460050583e-01
4.0912365047657883732057371162227354943752e-01
7.4802638255156661539757578793796710669994e-01
6.7808447824556350447267050185473635792732e-01
5.5296970555097491040186241662013344466686e-01
4.2660517110491835701679974590661004185677e-01
4.9530768352770432327858429744082968682051e-01
5.3351083272548749381058996732463128864765e-01
7.1812124858836412499840662349015474319458e-01
6.9962342550801581708697085559833794832230e-01
5.0765530553194671004035853911773301661015e-01
6.6937639208891352993191503628622740507126e-01
6.9318405972503915890570169722195714712143e-01
4.0912365047657883732057371162227354943752e-01
6.0564883838193439569153042612015269696712e-01
7.0303525934653166018506453838199377059937e-01
8.9621598648985445478842848388012498617172e-01
7.3950006416578717427512401627609506249428e-01
4.5296901278941925639287546800915151834488e-01
9.6904172533102350683975600986741483211517e-01
6.9657822840808036879423070786288008093834e-01
8.4580124700291881012503836245741695165634e-01
7.2269084316117337962737110501620918512344e-01
4.1704341844136960659739088441710919141769e-01
6.5364474253266546810436921077780425548553e-01
1.0000000000000000000000000000000000000000e+00
9.0355000512740868412464578796061687171459e-01
4.4814069632783076757576168347441125661135e-01
8.2654065030878332009933728841133415699005e-01
7.3863806482276272991072119111777283251286e-01
7.0823466322765260549942922807531431317329e-01
0.0000000000000000000000000000000000000000e+00
7.0808003311796030576630300856777466833591e-01
7.8032396682523641473494535603094846010208e-01
8.2695719856595717445202353701461106538773e-01
7.4842630099576834545871406589867547154427e-01
6.4992102985431410289152154291514307260513e-01
5.8994022584690364308102061841054819524288e-01
7.6940398799617859548760634424979798495770e-01
7.4869835683632879330673404183471575379372e-01
5.3775690595851233233304355962900444865227e-01
7.6453455030239880763076598668703809380531e-01
5.2604902846735590582483155230875127017498e-01
6.9286240210250871207620093628065660595894e-01
6.0570107987461074827706397627480328083038e-01
4.0098998926778994800201871839817613363266e-01
9.1102322233224630743109173636185005307198e-01
5.9127667579314835410997375220176763832569e-01
5.3311150133213902613249501882819458842278e-01
7.5195853232831300072547264790046028792858e-01
4.0098998926778994800201871839817613363266e-01
4.2733565528303729674775013336329720914364e-01
7.2899896483880466391269692394416779279709e-01
8.0724524116581686250526672665728256106377e-01
1.0000000000000000000000000000000000000000e+00
3.8589704076268432908491945454443339258432e-01
5.4319269465743569291760195483220741152763e-01
8.0090167832572944917046697810292243957520e-01
6.5662373852645516958403959506540559232235e-01
3.4024178036644886491401962302916217595339e-01
2.7953562706546192240253390082216355949640e-01
2.3849277186922651639022774361365009099245e-01
7.3215976104701563365040328790200874209404e-01
5.4855340905470439949453975714277476072311e-01
4.6495011493901355903446415140933822840452e-01
7.9382550675434204734415288839954882860184e-01
7.0274288420257113862987807806348428130150e-01
5.9970770876048451469841893413104116916656e-01
5.6808203803438850343354715732857584953308e-01
6.3791615633672582585944610400474630296230e-01
2.3849277186922651639022774361365009099245e-01
2.5391904866404374496724472010100726038218e-01
3.0949564570541765462508010386954993009567e-01
4.3299221974147966696122580287919845432043e-01
2.3585629918462322485162019347626483067870e-01
0.0000000000000000000000000000000000000000e+00
3.3223124217860983131700436388200614601374e-01
2.6452598369591606708439712747349403798580e-01
2.2892503763050484066887690914882114157081e-01
0.0000000000000000000000000000000000000000e+00
0.0000000000000000000000000000000000000000e+00
0.0000000000000000000000000000000000000000e+00
3.3979407311281922821066814321966376155615e-01
4.6452644372009954665259101602714508771896e-01
3.6042093002553059200021579044914687983692e-02
1.4013745616344636113481669781322125345469e-01
5.1246714709001661702814089949242770671844e-01
4.0912365047657883732057371162227354943752e-01
0.0000000000000000000000000000000000000000e+00
4.0098998926778994800201871839817613363266e-01
2.3849277186922651639022774361365009099245e-01
0.0000000000000000000000000000000000000000e+00
2.5391904866404374496724472010100726038218e-01
3.0949564570541765462508010386954993009567e-01
4.3299221974147966696122580287919845432043e-01
2.3585629918462322485162019347626483067870e-01
0.0000000000000000000000000000000000000000e+00
3.3223124217860983131700436388200614601374e-01
2.6452598369591606708439712747349403798580e-01
2.2892503763050484066887690914882114157081e-01
0.0000000000000000000000000000000000000000e+00
0.0000000000000000000000000000000000000000e+00
0.0000000000000000000000000000000000000000e+00
3.3979407311281922821066814321966376155615e-01
4.6452644372009954665259101602714508771896e-01
3.6042093002553059200021579044914687983692e-02
1.4013745616344636113481669781322125345469e-01
5.1246714709001661702814089949242770671844e-01
4.0912365047657883732057371162227354943752e-01
0.0000000000000000000000000000000000000000e+00
4.0098998926778994800201871839817613363266e-01
2.3849277186922651639022774361365009099245e-01
0.0000000000000000000000000000000000000000e+00
0.0000000000000000000000000000000000000000e+00
2.5391904866404374496724472010100726038218e-01
3.0949564570541765462508010386954993009567e-01
4.3299221974147966696122580287919845432043e-01
2.3585629918462322485162019347626483067870e-01
0.0000000000000000000000000000000000000000e+00
3.3223124217860983131700436388200614601374e-01
2.6452598369591606708439712747349403798580e-01
2.2892503763050484066887690914882114157081e-01
0.0000000000000000000000000000000000000000e+00
0.0000000000000000000000000000000000000000e+00
0.0000000000000000000000000000000000000000e+00
3.3979407311281922821066814321966376155615e-01
4.6452644372009954665259101602714508771896e-01
3.6042093002553059200021579044914687983692e-02
1.4013745616344636113481669781322125345469e-01
5.1246714709001661702814089949242770671844e-01
4.0912365047657883732057371162227354943752e-01
0.0000000000000000000000000000000000000000e+00
4.0098998926778994800201871839817613363266e-01
2.3849277186922651639022774361365009099245e-01
0.0000000000000000000000000000000000000000e+00
0.0000000000000000000000000000000000000000e+00
0.0000000000000000000000000000000000000000e+00
7.8399224031021034875266195740550756454468e+01
7.5496242965239790390086227489518932998180e-01
