1
0
23
5.8203703988005384140080877841683104634285e-01
3.7878259597092239774340782787476200610399e-01
2.5634155191403301676800197128613945096731e-01
7.2431972719608095356846888535073958337307e-01
2.2503009916003904877790375849144766107202e-01
8.3512069661011179011467220334452576935291e-01
6.4475720980852013752837592619471251964569e-01
3.5383605504133924801735133769398089498281e-01
7.2732657802260736179533751055714674293995e-01
8.1798365564892627777027200863813050091267e-01
6.2813569585217765567364267553784884512424e-01
2.7176126263647515379773267341079190373421e-01
5.0006842094261738651539417332969605922699e-01
9.9043675387359531026021386423963122069836e-01
7.6305110151562172138284267930430360138416e-01
8.2733099611722926702839231438701972365379e-01
0.0000000000000000000000000000000000000000e+00
7.9938711412520480070753592372057028114796e-01
5.4343444033170795748333148367237299680710e-01
5.2602295918784147676916518321377225220203e-01
5.5927059506907184083246420414070598781109e-01
7.3829457617298743787870307642151601612568e-01
3.4027234627967661850789227173663675785065e-01
6.9144301078772862911847596478764899075031e-01
7.0719489729544682266038080342696048319340e-01
5.9904337294001597236103862087475135922432e-01
7.0916808696685385005054058638052083551884e-01
1.0000000000000000000000000000000000000000e+00
5.3501587162099895067512989044189453125000e-01
2.0219517705921213890363219434220809489489e-01
4.4937742751219317272060038703784812241793e-01
8.4187860394141589281957749335560947656631e-01
5.6915178001440092092622080599539913237095e-01
7.4859982680681569355840565549442544579506e-01
5.2894198206342546431102391579770483076572e-01
6.8393661295219865259298330784076824784279e-01
6.9189900500412382378101483482168987393379e-01
2.1959910578003632997123872883094009011984e-01
8.9538550114377080113570173125481233000755e-01
7.5346461978746592791367220343090593814850e-01
5.2418388334064025535496966767823323607445e-01
7.6320635811474690779476759416866116225719e-01
1.0000000000000000000000000000000000000000e+00
4.6570702807659991595556903121178038418293e-01
6.5813893378443322212945076898904517292976e-01
6.7684309926504493404308959725312888622284e-01
1.2182568890498458868965059309630305506289e-01
3.9229094617662829680426739287213422358036e-01
6.5172493724041247187273029339849017560482e-01
5.3646984589072821414390546124195680022240e-01
7.6412800115448165083620324367075227200985e-01
4.9788205072885483026823294494533911347389e-01
6.9147295171398948099295012070797383785248e-01
4.9788205072885671764737480771145783364773e-01
6.0472067894107850438700779704959131777287e-01
6.4216997647032547646972489019390195608139e-01
0.0000000000000000000000000000000000000000e+00
5.1577432809625400889075308441533707082272e-01
6.3594749942860817615297719385125674307346e-01
5.2381662014041263653041369252605363726616e-01
1.0000000000000000000000000000000000000000e+00
4.4787218407414663978727276116842404007912e-01
7.8713824718968850024936045883805491030216e-01
7.4008703082436455567005850753048434853554e-01
7.1961049408698629648029054806102067232132e-01
6.1733765610953283964335014388780109584332e-01
2.7313632221554928758422420287388376891613e-01
5.8781053062282331844734528658591443672776e-02
6.5104413048263309882202065637102350592613e-01
5.7489390885428981459170927337254397571087e-01
5.3345556882648093033338909663143567740917e-01
7.3748400050331142097093106713145971298218e-01
8.8534871558012973036255743863875977694988e-01
6.1217555223527853058840264566242694854736e-01
5.6319343530126064756302639580098912119865e-01
6.1217555223527853058840264566242694854736e-01
8.4100822730647706304552002620766870677471e-01
7.6125710529524215353092131408629938960075e-01
5.7489390885429081379243143601343035697937e-01
3.0393210289892502729003354033920913934708e-01
6.1693170721976953174703339755069464445114e-01
9.4500615620837413732857612558291293680668e-01
6.4949622834890430311816089670173823833466e-01
1.0000000000000000000000000000000000000000e+00
6.2878668531224157778325434264843352138996e-01
6.7233083648822156153102014286560006439686e-01
1.0000000000000000000000000000000000000000e+00
5.8052088064884954654587545519461855292320e-01
8.7417090746522174704580265824915841221809e-01
3.9224293742087057434986263615428470075130e-01
4.9938583655396090454914315159840043634176e-01
9.0854295886251457137205989056383259594440e-01
3.9224293742087057434986263615428470075130e-01
4.6517312187171255821738213853677734732628e-01
8.7967971924335486288981655889074318110943e-01
7.8702061484259100421212451692554168403149e-01
7.1155095126862077936635841979295946657658e-01
4.2447478652955961120341044079395942389965e-01
5.5451409488033964745312687227851711213589e-01
9.0633585104436675816685919926385395228863e-01
9.0381407448001171989204749479540623724461e-01
8.1545655030124875040087317756842821836472e-01
3.7120898804697849415745736223470885306597e-01
3.7937558693112866103902547365578357130289e-01
7.3588587038231567660773180250544100999832e-01
7.1555824073798413031965992558980360627174e-01
6.0936059210723390877628702355650602839887e-02
7.1377214254131104986811351409414783120155e-01
9.0575795045844886832497877549030818045139e-01
7.6837189218578971772188879185705445706844e-01
7.6320635811474690779476759416866116225719e-01
1.0000000000000000000000000000000000000000e+00
6.1414669881570382869995228247717022895813e-01
6.1218085405113897845552628496079705655575e-01
7.0520614711787343864557442429941147565842e-01
6.7869449475232990209860872710123658180237e-01
3.8186853781108487382311977853532880544662e-01
7.3103034714718639897057528287405148148537e-01
6.6043974776944780469278839518665336072445e-01
7.5828092975128036368204220707411877810955e-01
9.0381407448001171989204749479540623724461e-01
5.5585884633623239281519090582150965929031e-02
6.5400045614040003272293688496574759483337e-01
6.1642115249410733834878328707418404519558e-01
7.2386375709463046668190600030357018113136e-01
6.7754492950699019004900947038549929857254e-01
6.8035941140078137756574960803845897316933e-01
6.6109362145041072889029010184458456933498e-01
7.0067967129806163484317949041724205017090e-01
6.0472067894107850438700779704959131777287e-01
5.7688990129674144746729780308669432997704e-01
6.6417340018441117788228211793466471135616e-01
6.8851396104504114514810453329118900001049e-01
6.5104413048263309882202065637102350592613e-01
6.0937332816982126004745623504277318716049e-01
7.1928865550915010995680631822324357926846e-01
6.5737410306546639748859206520137377083302e-01
4.7911722810781370851529459287121426314116e-01
6.7265761941557467018526494939578697085381e-01
7.1711166670921033805541355832247063517570e-01
6.8653514666579595893125542716006748378277e-01
6.7002253666674860266283531018416397273540e-01
5.4484574406074803842869869185960851609707e-01
7.3078436755767373078640503081260249018669e-01
6.5235249857480892554661977555952034890652e-01
5.8837553618441273961536808201344683766365e-01
5.1105198883750779792478624585783109068871e-01
5.2056915285424754102905353647656738758087e-01
5.8388477203513888813546373057761229574680e-01
7.0813682667610622356590965864597819745541e-01
6.7745831960861557785591458014096133410931e-01
5.5451409488033964745312687227851711213589e-01
6.3536493984770670007122816969058476388454e-01
6.5129708691885102034291321615455672144890e-01
4.2360097555560244364514232984220143407583e-01
8.1038135961443846788654354895697906613350e-01
7.5346461978746592791367220343090593814850e-01
1.0000000000000000000000000000000000000000e+00
9.4347143530399690813936786071280948817730e-01
5.6342433404089520276869507142691873013973e-01
9.3628529265397497649558999910368584096432e-01
7.6172759486453422983487371311639435589314e-01
7.5527228588412453902378729253541678190231e-01
7.5372375402310920478043954062741249799728e-01
6.4196565515016912328860598790924996137619e-01
6.5719499591104990621204251510789617896080e-01
1.0000000000000000000000000000000000000000e+00
7.7325178693370744120727522386005148291588e-01
5.1794802755472824085103411562158726155758e-01
8.1490248504933626705337701423559337854385e-01
7.8501786738962686662546275329077616333961e-01
6.6392827085487760019333336458657868206501e-01
0.0000000000000000000000000000000000000000e+00
6.5974786201993818046673823118908330798149e-01
7.2559124312280698365640319025260396301746e-01
7.4950463347141560443986918471637181937695e-01
7.9918793763898710036386319188750348985195e-01
7.4803506868842395416407953234738670289516e-01
6.1414669881570382869995228247717022895813e-01
7.4859982680681669275912781813531182706356e-01
7.4859982680681569355840565549442544579506e-01
5.0518870501523571725499550666427239775658e-01
6.5103746932652895029747242006123997271061e-01
5.3837616789213738055508429170004092156887e-01
6.7013124609401519826690218906151130795479e-01
5.3301568819973621504715310948085971176624e-01
3.7937558693112866103902547365578357130289e-01
9.0520656703483526328568586905021220445633e-01
5.6748899871387148419188406478497199714184e-01
5.6724381023788361666504442837322130799294e-01
7.2658032184387888463561466778628528118134e-01
3.7937558693112866103902547365578357130289e-01
4.9050287556725308268923413379525300115347e-01
7.1073776081956452355115061436663381755352e-01
6.8691180986853839218753137174644507467747e-01
1.0000000000000000000000000000000000000000e+00
5.1041144076111388816485714414739049971104e-01
6.1451229943514074083310561036341823637486e-01
7.5668743000357818750956084841163828969002e-01
6.9189900500412382378101483482168987393379e-01
4.5724065020157739214212710976426023989916e-01
3.3893686684210078130519150363397784531116e-01
3.3598054118433384740427527503925375640392e-01
7.4830080144832733513027278604567982256413e-01
4.9632097203142416796950442403613124042749e-01
4.9050287556725558069103954039746895432472e-01
7.5541558833887501034354272633208893239498e-01
6.6659188142835301693622795937699265778065e-01
6.5129708691885102034291321615455672144890e-01
6.6392827085487760019333336458657868206501e-01
6.1365749407316760866137883567716926336288e-01
3.2732657764481887241458935022819787263870e-01
2.5634155191403301676800197128613945096731e-01
2.2503009916003904877790375849144766107202e-01
3.5383605504133924801735133769398089498281e-01
2.7176126263647515379773267341079190373421e-01
0.0000000000000000000000000000000000000000e+00
3.4027234627967661850789227173663675785065e-01
2.0219517705921213890363219434220809489489e-01
2.1959910578003632997123872883094009011984e-01
1.2182568890498458868965059309630305506289e-01
0.0000000000000000000000000000000000000000e+00
5.8781053062282331844734528658591443672776e-02
3.0393210289892502729003354033920913934708e-01
3.9224293742087057434986263615428470075130e-01
6.0936059210723390877628702355650602839887e-02
5.5585884633623239281519090582150965929031e-02
4.7911722810781370851529459287121426314116e-01
4.2360097555560244364514232984220143407583e-01
0.0000000000000000000000000000000000000000e+00
3.7937558693112866103902547365578357130289e-01
3.2732657764481887241458935022819787263870e-01
0.0000000000000000000000000000000000000000e+00
2.5634155191403301676800197128613945096731e-01
2.2503009916003904877790375849144766107202e-01
3.5383605504133924801735133769398089498281e-01
2.7176126263647515379773267341079190373421e-01
0.0000000000000000000000000000000000000000e+00
3.4027234627967661850789227173663675785065e-01
2.0219517705921213890363219434220809489489e-01
2.1959910578003632997123872883094009011984e-01
1.2182568890498458868965059309630305506289e-01
0.0000000000000000000000000000000000000000e+00
5.8781053062282331844734528658591443672776e-02
3.0393210289892502729003354033920913934708e-01
3.9224293742087057434986263615428470075130e-01
6.0936059210723390877628702355650602839887e-02
5.5585884633623239281519090582150965929031e-02
4.7911722810781370851529459287121426314116e-01
4.2360097555560244364514232984220143407583e-01
0.0000000000000000000000000000000000000000e+00
3.7937558693112866103902547365578357130289e-01
3.2732657764481887241458935022819787263870e-01
0.0000000000000000000000000000000000000000e+00
0.0000000000000000000000000000000000000000e+00
2.5634155191403301676800197128613945096731e-01
2.2503009916003904877790375849144766107202e-01
3.5383605504133924801735133769398089498281e-01
2.7176126263647515379773267341079190373421e-01
0.0000000000000000000000000000000000000000e+00
3.4027234627967661850789227173663675785065e-01
2.0219517705921213890363219434220809489489e-01
2.1959910578003632997123872883094009011984e-01
1.2182568890498458868965059309630305506289e-01
0.0000000000000000000000000000000000000000e+00
5.8781053062282331844734528658591443672776e-02
3.0393210289892502729003354033920913934708e-01
3.9224293742087057434986263615428470075130e-01
6.0936059210723390877628702355650602839887e-02
5.5585884633623239281519090582150965929031e-02
4.7911722810781370851529459287121426314116e-01
4.2360097555560244364514232984220143407583e-01
0.0000000000000000000000000000000000000000e+00
3.7937558693112866103902547365578357130289e-01
3.2732657764481887241458935022819787263870e-01
0.0000000000000000000000000000000000000000e+00
0.0000000000000000000000000000000000000000e+00
0.0000000000000000000000000000000000000000e+00
7.9373114546813482661491434555500745773315e+01
8.9394677310298564787416353283333592116833e-01
