1
0
23
5.9147044921207925227690793690271675586700e-01
3.8333510753415794836129748546227347105742e-01
2.5561768767940185043130441044922918081284e-01
7.1785523337519674402784630729001946747303e-01
2.2623012419347593437990440179419238120317e-01
8.3940541091628473324703918478917330503464e-01
6.4728448977583608048291807790519669651985e-01
3.4528111574664627214659162746102083474398e-01
7.0649393956275230443964119331212714314461e-01
9.1049461163833311783122326232842169702053e-01
6.6621553162747393361797776378807611763477e-01
2.7400389684317039140637461969163268804550e-01
4.6667384833281810863070404593599960207939e-01
1.0000000000000000000000000000000000000000e+00
5.2928431339533155153276311466470360755920e-01
9.2471312510217162916603683697758242487907e-01
0.0000000000000000000000000000000000000000e+00
8.3557954255983635238891338303801603615284e-01
5.3148948914539861920758312407997436821461e-01
5.4600334808875627956581411126535385847092e-01
5.4722863053762704765858870814554393291473e-01
6.4879214005854457525401812745258212089539e-01
3.8894406029221850751298461545957252383232e-01
7.0787773802154863034274967503733932971954e-01
7.1003240191053296204160005800076760351658e-01
5.9133699299587716424753125465940684080124e-01
7.4251054020651663378771445422898977994919e-01
9.9844838339788244407912998212850652635098e-01
5.5686198718732937695818918655277229845524e-01
1.9587433490591127371871493778598960489035e-01
4.2002083152709657198897730268072336912155e-01
8.5734607511541816027289542034850455820560e-01
6.0863258844795098401192490200628526508808e-01
7.7731087477564020371545439047622494399548e-01
4.6908750723539305305109792243456467986107e-01
7.1434859562498154161858110455796122550964e-01
7.1244763235916519494850263072294183075428e-01
2.2228736460764769722331379853130783885717e-01
8.6252533256484242851769295157282613217831e-01
7.4741397949347321283397604929632507264614e-01
5.3396142144838776300019844711641781032085e-01
7.3030562396708675887424533357261680066586e-01
1.0000000000000000000000000000000000000000e+00
4.6736749709709596301010492425120901316404e-01
5.9372803374392457698149883071891963481903e-01
6.2860302782928068054957293497864156961441e-01
5.1881252990173931660677908439538441598415e-02
3.9814061777669162989212736647459678351879e-01
5.9286662630126663042773316192324273288250e-01
5.4291239560162141142285463502048514783382e-01
7.9090975344285230352880944337812252342701e-01
4.5384939829651371745455890049925073981285e-01
7.1434859562498043139555647940142080187798e-01
4.9528495101153352520029216066177468746901e-01
5.8226148963073809383672596595715731382370e-01
5.0468809716945406407262453285511583089828e-01
0.0000000000000000000000000000000000000000e+00
4.6992122312998879651857464523345697671175e-01
7.0785484619709682085897384240524843335152e-01
4.8277830103208346779197768228186760097742e-01
1.0000000000000000000000000000000000000000e+00
4.3537416980049536974206603190395981073380e-01
8.0095694448336174353642036294331774115562e-01
7.1003240191053296204160005800076760351658e-01
7.0030250754676448554647549826768226921558e-01
5.3396142144838776300019844711641781032085e-01
2.3037095078065900066732751838571857661009e-01
4.2057792885644755542795536484845797531307e-02
6.1261178634378143925687254522927105426788e-01
5.5686198718732926593588672403711825609207e-01
5.1811187430573668599720349448034539818764e-01
7.4849033847034873723202963446965441107750e-01
9.4884378681268422006667151435976848006248e-01
6.3064258791281713190102209409815259277821e-01
5.5686198718732926593588672403711825609207e-01
5.9903655373350350732408742260304279625416e-01
7.7709374425912858264098304061917588114738e-01
7.4192777669094478465439124192926101386547e-01
5.5686198718732926593588672403711825609207e-01
2.8612373010971609010866245625948067754507e-01
5.9598781547987111917308311603846959769726e-01
9.1470031044281241427995610138168558478355e-01
6.2286768978399298379855508756008930504322e-01
1.0000000000000000000000000000000000000000e+00
6.4054514506165682874438971339259296655655e-01
7.1092664251221759919019405060680583119392e-01
1.0000000000000000000000000000000000000000e+00
6.3143839063547402279397147140116430819035e-01
1.0000000000000000000000000000000000000000e+00
4.4515709671152819959516477865690831094980e-01
5.4760928822406262916899777337675914168358e-01
9.7181695217411001586071961355628445744514e-01
4.2097561255758320086783896840643137693405e-01
4.6503293552157043411199310867232270538807e-01
1.0000000000000000000000000000000000000000e+00
8.1009502269841981991760349046671763062477e-01
6.9623798228196465132100456685293465852737e-01
3.7020958918359181399893031993997283279896e-01
5.5359339835500231963294481829507276415825e-01
9.8016273982554047439208488867734558880329e-01
9.6229115342043158864981933220406062901020e-01
7.7709374425912858264098304061917588114738e-01
3.0658224973788628098247954767430201172829e-01
3.6857804592503168317207951076852623373270e-01
7.2039146063669756703262692099087871611118e-01
7.4916233493122907916017538809683173894882e-01
7.1521947233695259971142377253272570669651e-02
7.2751973587301366208635045040864497423172e-01
9.2588158805735909506751113440259359776974e-01
7.8743963207881007004829143625102005898952e-01
7.7748903133084623640058907767524942755699e-01
1.0000000000000000000000000000000000000000e+00
6.4726459558515947456669437087839469313622e-01
6.3798614344116688634755973907886072993279e-01
7.4332420562404932784517086474807001650333e-01
6.0813822198301403787468188966158777475357e-01
3.6843256429585008460136918984062504023314e-01
7.1509081445722411096710402489406988024712e-01
6.6447449169390959688996645127190276980400e-01
7.8498716302297411040456154296407476067543e-01
9.1307873978571851836250061751343309879303e-01
8.8914015786390923623550008869642624631524e-02
6.6601719198184206049972999608144164085388e-01
6.4455889930706455892561734799528494477272e-01
7.5401643579184507437673801177879795432091e-01
7.1745362888441932547323176549980416893959e-01
6.4455889930706455892561734799528494477272e-01
6.9863991477185194423071834535221569240093e-01
7.0787773802154863034274967503733932971954e-01
5.9903655373350350732408742260304279625416e-01
5.3103786700989774605119464467861689627171e-01
6.8567600604859335611251935915788635611534e-01
6.5322129869951339742328855209052562713623e-01
6.2737589745678490338320898445090278983116e-01
6.5283945497136686153538676080643199384212e-01
7.5282395970403981344531985087087377905846e-01
6.8550028800417095453667570836842060089111e-01
4.9881980983581192257148018143197987228632e-01
7.1717815591873956826418634591391310095787e-01
8.7893535521326637827144168113591149449348e-01
6.8588909812822418388122969190590083599091e-01
6.7920903613442118462728558370145037770271e-01
4.8973304492402958132402090996038168668747e-01
7.6000370475759937427540080534527078270912e-01
6.5739573761988001621148214326240122318268e-01
5.8436137079045580300373785576084628701210e-01
4.5058832440919749373620106780435889959335e-01
5.1715054344878352843295488128205761313438e-01
5.6644881987163031578091931805829517543316e-01
7.0606237755087253304964178823865950107574e-01
6.9949500956280075136817231395980343222618e-01
5.5046002507806690573488594964146614074707e-01
6.3420211009653948419639846179052256047726e-01
6.8446088718981545895303497673012316226959e-01
4.4998453664211585101284640586527530103922e-01
7.0040402006064217399483595727360807359219e-01
7.6765193555396415980851543281460180878639e-01
9.4175277720604100295531679876148700714111e-01
8.4626425672801008914802878280170261859894e-01
5.3500447191930255996794585371389985084534e-01
1.0000000000000000000000000000000000000000e+00
7.1003240191053729191139609611127525568008e-01
9.6180330805050895381924647153937257826328e-01
7.7709374425912858264098304061917588114738e-01
4.9715631916552449620638753913226537406445e-01
6.1593149798790702842410382800153456628323e-01
1.0000000000000000000000000000000000000000e+00
8.9620334254591405009904292455757968127728e-01
5.5046002507806701675718841215712018311024e-01
7.9445882745189533302720974461408331990242e-01
7.7934702987240145333203145128209143877029e-01
6.9183433715674524933092470746487379074097e-01
0.0000000000000000000000000000000000000000e+00
6.8976025712872068851311269099824130535126e-01
7.1328677797255879422522184540866874158382e-01
7.7139536674663899962212099126190878450871e-01
8.0307466813609518219152505480451509356499e-01
6.4949075076545181861575883885961957275867e-01
6.0734682443567633569614372390788048505783e-01
7.7897844258364556946361290101776830852032e-01
7.2702358252263321602981704927515238523483e-01
5.0468809716945672860788363323081284761429e-01
6.8593765173906273702186808804981410503387e-01
5.3823407763355357591450456311576999723911e-01
6.5461216802658384050772610862622968852520e-01
5.5118648931362690390756142733152955770493e-01
3.9755483341790587292763348159496672451496e-01
8.7050699809198461842640881513943895697594e-01
5.7230171931867723777997980505460873246193e-01
5.7230171931867457324472070467891171574593e-01
7.9445882745189599916102451970800757408142e-01
3.9755483341790587292763348159496672451496e-01
4.4776182074082093720335251418873667716980e-01
7.0155654847566595311292303449590690433979e-01
7.2394976607417438341229853904224000871181e-01
1.0000000000000000000000000000000000000000e+00
4.4409889399539437260244767458061687648296e-01
6.1787499112517507704467334406217560172081e-01
8.0964189621960613862938771490007638931274e-01
6.8224534005016523874331824117689393460751e-01
3.9942636737085385201240228525421116501093e-01
2.9849828844428261120924616989213973283768e-01
2.8742855895627023032901092847168911248446e-01
7.4192777669094478465439124192926101386547e-01
5.2654434555337803480767888686386868357658e-01
4.9718350694150581503549801709596067667007e-01
7.8743963207881007004829143625102005898952e-01
6.9863991477185194423071834535221569240093e-01
6.3744834661628224647955676118726842105389e-01
6.1421040504295787432198494570911861956120e-01
6.3143730275045462096983328592614270746708e-01
2.8742855895627023032901092847168911248446e-01
2.5561768767940185043130441044922918081284e-01
2.2623012419347593437990440179419238120317e-01
3.4528111574664627214659162746102083474398e-01
2.7400389684317039140637461969163268804550e-01
0.0000000000000000000000000000000000000000e+00
3.8894406029221850751298461545957252383232e-01
1.9587433490591127371871493778598960489035e-01
2.2228736460764769722331379853130783885717e-01
5.1881252990173931660677908439538441598415e-02
0.0000000000000000000000000000000000000000e+00
4.2057792885644755542795536484845797531307e-02
2.8612373010971609010866245625948067754507e-01
4.2097561255758320086783896840643137693405e-01
7.1521947233695259971142377253272570669651e-02
8.8914015786390923623550008869642624631524e-02
4.9881980983581192257148018143197987228632e-01
4.4998453664211585101284640586527530103922e-01
0.0000000000000000000000000000000000000000e+00
3.9755483341790587292763348159496672451496e-01
2.8742855895627023032901092847168911248446e-01
0.0000000000000000000000000000000000000000e+00
2.5561768767940185043130441044922918081284e-01
2.2623012419347593437990440179419238120317e-01
3.4528111574664627214659162746102083474398e-01
2.7400389684317039140637461969163268804550e-01
0.0000000000000000000000000000000000000000e+00
3.8894406029221850751298461545957252383232e-01
1.9587433490591127371871493778598960489035e-01
2.2228736460764769722331379853130783885717e-01
5.1881252990173931660677908439538441598415e-02
0.0000000000000000000000000000000000000000e+00
4.2057792885644755542795536484845797531307e-02
2.8612373010971609010866245625948067754507e-01
4.2097561255758320086783896840643137693405e-01
7.1521947233695259971142377253272570669651e-02
8.8914015786390923623550008869642624631524e-02
4.9881980983581192257148018143197987228632e-01
4.4998453664211585101284640586527530103922e-01
0.0000000000000000000000000000000000000000e+00
3.9755483341790587292763348159496672451496e-01
2.8742855895627023032901092847168911248446e-01
0.0000000000000000000000000000000000000000e+00
0.0000000000000000000000000000000000000000e+00
2.5561768767940185043130441044922918081284e-01
2.2623012419347593437990440179419238120317e-01
3.4528111574664627214659162746102083474398e-01
2.7400389684317039140637461969163268804550e-01
0.0000000000000000000000000000000000000000e+00
3.8894406029221850751298461545957252383232e-01
1.9587433490591127371871493778598960489035e-01
2.2228736460764769722331379853130783885717e-01
5.1881252990173931660677908439538441598415e-02
0.0000000000000000000000000000000000000000e+00
4.2057792885644755542795536484845797531307e-02
2.8612373010971609010866245625948067754507e-01
4.2097561255758320086783896840643137693405e-01
7.1521947233695259971142377253272570669651e-02
8.8914015786390923623550008869642624631524e-02
4.9881980983581192257148018143197987228632e-01
4.4998453664211585101284640586527530103922e-01
0.0000000000000000000000000000000000000000e+00
3.9755483341790587292763348159496672451496e-01
2.8742855895627023032901092847168911248446e-01
0.0000000000000000000000000000000000000000e+00
0.0000000000000000000000000000000000000000e+00
0.0000000000000000000000000000000000000000e+00
8.0631106131064328224056225735694169998169e+01
8.0415786715465420453341494066989980638027e-01
