1
0
23
6.1581106160245902003680384950712323188782e-01
3.8154511972534477237672945193480700254440e-01
2.4460833270018980667437347165105165913701e-01
7.6005204384400470996041576654533855617046e-01
2.9166060432513823963418531093338970094919e-01
9.0353028009069014103715744568035006523132e-01
7.1282759448563215443073204369284212589264e-01
3.9016494380333877067812409222824499011040e-01
7.1838092479630766273857034320826642215252e-01
9.3745555223502696762238883820828050374985e-01
7.1838092479630766273857034320826642215252e-01
2.3626561240429999610768163620377890765667e-01
4.0027744425453370968881472435896284878254e-01
1.0000000000000000000000000000000000000000e+00
5.3639470950565515394714566355105489492416e-01
1.0000000000000000000000000000000000000000e+00
0.0000000000000000000000000000000000000000e+00
8.0070949494645449195928676999756135046482e-01
4.9217005893901122348665921890642493963242e-01
5.8687177302967308278880409488920122385025e-01
4.7920844439046711427110381009697448462248e-01
6.8531976362991531281920742912916466593742e-01
3.4914574889879151919913624624314252287149e-01
7.4955382683161675405614232658990658819675e-01
7.4911317130024612787053683859994634985924e-01
6.2271816079163055945855376194231212139130e-01
7.6933349493789382478325933334417641162872e-01
1.0000000000000000000000000000000000000000e+00
5.8063438108792386760370618503657169640064e-01
2.6306059111805879524581541772931814193726e-01
4.2057470088734327795521039661252871155739e-01
9.0064194738471203827145927789388224482536e-01
6.8372400673740851839710330750676803290844e-01
7.8326178990436956528498058105469681322575e-01
3.5673786712900168449635884826420806348324e-01
6.7243462536429110532054664872703142464161e-01
7.1216417418236876990533801290439441800117e-01
2.2443067271559549724635473921807715669274e-01
8.3156478206246675632939968636492267251015e-01
6.6475166426323506474460600657039321959019e-01
5.6520035269906077068924332706956192851067e-01
6.6596755892992154368670298936194740235806e-01
9.7136365301251914594615755049744620919228e-01
3.9394069400000425451580099434067960828543e-01
5.6100731296065220465862921628286130726337e-01
6.2989533255184826376904538847156800329685e-01
0.0000000000000000000000000000000000000000e+00
4.2216894406972538256184179772390052676201e-01
5.9606948658509573135688697220757603645325e-01
6.1828688712507029467957408996880985796452e-01
8.4878384056174194238764130204799585044384e-01
4.4347994233975246425316640852543059736490e-01
6.7243462536429077225363926118006929755211e-01
5.3606688274927649651147021359065547585487e-01
5.9869763821654098379099195881281048059464e-01
4.5480087408219671551989904401125386357307e-01
0.0000000000000000000000000000000000000000e+00
4.3903114351735855747094205980829428881407e-01
7.0071726989672389329655288747744634747505e-01
4.3954625094971522258902041357941925525665e-01
1.0000000000000000000000000000000000000000e+00
3.7302876659146577686954060482094064354897e-01
7.5247267086302938032815745827974751591682e-01
6.9562493808859549027090452000265941023827e-01
6.7780277589278492555990851542446762323380e-01
4.7311666647873312774308374173415359109640e-01
1.8958195345129860709398883500398369506001e-01
0.0000000000000000000000000000000000000000e+00
6.5107557629300394363980331036145798861980e-01
5.5345852662530536925089563737856224179268e-01
5.3602757486098429051679659096407704055309e-01
7.5920438113241939248609924106858670711517e-01
9.7531287887767814659412124456139281392097e-01
6.0870116653128103489933664604905061423779e-01
5.8063438108792386760370618503657169640064e-01
5.9192263345496276549795311439083889126778e-01
7.2715294994992296651048491185065358877182e-01
6.9461183020509442709311542785144411027431e-01
5.0031708892065607230392743076663464307785e-01
3.1719878968718451250907719440874643623829e-01
5.9944099407006024016197898163227364420891e-01
1.0000000000000000000000000000000000000000e+00
6.1642228077086125281880413240287452936172e-01
1.0000000000000000000000000000000000000000e+00
6.5041508375169521105618741785292513668537e-01
8.3615880230769901171328228883794508874416e-01
1.0000000000000000000000000000000000000000e+00
5.8551170065966096078824421056197024881840e-01
9.5646220249122282375253689679084345698357e-01
5.2017378678814041315092708828160539269447e-01
5.4264808336661329857264490783563815057278e-01
9.6253992266419707846125675132498145103455e-01
4.4617062893871106687981864524772390723228e-01
4.4628388942788715931797582925355527549982e-01
1.0000000000000000000000000000000000000000e+00
9.0095696082824239248054709605639800429344e-01
6.7761893201288647681224119878606870770454e-01
3.1191399287616022872882126648619305342436e-01
5.1191163395637584443420564639382064342499e-01
1.0000000000000000000000000000000000000000e+00
9.9622682820872410225376825110288336873055e-01
7.1761555573525048767891121315187774598598e-01
2.7880522491492432113346922051277942955494e-01
3.1724813774813931388507626252248883247375e-01
7.0777346662351448003391851671040058135986e-01
7.3927512540541628904833260094164870679379e-01
1.7340320745459672502342129973840201273561e-02
7.5444691964586607646481297706486657261848e-01
1.0000000000000000000000000000000000000000e+00
8.3237708972440760391009462182410061359406e-01
7.6933349493788971695806822026497684419155e-01
1.0000000000000000000000000000000000000000e+00
5.9946917146023859235270947465323843061924e-01
7.1216417418236499514705428737215697765350e-01
7.8188690544237937629645784909371286630630e-01
5.5197511847659552763900592253776267170906e-01
3.7183585187617712586316542910935822874308e-01
6.9566476100888974265501474292250350117683e-01
6.7917281412474861390649039094569161534309e-01
7.8153227025081373202652912368648685514927e-01
8.6176766839491059091216129672829993069172e-01
1.4234641483241189385822167423611972481012e-01
6.7869983900956198930032314819982275366783e-01
6.6425795913676444204298832119093276560307e-01
7.9353231414811209454285290121333673596382e-01
7.1995218779152125865294920004089362919331e-01
5.9621029324145968786297089536674320697784e-01
6.8490024465266297060139777386211790144444e-01
7.2213089851323486456635691865812987089157e-01
5.9869763821654398139315844673546962440014e-01
5.1211501050931318435033290370483882725239e-01
7.1162745590087350677777067176066339015961e-01
6.0739371960604493505542222919757477939129e-01
6.4331401023553358431428250696626491844654e-01
6.7869983900955510591757047222927212715149e-01
7.7688766505205408829937141490518115460873e-01
7.1399405281480121665538263187045231461525e-01
5.0199134069324746754148236504988744854927e-01
7.4026237889307611172995393644669093191624e-01
9.4530144127684401222921906082774512469769e-01
7.1244756475539749995817828676081262528896e-01
6.4927643444938865080473533453186973929405e-01
4.1927308369613958127786190743790939450264e-01
7.9122893535063221204239880535169504582882e-01
6.8285238969824313404188842469011433422565e-01
5.5890642429005465974256594563485123217106e-01
4.4250761437060248670860573838581331074238e-01
5.1191163395637229172052684589289128780365e-01
5.4264808336661329857264490783563815057278e-01
7.0984917066801977991730154826655052602291e-01
7.1316174401894483203534491622122004628181e-01
5.1191163395637229172052684589289128780365e-01
6.6818549080115097194010331804747693240643e-01
6.8902058854953962541145529030472971498966e-01
4.1927308369613958127786190743790939450264e-01
6.3516630595632350697599122213432565331459e-01
7.1570343920185064412464726046891883015633e-01
8.8341339585109501797433040337637066841125e-01
7.6699614122181258846211449053953401744366e-01
4.4347994233975246425316640852543059736490e-01
1.0000000000000000000000000000000000000000e+00
7.2213089851323564172247415626770816743374e-01
8.2325560770479144778732916165608912706375e-01
7.2715294994992296651048491185065358877182e-01
4.2981497199276219589592074044048786163330e-01
6.3737182617683796337360035977326333522797e-01
1.0000000000000000000000000000000000000000e+00
8.8575324090294949019863679495756514370441e-01
4.5834949672283609167777740367455407977104e-01
8.1094366840481102443050076544750481843948e-01
7.2938207577633507039394089588313363492489e-01
7.0030884091657863432800468217465095221996e-01
0.0000000000000000000000000000000000000000e+00
7.0321347520280119702817955840146169066429e-01
7.4478763595090025084743956540478393435478e-01
8.0570774182925819495437735895393416285515e-01
7.7301455719416700684831766920979134738445e-01
6.0041513083532649375229084398597478866577e-01
5.9078371563756526541055791312828660011292e-01
7.6884449024286027896124551261891610920429e-01
7.2182121370859309017475879954872652888298e-01
5.3145569488016342063474439783021807670593e-01
7.6446696396571811593645406901487149298191e-01
5.1697995001337004872254965448519214987755e-01
6.7917281412474861390649039094569161534309e-01
5.9715296344792312410731938143726438283920e-01
3.8516911571258460877942297884146682918072e-01
8.9395270954091388126983019901672378182411e-01
5.9078371563756160167457665011170320212841e-01
5.4264808336661329857264490783563815057278e-01
8.0484839718067879843488299229647964239120e-01
3.8516911571258460877942297884146682918072e-01
4.1229808577474724717859544398379512131214e-01
7.2264848509144685717586753526120446622372e-01
7.7325054987504704406831024243729189038277e-01
1.0000000000000000000000000000000000000000e+00
3.7302876659146277926737411689828149974346e-01
5.3986774148229055292347311478806659579277e-01
8.1726379382043434773663648229558020830154e-01
6.4256213530940820000125768274301663041115e-01
3.2044122364726235208109983432223089039326e-01
2.6640687105337640394608911265095230191946e-01
2.2978881915225496390675630209443625062704e-01
7.0984917066801977991730154826655052602291e-01
5.2814868371042034134177356463624164462090e-01
4.4816858656839714258879325825546402484179e-01
7.8655325769112938161242709611542522907257e-01
6.9077075482113958759811112031457014381886e-01
5.9733309649732180268699721636949107050896e-01
5.6802896955642534493335915612988173961639e-01
6.2636209358220662490879249162389896810055e-01
2.2978881915225496390675630209443625062704e-01
2.4460833270018980667437347165105165913701e-01
2.9166060432513823963418531093338970094919e-01
3.9016494380333877067812409222824499011040e-01
2.3626561240429999610768163620377890765667e-01
0.0000000000000000000000000000000000000000e+00
3.4914574889879151919913624624314252287149e-01
2.6306059111805879524581541772931814193726e-01
2.2443067271559549724635473921807715669274e-01
0.0000000000000000000000000000000000000000e+00
0.0000000000000000000000000000000000000000e+00
0.0000000000000000000000000000000000000000e+00
3.1719878968718451250907719440874643623829e-01
4.4617062893871106687981864524772390723228e-01
1.7340320745459672502342129973840201273561e-02
1.4234641483241189385822167423611972481012e-01
5.0199134069324746754148236504988744854927e-01
4.1927308369613958127786190743790939450264e-01
0.0000000000000000000000000000000000000000e+00
3.8516911571258460877942297884146682918072e-01
2.2978881915225496390675630209443625062704e-01
0.0000000000000000000000000000000000000000e+00
2.4460833270018980667437347165105165913701e-01
2.9166060432513823963418531093338970094919e-01
3.9016494380333877067812409222824499011040e-01
2.3626561240429999610768163620377890765667e-01
0.0000000000000000000000000000000000000000e+00
3.4914574889879151919913624624314252287149e-01
2.6306059111805879524581541772931814193726e-01
2.2443067271559549724635473921807715669274e-01
0.0000000000000000000000000000000000000000e+00
0.0000000000000000000000000000000000000000e+00
0.0000000000000000000000000000000000000000e+00
3.1719878968718451250907719440874643623829e-01
4.4617062893871106687981864524772390723228e-01
1.7340320745459672502342129973840201273561e-02
1.4234641483241189385822167423611972481012e-01
5.0199134069324746754148236504988744854927e-01
4.1927308369613958127786190743790939450264e-01
0.0000000000000000000000000000000000000000e+00
3.8516911571258460877942297884146682918072e-01
2.2978881915225496390675630209443625062704e-01
0.0000000000000000000000000000000000000000e+00
0.0000000000000000000000000000000000000000e+00
2.4460833270018980667437347165105165913701e-01
2.9166060432513823963418531093338970094919e-01
3.9016494380333877067812409222824499011040e-01
2.3626561240429999610768163620377890765667e-01
0.0000000000000000000000000000000000000000e+00
3.4914574889879151919913624624314252287149e-01
2.6306059111805879524581541772931814193726e-01
2.2443067271559549724635473921807715669274e-01
0.0000000000000000000000000000000000000000e+00
0.0000000000000000000000000000000000000000e+00
0.0000000000000000000000000000000000000000e+00
3.1719878968718451250907719440874643623829e-01
4.4617062893871106687981864524772390723228e-01
1.7340320745459672502342129973840201273561e-02
1.4234641483241189385822167423611972481012e-01
5.0199134069324746754148236504988744854927e-01
4.1927308369613958127786190743790939450264e-01
0.0000000000000000000000000000000000000000e+00
3.8516911571258460877942297884146682918072e-01
2.2978881915225496390675630209443625062704e-01
0.0000000000000000000000000000000000000000e+00
0.0000000000000000000000000000000000000000e+00
0.0000000000000000000000000000000000000000e+00
7.9809442574719398066918074619024991989136e+01
7.6140478466268257662363794224802404642105e-01
