1
0
23
6.1789401411634781169368579867295920848846e-01
3.8001848131389609486419089989794883877039e-01
2.4161813032811038648439705411874456331134e-01
7.6312765942354909842748611481511034071445e-01
2.8773602470640824435577087569981813430786e-01
9.0904516601670271036539361375616863369942e-01
7.1739139164903609202639245268073864281178e-01
3.9380843653304736795561780127172823995352e-01
7.1709924588904583320214669583947397768497e-01
9.2756668425388122400931933952961117029190e-01
7.1848434753882406411662486789282411336899e-01
2.3272196640631742647897794995515141636133e-01
3.9871816911607549371865388820879161357880e-01
1.0000000000000000000000000000000000000000e+00
5.4485627371722955558652756735682487487793e-01
1.0000000000000000000000000000000000000000e+00
0.0000000000000000000000000000000000000000e+00
7.8949654291182613796706846187589690089226e-01
4.8591571935915817137541239389975089579821e-01
5.8495824062790069408634963110671378672123e-01
4.7168347835283502833547686350357253104448e-01
6.8479773621923278881240548798814415931702e-01
3.3815737144190954888145483892003539949656e-01
7.4425655677045643443534572725184261798859e-01
7.4716157577452646521010137803386896848679e-01
6.2531341758744729553143315570196136832237e-01
7.6647422414004784396723835016018711030483e-01
1.0000000000000000000000000000000000000000e+00
5.7581636161438864984773999822209589183331e-01
2.6137980833045099116063170185952913016081e-01
4.2133334668924538046752559239394031465054e-01
8.9999463723699613115769579962943680584431e-01
6.8584772092310186675234717768034897744656e-01
7.8289775589276455747267391416244208812714e-01
3.4419026579980838143058008427033200860023e-01
6.6586548646548060492733611681615002453327e-01
7.1268577563787660622551811684388667345047e-01
2.2011966473652289089102396246744319796562e-01
8.3454726477151186525560433437931351363659e-01
6.6214000113161364247105211688904091715813e-01
5.7079352811244743470808771235169842839241e-01
6.6037760539132528414540956873679533600807e-01
9.3965811609902205603361835528630763292313e-01
3.9145556733636077684224119366263039410114e-01
5.5226826893340896784678761832765303552151e-01
6.2561735346087199438613879465265199542046e-01
0.0000000000000000000000000000000000000000e+00
4.2803031864370194581326245497621130198240e-01
6.0555860231344293964639291516505181789398e-01
6.2303696440145417412281858560163527727127e-01
8.6509296956108050480338533816393464803696e-01
4.3935030881204417685381713454262353479862e-01
6.6058240783579735833086488128174096345901e-01
5.3713977011289470997468242785544134676456e-01
5.9617190581603007881739131335052661597729e-01
4.4758351848926453131483071956608910113573e-01
0.0000000000000000000000000000000000000000e+00
4.3562200912021781240568429893755819648504e-01
6.9518222017755337827082939838874153792858e-01
4.4274102341298038343353482559905387461185e-01
1.0000000000000000000000000000000000000000e+00
3.6785415027087831063568046374712139368057e-01
7.4834623981118886248964372498448938131332e-01
6.9974896767748995252134136535460129380226e-01
6.6722497174635075900539504800690338015556e-01
4.8182810579973223141792004753369837999344e-01
1.8615656512504527575480040013644611462951e-01
0.0000000000000000000000000000000000000000e+00
6.4623995339017170635997899807989597320557e-01
5.5346391972197117592457971113617531955242e-01
5.3707554516480904283071140525862574577332e-01
7.5583129672630633422159007750451564788818e-01
9.6703693926745892817109506722772493958473e-01
5.9665522465370768312453719772747717797756e-01
5.7581636161438864984773999822209589183331e-01
5.8674595414222752154387308110017329454422e-01
7.2000365391171361473254819429712370038033e-01
6.9213211992337764222327223251340910792351e-01
4.9643520413769054444586004137818235903978e-01
3.1832671395662953672811568139877635985613e-01
5.9705380959199505497281279531307518482208e-01
1.0000000000000000000000000000000000000000e+00
6.0681466082609669676628527668071910738945e-01
1.0000000000000000000000000000000000000000e+00
6.2440918239498999220415953459450975060463e-01
8.3372547650325012913441469208919443190098e-01
1.0000000000000000000000000000000000000000e+00
5.8532059637726097101051436766283586621284e-01
9.5991670629774517031762570695718750357628e-01
5.3713977011289470997468242785544134676456e-01
5.3783096811959119065704726381227374076843e-01
9.6241951551604176806620216666487976908684e-01
4.4953763121423029325285369850462302565575e-01
4.4301319856404353103584980999585241079330e-01
1.0000000000000000000000000000000000000000e+00
8.9827220445792377301330589034478180110455e-01
6.7587062739476144734851459361379966139793e-01
3.0691180918466492988372351646830793470144e-01
5.0434649766786843194665834744228050112724e-01
9.9584800249014016060300491517409682273865e-01
9.9110774243470334265992960354196839034557e-01
7.2780550251106790327071394131053239107132e-01
2.7798712462292496372384675851208157837391e-01
3.1436857548492352920632697532710153609514e-01
7.0354985414233073282019859107094816863537e-01
7.2665717845107780092916982539463788270950e-01
1.3704951373310934187310650145263934973627e-02
7.5621582459215708205135797470575198531151e-01
1.0000000000000000000000000000000000000000e+00
8.2716367118430522697991591485333628952503e-01
7.6647422414004784396723835016018711030483e-01
1.0000000000000000000000000000000000000000e+00
5.9574336711021158574652645256719551980495e-01
7.1268577563787749440393781696911901235580e-01
7.8606945156065344271212325111264362931252e-01
5.4456674065038057630516732388059608638287e-01
3.7055172330397323499084905051859095692635e-01
6.9553830140533956516435409866971895098686e-01
6.8070298753739333363910191110335290431976e-01
7.7955151548714129994266386347590014338493e-01
8.5056136447002206324441431206651031970978e-01
1.4070960473485943920124441319785546511412e-01
6.7574378004305224454384415366803295910358e-01
6.6183904082323075090954489496652968227863e-01
7.9398153421622230663246000403887592256069e-01
7.1754163726011677137961441985680721700191e-01
5.9743608588855601215783508450840599834919e-01
6.7644073091690293253464005829300731420517e-01
7.1770889208066890319059893954545259475708e-01
5.9617190581603007881739131335052661597729e-01
5.1670793351083410538393536626244895160198e-01
7.1628510113502719125477824491099454462528e-01
6.1238332746593948652247263453318737447262e-01
6.4213428803522976107132080869632773101330e-01
6.8082522443349113849819786992156878113747e-01
7.7136401228065554214197163673816248774529e-01
7.1770889208066890319059893954545259475708e-01
5.0155678393271230230965329610626213252544e-01
7.3764279182460579242786025133682414889336e-01
9.4977742277295451600593878538347780704498e-01
7.0837465871330040911857395258266478776932e-01
6.4787867085046313420093611057382076978683e-01
4.1457580254467096825266025916789658367634e-01
7.8515399242567984749996412574546411633492e-01
6.7113490956261712128139151900541037321091e-01
5.5579519186626313853594183456152677536011e-01
4.3786261968108680653344322308839764446020e-01
4.9825113116206087848780725835240446031094e-01
5.3783096811959119065704726381227374076843e-01
7.0837465871330040911857395258266478776932e-01
6.9990281029806722390418372015119530260563e-01
5.0434649766786843194665834744228050112724e-01
6.7113490956261712128139151900541037321091e-01
6.8770304457815156773392573086312040686607e-01
4.1457580254467096825266025916789658367634e-01
6.3841326588552171905632803827757015824318e-01
7.2601297400349662503060699236812070012093e-01
8.8496470303542540403185512332129292190075e-01
7.5695688185206999598619859170867130160332e-01
4.3935030881204417685381713454262353479862e-01
1.0000000000000000000000000000000000000000e+00
7.1770889208066890319059893954545259475708e-01
8.4115961629940327881627126771491020917892e-01
7.2696494545771095374675496714189648628235e-01
4.2541158617873203739989662608422804623842e-01
6.4633471676847753517591854688362218439579e-01
1.0000000000000000000000000000000000000000e+00
8.7743844541172189011035698058549314737320e-01
4.5982049535484353919301270252617541700602e-01
8.1523469297453154958077448100084438920021e-01
7.2696494545771095374675496714189648628235e-01
7.0635802212314013903693421525531448423862e-01
0.0000000000000000000000000000000000000000e+00
6.9612028031945349937359424075111746788025e-01
7.4248579301820050169169462606078013777733e-01
8.0520626711641640760319660330424085259438e-01
7.6606011598324907918566850639763288199902e-01
5.9870568493667208898045828391332179307938e-01
5.8223812400803964806073054205626249313354e-01
7.6986810456521392875828269097837619483471e-01
7.1657744243899512692763664745143614709377e-01
5.3285849897922732409938362252432852983475e-01
7.6399531698122391532024266780354082584381e-01
5.1656517359932441202374775457428768277168e-01
6.8070298753739333363910191110335290431976e-01
5.8852273337364990890563376524369232356548e-01
3.8573153754637051759956989371858071535826e-01
8.9717408045938351612846872740192338824272e-01
5.8691102634881175958980747964233160018921e-01
5.3146037030241854992596017837058752775192e-01
8.1084163861933955530503226327709853649139e-01
3.8573153754637051759956989371858071535826e-01
4.1340478375038919311990071037143934518099e-01
7.2540851644045178936437423544703051447868e-01
7.6954730774770918610983017060789279639721e-01
1.0000000000000000000000000000000000000000e+00
3.6785415027086976191839085004176013171673e-01
5.3010671258681552053815266845049336552620e-01
8.1627033960083328345547215576516464352608e-01
6.4351622953302145546672363707330077886581e-01
3.2273073714700595271409611086710356175900e-01
2.6591018056449083895032003965752664953470e-01
2.2911675427085845258012852809770265594125e-01
7.0837465871330040911857395258266478776932e-01
5.3284858760348019490749038595822639763355e-01
4.4711886391899186010689959402952808886766e-01
7.9047585842236078867983906093286350369453e-01
6.8700559314611053807198004506062716245651e-01
5.9799450882304827636914978938875719904900e-01
5.6462533990761554214543593843700364232063e-01
6.2233581085055078574441722594201564788818e-01
2.2911675427085845258012852809770265594125e-01
2.4161813032811038648439705411874456331134e-01
2.8773602470640824435577087569981813430786e-01
3.9380843653304736795561780127172823995352e-01
2.3272196640631742647897794995515141636133e-01
0.0000000000000000000000000000000000000000e+00
3.3815737144190954888145483892003539949656e-01
2.6137980833045099116063170185952913016081e-01
2.2011966473652289089102396246744319796562e-01
0.0000000000000000000000000000000000000000e+00
0.0000000000000000000000000000000000000000e+00
0.0000000000000000000000000000000000000000e+00
3.1832671395662953672811568139877635985613e-01
4.4953763121423029325285369850462302565575e-01
1.3704951373310934187310650145263934973627e-02
1.4070960473485943920124441319785546511412e-01
5.0155678393271230230965329610626213252544e-01
4.1457580254467096825266025916789658367634e-01
0.0000000000000000000000000000000000000000e+00
3.8573153754637051759956989371858071535826e-01
2.2911675427085845258012852809770265594125e-01
0.0000000000000000000000000000000000000000e+00
2.4161813032811038648439705411874456331134e-01
2.8773602470640824435577087569981813430786e-01
3.9380843653304736795561780127172823995352e-01
2.3272196640631742647897794995515141636133e-01
0.0000000000000000000000000000000000000000e+00
3.3815737144190954888145483892003539949656e-01
2.6137980833045099116063170185952913016081e-01
2.2011966473652289089102396246744319796562e-01
0.0000000000000000000000000000000000000000e+00
0.0000000000000000000000000000000000000000e+00
0.0000000000000000000000000000000000000000e+00
3.1832671395662953672811568139877635985613e-01
4.4953763121423029325285369850462302565575e-01
1.3704951373310934187310650145263934973627e-02
1.4070960473485943920124441319785546511412e-01
5.0155678393271230230965329610626213252544e-01
4.1457580254467096825266025916789658367634e-01
0.0000000000000000000000000000000000000000e+00
3.8573153754637051759956989371858071535826e-01
2.2911675427085845258012852809770265594125e-01
0.0000000000000000000000000000000000000000e+00
0.0000000000000000000000000000000000000000e+00
2.4161813032811038648439705411874456331134e-01
2.8773602470640824435577087569981813430786e-01
3.9380843653304736795561780127172823995352e-01
2.3272196640631742647897794995515141636133e-01
0.0000000000000000000000000000000000000000e+00
3.3815737144190954888145483892003539949656e-01
2.6137980833045099116063170185952913016081e-01
2.2011966473652289089102396246744319796562e-01
0.0000000000000000000000000000000000000000e+00
0.0000000000000000000000000000000000000000e+00
0.0000000000000000000000000000000000000000e+00
3.1832671395662953672811568139877635985613e-01
4.4953763121423029325285369850462302565575e-01
1.3704951373310934187310650145263934973627e-02
1.4070960473485943920124441319785546511412e-01
5.0155678393271230230965329610626213252544e-01
4.1457580254467096825266025916789658367634e-01
0.0000000000000000000000000000000000000000e+00
3.8573153754637051759956989371858071535826e-01
2.2911675427085845258012852809770265594125e-01
0.0000000000000000000000000000000000000000e+00
0.0000000000000000000000000000000000000000e+00
0.0000000000000000000000000000000000000000e+00
7.8262449344139255913432862143963575363159e+01
7.5982207037356375156633703227271325886250e-01
