1
0
23
5.9914390973943310036986531486036255955696e-01
4.1822970313644908246786258132488001137972e-01
3.2924165048198072991425533473375253379345e-01
8.0885216672790349878852111942251212894917e-01
3.5070807753158145247951438250311184674501e-01
8.7777057488998055934104058906086720526218e-01
7.5919660834476077049259856721619144082069e-01
4.3372642535283401077350617924821563065052e-01
8.1546248120152964311557752807857468724251e-01
8.2126172108158779217035316833062097430229e-01
6.7004480800712951094055824796669185161591e-01
3.0139535069691758550902704882901161909103e-01
6.2074853566879295563296636828454211354256e-01
1.0000000000000000000000000000000000000000e+00
9.2664553705090613178185776632744818925858e-01
1.0000000000000000000000000000000000000000e+00
0.0000000000000000000000000000000000000000e+00
8.0972928951909117767371526497299782931805e-01
6.0986910151925566303532377787632867693901e-01
6.6367030582980102160206570260925218462944e-01
6.8469715005685272135593777420581318438053e-01
8.9323738061186597203544579315348528325558e-01
4.2188839814202261369047164407675154507160e-01
7.6418926430317868359054500615457072854042e-01
7.4914353729316651708813878940418362617493e-01
7.0398459028704862827652277701417915523052e-01
7.0532685962374497279370189062319695949554e-01
1.0000000000000000000000000000000000000000e+00
6.4196789137127441282615336604067124426365e-01
3.0982128919594803528880788690003100782633e-01
6.4040162521822674435156841354910284280777e-01
8.4915329235630687687574891242547892034054e-01
7.0316107880377842764829665611614473164082e-01
7.9049806966313995726380881023942492902279e-01
7.5911949063323258535262993973447009921074e-01
7.9049806966313995726380881023942492902279e-01
7.9634065903849948764303690040833316743374e-01
3.3840358760366284762710620270809158682823e-01
9.3077935475608175597272975210216827690601e-01
8.3815184902921202603209849257837049663067e-01
6.5064303852175631170950964587973430752754e-01
8.3184075673542134943261316948337480425835e-01
1.0000000000000000000000000000000000000000e+00
5.7253066421113252282282246596878394484520e-01
7.6062101044170415953260544483782723546028e-01
8.2082568445783499200274491158779710531235e-01
2.3469842265401763548027247452409937977791e-01
5.9031800641767573356588627575547434389591e-01
8.2126172108158779217035316833062097430229e-01
7.3496341080303428938691467919852584600449e-01
9.2511654702771350944345840616733767092228e-01
6.3211691816824056022738886895240284502506e-01
8.1430065281281271971636215312173590064049e-01
7.4494615264174823821008430968504399061203e-01
8.3561402603083245743675888661528006196022e-01
7.9969153767080791705978981553926132619381e-01
2.1769835631112355311955752767971716821194e-01
6.9291992907561061887378173196339048445225e-01
7.9241491429825505754536152380751445889473e-01
7.3266010130171099756779540257412008941174e-01
1.0000000000000000000000000000000000000000e+00
6.0364857135195237880509466776857152581215e-01
8.3148240661161310072202468290925025939941e-01
9.0909675610019058389354995597386732697487e-01
8.4915329235630687687574891242547892034054e-01
8.1729697516533039713948483040439896285534e-01
5.0469082337561765871924990278785116970539e-01
2.9983197486179402613259981080773286521435e-01
7.8042212593654791685793270517024211585522e-01
6.3298560171120266115707408971502445638180e-01
6.8581408230701057515688034982304088771343e-01
7.9049806966314273282137037313077598810196e-01
9.1247127840153952060830988557427190244198e-01
6.4974485050181873813102129133767448365688e-01
6.6058596047487350144677975549711845815182e-01
7.0933294622610432167419958204845897853374e-01
8.5599910039252136151333161251386627554893e-01
8.4354770060243244866882150745368562638760e-01
7.4850637147084475575553597082034684717655e-01
3.9032418303446364538089596862846519798040e-01
7.2453333142519360521305316069629043340683e-01
9.2762197952296510106151572472299449145794e-01
7.0398459028704862827652277701417915523052e-01
1.0000000000000000000000000000000000000000e+00
7.5911949063323258535262993973447009921074e-01
7.4904171143255526832405166715034283697605e-01
1.0000000000000000000000000000000000000000e+00
7.0933294622610432167419958204845897853374e-01
8.3470392952152350218852916441392153501511e-01
5.5374379652228711279349226970225572586060e-01
5.5103784549065659703614983300212770700455e-01
8.4422304179401674861793480886262841522694e-01
4.6786616624867938263321320846443995833397e-01
6.0970133187866193402726366912247613072395e-01
8.8574295929147495165523196192225441336632e-01
8.1436388493854350301148770086001604795456e-01
8.3184075673542057227649593187379650771618e-01
6.0251129288740368217247578286333009600639e-01
7.6260467914049578919133409726782701909542e-01
1.0000000000000000000000000000000000000000e+00
9.2527172990558492760015951716923154890537e-01
8.5329722143613573326348387126927264034748e-01
5.5092756157751798795629838423337787389755e-01
5.3470605415624872236435294325929135084152e-01
8.8640917667620910957992919065873138606548e-01
7.5856082370504851475345731159904971718788e-01
1.7590484336116604668909246811381308361888e-01
7.4877020520722215035647195691126398742199e-01
9.0383575990547360134996779379434883594513e-01
8.2156878087063656135313749473425559699535e-01
7.7500429255707814490961027331650257110596e-01
8.5170498083316792392594152261153794825077e-01
7.3445678973723060867229150971979834139347e-01
7.4494615264174823821008430968504399061203e-01
7.9049806966313995726380881023942492902279e-01
8.4864728671088640599151631249696947634220e-01
6.9355164624499721082173664399306289851665e-01
8.3148240661161310072202468290925025939941e-01
7.4877020520722215035647195691126398742199e-01
8.2814865829813966158212679147254675626755e-01
9.2527172990558492760015951716923154890537e-01
1.4389155072356529796451241054455749690533e-01
7.0604094652165094725404514974798075854778e-01
7.5757349289185438312443920949590392410755e-01
7.7541165382043586440374838275602087378502e-01
7.2880433472768346714332210467546246945858e-01
7.6922726567383126194954456877894699573517e-01
7.5453133759419488413300314277876168489456e-01
7.6418926430317990483587209382676519453526e-01
7.0705777932995961254647454552468843758106e-01
7.2749564257521892596258794583263806998730e-01
8.1626787237086728676871416610083542764187e-01
8.8214772844751931923923393696895800530910e-01
7.3473179907431906965342705007060430943966e-01
7.0504648595694774382280911595444194972515e-01
8.1436388493855871306692506550461985170841e-01
7.4877020520722215035647195691126398742199e-01
5.7601333926481379510420310907647944986820e-01
7.2652516549384926758392566625843755900860e-01
7.5210061402862493640242291803588159382343e-01
7.6495355816590659969733678735792636871338e-01
7.6894401384282284883653346696519292891026e-01
7.2345551019175802220928517272113822400570e-01
7.5202304450001067337439053517300635576248e-01
7.2797755293959354183641607960453256964684e-01
7.4868727114724065163642308107228018343449e-01
7.3203770404072621147406607633456587791443e-01
7.1683349873738677615619963034987449645996e-01
7.8641323266440177341962680657161399722099e-01
7.9676612385786538261811529082478955388069e-01
7.6388157596163808182865295748342759907246e-01
7.5856082370503841172393322267453186213970e-01
7.6180721711046472943706930891494266688824e-01
7.0604094652164384182668754874612204730511e-01
5.0313743646825048738691066319006495177746e-01
8.7777057488998055934104058906086720526218e-01
7.9078499044723526978373229212593287229538e-01
1.0000000000000000000000000000000000000000e+00
9.0598659533485503825289697488187812268734e-01
9.0634241296492268347151366469915956258774e-01
9.0384562163630166597982906750985421240330e-01
7.8559333356984684115786876645870506763458e-01
9.1135776877157770314852314186282455921173e-01
9.3716597211736074601873269784846343100071e-01
7.7182253322431537689851666073082014918327e-01
8.1198169638249950708086544182151556015015e-01
1.0000000000000000000000000000000000000000e+00
8.2867677109584836347977443438139744102955e-01
6.3311633549992185621135831752326339483261e-01
9.1428660801431060889399304869584739208221e-01
8.1198169638249628743409402886754833161831e-01
7.8641323266440177341962680657161399722099e-01
0.0000000000000000000000000000000000000000e+00
7.8042212593654769481332778013893403112888e-01
8.2289057286080657949156602626317180693150e-01
8.0411466944648724020083818686543963849545e-01
8.8925551450479167758800258525297977030277e-01
8.7959237863984351957213903006049804389477e-01
7.4904171143255848797082308010431006550789e-01
8.0210038600969080224700746839516796171665e-01
9.1277437842388542410532181747839786112309e-01
6.4654370565331575892997761911829002201557e-01
7.7961582293972642165869046948500908911228e-01
7.3266010130171099756779540257412008941174e-01
7.4904171143255848797082308010431006550789e-01
6.3259610076412486900920839616446755826473e-01
4.5242643452233288758890239478205330669880e-01
9.1277437842388309263697010464966297149658e-01
7.0147136006152088771870012351428158581257e-01
7.1265924688647031004506970930378884077072e-01
6.4291505058590214805036566758644767105579e-01
4.5242643452233288758890239478205330669880e-01
6.3478427133233406021162181787076406180859e-01
8.6110650121989540384248584814486093819141e-01
8.2156878087063678339774241976556368172169e-01
1.0000000000000000000000000000000000000000e+00
6.6223866523813668116815733810653910040855e-01
7.3513344257523949298871457358472980558872e-01
9.1896023064076359787577530369162559509277e-01
7.9924113055857171072915434706374071538448e-01
7.6687531440237910462798254229710437357426e-01
5.1514891903014692342566149818594567477703e-01
5.1748270871851675956065719219623133540154e-01
8.0857025593526588025383716740179806947708e-01
5.9020935250801931371000819126493297517300e-01
6.2068469723738561860670870373724028468132e-01
8.2515984652304763535823894926579669117928e-01
7.2749564257521892596258794583263806998730e-01
7.1683349873738677615619963034987449645996e-01
7.6687531440237910462798254229710437357426e-01
7.0149380991113607919373862387146800756454e-01
4.0491718882937371981611818227975163608789e-01
3.2924165048198072991425533473375253379345e-01
3.5070807753158145247951438250311184674501e-01
4.3372642535283401077350617924821563065052e-01
3.0139535069691758550902704882901161909103e-01
0.0000000000000000000000000000000000000000e+00
4.2188839814202261369047164407675154507160e-01
3.0982128919594803528880788690003100782633e-01
3.3840358760366284762710620270809158682823e-01
2.3469842265401763548027247452409937977791e-01
2.1769835631112355311955752767971716821194e-01
2.9983197486179402613259981080773286521435e-01
3.9032418303446364538089596862846519798040e-01
4.6786616624867938263321320846443995833397e-01
1.7590484336116604668909246811381308361888e-01
1.4389155072356529796451241054455749690533e-01
5.7601333926481379510420310907647944986820e-01
5.0313743646825048738691066319006495177746e-01
0.0000000000000000000000000000000000000000e+00
4.5242643452233288758890239478205330669880e-01
4.0491718882937371981611818227975163608789e-01
0.0000000000000000000000000000000000000000e+00
3.2924165048198072991425533473375253379345e-01
3.5070807753158145247951438250311184674501e-01
4.3372642535283401077350617924821563065052e-01
3.0139535069691758550902704882901161909103e-01
0.0000000000000000000000000000000000000000e+00
4.2188839814202261369047164407675154507160e-01
3.0982128919594803528880788690003100782633e-01
3.3840358760366284762710620270809158682823e-01
2.3469842265401763548027247452409937977791e-01
2.1769835631112355311955752767971716821194e-01
2.9983197486179402613259981080773286521435e-01
3.9032418303446364538089596862846519798040e-01
4.6786616624867938263321320846443995833397e-01
1.7590484336116604668909246811381308361888e-01
1.4389155072356529796451241054455749690533e-01
5.7601333926481379510420310907647944986820e-01
5.0313743646825048738691066319006495177746e-01
0.0000000000000000000000000000000000000000e+00
4.5242643452233288758890239478205330669880e-01
4.0491718882937371981611818227975163608789e-01
0.0000000000000000000000000000000000000000e+00
0.0000000000000000000000000000000000000000e+00
3.2924165048198072991425533473375253379345e-01
3.5070807753158145247951438250311184674501e-01
4.3372642535283401077350617924821563065052e-01
3.0139535069691758550902704882901161909103e-01
0.0000000000000000000000000000000000000000e+00
4.2188839814202261369047164407675154507160e-01
3.0982128919594803528880788690003100782633e-01
3.3840358760366284762710620270809158682823e-01
2.3469842265401763548027247452409937977791e-01
2.1769835631112355311955752767971716821194e-01
2.9983197486179402613259981080773286521435e-01
3.9032418303446364538089596862846519798040e-01
4.6786616624867938263321320846443995833397e-01
1.7590484336116604668909246811381308361888e-01
1.4389155072356529796451241054455749690533e-01
5.7601333926481379510420310907647944986820e-01
5.0313743646825048738691066319006495177746e-01
0.0000000000000000000000000000000000000000e+00
4.5242643452233288758890239478205330669880e-01
4.0491718882937371981611818227975163608789e-01
0.0000000000000000000000000000000000000000e+00
0.0000000000000000000000000000000000000000e+00
0.0000000000000000000000000000000000000000e+00
7.6535017719341652764342143200337886810303e+01
1.3385930321632550921151505463058128952980e+00
