1
0
23
6.1603781548170399862129897883278317749500e-01
3.8032596603759843967296205846650991588831e-01
2.3682466254636172497960444616182940080762e-01
7.5450858382497842935521248364238999783993e-01
3.0082034889547543121679495925491210073233e-01
8.8659420610514172444993619137676432728767e-01
7.1010218389822987727910685862298123538494e-01
3.7692813799913421624054876701848115772009e-01
7.1870313286641862582371231837896630167961e-01
9.3570079326557054066881846665637567639351e-01
7.1040842354131616964707518491195514798164e-01
2.1775553199384253821868639988679205998778e-01
4.0001847321606365248669590073404833674431e-01
1.0000000000000000000000000000000000000000e+00
5.4276789578864093055443618140998296439648e-01
1.0000000000000000000000000000000000000000e+00
0.0000000000000000000000000000000000000000e+00
8.1367956559292908824687629021354950964451e-01
4.9672510215046589143739197425020392984152e-01
5.8383420204075608950233799987472593784332e-01
4.7469648530258279350846351007930934429169e-01
6.8174810848120925843574013924808241426945e-01
3.4812226380202304643063371258904226124287e-01
7.5536306555920207372878394380677491426468e-01
7.4498767916677666178770778060425072908401e-01
6.1118990948655049777471504057757556438446e-01
7.6634979074730347203825431279256008565426e-01
1.0000000000000000000000000000000000000000e+00
5.7880130564818266236670751823112368583679e-01
2.5198359342576009956005123058275785297155e-01
4.1785476791622599979092456123908050358295e-01
8.9642636865302738335969934269087389111519e-01
6.8062000222908625168827256857184693217278e-01
7.8886200540395445823804720930638723075390e-01
3.4854355411722093283088952375692315399647e-01
6.8321972058844371300523334866738878190517e-01
7.1870313286641696048917538064415566623211e-01
2.2506701768675296815302999675623141229153e-01
8.2473602970352577479218325606780126690865e-01
6.7433286039872486483659486111719161272049e-01
5.6109857088512915535005731726414524018764e-01
6.5468057676943769429556141403736546635628e-01
9.3945251999180834356906188986613415181637e-01
3.9463287680227948639455348711635451763868e-01
5.7265986414137803883761534962104633450508e-01
6.2126149953454068430858114879811182618141e-01
0.0000000000000000000000000000000000000000e+00
4.1696619495348746786689275722892489284277e-01
5.9383166465535452971380436792969703674316e-01
6.0864602869451212008300444722408428788185e-01
8.3523392155102504919028660879121161997318e-01
4.5100800643512317655847709829686209559441e-01
6.8124811858104972195349091634852811694145e-01
5.3692796365263983915383505518548190593719e-01
5.9952122619996772723283129380433820188046e-01
4.5380002535742874902879862020199652761221e-01
0.0000000000000000000000000000000000000000e+00
4.3876745901698438467875007518159691244364e-01
7.0678070847054863534708601946476846933365e-01
4.3298247734377970363794929653522558510303e-01
1.0000000000000000000000000000000000000000e+00
3.7527936786510807110062160063534975051880e-01
7.6004585790870393680052075069397687911987e-01
6.9605329426665130121421043440932407975197e-01
6.8058331598981647303503450530115514993668e-01
4.7198177176402467125626571942120790481567e-01
1.9066671256533590517179277412651572376490e-01
0.0000000000000000000000000000000000000000e+00
6.4513152649744920363872324742260389029980e-01
5.4781593067693046261723566203727386891842e-01
5.2893443837894205117322599107865244150162e-01
7.4500553454862461499885739613091573119164e-01
9.5866175219761351478098276857053861021996e-01
6.1046538902483582500479997179354541003704e-01
5.7880130564818266236670751823112368583679e-01
5.9189998270057941898159015181590802967548e-01
7.2990126077540695703760320611763745546341e-01
7.0067316850754735035877729387721046805382e-01
5.0178529484258660442463906292687170207500e-01
3.1464018363425616531259265684639103710651e-01
6.0021787790916947269437287104665301740170e-01
9.8799467260828921499893340296694077551365e-01
6.1118990948655049777471504057757556438446e-01
1.0000000000000000000000000000000000000000e+00
6.4019581271894199225869215297279879450798e-01
8.1367956559292964335838860279181972146034e-01
1.0000000000000000000000000000000000000000e+00
5.8118947713232382845660595194203779101372e-01
9.5275552731457047173080354696139693260193e-01
5.0974166905537510174895032832864671945572e-01
5.3774148899031881665422361038508825004101e-01
9.5232369465177946210587833775207400321960e-01
4.3940693835807098643897461442975327372551e-01
4.4531055647931916396942142455372959375381e-01
1.0000000000000000000000000000000000000000e+00
8.8359358753352723603313734201947227120399e-01
6.7319822644351867690915014463826082646847e-01
3.0418711042099966235241481626871973276138e-01
5.1049751934442022527349536176188848912716e-01
1.0000000000000000000000000000000000000000e+00
1.0000000000000000000000000000000000000000e+00
6.9965715807059025710401556352735497057438e-01
2.8186249601711044210361478690174408257008e-01
3.1112328330143707022514831805892754346132e-01
6.8853436094425191082990522772888652980328e-01
7.3432036861815119799246076581766828894615e-01
1.7394002042689531151165027722527156583965e-02
7.5004801534585596733961665449896827340126e-01
1.0000000000000000000000000000000000000000e+00
8.3140190165359340035422519576968625187874e-01
7.6634979074730347203825431279256008565426e-01
1.0000000000000000000000000000000000000000e+00
6.1441189562538145452208482311107218265533e-01
7.0084017284448218987336076679639518260956e-01
7.8526925601351837968877589446492493152618e-01
5.4595735262121958264458498888416215777397e-01
3.7106789252918742638698290647880639880896e-01
6.9364683850196329206738710126955993473530e-01
6.8341749401194484825339259259635582566261e-01
7.7414988219171732009016295705805532634258e-01
8.6829644692400009819976958169718272984028e-01
1.4364518240009591099060060059855459257960e-01
6.6812944873118351729601727129193022847176e-01
6.6833117152982324249421708373120054602623e-01
7.8337001447236831452869409986305981874466e-01
7.1870313286641696048917538064415566623211e-01
5.9979829684827157265658570395316928625107e-01
6.8898810234392382501056317778420634567738e-01
7.1870313286641696048917538064415566623211e-01
5.9952122619996739416592390625737607479095e-01
5.1176292664840139501336579996859654784203e-01
7.0820156919092358549505661358125507831573e-01
6.0565305981233319432277539817732758820057e-01
6.3781016035689941379160927681368775665760e-01
6.6812944873117086075353654450736939907074e-01
7.7844825446444343430840717701357789337635e-01
7.0844259248418151031501110992394387722015e-01
5.0149547586638243412693327627493999898434e-01
7.3260200409678855049122603304567746818066e-01
9.4439899856383413556670802790904417634010e-01
6.9784555771997625051028535381192341446877e-01
6.4251998111410058012182844322524033486843e-01
4.1994455910144379284787419237545691430569e-01
7.9662987080735270239983947249129414558411e-01
6.8198221129313851829323311903863213956356e-01
5.5497011923453631876412828205502592027187e-01
4.3629345983837303224461834361136425286531e-01
5.1049751934442122447421752440277487039566e-01
5.4440878999031938612063186155864968895912e-01
7.0416518910169256795228420742205344140530e-01
7.0453991119697045864000983783625997602940e-01
5.1049751934442144651882244943408295512199e-01
6.6301690263477397468960816695471294224262e-01
6.8198221129313851829323311903863213956356e-01
4.1994455910144379284787419237545691430569e-01
6.3417076525076110371514914731960743665695e-01
7.1616268811441941011253220494836568832397e-01
8.7632288232544985895344780146842822432518e-01
7.6654124157669967232209273788612335920334e-01
4.4751667867898681230087731819367036223412e-01
1.0000000000000000000000000000000000000000e+00
7.0754660861431206697602647182065993547440e-01
8.5482434267967888352757199754705652594566e-01
7.2093390792164580016532227091374807059765e-01
4.4075200390606078526545275053649675101042e-01
6.4572236415383921226407437643501907587051e-01
1.0000000000000000000000000000000000000000e+00
8.8212547583890688063235074878321029245853e-01
4.6517055282377717251307558399275876581669e-01
8.0134443755325335256856078558485023677349e-01
7.2093390792164580016532227091374807059765e-01
7.0183958355677522611415497522102668881416e-01
0.0000000000000000000000000000000000000000e+00
7.0279896973885636057843839807901531457901e-01
7.3054770511484556916315113994642160832882e-01
8.0009416026313640024625328805996105074883e-01
7.6988582065431221401752281963126733899117e-01
5.9979829684827123958967831640620715916157e-01
5.8602492860648303096837707926169969141483e-01
7.6615058457718354656407200309331528842449e-01
7.2042659956207233395986122559406794607639e-01
5.3419521943770498229042686944012530148029e-01
7.6474407792255072457976439181948080658913e-01
5.1244608618337761374306182915461249649525e-01
6.7184401058098286441122581891249865293503e-01
6.0209196692313904364368681854102760553360e-01
3.8383614883470368317475163166818674653769e-01
8.9608126112935315710217309970175847411156e-01
5.8789156876138881635540656134253367781639e-01
5.4440878999031716567458261124556884169579e-01
8.0134443755324724634192534722387790679932e-01
3.8383614883470368317475163166818674653769e-01
4.1327895910702105997103217305266298353672e-01
7.1953180495911772673878203931963071227074e-01
7.6421113484237701563017708394909277558327e-01
1.0000000000000000000000000000000000000000e+00
3.6566151806561514314708460915426257997751e-01
5.5232610358663181138183517759898677468300e-01
8.0928262320721344735829916317015886306763e-01
6.4742750174032714927108145275269635021687e-01
3.2262879396407373455701872444478794932365e-01
2.6209613664319841852545778237981721758842e-01
2.3465224034671261499340744194341823458672e-01
7.1379827713736321292969932983396574854851e-01
5.2820079658987162396499570604646578431129e-01
4.5068299083873836208269381131685804575682e-01
7.8431784957990768880620180425466969609261e-01
6.9080741247144539229907422850374132394791e-01
5.9634115940043741499465568267623893916607e-01
5.8812168763668681847889274649787694215775e-01
6.2766049857956573987394222058355808258057e-01
2.3465224034671261499340744194341823458672e-01
2.3682466254636172497960444616182940080762e-01
3.0082034889547543121679495925491210073233e-01
3.7692813799913421624054876701848115772009e-01
2.1775553199384253821868639988679205998778e-01
0.0000000000000000000000000000000000000000e+00
3.4812226380202304643063371258904226124287e-01
2.5198359342576009956005123058275785297155e-01
2.2506701768675296815302999675623141229153e-01
0.0000000000000000000000000000000000000000e+00
0.0000000000000000000000000000000000000000e+00
0.0000000000000000000000000000000000000000e+00
3.1464018363425616531259265684639103710651e-01
4.3940693835807098643897461442975327372551e-01
1.7394002042689531151165027722527156583965e-02
1.4364518240009591099060060059855459257960e-01
5.0149547586638243412693327627493999898434e-01
4.1994455910144379284787419237545691430569e-01
0.0000000000000000000000000000000000000000e+00
3.8383614883470368317475163166818674653769e-01
2.3465224034671261499340744194341823458672e-01
0.0000000000000000000000000000000000000000e+00
2.3682466254636172497960444616182940080762e-01
3.0082034889547543121679495925491210073233e-01
3.7692813799913421624054876701848115772009e-01
2.1775553199384253821868639988679205998778e-01
0.0000000000000000000000000000000000000000e+00
3.4812226380202304643063371258904226124287e-01
2.5198359342576009956005123058275785297155e-01
2.2506701768675296815302999675623141229153e-01
0.0000000000000000000000000000000000000000e+00
0.0000000000000000000000000000000000000000e+00
0.0000000000000000000000000000000000000000e+00
3.1464018363425616531259265684639103710651e-01
4.3940693835807098643897461442975327372551e-01
1.7394002042689531151165027722527156583965e-02
1.4364518240009591099060060059855459257960e-01
5.0149547586638243412693327627493999898434e-01
4.1994455910144379284787419237545691430569e-01
0.0000000000000000000000000000000000000000e+00
3.8383614883470368317475163166818674653769e-01
2.3465224034671261499340744194341823458672e-01
0.0000000000000000000000000000000000000000e+00
0.0000000000000000000000000000000000000000e+00
2.3682466254636172497960444616182940080762e-01
3.0082034889547543121679495925491210073233e-01
3.7692813799913421624054876701848115772009e-01
2.1775553199384253821868639988679205998778e-01
0.0000000000000000000000000000000000000000e+00
3.4812226380202304643063371258904226124287e-01
2.5198359342576009956005123058275785297155e-01
2.2506701768675296815302999675623141229153e-01
0.0000000000000000000000000000000000000000e+00
0.0000000000000000000000000000000000000000e+00
0.0000000000000000000000000000000000000000e+00
3.1464018363425616531259265684639103710651e-01
4.3940693835807098643897461442975327372551e-01
1.7394002042689531151165027722527156583965e-02
1.4364518240009591099060060059855459257960e-01
5.0149547586638243412693327627493999898434e-01
4.1994455910144379284787419237545691430569e-01
0.0000000000000000000000000000000000000000e+00
3.8383614883470368317475163166818674653769e-01
2.3465224034671261499340744194341823458672e-01
0.0000000000000000000000000000000000000000e+00
0.0000000000000000000000000000000000000000e+00
0.0000000000000000000000000000000000000000e+00
7.9459823870582283689145697280764579772949e+01
7.6341476211140801844123870978364720940590e-01
