1
0
23
6.1403630733425040855166798792197369039059e-01
3.8276484771918689586911455080553423613310e-01
2.5743464061965293243616770268999971449375e-01
7.8318421470141696971722922171466052532196e-01
3.1663819800274323190691916352079715579748e-01
9.3173136516429200248978759191231802105904e-01
7.4470833340534980937519549115677364170551e-01
4.3026413264981483441928844513313379138708e-01
7.0119149300524596934991450325469486415386e-01
9.5687688928946368349670592579059302806854e-01
7.6184242513976274668863197803148068487644e-01
2.3087142384736317191062937581591540947556e-01
4.1465764277720623676160016657377127557993e-01
1.0000000000000000000000000000000000000000e+00
5.3950585748992196943873977943439967930317e-01
1.0000000000000000000000000000000000000000e+00
0.0000000000000000000000000000000000000000e+00
7.9064064410778023272996506420895457267761e-01
5.0535995322423565845326720591401681303978e-01
6.1413749552153662492059993383008986711502e-01
4.6491651755391200095957060511864256113768e-01
7.3463094291335628849282102237339131534100e-01
3.3922806800989824260739169403677806258202e-01
7.6338893882807390411926462547853589057922e-01
7.5391440318297986422635403869207948446274e-01
6.4099664884252482988102883609826676547527e-01
7.5962210650871897499314400192815810441971e-01
9.9527322510047677717182068590773269534111e-01
5.8256438154609724300314610445639118552208e-01
2.5710154997880896310391563019948080182076e-01
4.4176911241587818457432490504288580268621e-01
9.1905402722206186449938059013220481574535e-01
6.9763784342422829887198076903587207198143e-01
7.7155770111064736482830994646064937114716e-01
3.5838958852671920496391066990327090024948e-01
6.6383069440817765727302912637242116034031e-01
6.9763784342422829887198076903587207198143e-01
2.3073100302969504205030659704789286479354e-01
8.4390806382947269881356078258249908685684e-01
6.8630297160690156843543263676110655069351e-01
5.9606729067242603115062138385837897658348e-01
6.5888584630293667299127946535008959472179e-01
1.0000000000000000000000000000000000000000e+00
3.6765026270977957389973767021729145199060e-01
5.4793792441349853383769641368417069315910e-01
6.1739459095524851228731222363421693444252e-01
0.0000000000000000000000000000000000000000e+00
4.5406537078863051792865235256613232195377e-01
6.2493203442611122699901216037687845528126e-01
6.3880583027930848416531262046191841363907e-01
8.5490742313213186065468107699416577816010e-01
4.5440087922024857691738475296006072312593e-01
6.4952786137639606511839929225970990955830e-01
5.3082010482270236551016751036513596773148e-01
5.9630846335809195579713559709489345550537e-01
4.5027677319429532110106606523913796991110e-01
0.0000000000000000000000000000000000000000e+00
4.4965365815947838656896351494651753455400e-01
7.0720472245185295179226159234531223773956e-01
4.4915138265569165554325081757269799709320e-01
1.0000000000000000000000000000000000000000e+00
3.8376841122221660995705860841553658246994e-01
7.8241115847932707350054215567070059478283e-01
7.1165717763110469817888770194258540868759e-01
6.7038795434636755388169149227906018495560e-01
4.7415227167824031129228501413308549672365e-01
1.9028070562590340686348611143330344930291e-01
0.0000000000000000000000000000000000000000e+00
6.4577956365520650106049060923396609723568e-01
5.8466327927243166850956868074717931449413e-01
5.4978706015935130402283448347589001059532e-01
7.6184242513976274668863197803148068487644e-01
9.6210353301984807838920232825330458581448e-01
6.2128501772216082610356124860118143260479e-01
5.8256438154609724300314610445639118552208e-01
5.9574358160775064963132763296016491949558e-01
7.2101517983195961836173637493629939854145e-01
7.3006828557393899092886613289010711014271e-01
4.7544429023236800535556767499656416475773e-01
3.4348605530570902599762916906911414116621e-01
5.9773007480928197487912711949320510029793e-01
1.0000000000000000000000000000000000000000e+00
6.3758260686734624655969128070864826440811e-01
1.0000000000000000000000000000000000000000e+00
6.6970321590359949137649664407945238053799e-01
9.8169589327845774295866476677474565804005e-01
9.8657872999335249897256971962633542716503e-01
5.9354033521724247624007375634391792118549e-01
9.4759207935876588191348446343909017741680e-01
5.5697258217138456704020654797204770147800e-01
5.3211718178746858498584515473339706659317e-01
1.0000000000000000000000000000000000000000e+00
4.6401482410547401080691543029388412833214e-01
4.6597726439953146559957986028166487812996e-01
1.0000000000000000000000000000000000000000e+00
9.1698198029343902515364561622845940291882e-01
6.6104228021330369013952577006421051919460e-01
3.1823655682153395574118803779128938913345e-01
4.9277388031080271435513395772431977093220e-01
9.8125104002130969504946733650285750627518e-01
9.9501831668052942436730745612294413149357e-01
7.0584865064634971787427275558002293109894e-01
2.8947232963529462290708238469960633665323e-01
3.2328130612392397269516663982358295470476e-01
7.2134541939941654309365048902691341936588e-01
7.2743305025472526637031478458084166049957e-01
2.6883811358841436245370459801051765680313e-02
7.6896290892450502862942585124983452260494e-01
1.0000000000000000000000000000000000000000e+00
8.2191483419002853150203691257047466933727e-01
7.6184242513976674349152062859502620995045e-01
1.0000000000000000000000000000000000000000e+00
6.0464912860665609439791978729772381484509e-01
7.1901336426042461447138975927373394370079e-01
7.9362505631261148764110657793935388326645e-01
5.2929032905310446910362998096388764679432e-01
3.7780511815327494362648508285928983241320e-01
6.9523885033040822012395665296935476362705e-01
6.9296270354580269401623127123457379639149e-01
7.7348224980446333987060825165826827287674e-01
9.2206947421978813217435799742816016077995e-01
1.4219297059547697514858555223327130079269e-01
6.8268421271912205217091695885756053030491e-01
6.8268421271912205217091695885756053030491e-01
7.9816355762244528548876587592530995607376e-01
7.1120104400267702970950267626903951168060e-01
5.8932460360742500160569079525885172188282e-01
6.8250745455360650737475225469097495079041e-01
7.2316311922144560497827114886604249477386e-01
5.9384113362527390922451786536839790642262e-01
5.1153657580930156356657789729069918394089e-01
7.3675502381613156011042065074434503912926e-01
6.1707131969730744103230790642555803060532e-01
6.4164434081101007212311060357023961842060e-01
7.0883843853681638425001665382296778261662e-01
7.6078686195733324915124740073224529623985e-01
7.2927442595294489358082046237541362643242e-01
5.1153657580930156356657789729069918394089e-01
7.3545018256584404614528693855390883982182e-01
9.5398661750873048337240334149100817739964e-01
7.1719805760610144673705690365750342607498e-01
6.3845405112281328197099128374247811734676e-01
4.0333184204812766449066430141101591289043e-01
7.4268641328956108704772987039177678525448e-01
6.7068588215286495390898835466941818594933e-01
5.5034608917949068285224711871705949306488e-01
4.2285237357701038751756072997523006051779e-01
4.9446422613238255605594417829706799238920e-01
5.3211718178746858498584515473339706659317e-01
7.1661585546821793268890132821979932487011e-01
6.9955971707842778961605745280394330620766e-01
5.0553164756756352460342895938083529472351e-01
6.6269630361553633068893987001501955091953e-01
6.9005948616181222998733346685185097157955e-01
4.0333184204812766449066430141101591289043e-01
5.9767080481982937101292918669059872627258e-01
6.9553850262848637697743470198474824428558e-01
8.9582937599560941155374393929378129541874e-01
7.3898221824806897828352703072596341371536e-01
4.5440087922024857691738475296006072312593e-01
9.6172631554918919238872376809013076126575e-01
6.9094611979963305170571175040095113217831e-01
8.4721563405110789091168044251389801502228e-01
7.2101517983195961836173637493629939854145e-01
4.2698121835049340777601400986895896494389e-01
6.4774366702079633206778908061096444725990e-01
1.0000000000000000000000000000000000000000e+00
9.0138925353788124095189004947314970195293e-01
4.4396713226630785120718769576342310756445e-01
8.1600586270901476204642222000984475016594e-01
7.2447639093679283561755255504976958036423e-01
7.0460446638081775105888482357840985059738e-01
0.0000000000000000000000000000000000000000e+00
7.0999426314556401962363452184945344924927e-01
7.8655559746590741898586429670103825628757e-01
8.2730258567469039387987095324206165969372e-01
7.4765472454173598215731999516719952225685e-01
6.5171885272331664396006090100854635238647e-01
5.7985214362026693546425804015598259866238e-01
7.6334905133467789717371942970203235745430e-01
7.5007392688713303563474710244918242096901e-01
5.4095703538462203141534700989723205566406e-01
7.6962181869825829760856095163035206496716e-01
5.2901823172431372555024609027896076440811e-01
6.9296270354580269401623127123457379639149e-01
6.0073519589644008842554967486648820340633e-01
3.9643692907998295815730216418160125613213e-01
8.9461676842014814514669751588371582329273e-01
5.8899684578426192427258456518757157027721e-01
5.3052810461781030326733343827072530984879e-01
7.4786091528777665082827752485172823071480e-01
3.9643692907998295815730216418160125613213e-01
4.2787253649810391697982936420885380357504e-01
7.3037082353815296897892039851285517215729e-01
8.2191483419003197319341325055574998259544e-01
1.0000000000000000000000000000000000000000e+00
3.8777689214108251869461696514918003231287e-01
5.5159865095145232949391811416717246174812e-01
7.9887151054976746067382009641733020544052e-01
6.5771555686841365329087238933425396680832e-01
3.3777235456361653920254184413352049887180e-01
2.8058078225336630096009571389004122465849e-01
2.3782928155610499887373521232802886515856e-01
7.3356995254407952877784282463835552334785e-01
5.4159405664866666629819746958673931658268e-01
4.6535815238881034217044430079113226383924e-01
8.0514750727556450016209055320359766483307e-01
7.0420815537530190297843546431977301836014e-01
5.9509052569557585599113735952414572238922e-01
5.6239321494055827255209578652284108102322e-01
6.3826891710749311670269889873452484607697e-01
2.3782928155610499887373521232802886515856e-01
2.5743464061965293243616770268999971449375e-01
3.1663819800274323190691916352079715579748e-01
4.3026413264981483441928844513313379138708e-01
2.3087142384736317191062937581591540947556e-01
0.0000000000000000000000000000000000000000e+00
3.3922806800989824260739169403677806258202e-01
2.5710154997880896310391563019948080182076e-01
2.3073100302969504205030659704789286479354e-01
0.0000000000000000000000000000000000000000e+00
0.0000000000000000000000000000000000000000e+00
0.0000000000000000000000000000000000000000e+00
3.4348605530570902599762916906911414116621e-01
4.6401482410547401080691543029388412833214e-01
2.6883811358841436245370459801051765680313e-02
1.4219297059547697514858555223327130079269e-01
5.1153657580930156356657789729069918394089e-01
4.0333184204812766449066430141101591289043e-01
0.0000000000000000000000000000000000000000e+00
3.9643692907998295815730216418160125613213e-01
2.3782928155610499887373521232802886515856e-01
0.0000000000000000000000000000000000000000e+00
2.5743464061965293243616770268999971449375e-01
3.1663819800274323190691916352079715579748e-01
4.3026413264981483441928844513313379138708e-01
2.3087142384736317191062937581591540947556e-01
0.0000000000000000000000000000000000000000e+00
3.3922806800989824260739169403677806258202e-01
2.5710154997880896310391563019948080182076e-01
2.3073100302969504205030659704789286479354e-01
0.0000000000000000000000000000000000000000e+00
0.0000000000000000000000000000000000000000e+00
0.0000000000000000000000000000000000000000e+00
3.4348605530570902599762916906911414116621e-01
4.6401482410547401080691543029388412833214e-01
2.6883811358841436245370459801051765680313e-02
1.4219297059547697514858555223327130079269e-01
5.1153657580930156356657789729069918394089e-01
4.0333184204812766449066430141101591289043e-01
0.0000000000000000000000000000000000000000e+00
3.9643692907998295815730216418160125613213e-01
2.3782928155610499887373521232802886515856e-01
0.0000000000000000000000000000000000000000e+00
0.0000000000000000000000000000000000000000e+00
2.5743464061965293243616770268999971449375e-01
3.1663819800274323190691916352079715579748e-01
4.3026413264981483441928844513313379138708e-01
2.3087142384736317191062937581591540947556e-01
0.0000000000000000000000000000000000000000e+00
3.3922806800989824260739169403677806258202e-01
2.5710154997880896310391563019948080182076e-01
2.3073100302969504205030659704789286479354e-01
0.0000000000000000000000000000000000000000e+00
0.0000000000000000000000000000000000000000e+00
0.0000000000000000000000000000000000000000e+00
3.4348605530570902599762916906911414116621e-01
4.6401482410547401080691543029388412833214e-01
2.6883811358841436245370459801051765680313e-02
1.4219297059547697514858555223327130079269e-01
5.1153657580930156356657789729069918394089e-01
4.0333184204812766449066430141101591289043e-01
0.0000000000000000000000000000000000000000e+00
3.9643692907998295815730216418160125613213e-01
2.3782928155610499887373521232802886515856e-01
0.0000000000000000000000000000000000000000e+00
0.0000000000000000000000000000000000000000e+00
0.0000000000000000000000000000000000000000e+00
7.9019301654408522495032229926437139511108e+01
7.5372370175605096775939273356925696134567e-01
