1
0
23
6.1161601859322445307043381035327911376953e-01
3.8433439159043669697268796880962327122688e-01
2.6530818701597902453670485556358471512794e-01
7.8805254296623539200794539283378981053829e-01
3.1894058214244563886907712912943679839373e-01
9.4715459593457529408055961539503186941147e-01
7.5210149262331105202150638433522544801235e-01
4.3650358354289980900020395893079694360495e-01
7.0191592757351795039966191325220279395580e-01
9.6457162644873495338515567709691822528839e-01
7.6629095828422133518387227013590745627880e-01
2.3428152092488827018534891521994723007083e-01
4.1329727015854766936087116846465505659580e-01
1.0000000000000000000000000000000000000000e+00
5.6300842472514978087616555058048106729984e-01
1.0000000000000000000000000000000000000000e+00
0.0000000000000000000000000000000000000000e+00
7.8680509035010204321736182464519515633583e-01
5.1238334157528941936732280737487599253654e-01
6.2631961147044634685698838438838720321655e-01
4.6896893452909288457775005554140079766512e-01
7.4599859440485372097384697553934529423714e-01
3.4630115836514963056913529726443812251091e-01
7.6371546793066313885134377414942719042301e-01
7.6392001471055437367141394133795984089375e-01
6.4880761380424600837102389050414785742760e-01
7.5941717779663431286962804733775556087494e-01
1.0000000000000000000000000000000000000000e+00
5.8434601900665805729317980876658111810684e-01
2.5371411765087503731308515853015705943108e-01
4.4122378648958898716969656561559531837702e-01
9.3015115008771209748061892241821624338627e-01
6.9880127088777777011330272216582670807838e-01
7.6654594862347047445894077100092545151711e-01
3.7020150661283329762696325815340969711542e-01
6.7067144718880489229206887102918699383736e-01
6.9880127088778187793849383524502627551556e-01
2.2754560822430758282308715934050269424915e-01
8.5580016406659220606911731010768562555313e-01
6.7596542089826994192947040573926642537117e-01
5.8528996739475380728379150241380557417870e-01
6.6249865378707140095571048732381314039230e-01
1.0000000000000000000000000000000000000000e+00
3.6833096969028883416186204158293548971415e-01
5.4612931959721933150575523541192524135113e-01
6.1145049113837579568553337594494223594666e-01
2.2268339519418978156295452208723872900009e-03
4.5725582537077874567543744888098444789648e-01
6.3178000964433189690083736422820948064327e-01
6.5651088610832974978848142200149595737457e-01
8.5309598093246419292512428000918589532375e-01
4.5535912596849148492594849813031032681465e-01
6.3117560351344748070800960704218596220016e-01
5.2944526861800789152567858764086849987507e-01
6.0038025472375278202008530570310540497303e-01
4.6295215646411613796828987688058987259865e-01
0.0000000000000000000000000000000000000000e+00
4.5079825117990385274779896462860051542521e-01
7.0954861232502830503676705120597034692764e-01
4.4706476384830035053496999353228602558374e-01
1.0000000000000000000000000000000000000000e+00
3.9540375323794313411340795028081629425287e-01
7.8680509035010204321736182464519515633583e-01
7.0640209953483901195170346909435465931892e-01
6.7253822954788811117055047361645847558975e-01
4.6790781766898109639285507910244632512331e-01
1.8960120758859153045072787335811881348491e-01
0.0000000000000000000000000000000000000000e+00
6.4889133070011861814663234326872043311596e-01
5.9511837548866453051488178971339948475361e-01
5.5607936666253920954261502629378810524940e-01
7.6629095828422133518387227013590745627880e-01
9.7299815572288572695924813160672783851624e-01
6.2481463105798185075911987951258197426796e-01
5.8434601900665872342699458386050537228584e-01
5.9147701521200457541738160216482356190681e-01
7.1851897584931290197118869400583207607269e-01
7.4114311897974971543590072542428970336914e-01
4.8021936030703504805217107787029817700386e-01
3.4904321960841344640869010618189349770546e-01
5.8768085530429581275768669001990929245949e-01
1.0000000000000000000000000000000000000000e+00
6.4288857128499332649340658463188447058201e-01
1.0000000000000000000000000000000000000000e+00
6.7527030617856675931420795677695423364639e-01
1.0000000000000000000000000000000000000000e+00
1.0000000000000000000000000000000000000000e+00
5.9739278295769215887389691488351672887802e-01
9.6433932098176267100342329285922460258007e-01
5.6040777568283361986800628073979169130325e-01
5.3140908438343170683282323807361535727978e-01
1.0000000000000000000000000000000000000000e+00
4.6636948780248205226328650496725458651781e-01
4.6514943342563669359535083458467852324247e-01
1.0000000000000000000000000000000000000000e+00
9.2133755804763795005385418335208669304848e-01
6.6933911752732488942285726807313039898872e-01
3.3325124946800332992324911174364387989044e-01
4.9709125080432930987583972637366969138384e-01
9.9010364751710322472888492484344169497490e-01
9.9886311359067647686060809064656496047974e-01
7.0414123681962514922361151548102498054504e-01
2.9913428683328913137984272907488048076630e-01
3.3184979203985731643911094579380005598068e-01
7.2264885537272305349176804156741127371788e-01
7.4103697534128309953871394100133329629898e-01
4.0718720646922328121330991734794224612415e-02
7.7066984576915553706299988334649242460728e-01
9.9916302209965568437155525316484272480011e-01
8.2377042595965876969898999959696084260941e-01
7.6629095828422133518387227013590745627880e-01
1.0000000000000000000000000000000000000000e+00
6.0855302427188684433190246636513620615005e-01
7.2085069236628129818456045541097410023212e-01
7.9140461763397773609085561474785208702087e-01
5.2672443884836439575991562378476373851299e-01
3.7728809041577293648117574775824323296547e-01
6.8502520796977672823402372159762308001518e-01
6.9260168831224566687865262792911380529404e-01
7.7595723771108815469688124721869826316833e-01
9.2798522460018584290253329527331516146660e-01
1.3715899159941030704956688168749678879976e-01
6.8763220690590021177968083065934479236603e-01
6.8657189516270078488702210961491800844669e-01
8.0143190615562320822107267304090782999992e-01
7.1243856215578005297572872223099693655968e-01
5.9431991769441894213343857700238004326820e-01
6.8804294121841624853885832635569386184216e-01
7.2648953683663863856168063648510724306107e-01
5.9354068816916671913475056499009951949120e-01
5.1725572255052409964548587595345452427864e-01
7.4558304264603925126664307754253968596458e-01
6.2011012717243774172715120585053227841854e-01
6.4596429448336256662344112555729225277901e-01
7.0608928977450968744733472703956067562103e-01
7.7066596657545338722172800771659240126610e-01
7.2648953683663863856168063648510724306107e-01
5.1725572255052409964548587595345452427864e-01
7.4081596250839676365274044655961915850639e-01
9.5301984145168394668701239424990490078926e-01
7.2347362858282704412005159610998816788197e-01
6.4742845236830248722981195896863937377930e-01
4.0847879431073508271765604149550199508667e-01
7.5044120857028273618993807758670300245285e-01
6.6948899269675243850485912844305858016014e-01
5.4543932509885928450188430360867641866207e-01
4.2440270271038349481074192226515151560307e-01
4.9010501393479083409587815367558505386114e-01
5.3140908438343248398894047568319365382195e-01
7.2277518818064723227223566937027499079704e-01
6.9690054156100267324092101262067444622517e-01
5.1583693939679642337381437755539081990719e-01
6.5470486294077911981759143600356765091419e-01
6.9183771048489806076986496918834745883942e-01
4.0847879431073508271765604149550199508667e-01
5.8803635936832654440564738251850940287113e-01
6.7596542089826994192947040573926642537117e-01
8.8925134564856200825033738510683178901672e-01
7.4083168794340448215507421991787850856781e-01
4.5535912596849326128278789838077500462532e-01
9.5620156216661500447884236564277671277523e-01
7.0533787681927528900871493533486500382423e-01
8.5816977054820808845647661655675619840622e-01
7.1851897584931290197118869400583207607269e-01
4.3123574657561003498074114759219810366631e-01
6.3693276219614003430535831284942105412483e-01
1.0000000000000000000000000000000000000000e+00
9.1860243293752219528869318310171365737915e-01
4.6025376357722391773563686001580208539963e-01
8.0400655782363927848166440526256337761879e-01
7.1851897584931290197118869400583207607269e-01
6.9896870669024391276025198749266564846039e-01
0.0000000000000000000000000000000000000000e+00
7.1245980681994403038714835929567925632000e-01
8.0387930169058241514079554690397344529629e-01
8.3414065688369709583582789491629227995872e-01
7.3083669921110339107173103911918587982655e-01
6.7055684238776369632262230879859998822212e-01
5.8806559942660918682832971171592362225056e-01
7.6371546793066213965062161150854080915451e-01
7.4730247466476706907911875532590784132481e-01
5.4020565003408549387131643015891313552856e-01
7.6892663568711028254654138436308130621910e-01
5.2654745916869194477527571507380343973637e-01
6.9260168831224566687865262792911380529404e-01
5.9021350953837870001450482959626242518425e-01
4.0299692965569688940519199604750610888004e-01
8.9929870709079029467147847753949463367462e-01
5.9021350953837870001450482959626242518425e-01
5.3140908438343559261340942612150683999062e-01
7.5046097792714139274039553129114210605621e-01
4.0299692965569688940519199604750610888004e-01
4.2993457344595636948625383411126676946878e-01
7.3436768609360347781489508633967489004135e-01
8.3089093977078110064837801473913714289665e-01
1.0000000000000000000000000000000000000000e+00
3.9540375323794313411340795028081629425287e-01
5.5419195176062419072593456803588196635246e-01
7.9595639282208374698512898248736746609211e-01
6.4849359744534784688596573687391355633736e-01
3.3126139221147044011672733176965266466141e-01
2.7550157844752160007928409868327435106039e-01
2.3815330222019528982890790302917594090104e-01
7.3640072640142406612540071364492177963257e-01
5.3840700824551224190628317955997772514820e-01
4.7301232612759769313726110340212471783161e-01
8.0705379117422271217918705588090233504772e-01
7.0163108458046707927024954187800176441669e-01
5.9193074806382506292123935054405592381954e-01
5.5834940151166678745653371152002364397049e-01
6.4248004897272359414728271076455712318420e-01
2.3815330222019528982890790302917594090104e-01
2.6530818701597902453670485556358471512794e-01
3.1894058214244563886907712912943679839373e-01
4.3650358354289980900020395893079694360495e-01
2.3428152092488827018534891521994723007083e-01
0.0000000000000000000000000000000000000000e+00
3.4630115836514963056913529726443812251091e-01
2.5371411765087503731308515853015705943108e-01
2.2754560822430758282308715934050269424915e-01
2.2268339519418978156295452208723872900009e-03
0.0000000000000000000000000000000000000000e+00
0.0000000000000000000000000000000000000000e+00
3.4904321960841344640869010618189349770546e-01
4.6636948780248205226328650496725458651781e-01
4.0718720646922328121330991734794224612415e-02
1.3715899159941030704956688168749678879976e-01
5.1725572255052409964548587595345452427864e-01
4.0847879431073508271765604149550199508667e-01
0.0000000000000000000000000000000000000000e+00
4.0299692965569688940519199604750610888004e-01
2.3815330222019528982890790302917594090104e-01
0.0000000000000000000000000000000000000000e+00
2.6530818701597902453670485556358471512794e-01
3.1894058214244563886907712912943679839373e-01
4.3650358354289980900020395893079694360495e-01
2.3428152092488827018534891521994723007083e-01
0.0000000000000000000000000000000000000000e+00
3.4630115836514963056913529726443812251091e-01
2.5371411765087503731308515853015705943108e-01
2.2754560822430758282308715934050269424915e-01
2.2268339519418978156295452208723872900009e-03
0.0000000000000000000000000000000000000000e+00
0.0000000000000000000000000000000000000000e+00
3.4904321960841344640869010618189349770546e-01
4.6636948780248205226328650496725458651781e-01
4.0718720646922328121330991734794224612415e-02
1.3715899159941030704956688168749678879976e-01
5.1725572255052409964548587595345452427864e-01
4.0847879431073508271765604149550199508667e-01
0.0000000000000000000000000000000000000000e+00
4.0299692965569688940519199604750610888004e-01
2.3815330222019528982890790302917594090104e-01
0.0000000000000000000000000000000000000000e+00
0.0000000000000000000000000000000000000000e+00
2.6530818701597902453670485556358471512794e-01
3.1894058214244563886907712912943679839373e-01
4.3650358354289980900020395893079694360495e-01
2.3428152092488827018534891521994723007083e-01
0.0000000000000000000000000000000000000000e+00
3.4630115836514963056913529726443812251091e-01
2.5371411765087503731308515853015705943108e-01
2.2754560822430758282308715934050269424915e-01
2.2268339519418978156295452208723872900009e-03
0.0000000000000000000000000000000000000000e+00
0.0000000000000000000000000000000000000000e+00
3.4904321960841344640869010618189349770546e-01
4.6636948780248205226328650496725458651781e-01
4.0718720646922328121330991734794224612415e-02
1.3715899159941030704956688168749678879976e-01
5.1725572255052409964548587595345452427864e-01
4.0847879431073508271765604149550199508667e-01
0.0000000000000000000000000000000000000000e+00
4.0299692965569688940519199604750610888004e-01
2.3815330222019528982890790302917594090104e-01
0.0000000000000000000000000000000000000000e+00
0.0000000000000000000000000000000000000000e+00
0.0000000000000000000000000000000000000000e+00
7.9129498432477234359794238116592168807983e+01
7.5195072655336692157845845940755680203438e-01
