1
0
23
5.8693462638940185893687839779886417090893e-01
3.8633849926382562989246594042924698442221e-01
2.8382148988416572299442464100138749927282e-01
7.4523704627729203675556846064864657819271e-01
2.5212551202121136206812934688059613108635e-01
8.5620039568938810514708848131704144179821e-01
6.6093478964441887413272525009233504533768e-01
3.5559312540221826859365705786331091076136e-01
7.1404955143414516882671705388929694890976e-01
8.8640008505961775941983660231926478445530e-01
6.6095347624096190131126604683231562376022e-01
2.7841500799631374585274556920921895653009e-01
5.2703414590355346369676681206328794360161e-01
1.0000000000000000000000000000000000000000e+00
6.2766533795150025731857112987199798226357e-01
9.1761395105605580990726366508170031011105e-01
0.0000000000000000000000000000000000000000e+00
8.4281089136149633933570157751091755926609e-01
5.6662682281932119643386158713838085532188e-01
5.5039482097190872700309682841179892420769e-01
5.4715834895299786388989105034852400422096e-01
7.4064558150404713465775330405449494719505e-01
3.7853405286213770430947533895960077643394e-01
7.1598129705612256756808164936956018209457e-01
7.1114551110968649005883435165742412209511e-01
6.0823882394963302289170314907096326351166e-01
7.2104375302425449678622726423782296478748e-01
1.0000000000000000000000000000000000000000e+00
5.6125781352605219609586129081435501575470e-01
2.0571405517290294873156142330117290839553e-01
4.4849266976713358934247821707685943692923e-01
8.7218641481620873268099103370332159101963e-01
6.0356372441214678481458122405456379055977e-01
7.4342507488885756217200651008170098066330e-01
5.1255735850559180910579470946686342358589e-01
7.1464882477028690566100976866437122225761e-01
7.0307648657249188772766501642763614654541e-01
2.2288703366985307408043581745005212724209e-01
8.9151051225475064221370757877593860030174e-01
7.8414763057523284572880584164522588253021e-01
5.5009738033449762095727919586352072656155e-01
7.4414949807583896657092736859340220689774e-01
1.0000000000000000000000000000000000000000e+00
4.7384424026772231641757571196649223566055e-01
6.1884934022956883392652116526733152568340e-01
6.4545072433008432444268009930965490639210e-01
9.2791132758681449388404871569946408271790e-02
4.1618806127279117657025153675931505858898e-01
6.3468913423532835604845558918896131217480e-01
5.5009738033449762095727919586352072656155e-01
7.9890303229696379982982534784241579473019e-01
4.6722468160503383138859589962521567940712e-01
7.1464882477028690566100976866437122225761e-01
4.9828389118356991582814430330472532659769e-01
5.9968954438803245832190214059664867818356e-01
5.7170595824784409266783313796622678637505e-01
0.0000000000000000000000000000000000000000e+00
5.0528332998431990663590340773225761950016e-01
6.8933313895605152765710954554378986358643e-01
5.1507340005607871180615120465517975389957e-01
1.0000000000000000000000000000000000000000e+00
4.6204145867681423176520638662623241543770e-01
8.2346513477279825732324525233707390725613e-01
7.3165426930419030782104528043419122695923e-01
7.2829240123989891220190884268959052860737e-01
5.9355602716668598439753168349852785468102e-01
2.5356279569883671820562653920205775648355e-01
6.7663690123932460074307471131760394200683e-02
6.3308290158616553622294986780616454780102e-01
5.8397314798823307668840243422891944646835e-01
5.3628909509492939111652276551467366516590e-01
7.4414949807583896657092736859340220689774e-01
9.4588161311629925798172280337894335389137e-01
6.2993134700249453494791396224172785878181e-01
5.6125781352605219609586129081435501575470e-01
6.0470925633559879930345459797536022961140e-01
7.9584712202221885579689342193887569010258e-01
7.5230900841353098851271852254285477101803e-01
5.8397314798823307668840243422891944646835e-01
2.9246925512382032641411910844908561557531e-01
6.1554546328114045916635177491116337478161e-01
9.4168959130469231944005059631308540701866e-01
6.4882901891573263597479126474354416131973e-01
1.0000000000000000000000000000000000000000e+00
6.4882901891573263597479126474354416131973e-01
6.9412254798762695884306594962254166603088e-01
1.0000000000000000000000000000000000000000e+00
6.0960142501123204539226207998581230640411e-01
1.0000000000000000000000000000000000000000e+00
4.1618806127279117657025153675931505858898e-01
5.2817003863638078975384360091993585228920e-01
9.3806206383525769787468107097083702683449e-01
4.1335803561362949309909708972554653882980e-01
4.7622721370583603883730461348022799938917e-01
9.7908082053742706563070896663703024387360e-01
8.3685320998376067080926077323965728282928e-01
7.0225089822340280854007232846925035119057e-01
4.1060848983061226658008990852977149188519e-01
5.6910878086235949790960830796393565833569e-01
9.7244569698860150452901507378555834293365e-01
9.6661019436749917588258540490642189979553e-01
8.0501587990420353513343343365704640746117e-01
3.3687133104934852134704215131932869553566e-01
3.9418863757890326704469430296740029007196e-01
7.2898180494286124453395814271061681210995e-01
7.2568539668747933379933101605274714529514e-01
7.3161677734978461384862669092399301007390e-02
7.3101454316737035643569697640486992895603e-01
9.3499620879245226579001837308169342577457e-01
7.8420567226493220758243296586442738771439e-01
7.6885710318632582982445455854758620262146e-01
1.0000000000000000000000000000000000000000e+00
6.3343411516556713536374445538967847824097e-01
6.1884934022956883392652116526733152568340e-01
7.3811365775065074235072870578733272850513e-01
6.3189596956518467862906618393026292324066e-01
3.5681143379696605988371516104962211102247e-01
7.3472470388411337260947675531497225165367e-01
6.5954129111889969738768968454678542912006e-01
7.8461170231456067725162029091734439134598e-01
8.9123098738388173423174976051086559891701e-01
7.8175485964403518268639459165569860488176e-02
6.8127761179618173681404869057587347924709e-01
6.4523458437805403242748525372007861733437e-01
7.5953047707980192448928846715716645121574e-01
7.0031906924800391145424782735062763094902e-01
6.5677227857508591046808987812255509197712e-01
6.7650628285212488499666960706235840916634e-01
7.1598129705612256756808164936956018209457e-01
6.0470925633559879930345459797536022961140e-01
5.5237018135678883634653857370722107589245e-01
6.6170937306988697468312921046162955462933e-01
6.8621896058725251332788275249185971915722e-01
6.3501379367474974912965990370139479637146e-01
6.3513366723944186809092116163810715079308e-01
7.2568539668747933379933101605274714529514e-01
6.7650628285212488499666960706235840916634e-01
4.9590314026934162461301980329153593629599e-01
7.0134331480809730674508273295941762626171e-01
8.1260041727792464705260044866008684039116e-01
6.8645747763214837178225025127176195383072e-01
6.7872302938485207235430607397574931383133e-01
5.4037650591985153525342866487335413694382e-01
7.4192248203023303254610709700500592589378e-01
6.6119143521893541937117788620525971055031e-01
5.9783790702467465294489556981716305017471e-01
4.7384424026772231641757571196649223566055e-01
5.2323322945085914970064777662628330290318e-01
5.8548128477190053420287085828022100031376e-01
7.1937315151931402468221676826942712068558e-01
6.8645747763215281267434875189792364835739e-01
5.6238125271251160341989816515706479549408e-01
6.3189596956518467862906618393026292324066e-01
6.6876223629078246357693160462076775729656e-01
4.4046083821647491474138291778217535465956e-01
7.1990485032508000351469945599092170596123e-01
7.8414763057523284572880584164522588253021e-01
1.0000000000000000000000000000000000000000e+00
9.1066803633604220813424490188481286168098e-01
5.2279532773747949825349223829107359051704e-01
9.9638863576401648369795793769299052655697e-01
7.2752425190653335906887377859675325453281e-01
8.3289816805771532681745838999631814658642e-01
7.9584712202221985499761558457976207137108e-01
5.5726275327827146099934907397255301475525e-01
6.5695228468002886401677642425056546926498e-01
1.0000000000000000000000000000000000000000e+00
8.2354500767589056131612323952140286564827e-01
5.6238125271251160341989816515706479549408e-01
7.8472325696390421434500694886082783341408e-01
7.9584712202221985499761558457976207137108e-01
6.7280607547421800163078842160757631063461e-01
0.0000000000000000000000000000000000000000e+00
6.8714631314096152880921408723224885761738e-01
7.2544307946441222156863659620285034179688e-01
7.8951356258296478962677156232530251145363e-01
8.1622062512619830698668010882101953029633e-01
7.0808361383135076660977347273728810250759e-01
6.3343411516556824558676908054621890187263e-01
7.6679822812078390903423041891073808073997e-01
7.4314897890973141691972614353289827704430e-01
5.1760312381745798848697859284584410488605e-01
6.8065665904701844191038162534823641180992e-01
5.5688738677823557132740006636595353484154e-01
6.5990346207231953545857550125219859182835e-01
5.6670864328898751249852239197934977710247e-01
3.9418863757890326704469430296740029007196e-01
8.7957573309107994763422766482108272612095e-01
5.6670864328898751249852239197934977710247e-01
5.6670864328898751249852239197934977710247e-01
7.5796575792487730360846853727707639336586e-01
3.9418863757890326704469430296740029007196e-01
4.8066144291518503317561794574430678039789e-01
7.1737754940328501973567654204089194536209e-01
7.2711087118600392642520091612823307514191e-01
1.0000000000000000000000000000000000000000e+00
4.9264706595754503837270021904259920120239e-01
6.2874676333926049487388354464201256632805e-01
8.1139997688698972666543340892530977725983e-01
7.0307648657249188772766501642763614654541e-01
4.3468492027231553365140825917478650808334e-01
3.2663579514649032642381598634528927505016e-01
3.2663579514649032642381598634528927505016e-01
7.6689248062363568614330233685905113816261e-01
5.1900386792420394321823096106527373194695e-01
5.0721367890903856778805902649764902889729e-01
7.8099194519668824199243317707441747188568e-01
6.9244370412416800242283443367341533303261e-01
6.5624673321344439980151719282730482518673e-01
6.7740056421886229998108319705352187156677e-01
6.3544178521704108852929948625387623906136e-01
3.2663579514649032642381598634528927505016e-01
2.8382148988416572299442464100138749927282e-01
2.5212551202121136206812934688059613108635e-01
3.5559312540221826859365705786331091076136e-01
2.7841500799631374585274556920921895653009e-01
0.0000000000000000000000000000000000000000e+00
3.7853405286213770430947533895960077643394e-01
2.0571405517290294873156142330117290839553e-01
2.2288703366985307408043581745005212724209e-01
9.2791132758681449388404871569946408271790e-02
0.0000000000000000000000000000000000000000e+00
6.7663690123932460074307471131760394200683e-02
2.9246925512382032641411910844908561557531e-01
4.1335803561362949309909708972554653882980e-01
7.3161677734978461384862669092399301007390e-02
7.8175485964403518268639459165569860488176e-02
4.9590314026934162461301980329153593629599e-01
4.4046083821647491474138291778217535465956e-01
0.0000000000000000000000000000000000000000e+00
3.9418863757890326704469430296740029007196e-01
3.2663579514649032642381598634528927505016e-01
0.0000000000000000000000000000000000000000e+00
2.8382148988416572299442464100138749927282e-01
2.5212551202121136206812934688059613108635e-01
3.5559312540221826859365705786331091076136e-01
2.7841500799631374585274556920921895653009e-01
0.0000000000000000000000000000000000000000e+00
3.7853405286213770430947533895960077643394e-01
2.0571405517290294873156142330117290839553e-01
2.2288703366985307408043581745005212724209e-01
9.2791132758681449388404871569946408271790e-02
0.0000000000000000000000000000000000000000e+00
6.7663690123932460074307471131760394200683e-02
2.9246925512382032641411910844908561557531e-01
4.1335803561362949309909708972554653882980e-01
7.3161677734978461384862669092399301007390e-02
7.8175485964403518268639459165569860488176e-02
4.9590314026934162461301980329153593629599e-01
4.4046083821647491474138291778217535465956e-01
0.0000000000000000000000000000000000000000e+00
3.9418863757890326704469430296740029007196e-01
3.2663579514649032642381598634528927505016e-01
0.0000000000000000000000000000000000000000e+00
0.0000000000000000000000000000000000000000e+00
2.8382148988416572299442464100138749927282e-01
2.5212551202121136206812934688059613108635e-01
3.5559312540221826859365705786331091076136e-01
2.7841500799631374585274556920921895653009e-01
0.0000000000000000000000000000000000000000e+00
3.7853405286213770430947533895960077643394e-01
2.0571405517290294873156142330117290839553e-01
2.2288703366985307408043581745005212724209e-01
9.2791132758681449388404871569946408271790e-02
0.0000000000000000000000000000000000000000e+00
6.7663690123932460074307471131760394200683e-02
2.9246925512382032641411910844908561557531e-01
4.1335803561362949309909708972554653882980e-01
7.3161677734978461384862669092399301007390e-02
7.8175485964403518268639459165569860488176e-02
4.9590314026934162461301980329153593629599e-01
4.4046083821647491474138291778217535465956e-01
0.0000000000000000000000000000000000000000e+00
3.9418863757890326704469430296740029007196e-01
3.2663579514649032642381598634528927505016e-01
0.0000000000000000000000000000000000000000e+00
0.0000000000000000000000000000000000000000e+00
0.0000000000000000000000000000000000000000e+00
7.8942481785081767498013505246490240097046e+01
8.4197805670406977718300822743913158774376e-01
