1
0
23
6.0121079212954298132132180398912169039249e-01
3.8141644581577116568382734840270131826401e-01
2.4387223294798859862808626530750188976526e-01
7.4729382793377530092016058915760368108749e-01
2.6870672160733732880544266663491725921631e-01
8.5406376791071170195834838523296639323235e-01
6.7748903666279458590793183248024433851242e-01
3.5541922790150204392034538614097982645035e-01
6.9906082278281944653031132475007325410843e-01
9.3657468534236432144979289660113863646984e-01
6.6514760497475799994049339147750288248062e-01
2.4325102469711035180210956241353414952755e-01
4.4524407755385825291583046237064991146326e-01
1.0000000000000000000000000000000000000000e+00
5.0225658256621907860051123861921951174736e-01
8.9160262928228939394159624498570337891579e-01
0.0000000000000000000000000000000000000000e+00
8.3244037388144676015144796110689640045166e-01
5.1704170784101766145113288075663149356842e-01
5.6077876858558839412438601357280276715755e-01
5.2415034749233979649574166614911518990993e-01
6.3126649456749017730317063978873193264008e-01
3.6864844048976108670245821485877968370914e-01
7.3295265579034929448454249722999520599842e-01
7.3020099869816790238985504402080550789833e-01
5.9530763805765074536680003802757710218430e-01
7.3627746285185291519326256093336269259453e-01
9.7422875736810199409632105016498826444149e-01
5.7060787108844002180063625928596593439579e-01
2.2630780823364293752320008934475481510162e-01
4.2251558009848699803967519983416423201561e-01
8.7435265825734487243892090191366150975227e-01
6.3320997983614379922556736346450634300709e-01
7.9217522459951894564511576390941627323627e-01
3.8303615902797294445747411373304203152657e-01
7.0159386188920436211446940433233976364136e-01
7.2484036831926323962704827863490208983421e-01
2.1448763427307104834085293987300246953964e-01
8.4990339973061934664144700946053490042686e-01
7.1164103924776023202269925604923628270626e-01
5.2576614856685299770333585911430418491364e-01
6.8314346813642312650216581459972076117992e-01
9.5452697619625581637592404149472713470459e-01
4.4169428023575718622595331908087246119976e-01
5.6169058676602978685821199178462848067284e-01
5.8510434589039528319176497461739927530289e-01
0.0000000000000000000000000000000000000000e+00
4.1346847507956174805343607658869586884975e-01
5.8149168206421530946670372941298410296440e-01
5.6912385058970271778377991722663864493370e-01
8.0123040671419332170444249641150236129761e-01
4.5130456721318118473718072891642805188894e-01
7.5035634314260712951494269873364828526974e-01
5.0133990940945072356527134616044349968433e-01
5.8109202746981791776192949328105896711349e-01
4.7373745907451580983149597159354016184807e-01
0.0000000000000000000000000000000000000000e+00
4.4504413842262519063197601099091116338968e-01
7.2629807956645331401546172855887562036514e-01
4.4994602691059426557984579631011001765728e-01
1.0000000000000000000000000000000000000000e+00
3.9561319891229296263901460406486876308918e-01
7.9975373050243925288071977774961851537228e-01
7.0786511186505407522417954169213771820068e-01
6.7397667099351188380040866832132451236248e-01
4.9278536335393291478723654108762275427580e-01
1.9854293837289624380382235813158331438899e-01
6.0173098442827645596087116075523226754740e-03
6.2590824606272621455360649633803404867649e-01
5.3568280204244356212939237593673169612885e-01
5.1143636547139947889917266365955583751202e-01
7.6528555839544876171487430838169530034065e-01
9.4281995321083278405183136783307418227196e-01
6.2792038132059690980213417788036167621613e-01
5.7060787108844002180063625928596593439579e-01
5.8756218609447385947675002171308733522892e-01
7.4120132519099612977697688620537519454956e-01
7.2749906714296663778895890573039650917053e-01
5.3568280204244500541932438864023424685001e-01
3.0734603404648058733172888423723634332418e-01
5.9637990814919417115191890843561850488186e-01
9.5310059067932750842544464831007644534111e-01
6.0437289504938462858518732900847680866718e-01
1.0000000000000000000000000000000000000000e+00
6.2900236572541223800669740739976987242699e-01
7.0838632255750777488856329000554978847504e-01
1.0000000000000000000000000000000000000000e+00
6.0177535940111370749150410119909793138504e-01
9.5596906902925815607829918008064851164818e-01
4.4933961274394546014931961508409585803747e-01
5.4045787310645043710621848731534555554390e-01
9.8222648609567519972785021309391595423222e-01
4.1509203764079072307424667087616398930550e-01
4.6110257914794705591532419930445030331612e-01
1.0000000000000000000000000000000000000000e+00
8.6086925279343595729386606763000600039959e-01
6.9270117335876624231616460747318342328072e-01
3.2213506331292107720543071991414763033390e-01
5.4332916510132733822757700181682594120502e-01
1.0000000000000000000000000000000000000000e+00
9.5352169617999160688981419298215769231319e-01
7.1641732224889509428322753592510707676411e-01
2.7477821476314989723732651327736675739288e-01
3.3692032558334783498565911941113881766796e-01
7.1550677147488705998057412216439843177795e-01
7.3927229851062792320703920267987996339798e-01
5.3947337040084065995504403190352604724467e-02
7.2566523922646397615210389631101861596107e-01
9.8310249858050013926913379691541194915771e-01
8.0410807795811112264061648602364584803581e-01
7.6767682201960074639401909735170193016529e-01
1.0000000000000000000000000000000000000000e+00
6.3223029186014134683802012659725733101368e-01
6.4348692263934792467949819183559156954288e-01
7.5863984162203068617458256994723342359066e-01
5.4808181976935033130615693153231404721737e-01
3.7318358204657908760992768293363042175770e-01
6.8439429433752607678798085544258356094360e-01
6.7218572958026168162604108147206716239452e-01
7.8229733077259344664611262487596832215786e-01
8.6219819782349782499863977136556059122086e-01
1.2221523519505943233820488558194483630359e-01
6.7100399388394604827112743805628269910812e-01
6.4083517221863151025473825939116068184376e-01
7.6952727951895982805297080631135031580925e-01
7.2266608343291904859029273211490362882614e-01
6.1340775072971731596283007093006744980812e-01
7.0159386188920436211446940433233976364136e-01
7.1235470577603754449569350981619209051132e-01
5.9050344263817544643302426266018301248550e-01
4.9788650777715509621046408028632868081331e-01
7.0502806490209646295141965310904197394848e-01
6.1508195884120708818443290510913357138634e-01
6.3222546195399442758855457213940098881721e-01
6.6770500687104550330275287706172093749046e-01
7.6492073351996903163296792627079412341118e-01
6.9879014602390621124783365303301252424717e-01
4.9756691306019007470240467227995395660400e-01
7.4168161489262562913182819102075882256031e-01
9.1209191078111828687724482733756303787231e-01
6.9273285380958071755230776034295558929443e-01
6.5193889390004056139105159672908484935760e-01
4.3464193976202042390966084894898813217878e-01
7.8024729992345975837508831318700686097145e-01
6.6362965102788817883805450037471018731594e-01
5.5959779055495439958889392073615454137325e-01
4.3464193976202042390966084894898813217878e-01
4.9435244532327388133907675182854291051626e-01
5.5599501546988516764713494922034442424774e-01
6.9411773473308457926833625606377609074116e-01
6.9160346641684333768296255584573373198509e-01
5.3363012769238837851304424475529231131077e-01
6.3223029186014134683802012659725733101368e-01
6.8482263768132722869808048926643095910549e-01
4.3464193976202042390966084894898813217878e-01
6.5493847417857020687392832769546657800674e-01
7.4754712752069685244293850701069459319115e-01
8.8088432382544057386297708944766782224178e-01
8.0043217300895252996895123942522332072258e-01
4.7866810863800257624944833878544159233570e-01
9.9491618506965018298160430276766419410706e-01
7.0824981950023591092957531145657412707806e-01
8.9401632823368593072643761843210086226463e-01
7.4120132519099612977697688620537519454956e-01
4.7711090457874372194879697417491115629673e-01
5.8139262637857036519761777526582591235638e-01
1.0000000000000000000000000000000000000000e+00
8.8979650672293097990461774315917864441872e-01
5.3363012769238837851304424475529231131077e-01
7.9657023355480938153760916975443251430988e-01
7.5903345855230486272091638966230675578117e-01
6.9310162721614432257410953752696514129639e-01
0.0000000000000000000000000000000000000000e+00
7.1710911014208811309345037443563342094421e-01
7.1495216842747055796536415073205716907978e-01
7.8647016242179379474919187487103044986725e-01
7.8757636727314106472874755127122625708580e-01
6.2086747145582465989832599007058888673782e-01
5.8418821418976296655500846100039780139923e-01
7.8647016242179379474919187487103044986725e-01
7.1915741967881730012379648542264476418495e-01
5.2636231751855899752001732849748805165291e-01
7.2052507145363531293469350202940404415131e-01
5.2211255248082277802268436062149703502655e-01
6.6054790126448470477527052935329265892506e-01
5.5066168325396080973632706445641815662384e-01
3.9167668418353218662275594397215172648430e-01
8.5438729236687749324374863135744817554951e-01
5.8135331470570517087281814383459277451038e-01
5.6342365407962891055149157182313501834869e-01
7.9657023355480793824767715705092996358871e-01
3.9167668418353218662275594397215172648430e-01
4.3657087011685530297810942101932596415281e-01
7.1164103924776023202269925604923628270626e-01
7.1268305299665368757189298776211217045784e-01
1.0000000000000000000000000000000000000000e+00
3.8799086135680072029430220936774276196957e-01
6.0494979705989937457388805341906845569611e-01
8.3019809877767114514313107065390795469284e-01
6.4960211868784334399151703109964728355408e-01
3.6360374594472016918089707360195461660624e-01
2.7533736408227532654890978847106453031301e-01
2.5831751113049306045610364890308119356632e-01
7.2259525028864923790195007313741371035576e-01
5.3035316873935667292272455597412772476673e-01
4.8163621293758246411087498017877805978060e-01
7.9954912846664194514545442871167324483395e-01
7.1268305299665368757189298776211217045784e-01
6.2414962895580494706138097171788103878498e-01
5.7660435605739202014063948809052817523479e-01
6.3789795595614739998069353532628156244755e-01
2.5831751113049306045610364890308119356632e-01
2.4387223294798859862808626530750188976526e-01
2.6870672160733732880544266663491725921631e-01
3.5541922790150204392034538614097982645035e-01
2.4325102469711035180210956241353414952755e-01
0.0000000000000000000000000000000000000000e+00
3.6864844048976108670245821485877968370914e-01
2.2630780823364293752320008934475481510162e-01
2.1448763427307104834085293987300246953964e-01
0.0000000000000000000000000000000000000000e+00
0.0000000000000000000000000000000000000000e+00
6.0173098442827645596087116075523226754740e-03
3.0734603404648058733172888423723634332418e-01
4.1509203764079072307424667087616398930550e-01
5.3947337040084065995504403190352604724467e-02
1.2221523519505943233820488558194483630359e-01
4.9756691306019007470240467227995395660400e-01
4.3464193976202042390966084894898813217878e-01
0.0000000000000000000000000000000000000000e+00
3.9167668418353218662275594397215172648430e-01
2.5831751113049306045610364890308119356632e-01
0.0000000000000000000000000000000000000000e+00
2.4387223294798859862808626530750188976526e-01
2.6870672160733732880544266663491725921631e-01
3.5541922790150204392034538614097982645035e-01
2.4325102469711035180210956241353414952755e-01
0.0000000000000000000000000000000000000000e+00
3.6864844048976108670245821485877968370914e-01
2.2630780823364293752320008934475481510162e-01
2.1448763427307104834085293987300246953964e-01
0.0000000000000000000000000000000000000000e+00
0.0000000000000000000000000000000000000000e+00
6.0173098442827645596087116075523226754740e-03
3.0734603404648058733172888423723634332418e-01
4.1509203764079072307424667087616398930550e-01
5.3947337040084065995504403190352604724467e-02
1.2221523519505943233820488558194483630359e-01
4.9756691306019007470240467227995395660400e-01
4.3464193976202042390966084894898813217878e-01
0.0000000000000000000000000000000000000000e+00
3.9167668418353218662275594397215172648430e-01
2.5831751113049306045610364890308119356632e-01
0.0000000000000000000000000000000000000000e+00
0.0000000000000000000000000000000000000000e+00
2.4387223294798859862808626530750188976526e-01
2.6870672160733732880544266663491725921631e-01
3.5541922790150204392034538614097982645035e-01
2.4325102469711035180210956241353414952755e-01
0.0000000000000000000000000000000000000000e+00
3.6864844048976108670245821485877968370914e-01
2.2630780823364293752320008934475481510162e-01
2.1448763427307104834085293987300246953964e-01
0.0000000000000000000000000000000000000000e+00
0.0000000000000000000000000000000000000000e+00
6.0173098442827645596087116075523226754740e-03
3.0734603404648058733172888423723634332418e-01
4.1509203764079072307424667087616398930550e-01
5.3947337040084065995504403190352604724467e-02
1.2221523519505943233820488558194483630359e-01
4.9756691306019007470240467227995395660400e-01
4.3464193976202042390966084894898813217878e-01
0.0000000000000000000000000000000000000000e+00
3.9167668418353218662275594397215172648430e-01
2.5831751113049306045610364890308119356632e-01
0.0000000000000000000000000000000000000000e+00
0.0000000000000000000000000000000000000000e+00
0.0000000000000000000000000000000000000000e+00
7.7936715438453731508161581587046384811401e+01
7.7888834556865649272339169328915886580944e-01
