1
0
23
7.5436640626330742076532942519406788051128e-01
4.0351183231934140138719158130697906017303e-01
3.5044910538607254579801519867032766342163e-01
7.7777767597087188455873274506302550435066e-01
0.0000000000000000000000000000000000000000e+00
6.2894376842239452241045682967524044215679e-01
5.8920650587375633655540241306880488991737e-01
1.0187135080695260136440793985457275994122e-01
8.8570053907857104746881304890848696231842e-01
7.5747213454320005965314521745312958955765e-01
5.5039229884594742525649735398474149405956e-01
2.2898679928475906830698249905253760516644e-01
7.9167738946731924798427826317492872476578e-01
1.0000000000000000000000000000000000000000e+00
1.0000000000000000000000000000000000000000e+00
7.6631790906183039346899477095576003193855e-01
0.0000000000000000000000000000000000000000e+00
9.7989513555493668039986232543014921247959e-01
5.4659415472201022812015480667469091713428e-01
5.4653455004590156818267132621258497238159e-01
5.4137541076699857711673757876269519329071e-01
1.0000000000000000000000000000000000000000e+00
3.0265801220715338182287723611807450652122e-01
6.2964574470601919475853947005816735327244e-01
4.3138936407058847688489322536042891442776e-01
5.1759303785637733597013721009716391563416e-01
8.0565244574786720743730938920634798705578e-01
1.0000000000000000000000000000000000000000e+00
6.5226715846812044485858450570958666503429e-01
2.0573402455815234524116874581523006781936e-01
6.2000966820557723568896335564204491674900e-01
1.0000000000000000000000000000000000000000e+00
6.8856414765637308228463098203064873814583e-01
6.9762181066792794403852440154878422617912e-01
7.5182569886931804870044970812159590423107e-01
8.9717988388738745264561202930053696036339e-01
7.3039538070880316578126212334609590470791e-01
4.8354116293003496229729876176861580461264e-01
5.1507787054092890599577003740705549716949e-01
7.7631438556152165819668198309955187141895e-01
2.5465000126637049593369965805322863161564e-01
4.4364651677049615763337442331248894333839e-01
6.5533050444182094906864222139120101928711e-01
5.4716621173952317835897929398925043642521e-01
5.5073802585609188398052538104820996522903e-01
4.8354116293003496229729876176861580461264e-01
0.0000000000000000000000000000000000000000e+00
5.6423037907208295482774929041625000536442e-01
6.7717268650922812778247816822840832173824e-01
6.2589889613564253512123514155973680317402e-01
8.8570053907857104746881304890848696231842e-01
9.1318887307482654591694881673902273178101e-01
6.0005391912006178500860187341459095478058e-01
7.1793483618867814932684723316924646496773e-01
6.0546409257750932741970473216497339308262e-01
1.0000000000000000000000000000000000000000e+00
1.2282193399565592695221738495092722587287e-01
6.3583644835910479997664879192598164081573e-01
8.1343783128603408538737085109460167586803e-01
6.2589889613564253512123514155973680317402e-01
8.1213910647529508057829161771223880350590e-01
6.0093941715243470724772123503498733043671e-01
7.8309242509558130151958721398841589689255e-01
8.4751771673620956981665131024783477187157e-01
1.0000000000000000000000000000000000000000e+00
6.5823204220200726144440750431385822594166e-01
2.8210251113358991714719081755902152508497e-01
2.3420011354386718882558682253147708252072e-01
7.0409414757791932704122928043943829834461e-01
5.2628234381986815915155375478207133710384e-01
4.7321635994779331912951647609588690102100e-01
7.2793263059396717817861599542084150016308e-01
6.6898434616868995838956379884621128439903e-01
7.4077576864826466529478921074769459664822e-01
4.5916616040113183982995792575820814818144e-01
8.2006114750743897001683535563643090426922e-01
7.2044486507970917354981565949856303632259e-01
9.6487029454205985867787376264459453523159e-01
9.2418989786090610660806987652904354035854e-01
4.1497466940709104576967547473032027482986e-01
3.5044910538607254579801519867032766342163e-01
1.0000000000000000000000000000000000000000e+00
6.8856414765637308228463098203064873814583e-01
1.0000000000000000000000000000000000000000e+00
1.0000000000000000000000000000000000000000e+00
6.4023167845980621937229670947999693453312e-01
1.0000000000000000000000000000000000000000e+00
9.5336882406629130937147920121788047254086e-01
9.5629639634364060896132286870852112770081e-01
4.5204793014059085898281864501768723130226e-01
3.9290714002585358510799551368108950555325e-01
6.0247424654213765915500289338524453341961e-01
1.7758693124899394000237862201174721121788e-01
5.3000009202899900362382368257385678589344e-01
9.5777883985903722319221742509398609399796e-01
9.8248766308293378202165513357613235712051e-01
9.4219839662706994509733249287819489836693e-01
7.9614931750136019861230352034908719360828e-01
4.9739848523905161314928591309580951929092e-01
1.0000000000000000000000000000000000000000e+00
7.2080201344930128204424590876442380249500e-01
4.6957025978937749766117804028908722102642e-01
2.8210251113359730013030457485001534223557e-01
3.5940811818397744303865692927502095699310e-01
1.0000000000000000000000000000000000000000e+00
6.6488795197025896133169453605660237371922e-01
0.0000000000000000000000000000000000000000e+00
6.4421785040725465520949910569470375776291e-01
8.7462428926842128440455326199298724532127e-01
6.4421785040725298987496216795989312231541e-01
6.5616935320578451129591712742694653570652e-01
1.0000000000000000000000000000000000000000e+00
6.6306129232330379696946920375921763479710e-01
6.7624648804360398823831701520248316228390e-01
6.9533864754387186835060674638953059911728e-01
3.8784155255643171233970178946037776768208e-01
5.3505321361687652181871044376748614013195e-01
7.5620007862141169763248171875602565705776e-01
6.7624648804360576459515641545294784009457e-01
6.7630438080243615583952987435623072087765e-01
7.7451903289302093114088165748398751020432e-01
2.7035833694328292864383911364711821079254e-01
7.0155114649252059422224192530848085880280e-01
1.0000000000000000000000000000000000000000e+00
7.1674114133036381790731184082687832415104e-01
5.4336744842059092608366199783631600439548e-01
9.1772310224502451347916576196439564228058e-01
7.0333805685220118775191622262354940176010e-01
7.6447508000917152592990078119328245520592e-01
7.5182569886931804870044970812159590423107e-01
7.6183105006027762584608353790827095508575e-01
7.4182428833479985286203373107127845287323e-01
7.1837891085857541462189601588761433959007e-01
7.0003836315241996235414490001858212053776e-01
5.6650562056235298502571140488726086914539e-01
9.5902595303551496641603080206550657749176e-01
6.5616935320577707280165213887812569737434e-01
4.7405918292523713253316941518278326839209e-01
7.1924997114799493758141579746734350919724e-01
5.2628234381986815915155375478207133710384e-01
5.7241045679431890036426011647563427686691e-01
8.0565244574786698539270446417503990232944e-01
1.0000000000000000000000000000000000000000e+00
5.8387831563183001382100201226421631872654e-01
6.8957259926229852453616331331431865692139e-01
8.0565244574785732645239022531313821673393e-01
5.2352457780937389220099476005998440086842e-01
6.6963483110588939428708954437752254307270e-01
5.5306755702114340778052792302332818508148e-01
7.5709447976263521962181357594090513885021e-01
5.0409191513422635377850156146450899541378e-01
1.0000000000000000000000000000000000000000e+00
6.7760430179441166753662173505290411412716e-01
7.5057104678231800765075831805006600916386e-01
3.5421870413774741992440908688877243548632e-01
1.0000000000000000000000000000000000000000e+00
1.0000000000000000000000000000000000000000e+00
8.8570053907857471120479431192507036030293e-01
8.8570053907857293484795491167460568249226e-01
1.0000000000000000000000000000000000000000e+00
1.0000000000000000000000000000000000000000e+00
5.8845239172090590962227452109800651669502e-01
7.4950372350083360739603222100413404405117e-01
1.0000000000000000000000000000000000000000e+00
6.8039147152748746805173141183331608772278e-01
8.5012289724049261430138813011581078171730e-01
9.2113398257744438790695085117476992309093e-01
2.0759812385938414269759277885896153748035e-01
5.1607903291580470295230043120682239532471e-01
1.0000000000000000000000000000000000000000e+00
9.2643794457441763778859922240371815860271e-01
1.0000000000000000000000000000000000000000e+00
0.0000000000000000000000000000000000000000e+00
8.5363929490904810748475028958637267351151e-01
7.2324733121676132441280060447752475738525e-01
5.5901060182187989333613131748279556632042e-01
9.3367046853272728235140220931498333811760e-01
6.4599885456356387347653935648850165307522e-01
3.0265801220715338182287723611807450652122e-01
5.6562622712577903527630951430182904005051e-01
9.9999999999999888977697537484345957636833e-01
4.5687112646137328919593301179702393710613e-01
6.2589889613563876036295141602749936282635e-01
6.4571185804795916407528011404792778193951e-01
5.3030766068781554078981343991472385823727e-01
4.7159233210840628691684628392977174371481e-01
3.2826097133324921850672239997948054224253e-01
7.6587168403549699124965854934998787939548e-01
7.6447508000917319126443771892809309065342e-01
3.7822135432762576945364685343520250171423e-01
4.9618662466740193206504727641004137694836e-01
1.8535357262741325445887241585296578705311e-01
6.8006456555900618443644134458736516535282e-01
8.7462428926842128440455326199298724532127e-01
7.1674114133036381790731184082687832415104e-01
8.0361616547474501448533601433155126869678e-01
7.8334161326728679597408699919469654560089e-01
6.7246714753614444948226491760578937828541e-01
7.6447508000916974957306138094281777739525e-01
6.7703042701442472939277195109752938151360e-01
8.4798925578017303461564324607024900615215e-01
4.5902241117827591310174284444656223058701e-01
4.5228228532920927706939551171672064810991e-01
7.6575306128583575659973803340108133852482e-01
6.7630438080243160392512891121441498398781e-01
4.7691829750679526345180647695087827742100e-01
6.7630438080243227005894368630833923816681e-01
8.2957942087822000853947201903793029487133e-01
5.5306755702113652439777524705277755856514e-01
6.6850048505161885348258010708377696573734e-01
4.5228228532920927706939551171672064810991e-01
3.3670011269439464873798328881093766540289e-01
3.5044910538607254579801519867032766342163e-01
0.0000000000000000000000000000000000000000e+00
1.0187135080695260136440793985457275994122e-01
2.2898679928475906830698249905253760516644e-01
0.0000000000000000000000000000000000000000e+00
3.0265801220715338182287723611807450652122e-01
2.0573402455815234524116874581523006781936e-01
4.8354116293003496229729876176861580461264e-01
0.0000000000000000000000000000000000000000e+00
1.2282193399565592695221738495092722587287e-01
2.3420011354386718882558682253147708252072e-01
4.1497466940709104576967547473032027482986e-01
1.7758693124899394000237862201174721121788e-01
0.0000000000000000000000000000000000000000e+00
2.7035833694328292864383911364711821079254e-01
4.7405918292523713253316941518278326839209e-01
3.5421870413774741992440908688877243548632e-01
0.0000000000000000000000000000000000000000e+00
1.8535357262741325445887241585296578705311e-01
3.3670011269439464873798328881093766540289e-01
0.0000000000000000000000000000000000000000e+00
3.5044910538607254579801519867032766342163e-01
0.0000000000000000000000000000000000000000e+00
1.0187135080695260136440793985457275994122e-01
2.2898679928475906830698249905253760516644e-01
0.0000000000000000000000000000000000000000e+00
3.0265801220715338182287723611807450652122e-01
2.0573402455815234524116874581523006781936e-01
4.8354116293003496229729876176861580461264e-01
0.0000000000000000000000000000000000000000e+00
1.2282193399565592695221738495092722587287e-01
2.3420011354386718882558682253147708252072e-01
4.1497466940709104576967547473032027482986e-01
1.7758693124899394000237862201174721121788e-01
0.0000000000000000000000000000000000000000e+00
2.7035833694328292864383911364711821079254e-01
4.7405918292523713253316941518278326839209e-01
3.5421870413774741992440908688877243548632e-01
0.0000000000000000000000000000000000000000e+00
1.8535357262741325445887241585296578705311e-01
3.3670011269439464873798328881093766540289e-01
0.0000000000000000000000000000000000000000e+00
0.0000000000000000000000000000000000000000e+00
3.5044910538607254579801519867032766342163e-01
0.0000000000000000000000000000000000000000e+00
1.0187135080695260136440793985457275994122e-01
2.2898679928475906830698249905253760516644e-01
0.0000000000000000000000000000000000000000e+00
3.0265801220715338182287723611807450652122e-01
2.0573402455815234524116874581523006781936e-01
4.8354116293003496229729876176861580461264e-01
0.0000000000000000000000000000000000000000e+00
1.2282193399565592695221738495092722587287e-01
2.3420011354386718882558682253147708252072e-01
4.1497466940709104576967547473032027482986e-01
1.7758693124899394000237862201174721121788e-01
0.0000000000000000000000000000000000000000e+00
2.7035833694328292864383911364711821079254e-01
4.7405918292523713253316941518278326839209e-01
3.5421870413774741992440908688877243548632e-01
0.0000000000000000000000000000000000000000e+00
1.8535357262741325445887241585296578705311e-01
3.3670011269439464873798328881093766540289e-01
0.0000000000000000000000000000000000000000e+00
0.0000000000000000000000000000000000000000e+00
0.0000000000000000000000000000000000000000e+00
9.0660849126759487148774496745318174362183e+01
5.8081386545404045662621683732140809297562e-01
