1
0
23
7.4854920179036632532643125159665942192078e-01
3.8621307777769270375145538309880066663027e-01
3.7542525670511089908032431594619993120432e-01
7.7309175691821840903372731190756894648075e-01
0.0000000000000000000000000000000000000000e+00
6.8468965235139644942563563745352439582348e-01
6.0277298555572844662719944608397781848907e-01
1.4822954257603845884538884547509951516986e-01
8.7801413343111611720104292544419877231121e-01
7.0635172494507414420183977199485525488853e-01
6.2482969416864420075796715536853298544884e-01
3.7738137972149621290895993297453969717026e-01
6.8468965235140033520622182550141587853432e-01
1.0000000000000000000000000000000000000000e+00
1.0000000000000000000000000000000000000000e+00
1.0000000000000000000000000000000000000000e+00
0.0000000000000000000000000000000000000000e+00
9.0716183987169374258741072480916045606136e-01
5.3004991953400204529600614478113129734993e-01
5.1040547183589446422757873733644373714924e-01
6.4816883232837030348605367180425673723221e-01
1.0000000000000000000000000000000000000000e+00
4.5825867388201935170854994794353842735291e-01
6.6732904461148123687053157482296228408813e-01
4.8964100489508566305119074968388304114342e-01
5.7934676639287396859856471564853563904762e-01
7.7274616920008332154878871733671985566616e-01
1.0000000000000000000000000000000000000000e+00
6.4816883232837030348605367180425673723221e-01
2.3386156765561688652965699475316796451807e-01
6.2591249535232140743801210192032158374786e-01
9.8754398245715357962382086043362505733967e-01
7.4346601764407049817151573734008707106113e-01
7.4346601764407382884058961280970834195614e-01
7.2038870339035798728843928984133526682854e-01
9.5548987541910079812623735051602125167847e-01
7.4346601764407382884058961280970834195614e-01
4.7212801389407610397341841235174797475338e-01
5.8853637693884641723940376323298551142216e-01
7.4288923372786164200931580126052722334862e-01
4.5042742872822455479919767640240024775267e-01
6.3875821977363866910337719673407264053822e-01
5.1214462962820039848566011642105877399445e-01
4.5825867388201935170854994794353842735291e-01
4.8565467943219053914560845441883429884911e-01
5.7362371745204709938548148784320801496506e-01
0.0000000000000000000000000000000000000000e+00
7.3384583482933241072032615193165838718414e-01
8.0208854506596449773780932446243241429329e-01
8.4012954849590970596295846917200833559036e-01
9.7889258309539617375349962458130903542042e-01
8.1631328947230397119483313872478902339935e-01
6.5780062720975818191249118171981535851955e-01
8.0208854506596760636227827490074560046196e-01
7.9856115153687323715558932235580869019032e-01
1.0000000000000000000000000000000000000000e+00
1.8724963084023729664728818988805869594216e-01
6.8468965235140033520622182550141587853432e-01
7.7309175691822151765819626234588213264942e-01
7.0517853963649612669684074717224575579166e-01
8.6539988004877155258753873567911796271801e-01
6.0294700917894694658372145568137057125568e-01
7.3984711567092098505327157909050583839417e-01
9.7504467400414318589696449635084718465805e-01
1.0000000000000000000000000000000000000000e+00
6.4214852486325146863066493096994236111641e-01
4.8647900978923713788404370461648795753717e-01
3.2570652260793120369442021910799667239189e-01
7.0691898729742819185162261419463902711868e-01
4.7472846574266835961708466129493899643421e-01
5.5685270114645268879627337810234166681767e-01
6.6970364018160144503610808897064998745918e-01
7.7232142036001538709655278580612502992153e-01
6.4693784010648247573271873989142477512360e-01
5.3949209340653314637137327736127190291882e-01
8.0200454720104097372512796937371604144573e-01
6.6970364018160144503610808897064998745918e-01
9.2369319364490887203089641843689605593681e-01
9.2369319364491042634313089365605264902115e-01
4.0136183355675592032696386013412848114967e-01
4.9648185674147055079785673115111421793699e-01
1.0000000000000000000000000000000000000000e+00
8.0860051996566206788941144623095169663429e-01
1.0000000000000000000000000000000000000000e+00
1.0000000000000000000000000000000000000000e+00
8.0990989728680096160218226941651664674282e-01
1.0000000000000000000000000000000000000000e+00
1.0000000000000000000000000000000000000000e+00
1.0000000000000000000000000000000000000000e+00
4.9648185674147055079785673115111421793699e-01
5.3827227616664674592072969971923157572746e-01
6.9582497544125210264809311411227099597454e-01
4.9648185674147055079785673115111421793699e-01
6.4022941385937726099797373535693623125553e-01
9.5830602755747718024537107339710928499699e-01
7.8447885868877631487805501819821074604988e-01
7.7128713607435295251946172356838360428810e-01
9.9746636795118015506034225836629047989845e-01
5.8036945567663833500660075515042990446091e-01
9.8808650835958111713352991500869393348694e-01
7.6097403141198816101109514420386403799057e-01
5.0873199368590715785387601499678567051888e-01
4.3984027474785714062477381958160549402237e-01
4.3964571723325746033239624921407084912062e-01
1.0000000000000000000000000000000000000000e+00
7.6011347868408041250631868024356663227081e-01
1.0455452779486104630812803861772408708930e-02
6.4515637546397786028506970978924073278904e-01
8.1065345240486197386786670904257334768772e-01
7.4346601764407493906361423796624876558781e-01
7.0500094011185832076904489440494216978550e-01
9.5705815765649049353669397532939910888672e-01
7.2551644869204978682830642355838790535927e-01
7.1284708693258436174033931820304132997990e-01
7.4346601764407449497440438790363259613514e-01
7.6347936940824834284313737953198142349720e-01
6.2692400354685295926771004815236665308475e-01
7.6932434083190714968480961033492349088192e-01
6.6970364018160188912531793903326615691185e-01
6.7273588359832747762823146331356838345528e-01
8.4858931579197127703650949115399271249771e-01
2.0895901978302333645842736586928367614746e-01
6.2726766150381807474190054563223384320736e-01
7.8323108916277206503764318767935037612915e-01
6.9635737592722057875960217643296346068382e-01
6.7884936215930624658909664503880776464939e-01
6.9492744200068257143243499740492552518845e-01
6.7884936215929592151496763108298182487488e-01
7.2038870339036165102442055285791866481304e-01
7.2038870339035798728843928984133526682854e-01
8.3679026147636592636303021208732388913631e-01
8.7009418653977610436101031154976226389408e-01
7.9276466094410258378388789424207061529160e-01
6.4662632592788515939474791593966074287891e-01
6.6316843999848362756210917723365128040314e-01
9.3321567166736885123867750735371373593807e-01
6.6970364018159922459005883865756914019585e-01
4.6778217800480442756239085611014161258936e-01
7.1459017813080871750486267046653665602207e-01
7.1629241989185032934983610175549983978271e-01
6.2482969416864464484717700543114915490150e-01
7.4346601764407382884058961280970834195614e-01
1.0000000000000000000000000000000000000000e+00
6.1540414287380906799285185115877538919449e-01
7.0498917034741737097647273913025856018066e-01
8.0596242263943540518056352084386162459850e-01
4.9609919260397855600430716549453791230917e-01
7.1459017813080871750486267046653665602207e-01
6.4767818978738400659267426817677915096283e-01
7.4701279176645540847090387615025974810123e-01
6.9319207180387421018963323149364441633224e-01
9.8808650835959399572061556682456284761429e-01
7.4923046816791494251219774014316499233246e-01
6.2482969416864464484717700543114915490150e-01
3.6510945680539280688847725286905188113451e-01
7.5816857761701939022458418548922054469585e-01
1.0000000000000000000000000000000000000000e+00
1.0000000000000000000000000000000000000000e+00
9.8683179670241527592366992394090630114079e-01
5.9337805511330632413091734633781015872955e-01
7.0382353554513699123162950854748487472534e-01
5.7888675196455940952233731877640821039677e-01
7.0183235619594996901327021987526677548885e-01
8.2382404698077216220752916342462413012981e-01
6.7036465974998282746355471317656338214874e-01
7.9029812541284438776045817576232366263866e-01
6.9582497544125088140276602644007652997971e-01
5.7483418528416652115708984638331457972527e-01
4.7271813450831590142087179629015736281872e-01
7.0578051414146170117192014004103839397430e-01
9.2403685160187465363890169101068750023842e-01
7.4575717502129634794982848688960075378418e-01
0.0000000000000000000000000000000000000000e+00
8.5204745269459236656217626659781672060490e-01
7.6543554064548313675686586066149175167084e-01
6.2482969416864420075796715536853298544884e-01
9.5109751620524030091274880760465748608112e-01
8.3467870308926372935331983171636238694191e-01
5.3004991953399727133700025660800747573376e-01
6.4306132405063110013543337117880582809448e-01
1.0000000000000000000000000000000000000000e+00
4.3417305760960239746637512325833085924387e-01
8.4012954849591103823058801935985684394836e-01
7.4039647038554901037343825009884312748909e-01
6.3352744446322850624397915453300811350346e-01
6.0042338270741146821762868057703599333763e-01
4.3964571723325779339930363676103297621012e-01
7.4346601764407604928663886312278918921947e-01
8.4984268604526158608081232159747742116451e-01
5.9045109717948385252839216263964772224426e-01
4.4139941267595317331284832107485271990299e-01
2.2478430007181193772680671827401965856552e-01
6.8468965235140033520622182550141587853432e-01
7.6577950639190739412498487581615336239338e-01
7.7781069423793625094987191914697177708149e-01
8.7801413343111611720104292544419877231121e-01
9.2099118041350247487741853547049686312675e-01
7.4627514989374832410362614609766751527786e-01
7.8613226328954277644101011901511810719967e-01
7.7781069423793658401677930669393390417099e-01
9.0291534179816901328763378842268139123917e-01
4.8036924255309337850050610541075002402067e-01
5.3599083625084009696593057014979422092438e-01
8.4876755185063423869706866753404028713703e-01
6.7273588359832725558362653828226029872894e-01
5.4032926511966705707123992397100664675236e-01
7.4346601764407449497440438790363259613514e-01
8.6430012344425632964117767187417484819889e-01
6.6342285225690811323318030190421268343925e-01
6.7036465974999015493551723920973017811775e-01
6.0423636064733587947017667829641140997410e-01
3.8961816337775256879893959194305352866650e-01
3.7542525670511089908032431594619993120432e-01
1.4822954257603845884538884547509951516986e-01
1.4822954257603845884538884547509951516986e-01
3.7738137972149621290895993297453969717026e-01
1.4822954257603845884538884547509951516986e-01
4.5825867388201935170854994794353842735291e-01
2.3386156765561688652965699475316796451807e-01
4.7212801389407610397341841235174797475338e-01
1.4822954257603845884538884547509951516986e-01
1.8724963084023729664728818988805869594216e-01
3.2570652260793120369442021910799667239189e-01
4.0136183355675592032696386013412848114967e-01
4.9648185674147055079785673115111421793699e-01
1.4822954257603845884538884547509951516986e-01
2.0895901978302333645842736586928367614746e-01
4.6778217800480442756239085611014161258936e-01
3.6510945680539280688847725286905188113451e-01
1.4822954257603845884538884547509951516986e-01
2.2478430007181193772680671827401965856552e-01
3.8961816337775256879893959194305352866650e-01
1.4822954257603845884538884547509951516986e-01
3.7542525670511089908032431594619993120432e-01
0.0000000000000000000000000000000000000000e+00
1.4822954257603845884538884547509951516986e-01
3.7738137972149621290895993297453969717026e-01
0.0000000000000000000000000000000000000000e+00
4.5825867388201935170854994794353842735291e-01
2.3386156765561688652965699475316796451807e-01
4.7212801389407610397341841235174797475338e-01
0.0000000000000000000000000000000000000000e+00
1.8724963084023729664728818988805869594216e-01
3.2570652260793120369442021910799667239189e-01
4.0136183355675592032696386013412848114967e-01
4.9648185674147055079785673115111421793699e-01
1.0455452779486104630812803861772408708930e-02
2.0895901978302333645842736586928367614746e-01
4.6778217800480442756239085611014161258936e-01
3.6510945680539280688847725286905188113451e-01
0.0000000000000000000000000000000000000000e+00
2.2478430007181193772680671827401965856552e-01
3.8961816337775256879893959194305352866650e-01
1.4822954257603845884538884547509951516986e-01
0.0000000000000000000000000000000000000000e+00
3.7542525670511089908032431594619993120432e-01
0.0000000000000000000000000000000000000000e+00
1.4822954257603845884538884547509951516986e-01
3.7738137972149621290895993297453969717026e-01
0.0000000000000000000000000000000000000000e+00
4.5825867388201935170854994794353842735291e-01
2.3386156765561688652965699475316796451807e-01
4.7212801389407610397341841235174797475338e-01
0.0000000000000000000000000000000000000000e+00
1.8724963084023729664728818988805869594216e-01
3.2570652260793120369442021910799667239189e-01
4.0136183355675592032696386013412848114967e-01
4.9648185674147055079785673115111421793699e-01
1.0455452779486104630812803861772408708930e-02
2.0895901978302333645842736586928367614746e-01
4.6778217800480442756239085611014161258936e-01
3.6510945680539280688847725286905188113451e-01
0.0000000000000000000000000000000000000000e+00
2.2478430007181193772680671827401965856552e-01
3.8961816337775256879893959194305352866650e-01
1.4822954257603845884538884547509951516986e-01
0.0000000000000000000000000000000000000000e+00
0.0000000000000000000000000000000000000000e+00
9.0807262903552242505611502565443515777588e+01
1.0247759974870052079864990446367301046848e+00
