1
0
23
7.5584370576849135847652405573171563446522e-01
3.9816940566928638034482901275623589754105e-01
3.2835547432401335221641147654736414551735e-01
7.5871443282176986855347422533668577671051e-01
0.0000000000000000000000000000000000000000e+00
6.0000700828731956537609448787407018244267e-01
6.1662538051735993338553498688270337879658e-01
5.1525163743375901326260191126493737101555e-02
8.7815763204048558066006080480292439460754e-01
8.1262065779119807551467147277435287833214e-01
5.5616484835264567987422879014047794044018e-01
1.9783151845726362760835570497874869033694e-01
8.4925809007374220005459619642351754009724e-01
1.0000000000000000000000000000000000000000e+00
1.0000000000000000000000000000000000000000e+00
1.0000000000000000000000000000000000000000e+00
0.0000000000000000000000000000000000000000e+00
9.5524575887000995333409036902594380080700e-01
6.6765279121491816205491431901464238762856e-01
5.5889632563967162059981319544021971523762e-01
5.1907717709170342335056602678378112614155e-01
1.0000000000000000000000000000000000000000e+00
3.3192119753262211423461280901392456144094e-01
6.1928236189102026099106979017960838973522e-01
4.5351953053045046537761209037853404879570e-01
4.9151540680578242881182404744322411715984e-01
7.9499312094595353528347914107143878936768e-01
1.0000000000000000000000000000000000000000e+00
6.3294737485140106780789892582106404006481e-01
2.2871956070570653718476705762441270053387e-01
6.1091242360944775224851355233113281428814e-01
1.0000000000000000000000000000000000000000e+00
6.8515446995314233102902790051302872598171e-01
6.9267002880582750901083954886416904628277e-01
7.5986581520920626342530113106477074325085e-01
8.9829916776993212756963202991755679249763e-01
7.9633204639631738341876143749686889350414e-01
5.3286077900969130993757971737068146467209e-01
5.2855797062804243946487758876173757016659e-01
7.7154869757983446376670144672971218824387e-01
1.8751697022657454194671799996285699307919e-01
3.3433540761622759784899017176940105855465e-01
6.2447738677563058296016151871299371123314e-01
5.0489990932521111588471285358536988496780e-01
5.0489990932521111588471285358536988496780e-01
5.3286077900969130993757971737068146467209e-01
0.0000000000000000000000000000000000000000e+00
5.4091165118603068417968415815266780555248e-01
7.0719800962268175581471041368786245584488e-01
6.3546431159634875207586901524337008595467e-01
8.7815763204047692092046872858190909028053e-01
9.3136281703697088030224904287024401128292e-01
6.5591737124607207842785783213912509381771e-01
6.8966773227763966680470275605330243706703e-01
6.1336768066483249306486413843231275677681e-01
1.0000000000000000000000000000000000000000e+00
1.5040971222137228258119989732222165912390e-01
6.1726147861300306729503972746897488832474e-01
7.8134749004601977695472214691108092665672e-01
6.3546431159634142460390648921020328998566e-01
8.2972262918949768462084648490417748689651e-01
6.3318353058935294974673979595536366105080e-01
8.0942922341006462438883772847475484013557e-01
8.2972262918949557519709969710675068199635e-01
1.0000000000000000000000000000000000000000e+00
6.3270150784263567977916409290628507733345e-01
2.7301322660211607695757152214355301111937e-01
2.4104709450344197207982688269112259149551e-01
7.2533330780669902360102696547983214259148e-01
5.1990951171641996975125721291988156735897e-01
4.1367773066215751676111267443047836422920e-01
7.0203765956640318268711098426138050854206e-01
6.2008103921008128622816002462059259414673e-01
7.3693896743016495953781941352644935250282e-01
4.7306176013119222156788623578904662281275e-01
8.4749346800646052635386240581283345818520e-01
6.7573484911302394984033981018001213669777e-01
1.0000000000000000000000000000000000000000e+00
9.3420970790812729589447371836286038160324e-01
4.1367773066215751676111267443047836422920e-01
3.2835547432401335221641147654736414551735e-01
1.0000000000000000000000000000000000000000e+00
6.8515446995314233102902790051302872598171e-01
1.0000000000000000000000000000000000000000e+00
1.0000000000000000000000000000000000000000e+00
6.3180223531056389774107628909405320882797e-01
1.0000000000000000000000000000000000000000e+00
1.0000000000000000000000000000000000000000e+00
1.0000000000000000000000000000000000000000e+00
6.4132835184364989089544906164519488811493e-01
3.9322389530537077417804425749636720865965e-01
4.8589242152871103819222753372741863131523e-01
9.0262432380971535650360237923450767993927e-02
5.3722411238428435797942483986844308674335e-01
1.0000000000000000000000000000000000000000e+00
9.6947086980772012587692643137415871024132e-01
9.6947086980772012587692643137415871024132e-01
8.7047483171069139906705913745099678635597e-01
4.9338261000296945724130637245252728462219e-01
1.0000000000000000000000000000000000000000e+00
7.4212561689233735862103458202909678220749e-01
4.4837944698874654392284355708397924900055e-01
2.7301322660212001824930894144927151501179e-01
3.5127438983677539141581291914917528629303e-01
9.6162745334225840920794325938913971185684e-01
5.9850600081018667797394527951837517321110e-01
0.0000000000000000000000000000000000000000e+00
6.4215102180723504510240218223771080374718e-01
8.3741415703959609651008122455095872282982e-01
6.3582827097980376684915881924098357558250e-01
6.3795969521855666606313661759486421942711e-01
1.0000000000000000000000000000000000000000e+00
6.9625594007330449120019011388649232685566e-01
6.7717720384993829174646862156805582344532e-01
6.7717720384993829174646862156805582344532e-01
2.6905706632440251624416305276099592447281e-01
5.2708188931723587433708644311991520226002e-01
7.1503458985580237161627792374929413199425e-01
6.7573484911302394984033981018001213669777e-01
5.9991496241451802706734497405705042183399e-01
7.4063895682162372846590869812644086778164e-01
2.1482119320763293224274548265384510159492e-01
7.0163060803761445605175595119362697005272e-01
1.0000000000000000000000000000000000000000e+00
7.2023443095389871881906174166942946612835e-01
5.1907717709170342335056602678378112614155e-01
9.4846498329731854237678589925053529441357e-01
7.2109889519768077814632079025614075362682e-01
7.7415863081204738804785847605671733617783e-01
7.5986581520920637444760359358042478561401e-01
7.4998421622215172277492456487379968166351e-01
7.4789395331208652351051568984985351562500e-01
7.3435816838166689812794629688141867518425e-01
6.7573484911300607524964334515971131622791e-01
5.7468591050768935701853479258716106414795e-01
9.1885320227598565878679437446407973766327e-01
6.3795969521855422357248244225047528743744e-01
4.7438007243088681219589375359646510332823e-01
7.0163258069767375779690610215766355395317e-01
5.1990951171641996975125721291988156735897e-01
5.5616484835264567987422879014047794044018e-01
7.9899415150576658106729155406355857849121e-01
9.1976176029186040850049721484538167715073e-01
5.6961905616419972187003395447391085326672e-01
6.6832489536355321746441404684446752071381e-01
7.8676556769984073991253126223455183207989e-01
5.1549855797799337686626586219063028693199e-01
6.4132835184364878067242443648865446448326e-01
5.5075002490527880105730673676589503884315e-01
7.5894999622680892059634061297401785850525e-01
4.0904534933022407283687016388284973800182e-01
1.0000000000000000000000000000000000000000e+00
6.7717720384992996507378393289400264620781e-01
7.6262125493771382167551564634777605533600e-01
3.4520281552021297999388593780167866498232e-01
1.0000000000000000000000000000000000000000e+00
1.0000000000000000000000000000000000000000e+00
8.7959974196787937827934911183547228574753e-01
8.7959974196787782396711463661631569266319e-01
1.0000000000000000000000000000000000000000e+00
1.0000000000000000000000000000000000000000e+00
6.5479376525218091487090532609727233648300e-01
7.7592369087683343842343219876056537032127e-01
8.5373298240744388554190891227335669100285e-01
6.3038739037466684500543578906217589974403e-01
7.1304605546321653264385531656444072723389e-01
1.0000000000000000000000000000000000000000e+00
3.0830947445434464526670126360841095447540e-01
4.6959796903585826477467435324797406792641e-01
1.0000000000000000000000000000000000000000e+00
9.4080386028503804052292025517090223729610e-01
1.0000000000000000000000000000000000000000e+00
0.0000000000000000000000000000000000000000e+00
8.6279932717202312275617259729187935590744e-01
7.2551227435022769274297615993418730795383e-01
5.4697011823267494001754585042363032698631e-01
8.6326897553736114954148206379613839089870e-01
6.0141870387084006566169591678772121667862e-01
3.3192119753262211423461280901392456144094e-01
5.6973225608812572140493557526497170329094e-01
1.0000000000000000000000000000000000000000e+00
3.5158226984561780081861570579349063336849e-01
5.7606014538601879593215926433913409709930e-01
6.3546431159634164664851141424151137471199e-01
5.4396907942693339954587372631067410111427e-01
5.2081344863199552364108058100100606679916e-01
3.4687502930966485070740645824116654694080e-01
7.4496539030975483797192282509058713912964e-01
7.9132242272601016619404390439740382134914e-01
3.7340087603716803910103294583677779883146e-01
3.9246820890098255141253957845037803053856e-01
1.6772069972271219651105411685421131551266e-01
6.8602107404969503434699618082959204912186e-01
8.3741415703959609651008122455095872282982e-01
7.2023443095390415891188240493647754192352e-01
7.7100855680620306031869404250755906105042e-01
8.2046452407151049257549857429694384336472e-01
6.5591737124607729647607357037486508488655e-01
7.8638721461796912137742765480652451515198e-01
6.5782353284323280551149082384654320776463e-01
7.7536027802983620293986177784972824156284e-01
4.8114846147926820796314473227539565414190e-01
4.4848223287475308396210493810940533876419e-01
7.5894999622680847650713076291140168905258e-01
5.9991496241451802706734497405705042183399e-01
4.6207938486069694006275199171795975416899e-01
5.9991561996787590160806757921818643808365e-01
8.2182741549814442016952398262219503521919e-01
5.3358623299131724415644839609740301966667e-01
6.3038739037465618686439938755938783288002e-01
4.3928750275478234410542199839255772531033e-01
2.8411331381666071749236834875773638486862e-01
3.2835547432401335221641147654736414551735e-01
0.0000000000000000000000000000000000000000e+00
5.1525163743375901326260191126493737101555e-02
1.9783151845726362760835570497874869033694e-01
0.0000000000000000000000000000000000000000e+00
3.3192119753262211423461280901392456144094e-01
2.2871956070570653718476705762441270053387e-01
5.3286077900969130993757971737068146467209e-01
0.0000000000000000000000000000000000000000e+00
1.5040971222137228258119989732222165912390e-01
2.4104709450344197207982688269112259149551e-01
4.1367773066215751676111267443047836422920e-01
9.0262432380971535650360237923450767993927e-02
0.0000000000000000000000000000000000000000e+00
2.1482119320763293224274548265384510159492e-01
4.7438007243088681219589375359646510332823e-01
3.4520281552021297999388593780167866498232e-01
0.0000000000000000000000000000000000000000e+00
1.6772069972271219651105411685421131551266e-01
2.8411331381666071749236834875773638486862e-01
0.0000000000000000000000000000000000000000e+00
3.2835547432401335221641147654736414551735e-01
0.0000000000000000000000000000000000000000e+00
5.1525163743375901326260191126493737101555e-02
1.9783151845726362760835570497874869033694e-01
0.0000000000000000000000000000000000000000e+00
3.3192119753262211423461280901392456144094e-01
2.2871956070570653718476705762441270053387e-01
5.3286077900969130993757971737068146467209e-01
0.0000000000000000000000000000000000000000e+00
1.5040971222137228258119989732222165912390e-01
2.4104709450344197207982688269112259149551e-01
4.1367773066215751676111267443047836422920e-01
9.0262432380971535650360237923450767993927e-02
0.0000000000000000000000000000000000000000e+00
2.1482119320763293224274548265384510159492e-01
4.7438007243088681219589375359646510332823e-01
3.4520281552021297999388593780167866498232e-01
0.0000000000000000000000000000000000000000e+00
1.6772069972271219651105411685421131551266e-01
2.8411331381666071749236834875773638486862e-01
0.0000000000000000000000000000000000000000e+00
0.0000000000000000000000000000000000000000e+00
3.2835547432401335221641147654736414551735e-01
0.0000000000000000000000000000000000000000e+00
5.1525163743375901326260191126493737101555e-02
1.9783151845726362760835570497874869033694e-01
0.0000000000000000000000000000000000000000e+00
3.3192119753262211423461280901392456144094e-01
2.2871956070570653718476705762441270053387e-01
5.3286077900969130993757971737068146467209e-01
0.0000000000000000000000000000000000000000e+00
1.5040971222137228258119989732222165912390e-01
2.4104709450344197207982688269112259149551e-01
4.1367773066215751676111267443047836422920e-01
9.0262432380971535650360237923450767993927e-02
0.0000000000000000000000000000000000000000e+00
2.1482119320763293224274548265384510159492e-01
4.7438007243088681219589375359646510332823e-01
3.4520281552021297999388593780167866498232e-01
0.0000000000000000000000000000000000000000e+00
1.6772069972271219651105411685421131551266e-01
2.8411331381666071749236834875773638486862e-01
0.0000000000000000000000000000000000000000e+00
0.0000000000000000000000000000000000000000e+00
0.0000000000000000000000000000000000000000e+00
9.2007526716552192169729096349328756332397e+01
5.4922882269815842537497019293368794023991e-01
