1
0
23
7.4347060996814329225657047572894953191280e-01
4.0474502314057908547439978974580299109221e-01
3.5763770677032513667370494658825919032097e-01
7.6290096765850312632295526782399974763393e-01
0.0000000000000000000000000000000000000000e+00
5.7776237836265009750746912686736322939396e-01
6.0594275110597195510564461073954589664936e-01
3.9032453035566488930285800051933620125055e-02
9.0695188160642603580896548010059632360935e-01
8.1849240365921616113809022863279096782207e-01
5.5934856834134050185269870780757628381252e-01
2.0875848412725095393227547901915386319160e-01
8.1091172100366648578528838697820901870728e-01
1.0000000000000000000000000000000000000000e+00
1.0000000000000000000000000000000000000000e+00
1.0000000000000000000000000000000000000000e+00
0.0000000000000000000000000000000000000000e+00
9.8153012370118242202465808077249675989151e-01
6.5809611391575284500277120969258248806000e-01
5.6244131835146682352188918230240233242512e-01
4.4989349582076804123786928357731085270643e-01
1.0000000000000000000000000000000000000000e+00
4.1457611466206745198803673702059313654900e-01
6.3175539423121951365658333088504150509834e-01
4.6933997136575045239226255944231525063515e-01
5.2651669075395413077700368376099504530430e-01
7.8556468359014997027145454921992495656013e-01
1.0000000000000000000000000000000000000000e+00
6.3175539423122850646308279465301893651485e-01
2.1754066594698084902148593755555339157581e-01
6.3660651572067961101453192895860411226749e-01
1.0000000000000000000000000000000000000000e+00
6.5975294989375210530369031403097324073315e-01
7.1337659496710126294516385314636863768101e-01
7.5906904781901518575182308268267661333084e-01
9.1263880469011726681571872177300974726677e-01
8.0893096947944842511901697434950619935989e-01
5.6151926459629586396715694718295708298683e-01
5.6151926459629519783334217208903282880783e-01
8.0858474382748424247324692260008305311203e-01
2.4699894362389751556463579618139192461967e-01
3.9187241686876506108205830969382077455521e-01
5.8895432894058874495613054023124277591705e-01
5.8319993887376009311651614552829414606094e-01
5.9552870756834241916521932580508291721344e-01
5.6151926459629586396715694718295708298683e-01
0.0000000000000000000000000000000000000000e+00
5.0839900607577903635103666601935401558876e-01
7.2520770311902860161268336014472879469395e-01
6.0594275110597195510564461073954589664936e-01
9.0695188160642614683126794261625036597252e-01
8.8279940460958794545831551658920943737030e-01
7.0613590960660577167118390207178890705109e-01
6.6054100356866451981829868600470945239067e-01
6.1787263302516970409072882830514572560787e-01
1.0000000000000000000000000000000000000000e+00
1.2597989690131519702198659160785609856248e-01
6.0243652722079343853067712188931182026863e-01
8.2058166721943825994145527147338725626469e-01
6.0594275110597139999413229816127568483353e-01
8.1225940554013054129001147884991951286793e-01
6.7800733107452448855667626048671081662178e-01
7.8976282519099760826009060110663995146751e-01
8.1225940554013054129001147884991951286793e-01
1.0000000000000000000000000000000000000000e+00
6.6272121847197473787360877395258285105228e-01
2.5323475215175572650139201869023963809013e-01
2.3372149053313984179425233378424309194088e-01
7.4240929738346661537207182846032083034515e-01
5.2447181428292033444904518546536564826965e-01
4.1086009720304217385233869208605028688908e-01
7.1337659496710081885595400308375246822834e-01
5.7249515183620969249744803164503537118435e-01
7.3950581075397936459125958208460360765457e-01
4.9961034792280473171288690537039656192064e-01
8.8494606611319648337143917160574346780777e-01
7.1337659496710081885595400308375246822834e-01
9.7857767023677233453327062306925654411316e-01
9.7857767023677411089011002331972122192383e-01
4.1086009720304217385233869208605028688908e-01
3.5763770677032513667370494658825919032097e-01
1.0000000000000000000000000000000000000000e+00
7.0417137144832042672248917369870468974113e-01
1.0000000000000000000000000000000000000000e+00
1.0000000000000000000000000000000000000000e+00
5.7819873074818428637655642887693829834461e-01
1.0000000000000000000000000000000000000000e+00
1.0000000000000000000000000000000000000000e+00
1.0000000000000000000000000000000000000000e+00
7.0931997448870109934659922146238386631012e-01
4.0950204230528730597882258734898641705513e-01
4.5114752697806825842974376428173854947090e-01
7.9504307516120920062974164466140791773796e-02
5.0009260926269205604910439433297142386436e-01
1.0000000000000000000000000000000000000000e+00
9.7123022663530367282191946287639439105988e-01
9.7123022663530367282191946287639439105988e-01
7.5637672032273428612825227901339530944824e-01
4.8311725463520960310859209130285307765007e-01
1.0000000000000000000000000000000000000000e+00
7.6327529785512326920837722354917787015438e-01
5.3022692815271765809370663191657513380051e-01
2.5323475215175572650139201869023963809013e-01
3.3647294106972036598079967006924562156200e-01
9.9676054384607715164179353450890630483627e-01
6.0475284265938455963151909600128419697285e-01
0.0000000000000000000000000000000000000000e+00
6.5758309563645056528002896811813116073608e-01
8.7393572641599714945215282568824477493763e-01
5.7948058971331262156923003203701227903366e-01
6.2750628650520834383996771066449582576752e-01
1.0000000000000000000000000000000000000000e+00
7.0964974925389934234942757029784843325615e-01
6.9736509356279330340555588918505236506462e-01
6.9736509356279330340555588918505236506462e-01
2.9097110347163157584304826741572469472885e-01
5.0976537308482161581224545443546958267689e-01
7.3743263479741572030690122119267471134663e-01
7.0603235888363835570658011420164257287979e-01
6.7314822465761081637936058541527017951012e-01
7.4380290654175418296745192492380738258362e-01
2.0646617224829588721490836178418248891830e-01
7.1786004665938463187302431833813898265362e-01
1.0000000000000000000000000000000000000000e+00
7.5906904781901451961800830758875235915184e-01
4.9726112694812113490527849535283166915178e-01
9.1954120520253834758506172875058837234974e-01
6.5809611391574973637830225925426930189133e-01
7.8120999477937225208279414800927042961121e-01
7.5906904781901451961800830758875235915184e-01
7.8224201766380019318347649459610693156719e-01
7.7357875665677788834528882944141514599323e-01
7.1262830776774432894882238542777486145496e-01
6.7206566221575603226057182837394066154957e-01
6.5922255219777481372034344531130045652390e-01
8.9959534240870475674256567799602635204792e-01
6.2750628650520567930470861028879880905151e-01
4.9726112694812113490527849535283166915178e-01
7.2919152608135751059137419360922649502754e-01
5.3823937794174570026228821006952784955502e-01
5.5934856834134050185269870780757628381252e-01
8.0633042645726571429065643314970657229424e-01
8.2136294642916818364852815648191608488560e-01
6.3620944018388769780614211413194425404072e-01
6.7978109102311512490501854699687100946903e-01
8.0337757643147866826183189914445392787457e-01
5.4125479780932506113089175414643250405788e-01
6.2204843241481821980443100983393378555775e-01
5.2883169385467643230924750241683796048164e-01
7.5277881637049681717854809903656132519245e-01
4.5114752697806670411750928906258195638657e-01
1.0000000000000000000000000000000000000000e+00
6.9736509356279086091490171384066343307495e-01
7.8120999477937225208279414800927042961121e-01
3.8897225498490434203446852734487038105726e-01
1.0000000000000000000000000000000000000000e+00
1.0000000000000000000000000000000000000000e+00
9.0695188160642759012119995531975291669369e-01
9.0695188160642636887587286764755845069885e-01
1.0000000000000000000000000000000000000000e+00
8.7667050004392521600493637379258871078491e-01
6.3614194219606323699167660379316657781601e-01
7.8139357194521141813936537801055237650871e-01
7.8304543064987297551482470225892029702663e-01
6.8598876648697748592553580238018184900284e-01
6.8523388897716119849690130649833008646965e-01
1.0000000000000000000000000000000000000000e+00
3.0240826424048750098450000223238021135330e-01
4.3383682391305194991915072932897601276636e-01
1.0000000000000000000000000000000000000000e+00
9.7944876339906317141981162421870976686478e-01
1.0000000000000000000000000000000000000000e+00
0.0000000000000000000000000000000000000000e+00
8.7283068512232908631176542257890105247498e-01
7.7339743779143343971327340113930404186249e-01
4.8945834134849941499112446763319894671440e-01
8.7283068512232842017795064748497679829597e-01
1.0000000000000000000000000000000000000000e+00
4.1457611466206745198803673702059313654900e-01
5.2925697805935634221441432600840926170349e-01
1.0000000000000000000000000000000000000000e+00
8.6880506772607735133107098590699024498463e-01
6.0594275110597206612794707325519993901253e-01
6.0594275110597139999413229816127568483353e-01
5.1926781470514193905785305105382576584816e-01
4.7574898337513815693711194398929364979267e-01
3.3647294106972036598079967006924562156200e-01
7.2291990250192417200025829515652731060982e-01
8.2486353446163906966148715582676231861115e-01
4.1741381257714810226744361898454371839762e-01
5.1000637419016781048952680066577158868313e-01
1.4748839665355575889726935656653949990869e-01
6.9564688221213033525458513395278714597225e-01
8.7393572641599714945215282568824477493763e-01
7.5906904781901518575182308268267661333084e-01
7.8259512052156010586401180262328125536442e-01
8.3346409671513033146084126201458275318146e-01
7.0613590960660588269348636458744294941425e-01
7.8416284480515885402240883195190690457821e-01
6.3660651572067428194401372820721007883549e-01
8.4681503467967833564955526526318863034248e-01
4.8557720497641593260240711060760077089071e-01
4.6195722904498348615476288614445365965366e-01
7.3572014422582121540017396910116076469421e-01
6.7314822465761381398152707333792932331562e-01
4.8882673408563942496485310584830585867167e-01
6.3815275175650776340319225710118189454079e-01
8.2742507209281568325565103805274702608585e-01
5.8436872297437492118632462734240107238293e-01
6.8598876648698103863921460288111120462418e-01
4.1741381257714810226744361898454371839762e-01
3.2093579581689990476434104493819177150726e-01
3.5763770677032513667370494658825919032097e-01
0.0000000000000000000000000000000000000000e+00
3.9032453035566488930285800051933620125055e-02
2.0875848412725095393227547901915386319160e-01
0.0000000000000000000000000000000000000000e+00
4.1457611466206745198803673702059313654900e-01
2.1754066594698084902148593755555339157581e-01
5.6151926459629586396715694718295708298683e-01
0.0000000000000000000000000000000000000000e+00
1.2597989690131519702198659160785609856248e-01
2.3372149053313984179425233378424309194088e-01
4.1086009720304217385233869208605028688908e-01
7.9504307516120920062974164466140791773796e-02
0.0000000000000000000000000000000000000000e+00
2.0646617224829588721490836178418248891830e-01
4.9726112694812113490527849535283166915178e-01
3.8897225498490434203446852734487038105726e-01
0.0000000000000000000000000000000000000000e+00
1.4748839665355575889726935656653949990869e-01
3.2093579581689990476434104493819177150726e-01
0.0000000000000000000000000000000000000000e+00
3.5763770677032513667370494658825919032097e-01
0.0000000000000000000000000000000000000000e+00
3.9032453035566488930285800051933620125055e-02
2.0875848412725095393227547901915386319160e-01
0.0000000000000000000000000000000000000000e+00
4.1457611466206745198803673702059313654900e-01
2.1754066594698084902148593755555339157581e-01
5.6151926459629586396715694718295708298683e-01
0.0000000000000000000000000000000000000000e+00
1.2597989690131519702198659160785609856248e-01
2.3372149053313984179425233378424309194088e-01
4.1086009720304217385233869208605028688908e-01
7.9504307516120920062974164466140791773796e-02
0.0000000000000000000000000000000000000000e+00
2.0646617224829588721490836178418248891830e-01
4.9726112694812113490527849535283166915178e-01
3.8897225498490434203446852734487038105726e-01
0.0000000000000000000000000000000000000000e+00
1.4748839665355575889726935656653949990869e-01
3.2093579581689990476434104493819177150726e-01
0.0000000000000000000000000000000000000000e+00
0.0000000000000000000000000000000000000000e+00
3.5763770677032513667370494658825919032097e-01
0.0000000000000000000000000000000000000000e+00
3.9032453035566488930285800051933620125055e-02
2.0875848412725095393227547901915386319160e-01
0.0000000000000000000000000000000000000000e+00
4.1457611466206745198803673702059313654900e-01
2.1754066594698084902148593755555339157581e-01
5.6151926459629586396715694718295708298683e-01
0.0000000000000000000000000000000000000000e+00
1.2597989690131519702198659160785609856248e-01
2.3372149053313984179425233378424309194088e-01
4.1086009720304217385233869208605028688908e-01
7.9504307516120920062974164466140791773796e-02
0.0000000000000000000000000000000000000000e+00
2.0646617224829588721490836178418248891830e-01
4.9726112694812113490527849535283166915178e-01
3.8897225498490434203446852734487038105726e-01
0.0000000000000000000000000000000000000000e+00
1.4748839665355575889726935656653949990869e-01
3.2093579581689990476434104493819177150726e-01
0.0000000000000000000000000000000000000000e+00
0.0000000000000000000000000000000000000000e+00
0.0000000000000000000000000000000000000000e+00
9.2856994823706116903849761001765727996826e+01
5.1517474443137323270036631583934649825096e-01
