1
0
23
6.6693358712880101979436631154385395348072e-01
4.3005274786289693356167163074132986366749e-01
4.8634501212072289710874883894575759768486e-01
7.8380479476168940511371374668669886887074e-01
4.1038710549582468889440178827499039471149e-01
8.1447625315716865035398086547502316534519e-01
7.9895569604668648100442851500702090561390e-01
4.1298348507639048854400698473909869790077e-01
7.9085284336788830295006391679635271430016e-01
8.9691300979873267440467543565318919718266e-01
7.2363251210002610402938216793700121343136e-01
3.8594566398862983902517953538335859775543e-01
7.1721421318388789423181606252910569310188e-01
9.3324960554088620678925281026749871671200e-01
9.8477274171726680851435276053962297737598e-01
9.4328790302311527060652451837086118757725e-01
0.0000000000000000000000000000000000000000e+00
8.6301873856588739997164339001756161451340e-01
7.5325404018864916544373500073561444878578e-01
8.4087296500640196228459899430163204669952e-01
8.0344077353363907434413704322651028633118e-01
8.2286386326485316811130132919060997664928e-01
4.3018931473242716378990735393017530441284e-01
8.1420477288532688842082052360638044774532e-01
7.5325404018864916544373500073561444878578e-01
8.0043049003950972331011826099711470305920e-01
7.0670871470515217449559486340149305760860e-01
9.0827240275172438366269034304423257708549e-01
7.6573575978962027388519118176191113889217e-01
4.1452818665820684307377064214961137622595e-01
7.1583152544127082173019971378380432724953e-01
8.1680035997789923740697304310742765665054e-01
8.1217774931694031170792413831804879009724e-01
7.4708827194571536534084543745848350226879e-01
5.8901653381795637809403842766187153756618e-01
7.9852027822173987647857984484289772808552e-01
8.5357498888183158669562544673681259155273e-01
2.0639834703491799494656788738211616873741e-01
9.6087976893128135280619517288869246840477e-01
7.3987150056530959219003307225648313760757e-01
7.5395253213755075716306919275666587054729e-01
8.2635765021038254385388199807493947446346e-01
1.0000000000000000000000000000000000000000e+00
7.4648705572024742771475303015904501080513e-01
8.0042422445087080262737799785099923610687e-01
9.2991357486383807717800209502456709742546e-01
4.5424041743868515119686435355106368660927e-01
7.1583152544127104377480463881511241197586e-01
9.6463648550209191157023269624914973974228e-01
9.5963436731346474228843135279021225869656e-01
9.7452134054770001014844638120848685503006e-01
4.9717094836573116900524382799630984663963e-01
1.0000000000000000000000000000000000000000e+00
9.4012733670107029304574552952544763684273e-01
9.2598062817938098234549215703736990690231e-01
8.4142224204968463219245222717290744185448e-01
4.3020648926219928753766907902900129556656e-01
6.9514138829239691119710187194868922233582e-01
9.0368497461951835525439946650294587016106e-01
9.9445611279924861491963383741676807403564e-01
9.1526576175969209803184867269010283052921e-01
7.0336826378181049879145803060964681208134e-01
8.9255762052486975477449959726072847843170e-01
9.0638359576482052659684995887801051139832e-01
8.7049878627670562725171521378797478973866e-01
9.0129377031163782074685286715975962579250e-01
6.4808859200532975552988546041888184845448e-01
4.8619977088421056921063723166298586875200e-01
7.6008011815712073211415145124192349612713e-01
6.9053667588506084662469675095053389668465e-01
8.5453657833619545147740836910088546574116e-01
7.7565350886079398318173616644344292581081e-01
1.0000000000000000000000000000000000000000e+00
7.6573575978962105104130841937148943543434e-01
6.9113479676298583687099608141579665243626e-01
7.7171671363867899717803311432362534105778e-01
8.2635765021038254385388199807493947446346e-01
1.0000000000000000000000000000000000000000e+00
9.7829149064957798831443369635962881147861e-01
3.9660483943876945200912587097263894975185e-01
6.4859580771521296860271377227036282420158e-01
8.3630698785407098228006361750885844230652e-01
8.9989208129778563982625882999855093657970e-01
9.7015018609651515468783600226743146777153e-01
4.5586885613917149662199790327576920390129e-01
8.6524252514495603172406390513060614466667e-01
7.3773275708597330080351639480795711278915e-01
7.7348084414785001072800696420017629861832e-01
9.0359655682639894447305550784221850335598e-01
6.7094915142412336894750524152186699211597e-01
6.3990925422550493095741330762393772602081e-01
8.5989040030996366503757144528208300471306e-01
3.3243444078155071075286741688614711165428e-01
7.4991008592400598686822377203498035669327e-01
9.5434792168997961692156195567804388701916e-01
1.0000000000000000000000000000000000000000e+00
9.3357858310382668687310570021509192883968e-01
8.5712785667101942799206426570890471339226e-01
8.5617956665171235375311198367853648960590e-01
9.6856411088490390604022195475408807396889e-01
9.7447385956217047464633651543408632278442e-01
8.2323886689128533689085998048540204763412e-01
6.9733888797508614132425464049447327852249e-01
6.7248876285612946279712787145399488508701e-01
9.6084607216732620393884189979871734976768e-01
7.3921839014675239099005921161733567714691e-01
4.0363915473209066586690596523112617433071e-01
7.3972660303585735519504851254168897867203e-01
9.3568631024926429695653951057465746998787e-01
8.8997080086011470800855249763117171823978e-01
7.9253474819271940710052604117663577198982e-01
8.0824772109682896381599448432098142802715e-01
8.5374683036139409342268891123239882290363e-01
8.1420477288532688842082052360638044774532e-01
8.3604723846894479777347441995516419410706e-01
9.4896242668574171119644233840517699718475e-01
9.2031882992465963155837016529403626918793e-01
8.9658314905364044911095788847887888550758e-01
8.4764846824036277350700174793018959462643e-01
9.1095153554038899024192232900531962513924e-01
1.0000000000000000000000000000000000000000e+00
3.2110472048971772096592758316546678543091e-01
6.9753501957268648769883157001459039747715e-01
8.9222743485552058473331271670758724212646e-01
8.1231454612051656738458405015990138053894e-01
7.9253474819271629847605709073832258582115e-01
5.8483588766064431574420723336515948176384e-01
8.6883716314795578217200500148464925587177e-01
8.0502236756744527390594612370477989315987e-01
7.4241456304474917615721096808556467294693e-01
8.2962342092836482976281331502832472324371e-01
8.9131722381821498757403787749353796243668e-01
8.9961569788509498923900764566496945917606e-01
7.7095864132094460430266735784243792295456e-01
8.3374489888584524255321639429894275963306e-01
9.2492330759563867736972042621346190571785e-01
7.9309345627544591827984277188079431653023e-01
4.5776495781280063246398981391394045203924e-01
6.5886248618745812954955454188166186213493e-01
7.9543149021086989591822202783077955245972e-01
7.6317608302496664496317180237383581697941e-01
7.9706639269618440035714002078748308122158e-01
6.1675644241198213091337265723268501460552e-01
8.2635765021038731781288788624806329607964e-01
8.2201201586115302255564074584981426596642e-01
7.7510578727087697803455057510291226208210e-01
8.2635765021038731781288788624806329607964e-01
7.2763887215653577644758343012654222548008e-01
7.7510578727087864336908751283772289752960e-01
7.3660839185440196708043458784231916069984e-01
7.0055467050538722251218359815538860857487e-01
7.7742853133212186378386832075193524360657e-01
7.6221795426738936374277955110301263630390e-01
6.4911366757418020867476116109173744916916e-01
4.3425181015664504613482677086722105741501e-01
7.0751717530758895247089412805507890880108e-01
7.4446007185635165726012019149493426084518e-01
8.7311680310743011723673134838463738560677e-01
9.7108224911087204223036906114430166780949e-01
8.2239484408715568530823247783700935542583e-01
9.1657487317768038259657714661443606019020e-01
9.2029640765891040921076182712567970156670e-01
8.7484993141190658949568614843883551657200e-01
9.2029640765890763365320026423432864248753e-01
8.0502236756744527390594612370477989315987e-01
6.9250803485801992742665333935292437672615e-01
8.6346092571973354079517548598232679069042e-01
7.6099996441574435657173580693779513239861e-01
6.6638616826040752982862613862380385398865e-01
1.0000000000000000000000000000000000000000e+00
8.0502236756744527390594612370477989315987e-01
7.8085677872406378252634340242366306483746e-01
0.0000000000000000000000000000000000000000e+00
7.3863431562372339200805981818120926618576e-01
7.9415915247005008925640368033782579004765e-01
7.9398871449283425771881184118683449923992e-01
8.7159092209528155059672371862689033150673e-01
6.4497248977786036938653069228166714310646e-01
8.6243884619499477928172836982412263751030e-01
8.2201201586115091313189395805238746106625e-01
7.8141741032255118692972928329254500567913e-01
6.1635689037148644331409741425886750221252e-01
7.5015308219322329730260889846249483525753e-01
7.3863431562372094951740564283682033419609e-01
8.3649515043614341980315884939045645296574e-01
7.6987525046406402040588545787613838911057e-01
6.4672266790875376774039295924012549221516e-01
8.9045901281794026527194318987312726676464e-01
7.9398871449283425771881184118683449923992e-01
7.0087959402117960827638398768613114953041e-01
6.1674521017838446201864144313731230795383e-01
3.7669627454319687398509586273576132953167e-01
6.5171204634132340327568044813233427703381e-01
9.2875145448323093155806873255642130970955e-01
1.0000000000000000000000000000000000000000e+00
9.4328790302311160687054325535427778959274e-01
7.3167253282942890102447108802152797579765e-01
9.0352433966852485625054214324336498975754e-01
8.9484487914101296102131755105801858007908e-01
9.3774886282876679377551454308559186756611e-01
9.2875145448323093155806873255642130970955e-01
5.9755784660623390003308941231807693839073e-01
6.5171204634131962851739672260009683668613e-01
9.2364366390544094809200714735197834670544e-01
7.3862407259613693799593647781875915825367e-01
8.0238416296750225686906787814223207533360e-01
9.0352433966852496727284460575901903212070e-01
9.0392596081110054839768963574897497892380e-01
7.2706183643124133730850644496968016028404e-01
5.0996306323355022893650811965926550328732e-01
8.4627888148500629572623665808350779116154e-01
4.2299046589388816785870517378498334437609e-01
4.8634501212072289710874883894575759768486e-01
4.1038710549582468889440178827499039471149e-01
4.1298348507639048854400698473909869790077e-01
3.8594566398862983902517953538335859775543e-01
2.0639834703491799494656788738211616873741e-01
4.3018931473242716378990735393017530441284e-01
4.1452818665820684307377064214961137622595e-01
2.0639834703491799494656788738211616873741e-01
4.5424041743868515119686435355106368660927e-01
4.3020648926219928753766907902900129556656e-01
4.8619977088421056921063723166298586875200e-01
3.9660483943876945200912587097263894975185e-01
3.3243444078155071075286741688614711165428e-01
4.0363915473209066586690596523112617433071e-01
3.2110472048971772096592758316546678543091e-01
4.5776495781280063246398981391394045203924e-01
4.3425181015664504613482677086722105741501e-01
2.0639834703491799494656788738211616873741e-01
3.7669627454319687398509586273576132953167e-01
4.2299046589388816785870517378498334437609e-01
2.0639834703491799494656788738211616873741e-01
4.8634501212072289710874883894575759768486e-01
4.1038710549582468889440178827499039471149e-01
4.1298348507639048854400698473909869790077e-01
3.8594566398862983902517953538335859775543e-01
0.0000000000000000000000000000000000000000e+00
4.3018931473242716378990735393017530441284e-01
4.1452818665820684307377064214961137622595e-01
2.0639834703491799494656788738211616873741e-01
4.5424041743868515119686435355106368660927e-01
4.3020648926219928753766907902900129556656e-01
4.8619977088421056921063723166298586875200e-01
3.9660483943876945200912587097263894975185e-01
3.3243444078155071075286741688614711165428e-01
4.0363915473209066586690596523112617433071e-01
3.2110472048971772096592758316546678543091e-01
4.5776495781280063246398981391394045203924e-01
4.3425181015664504613482677086722105741501e-01
0.0000000000000000000000000000000000000000e+00
3.7669627454319687398509586273576132953167e-01
4.2299046589388816785870517378498334437609e-01
2.0639834703491799494656788738211616873741e-01
0.0000000000000000000000000000000000000000e+00
4.8634501212072289710874883894575759768486e-01
4.1038710549582468889440178827499039471149e-01
4.1298348507639048854400698473909869790077e-01
3.8594566398862983902517953538335859775543e-01
0.0000000000000000000000000000000000000000e+00
4.3018931473242716378990735393017530441284e-01
4.1452818665820684307377064214961137622595e-01
2.0639834703491799494656788738211616873741e-01
4.5424041743868515119686435355106368660927e-01
4.3020648926219928753766907902900129556656e-01
4.8619977088421056921063723166298586875200e-01
3.9660483943876945200912587097263894975185e-01
3.3243444078155071075286741688614711165428e-01
4.0363915473209066586690596523112617433071e-01
3.2110472048971772096592758316546678543091e-01
4.5776495781280063246398981391394045203924e-01
4.3425181015664504613482677086722105741501e-01
0.0000000000000000000000000000000000000000e+00
3.7669627454319687398509586273576132953167e-01
4.2299046589388816785870517378498334437609e-01
2.0639834703491799494656788738211616873741e-01
0.0000000000000000000000000000000000000000e+00
0.0000000000000000000000000000000000000000e+00
8.4406364749082015919157129246741533279419e+01
9.8499894355099171239231736763031221926212e-01
