1
0
23
6.6008175254943901588688959236606024205685e-01
3.9922559579740285462534643556864466518164e-01
4.2650072541413791560316326467727776616812e-01
7.2150284025501509876932004772243089973927e-01
4.0596110925297557159296957252081483602524e-01
7.3545935081849900250006157875759527087212e-01
7.8752859694777466170734214756521396338940e-01
3.8133403915908248293931137595791369676590e-01
6.8666618254638001062062357959803193807602e-01
8.7916306217970552339124878926668316125870e-01
7.1451680548756335564775099555845372378826e-01
3.8037592304325118508501191172399558126926e-01
6.4684219096491091249845339916646480560303e-01
9.0286840007684565634349382889922708272934e-01
1.0000000000000000000000000000000000000000e+00
9.0438102910421735991519653907744213938713e-01
0.0000000000000000000000000000000000000000e+00
7.7431459742092567655191714948159642517567e-01
7.1114305885364970105655402221600525081158e-01
9.0492518591718007492374908906640484929085e-01
7.7221633185217319894633192234323360025883e-01
7.8197839306204919296305888565257191658020e-01
5.1053472151103262977045460502267815172672e-01
7.6784348972350202622294546017656102776527e-01
7.1841294902151120460587208071956411004066e-01
7.8702367708628784281899015695671550929546e-01
6.9570455098817829409085788938682526350021e-01
7.6194725783173089528332866393611766397953e-01
7.7985426538499547088889585211290977895260e-01
3.8648433180197389047449973986658733338118e-01
6.5015045349226363580186216495349071919918e-01
7.2150284025501509876932004772243089973927e-01
7.0650786509074192665025293536018580198288e-01
6.8535340172804282143914633707026951014996e-01
4.5107895179970691756921041815076023340225e-01
7.2857964976181843752556233084760606288910e-01
7.6623126171640076886859560545417480170727e-01
2.8975010845211382481956263745814794674516e-02
9.3933647274914477964813386279274709522724e-01
6.3382796881874758909702904929872602224350e-01
7.6180056106351723421710175898624584078789e-01
7.2393976344496069330602949776221066713333e-01
1.0000000000000000000000000000000000000000e+00
6.9902919913545935592935620661592110991478e-01
7.6784348972350202622294546017656102776527e-01
8.0938897795383035749239297729218378663063e-01
4.5570287098144046655789907163125462830067e-01
5.8693261882817804320211507729254662990570e-01
9.2774575058092467738646291763870976865292e-01
9.6884929359021876305035902987583540380001e-01
9.5294952952938227763723944008233956992626e-01
4.5807961263241603333540297171566635370255e-01
8.7034846407272870028037914380547590553761e-01
8.5855521623401753750215448235394433140755e-01
7.6341983625715026384739303466631099581718e-01
7.5302254793603506932697655429365113377571e-01
3.5139395396944672622652205973281525075436e-01
5.7766247683280091962387814419344067573547e-01
8.4504455093294805756443111022235825657845e-01
9.0486963791858432415438073803670704364777e-01
7.8703831967496817867413483327254652976990e-01
6.1634314689156854960572218260494992136955e-01
8.4604117239984444331923896243097260594368e-01
8.5502798601709129044934343255590647459030e-01
7.1876376344226999837161429240950383245945e-01
8.0011883595845323391415604419307783246040e-01
5.5194303556889889872394405756494961678982e-01
3.8742525187006915388110428466461598873138e-01
7.3905679271392532569961986155249178409576e-01
6.6784694676367928334315138272359035909176e-01
9.0301299637172338652391090363380499184132e-01
7.1065110003130949056782128536724485456944e-01
1.0000000000000000000000000000000000000000e+00
7.4466167864665333553375603514723479747772e-01
6.7763879130752546764426824665861204266548e-01
6.6785631939203438101060328335734084248543e-01
8.4633849956660522906304322532378137111664e-01
9.8915348017808646385873316830839030444622e-01
9.3108227371971952202045486046699807047844e-01
3.4849803009835084166567753527488093823195e-01
5.2278644935954599048955060425214469432831e-01
7.8548401809962609121384957688860595226288e-01
8.4274623688355343453793011576635763049126e-01
8.6983287490737504210613906252547167241573e-01
3.2257604906261549970736268733162432909012e-01
8.4604117239984444331923896243097260594368e-01
6.3717747559994009076689280846039764583111e-01
6.8431533157155743918309553919243626296520e-01
9.8370097721599081275201115204254165291786e-01
6.4799520805064836359576929680770263075829e-01
5.6048005818122570431683016067836433649063e-01
8.7699805630236682407741000133682973682880e-01
2.6561269352183219938368097245984245091677e-01
6.4187036891981152919584019400645047426224e-01
9.5766644360466302021706042069126851856709e-01
8.9929210562087591451785328899859450757504e-01
8.4782485288188591532332338829291984438896e-01
7.3720472026546735033747381748980842530727e-01
7.6620307168036383416165335802361369132996e-01
8.7010357943756799770085308409761637449265e-01
8.9602655108411077833352464949712157249451e-01
6.6251607494300623901750668665044941008091e-01
5.9274748082644801439045068036648444831371e-01
5.5958550506632676047047425527125597000122e-01
9.9880943928140819565442143357358872890472e-01
6.1809121980914127902906329836696386337280e-01
3.5676337561421095356806176823738496750593e-01
6.5810043589950684150835513719357550144196e-01
9.0286840007684565634349382889922708272934e-01
8.0777594983841161102589012443786486983299e-01
7.0057021591855206388288479502080008387566e-01
7.0775232788698838604091179149691015481949e-01
8.7140084613261203916323438534163869917393e-01
7.1961082612973426009261856961529701948166e-01
7.5006729642863378959560805014916695654392e-01
9.3770468388026007033886344288475811481476e-01
8.4529654135688181426644405291881412267685e-01
8.0596151006615379674968835388426668941975e-01
8.4899852039016632243573212690535001456738e-01
9.1944853744625065772311245382297784090042e-01
1.0000000000000000000000000000000000000000e+00
2.8365635290564722437167688440240453928709e-01
7.2298796261024866893762919062282890081406e-01
1.0000000000000000000000000000000000000000e+00
9.2681163327321869349617600164492614567280e-01
7.6561410377797234350083499521133489906788e-01
5.1654001351197231794998288023634813725948e-01
9.3439709569746487449748428844031877815723e-01
8.3028877594213745805262760768528096377850e-01
6.6776175492956058032945065860985778272152e-01
8.9773247526525923323248434826382435858250e-01
8.0908933788919024099328680676990188658237e-01
8.4695883960717610605684058100450783967972e-01
7.5953284553773958709399494182434864342213e-01
7.2789712405745010670443662093020975589752e-01
8.6526779609636428336472135924850590527058e-01
7.9114409603284829852754000967252068221569e-01
4.8825682449974450172192064201226457953453e-01
5.6594495869988425962304745553410612046719e-01
7.4960044840477846328496980277122929692268e-01
6.9232438882044367023382847037282772362232e-01
7.2193428263495718066877770979772321879864e-01
5.8866672408795750470744678750634193420410e-01
8.5795467575834138962420638563344255089760e-01
7.4920539127641028187554184114560484886169e-01
6.6972952423352005713041990020428784191608e-01
7.7903083077818069401843104060390032827854e-01
6.8280489593506721313076468504732474684715e-01
6.7806398519553223724898316504550166428089e-01
6.9232438882044367023382847037282772362232e-01
6.6904898585102889896347733156289905309677e-01
6.4719763405489272312109960694215260446072e-01
6.8168290510012219396429600237752310931683e-01
5.8071853841632237180903075568494386970997e-01
3.7767523571239863811044301655783783644438e-01
4.2650072541413791560316326467727776616812e-01
7.2315543926757719361830822890624403953552e-01
8.3512206868928284819730833987705409526825e-01
1.0000000000000000000000000000000000000000e+00
6.6544582026060994373040102800587192177773e-01
9.9917277978463370224915252038044854998589e-01
9.4141937514506013329196321137715131044388e-01
8.6556088146483045608903239553910680115223e-01
7.2936104600029061373334116069599986076355e-01
7.4731255327836842994315702526364475488663e-01
6.3180868947179347205889143879176117479801e-01
8.5263398308157967164788715308532118797302e-01
6.7655697280811777361009262676816433668137e-01
6.0100314559811263137589776306413114070892e-01
9.6553291230149085322409518994390964508057e-01
8.0986092432125444950941073329886421561241e-01
6.7655697280811777361009262676816433668137e-01
0.0000000000000000000000000000000000000000e+00
5.9427419910465084651463030240847729146481e-01
7.1223836536458984269870597927365452051163e-01
6.8141211453194061586913221617578528821468e-01
7.4834388490327752307962327904533594846725e-01
5.6123004308094848191501569090178236365318e-01
7.8455668125150523906086164060980081558228e-01
7.4843844936575132376077590379281900823116e-01
6.2000312438861182595672971729072742164135e-01
5.4256284436245760804951032696408219635487e-01
7.1570467065965803765692498927819542586803e-01
5.9516105583939382661640138394432142376900e-01
7.4717767570555260192577406996861100196838e-01
7.1223836536456586188137407589238137006760e-01
5.6942950171646433688010802143253386020660e-01
7.8174752309567485664132391320890747010708e-01
7.1570467065965803765692498927819542586803e-01
5.7969837292854031751687671203399077057838e-01
6.5074508727106494809788728161947801709175e-01
3.4365680560421835165740844786341767758131e-01
5.5665811440386703257132694488973356783390e-01
8.7909665406123560504880742882960475981236e-01
1.0000000000000000000000000000000000000000e+00
8.5803142742025539924100030475528910756111e-01
6.1634314689157188027479605807457119226456e-01
9.3331641169005497005173310753889381885529e-01
8.3028877594213745805262760768528096377850e-01
8.3542923097313781521933151452685706317425e-01
8.4406874994940506162777182908030226826668e-01
5.6599593003442816296910677920095622539520e-01
5.5665811440386703257132694488973356783390e-01
9.2050262101804591896581086984951980412006e-01
6.9592158681454341362382365332450717687607e-01
7.1891644554716960247020551832974888384342e-01
8.0783955233346982360842503112507984042168e-01
9.0390149317569457032561786036239936947823e-01
6.3778998201279746282921223610173910856247e-01
4.1014998092743898405743152579816523939371e-01
7.2888513931658294175974788231542333960533e-01
3.5208058402197306424596945362281985580921e-01
4.2650072541413791560316326467727776616812e-01
4.0596110925297557159296957252081483602524e-01
3.8133403915908248293931137595791369676590e-01
3.8037592304325118508501191172399558126926e-01
0.0000000000000000000000000000000000000000e+00
5.1053472151103262977045460502267815172672e-01
3.8648433180197389047449973986658733338118e-01
2.8975010845211382481956263745814794674516e-02
4.5570287098144046655789907163125462830067e-01
3.5139395396944672622652205973281525075436e-01
3.8742525187006915388110428466461598873138e-01
3.4849803009835084166567753527488093823195e-01
2.6561269352183219938368097245984245091677e-01
3.5676337561421095356806176823738496750593e-01
2.8365635290564722437167688440240453928709e-01
4.8825682449974450172192064201226457953453e-01
3.7767523571239863811044301655783783644438e-01
0.0000000000000000000000000000000000000000e+00
3.4365680560421835165740844786341767758131e-01
3.5208058402197306424596945362281985580921e-01
0.0000000000000000000000000000000000000000e+00
4.2650072541413791560316326467727776616812e-01
4.0596110925297557159296957252081483602524e-01
3.8133403915908248293931137595791369676590e-01
3.8037592304325118508501191172399558126926e-01
0.0000000000000000000000000000000000000000e+00
5.1053472151103262977045460502267815172672e-01
3.8648433180197389047449973986658733338118e-01
2.8975010845211382481956263745814794674516e-02
4.5570287098144046655789907163125462830067e-01
3.5139395396944672622652205973281525075436e-01
3.8742525187006915388110428466461598873138e-01
3.4849803009835084166567753527488093823195e-01
2.6561269352183219938368097245984245091677e-01
3.5676337561421095356806176823738496750593e-01
2.8365635290564722437167688440240453928709e-01
4.8825682449974450172192064201226457953453e-01
3.7767523571239863811044301655783783644438e-01
0.0000000000000000000000000000000000000000e+00
3.4365680560421835165740844786341767758131e-01
3.5208058402197306424596945362281985580921e-01
0.0000000000000000000000000000000000000000e+00
0.0000000000000000000000000000000000000000e+00
4.2650072541413791560316326467727776616812e-01
4.0596110925297557159296957252081483602524e-01
3.8133403915908248293931137595791369676590e-01
3.8037592304325118508501191172399558126926e-01
0.0000000000000000000000000000000000000000e+00
5.1053472151103262977045460502267815172672e-01
3.8648433180197389047449973986658733338118e-01
2.8975010845211382481956263745814794674516e-02
4.5570287098144046655789907163125462830067e-01
3.5139395396944672622652205973281525075436e-01
3.8742525187006915388110428466461598873138e-01
3.4849803009835084166567753527488093823195e-01
2.6561269352183219938368097245984245091677e-01
3.5676337561421095356806176823738496750593e-01
2.8365635290564722437167688440240453928709e-01
4.8825682449974450172192064201226457953453e-01
3.7767523571239863811044301655783783644438e-01
0.0000000000000000000000000000000000000000e+00
3.4365680560421835165740844786341767758131e-01
3.5208058402197306424596945362281985580921e-01
0.0000000000000000000000000000000000000000e+00
0.0000000000000000000000000000000000000000e+00
0.0000000000000000000000000000000000000000e+00
8.5563035495716007972077932208776473999023e+01
7.4118369027356656442151461305911652743816e-01
