1
0
23
6.5708283557335178670655295718461275100708e-01
4.0266034785883975111175914207706227898598e-01
4.3477924406020584946475082688266411423683e-01
7.2863456804125181776043973513878881931305e-01
3.8343054287807687430245096038561314344406e-01
7.6481764709017929781964539870386943221092e-01
7.9105430915134156144574717473005875945091e-01
3.8056900753821654159736453948426060378551e-01
6.9634146929618934152017573069315403699875e-01
8.7697196899239426848282619175733998417854e-01
6.9086073364713840305739722680300474166870e-01
3.6518185741177117131783802506106439977884e-01
6.4530460391191235558494554425124078989029e-01
9.0633703635659268460500470609986223280430e-01
1.0000000000000000000000000000000000000000e+00
8.4800672795233489331678811140591278672218e-01
0.0000000000000000000000000000000000000000e+00
7.9321831837102285689411473867949098348618e-01
7.0316936090698511918617441551759839057922e-01
8.6926308078700875725530750059988349676132e-01
7.6631043584547009483998181167407892644405e-01
7.1417666543703484105520828961743973195553e-01
4.7847452996437722649858415024937130510807e-01
7.7168014852705113515440871196915395557880e-01
7.0789549655977623832114886681665666401386e-01
7.6153718301805917167968118519638665020466e-01
6.8363518852614857390648239743313752114773e-01
7.6876522253513890348131099017336964607239e-01
7.6968006304346592294507445330964401364326e-01
3.8632951839478807398720050514384638518095e-01
6.5742273537188877785553131616325117647648e-01
7.3443714756850408953425812796922400593758e-01
7.6144504340035312761614250121056102216244e-01
6.8884728344078938189198879626928828656673e-01
4.8150141387992556607500205245742108672857e-01
7.3479107835015455840732556680450215935707e-01
7.8086701483947329460733044470543973147869e-01
6.8851183182310010666427046999160666018724e-02
9.5212265889763370019238664099248126149178e-01
6.6175755876917929931835260504158213734627e-01
7.4997930836210147109710533186444081366062e-01
7.4872213263306108821382167661795392632484e-01
1.0000000000000000000000000000000000000000e+00
7.2705608230111873346857009892119094729424e-01
7.6755042801084683024015475893975235521793e-01
8.5039970322339841768410906297503970563412e-01
4.6633527759906423515445794691913761198521e-01
6.1548882998282583578486537589924409985542e-01
9.3737567246345443461308377663954161107540e-01
9.5218445512889382520427261624718084931374e-01
9.5548379595049659496197591579402796924114e-01
4.4496787821924010941643246042076498270035e-01
8.9494777547100012871084118160069920122623e-01
8.6068829836963156587614776071859523653984e-01
8.4175974102556039291300749027868732810020e-01
7.6441841160049284198407804069574922323227e-01
3.6614422885564790188794859204790554940701e-01
5.8514947224162716654660698623047210276127e-01
8.5448806791196407761646014478174038231373e-01
9.4803717765620532098580497404327616095543e-01
8.2706328672745088592677120686857961118221e-01
6.2049111942670476249617195207974873483181e-01
8.3184764373433595086027025899966247379780e-01
8.7424930192722105637415097589837387204170e-01
7.5837164227145970052390566706890240311623e-01
8.2006034548219985946815313582192175090313e-01
5.7939332377895080838925423449836671352386e-01
4.1181954387992447674804452617536298930645e-01
7.4696710367798180296716736847884021699429e-01
6.6175755876917929931835260504158213734627e-01
8.6878340994769476246517569961724802851677e-01
7.2130798895010084237355840741656720638275e-01
1.0000000000000000000000000000000000000000e+00
7.5065031195641662709050478952121920883656e-01
6.6175755876917929931835260504158213734627e-01
6.8238925502581015969383315677987411618233e-01
8.4181441632877129777057234605308622121811e-01
1.0000000000000000000000000000000000000000e+00
9.4381213968200206032577170844888314604759e-01
3.4982317395624540345977493416285142302513e-01
5.3780545093665965694640362926293164491653e-01
8.0576745385558123935254570824326947331429e-01
8.5516722476823880949581280219717882573605e-01
8.9795357272065101650326823801151476800442e-01
3.4691390341809746900025857030414044857025e-01
8.0961551688701616225074531030259095132351e-01
6.3637858785541157047305205196607857942581e-01
7.2013493026981756361948328049038536846638e-01
1.0000000000000000000000000000000000000000e+00
6.5421268028715429121433544423780404031277e-01
5.7939332377895080838925423449836671352386e-01
8.5374074140538303012704091088380664587021e-01
2.5903050800835636380270443623885512351990e-01
6.6335827832462246345102130362647585570812e-01
9.6638537596694629172588975052349269390106e-01
9.1201950541056431287501027327380143105984e-01
8.7862957177577116762989817289053462445736e-01
7.3448458697568441699843333481112495064735e-01
7.6646642067894188432575219849240966141224e-01
9.1502454582084891132609527630847878754139e-01
9.1599049343588834215523775128531269729137e-01
7.1385964835052317933872245703241787850857e-01
6.1974200728020634176829162242938764393330e-01
6.0020792824195401404807626022375188767910e-01
9.5301084095606913848541807965375483036041e-01
6.7719745438769407552825896345893852412701e-01
3.7321852063041388580799662122444715350866e-01
6.7824052511012877797469400320551358163357e-01
9.0544578680127307812597337033366784453392e-01
8.2773516101999300431657502485904842615128e-01
7.2264577872891078147432608602684922516346e-01
7.0853607942760288285199976598960347473621e-01
8.5465487613788171383788494495092891156673e-01
7.2264577872891078147432608602684922516346e-01
7.7673729432326898969307649167603813111782e-01
9.4026748085127853649112239509122446179390e-01
8.7915531505609934015410544816404581069946e-01
8.0282806335173595435605875536566600203514e-01
8.4223019739442495090742113461601547896862e-01
8.8349891764224441903508022733149118721485e-01
1.0000000000000000000000000000000000000000e+00
2.7411277376046933040854014507203828543425e-01
6.8091967434732603159375230461591854691505e-01
9.4533296549608580860990514338482171297073e-01
8.6929305867204231805800418442231602966785e-01
7.5120341427192915961796870760736055672169e-01
5.4841975077074556210732225736137479543686e-01
8.7837527834044815122638283355627208948135e-01
7.8419568941918660343048941285815089941025e-01
6.8238925502581138093916024445206858217716e-01
8.7589399670158007982223580256686545908451e-01
8.1050161708638090996004166299826465547085e-01
8.5429869194629426409903771855169907212257e-01
7.4113791902421233270814582283492200076580e-01
7.2013493026981756361948328049038536846638e-01
8.7088156370670732897565358143765479326248e-01
7.7332116537736350636578208650462329387665e-01
4.4545285172871551537809864385053515434265e-01
5.8078537585413447796867103534168563783169e-01
7.7198428368077065542252057639416307210922e-01
7.0004331770084571306966836345964111387730e-01
7.2130798895010084237355840741656720638275e-01
5.7411557385884726123492782789980992674828e-01
8.4849646149992730137512353394413366913795e-01
7.7168014852705713035874168781447224318981e-01
6.8238925502581015969383315677987411618233e-01
7.9098352521529247116660599203896708786488e-01
6.6836797537205827612893926925607956945896e-01
6.8238925502581015969383315677987411618233e-01
6.8451413105667913150398362631676718592644e-01
6.8451413105667890945937870128545910120010e-01
6.9050968250634681133703907107701525092125e-01
6.6836797537205827612893926925607956945896e-01
5.7122140644918062424295612800051458179951e-01
3.7770280097528374785298410643008537590504e-01
5.0434139183893433866501254669856280088425e-01
7.1435794793113471801149216844351030886173e-01
8.6092807194619447308525650441879406571388e-01
1.0000000000000000000000000000000000000000e+00
7.8940851505377662711282482632668688893318e-01
9.3797347317352930406997302270610816776752e-01
9.0425777186466449464319339313078671693802e-01
8.3718779300622858663416536728618666529655e-01
7.9693776094870971693495675935992039740086e-01
7.7281396439879057602695411333115771412849e-01
6.3782050967742909275415286174393258988857e-01
8.3718779300622925276798014238011091947556e-01
7.0004331770084571306966836345964111387730e-01
6.2723445768936880728716687372070737183094e-01
9.6123894136146548206056650087703019380569e-01
7.9295139173702133827958959955140016973019e-01
7.0004331770084571306966836345964111387730e-01
0.0000000000000000000000000000000000000000e+00
5.9385357105699054791614344139816239476204e-01
6.9876515543768202842755954407039098441601e-01
7.0858860440414994652513769324286840856075e-01
7.4318561870707344763076207527774386107922e-01
5.8177592362563468331160265734069980680943e-01
8.1588131453640166945717737689847126603127e-01
7.3961954846509891936534586420748382806778e-01
6.3862762579890008929339728638296946883202e-01
5.6086979664725578054174093267647549510002e-01
7.1693018847004141846923630509991198778152e-01
6.1061607254776339992474731843685731291771e-01
7.5818770907910326695144931363756768405437e-01
7.0386144816174511795736634667264297604561e-01
5.9187966517890744366781063945381902158260e-01
7.8082659624639072504237446992192417383194e-01
7.0858860440414994652513769324286840856075e-01
5.9154156791303114104607629997190088033676e-01
6.3368460264957227057180944029823876917362e-01
3.2180663927692232384458748128963634371758e-01
5.6784850545573628544104849424911662936211e-01
8.7214213058699963099229535146150738000870e-01
1.0000000000000000000000000000000000000000e+00
8.7697196899239426848282619175733998417854e-01
6.5480037051731665442844132485333830118179e-01
8.9578294741523001309957408011541701853275e-01
8.3337236519137580792460084921913221478462e-01
8.3908466796776304263971724139992147684097e-01
8.6333900634370763782499125227332115173340e-01
5.6209863906219981188883139111567288637161e-01
5.7257464110852751559832540806382894515991e-01
9.0857289043564071207015331310685724020004e-01
6.9716981211106332505522686915355734527111e-01
7.4328955246787753452508695772849023342133e-01
8.1903924637843450451413218615925870835781e-01
8.8595476803997452730499162498745135962963e-01
6.5171915760646692561408599431160837411880e-01
4.1533138771319327853248637438809964805841e-01
7.4752294003211727790869645104976370930672e-01
3.5916965113061671832639376589213497936726e-01
4.3477924406020584946475082688266411423683e-01
3.8343054287807687430245096038561314344406e-01
3.8056900753821654159736453948426060378551e-01
3.6518185741177117131783802506106439977884e-01
0.0000000000000000000000000000000000000000e+00
4.7847452996437722649858415024937130510807e-01
3.8632951839478807398720050514384638518095e-01
6.8851183182310010666427046999160666018724e-02
4.6633527759906423515445794691913761198521e-01
3.6614422885564790188794859204790554940701e-01
4.1181954387992447674804452617536298930645e-01
3.4982317395624540345977493416285142302513e-01
2.5903050800835636380270443623885512351990e-01
3.7321852063041388580799662122444715350866e-01
2.7411277376046933040854014507203828543425e-01
4.4545285172871551537809864385053515434265e-01
3.7770280097528374785298410643008537590504e-01
0.0000000000000000000000000000000000000000e+00
3.2180663927692232384458748128963634371758e-01
3.5916965113061671832639376589213497936726e-01
0.0000000000000000000000000000000000000000e+00
4.3477924406020584946475082688266411423683e-01
3.8343054287807687430245096038561314344406e-01
3.8056900753821654159736453948426060378551e-01
3.6518185741177117131783802506106439977884e-01
0.0000000000000000000000000000000000000000e+00
4.7847452996437722649858415024937130510807e-01
3.8632951839478807398720050514384638518095e-01
6.8851183182310010666427046999160666018724e-02
4.6633527759906423515445794691913761198521e-01
3.6614422885564790188794859204790554940701e-01
4.1181954387992447674804452617536298930645e-01
3.4982317395624540345977493416285142302513e-01
2.5903050800835636380270443623885512351990e-01
3.7321852063041388580799662122444715350866e-01
2.7411277376046933040854014507203828543425e-01
4.4545285172871551537809864385053515434265e-01
3.7770280097528374785298410643008537590504e-01
0.0000000000000000000000000000000000000000e+00
3.2180663927692232384458748128963634371758e-01
3.5916965113061671832639376589213497936726e-01
0.0000000000000000000000000000000000000000e+00
0.0000000000000000000000000000000000000000e+00
4.3477924406020584946475082688266411423683e-01
3.8343054287807687430245096038561314344406e-01
3.8056900753821654159736453948426060378551e-01
3.6518185741177117131783802506106439977884e-01
0.0000000000000000000000000000000000000000e+00
4.7847452996437722649858415024937130510807e-01
3.8632951839478807398720050514384638518095e-01
6.8851183182310010666427046999160666018724e-02
4.6633527759906423515445794691913761198521e-01
3.6614422885564790188794859204790554940701e-01
4.1181954387992447674804452617536298930645e-01
3.4982317395624540345977493416285142302513e-01
2.5903050800835636380270443623885512351990e-01
3.7321852063041388580799662122444715350866e-01
2.7411277376046933040854014507203828543425e-01
4.4545285172871551537809864385053515434265e-01
3.7770280097528374785298410643008537590504e-01
0.0000000000000000000000000000000000000000e+00
3.2180663927692232384458748128963634371758e-01
3.5916965113061671832639376589213497936726e-01
0.0000000000000000000000000000000000000000e+00
0.0000000000000000000000000000000000000000e+00
0.0000000000000000000000000000000000000000e+00
8.5385556915544739808865415398031473159790e+01
7.9473284326594839654944735229946672916412e-01
