1
0
23
6.4552942331937324116353238423471339046955e-01
4.0463391303934331810765456793888006359339e-01
4.4129154882311061314226208196487277746201e-01
7.2387639739328069055090963956899940967560e-01
4.0904464817125330000635585747659206390381e-01
7.4857379233779619553956763411406427621841e-01
7.8606457257049044962116113310912624001503e-01
3.7331176217833406116852756895241327583790e-01
6.9793773801748593132998621513252146542072e-01
8.8947719417015647103141873230924829840660e-01
7.6028792891067087378331734726089052855968e-01
4.2077350567235355383033379439439158886671e-01
6.4592519021670335988005717808846384286880e-01
8.8067036564387490837901850682101212441921e-01
1.0000000000000000000000000000000000000000e+00
9.5641249978107212292854910629102960228920e-01
0.0000000000000000000000000000000000000000e+00
8.0626528619516901752461990326992236077785e-01
7.1996687503125833540451594672049395740032e-01
9.2689992378819952012491967252572067081928e-01
8.0615800620485766891931689315242692828178e-01
7.8815482786797819159119171672500669956207e-01
5.0815216571194998795846231587347574532032e-01
7.7151122573592101350214988997322507202625e-01
7.2387639739328069055090963956899940967560e-01
7.9840448072801639689544117572950199246407e-01
7.1889849142479411714390380438999272882938e-01
7.6884226667999755466809119752724654972553e-01
7.9630192107121289257776197700877673923969e-01
4.1692700251047520865199658146593719720840e-01
6.4875118188897851201346611560438759624958e-01
7.2337106611616985851753725000889971852303e-01
7.0248918588130704332428422276279889047146e-01
7.0706131907178892959109361981973052024841e-01
3.9683042859889472442347368996706791222095e-01
7.2337106611616985851753725000889971852303e-01
7.6493582955042405124856941256439313292503e-01
0.0000000000000000000000000000000000000000e+00
9.1592590235438375856347192893736064434052e-01
6.2808365631883378288335961769917048513889e-01
7.8947294332548612061373205506242811679840e-01
7.3321155793957104584990247531095519661903e-01
1.0000000000000000000000000000000000000000e+00
7.1963912947184649482323948177509009838104e-01
7.8914878277931077565909845361602492630482e-01
8.0572787497126630018584592107799835503101e-01
4.4418421070071067990880919751361943781376e-01
5.8296576977820135923025191004853695631027e-01
8.9223967552192884333805977803422138094902e-01
9.6042290293490473196413859113818034529686e-01
9.6112509784753319408423521963413804769516e-01
4.7507407710678384304969767981674522161484e-01
8.7444394504526878897365804732544347643852e-01
8.7486311167969810220768067665630951523781e-01
7.2337106611616985851753725000889971852303e-01
7.5912396569466167317585814089397899806499e-01
3.4079660393654681582731313937983941286802e-01
5.9007116908046597369974506364087574183941e-01
8.3501670507577496760376334350439719855785e-01
9.1797749086742286284135161622543819248676e-01
8.0868440616792269803880799372564069926739e-01
6.2716235022339794635826137891854159533978e-01
8.5563575524125756732729541909066028892994e-01
8.5524419327902145848696591201587580144405e-01
7.2602228929962553394261703942902386188507e-01
8.0868440616792269803880799372564069926739e-01
5.4305253794792673893709888943703845143318e-01
4.1033995494986097440914818434976041316986e-01
7.5136183453034355306243696759338490664959e-01
6.7498640384590569141209925874136388301849e-01
9.2689992378819952012491967252572067081928e-01
7.3967689708444772644924114501918666064739e-01
1.0000000000000000000000000000000000000000e+00
7.7281366243569349361308695733896456658840e-01
6.8973312182924428892505375188193283975124e-01
6.6822190204412490466268081945599988102913e-01
8.6106867901959738276218558894470334053040e-01
1.0000000000000000000000000000000000000000e+00
9.3928963025151368526621808996424078941345e-01
3.6564333577637364580681378356530331075191e-01
5.2722841024295230560881009296281263232231e-01
7.9466312109081349568384666781639680266380e-01
8.8750551164346136445715274021495133638382e-01
9.1095110652599964318198999535525217652321e-01
3.2943724573628907492661710421089082956314e-01
8.0674391058301153645260228586266748607159e-01
6.5306240649021762845194416513550095260143e-01
6.7362981191148596504802981144166551530361e-01
1.0000000000000000000000000000000000000000e+00
6.7466019099251306467834865543409250676632e-01
5.6927748396980015765933558213873766362667e-01
8.8117160651601222909334865107666701078415e-01
2.6482086111006564177472455412498675286770e-01
6.2159948491352334798420997685752809047699e-01
9.5534464878118852126931415114086121320724e-01
8.8014574752217278330590488621965050697327e-01
8.2561023203829198013892209928599186241627e-01
7.9226776176618529667905477253952994942665e-01
7.7662925582699315896206826437264680862427e-01
8.3512768584686669637306977165280841290951e-01
8.8014574752217278330590488621965050697327e-01
6.5798794187611664430193059160956181585789e-01
5.5920681015447104567073211001115851104259e-01
5.3907788054899230534289245042600668966770e-01
9.9745717700372615865944680990651249885559e-01
5.6405827572946942716214380197925493121147e-01
3.4413949614235928020633537016692571341991e-01
6.5041323554274721452372887142701074481010e-01
9.0910585198539706208720190261374227702618e-01
8.1556482405677732661075651776627637445927e-01
7.0633352353222444985902939151856116950512e-01
7.2249443678316771499936521649942733347416e-01
8.9429177839484719214624419691972434520721e-01
7.3317831891718832082460721721872687339783e-01
7.1953790558651131714640314385178498923779e-01
9.3560415326273316249938716282485984265804e-01
8.3788587144460624500652556889690458774567e-01
7.9566633279411413948167819398804567754269e-01
8.7227200890562472945788385914056561887264e-01
9.2596335698979181927370518678799271583557e-01
1.0000000000000000000000000000000000000000e+00
2.8672158006446596401062265613290946930647e-01
7.7347775476052227361378754721954464912415e-01
1.0000000000000000000000000000000000000000e+00
1.0000000000000000000000000000000000000000e+00
7.8953991798342537666854923372738994657993e-01
5.5266462746991451560063524084398522973061e-01
9.9193251330658760434033638375694863498211e-01
8.8732368294035313116552288192906416952610e-01
6.8455113616445373292407339249621145427227e-01
8.9642475303606139469536628894275054335594e-01
8.2901024134133238785437924889265559613705e-01
8.6380176927428242716899831066257320344448e-01
7.9141064366591129530803527813986875116825e-01
7.5585008180564461355288585764355957508087e-01
8.3083492648547530023961371625773608684540e-01
8.2901024134133205478747186134569346904755e-01
5.5266462746991451560063524084398522973061e-01
5.6560741257031410533784310246119275689125e-01
7.2387639739328069055090963956899940967560e-01
7.1307057145469199266329951569787226617336e-01
7.4053348132157958971788502822164446115494e-01
6.0807275980620800748255305734346620738506e-01
8.8287275246202723266719658568035811185837e-01
7.3862935663396578345185616853996179997921e-01
6.3666748457665423011064831371186301112175e-01
7.8973489301637167514513748756144195795059e-01
6.8899129745345844000325996603351086378098e-01
6.9943015812401498898509544233093038201332e-01
7.0138372980004437540202388845500536262989e-01
6.7466019099251306467834865543409250676632e-01
6.2432265898966710082618192245718091726303e-01
6.8555380972710888709542587093892507255077e-01
6.0844828554891206007226855945191346108913e-01
3.9894527257816114751420855100150220096111e-01
4.4129154882311061314226208196487277746201e-01
7.1868610454504189277713521732948720455170e-01
8.7414793199318285843446574290283024311066e-01
9.9570938058035618478669448450091294944286e-01
8.3848588199114970631597998362849466502666e-01
1.0000000000000000000000000000000000000000e+00
9.4333274339441364197966777282999828457832e-01
8.2257570269207791469057156064081937074661e-01
7.4041553768280765623899242200423032045364e-01
7.2427477975410170518699715103139169514179e-01
6.5174256925665907669298348992015235126019e-01
8.5281144495540872618732919363537803292274e-01
6.1908687112030225119241322317975573241711e-01
6.0468599511793863499065082578454166650772e-01
9.5885662092377399456921693854383192956448e-01
8.1493016033330611946894350694492459297180e-01
6.6655989649691116394336631856276653707027e-01
0.0000000000000000000000000000000000000000e+00
6.1183222826896344059832699713297188282013e-01
7.2295682416398332481577426733565516769886e-01
6.7065094978521466728693667391780763864517e-01
7.6884226667999755466809119752724654972553e-01
5.7712916326844498904335978295421227812767e-01
7.8238957518094498500005329333362169563770e-01
7.6884226667999755466809119752724654972553e-01
6.4552942331937324116353238423471339046955e-01
6.0097426776546569726633606478571891784668e-01
7.4253710887401436213650640638661570847034e-01
6.0329181858854363795785502588842064142227e-01
7.8496108922740992497324441501405090093613e-01
7.6632804156369893622269273691927082836628e-01
5.4799518033172434083866164655773900449276e-01
7.8673765419733621140352397560491226613522e-01
7.2608834053829018895243052611476741731167e-01
5.7951037428920681993105290530365891754627e-01
6.8250645293594758289401625006576068699360e-01
3.7114140819985486086096670987899415194988e-01
5.5752953541424510319757246179506182670593e-01
8.9036966985917775918579764038440771400928e-01
9.9386962143577739503541579324519261717796e-01
8.7504614618010156945615563017781823873520e-01
6.0219580612315393164379884183290414512157e-01
9.6471515950705100106432610118645243346691e-01
8.1343032500138634510733481874922290444374e-01
8.2636714476291073250280305728665553033352e-01
8.5789256316758022435919883719179779291153e-01
5.6390913538914122504763781762449070811272e-01
5.5862308440682650889641536195995286107063e-01
9.6824737441176778052209783709258772432804e-01
6.9404188704706559764900930531439371407032e-01
6.9404079396202156271300509615684859454632e-01
8.0637785579765119958750574369332753121853e-01
9.2016343369433761800735283031826838850975e-01
6.3666748457665445215525323874317109584808e-01
4.1489968029169455032700852825655601918697e-01
7.2460324201294090684655202494468539953232e-01
3.6002916438911236607367527540191076695919e-01
4.4129154882311061314226208196487277746201e-01
4.0904464817125330000635585747659206390381e-01
3.7331176217833406116852756895241327583790e-01
4.2077350567235355383033379439439158886671e-01
0.0000000000000000000000000000000000000000e+00
5.0815216571194998795846231587347574532032e-01
4.1692700251047520865199658146593719720840e-01
0.0000000000000000000000000000000000000000e+00
4.4418421070071067990880919751361943781376e-01
3.4079660393654681582731313937983941286802e-01
4.1033995494986097440914818434976041316986e-01
3.6564333577637364580681378356530331075191e-01
2.6482086111006564177472455412498675286770e-01
3.4413949614235928020633537016692571341991e-01
2.8672158006446596401062265613290946930647e-01
5.5266462746991451560063524084398522973061e-01
3.9894527257816114751420855100150220096111e-01
0.0000000000000000000000000000000000000000e+00
3.7114140819985486086096670987899415194988e-01
3.6002916438911236607367527540191076695919e-01
0.0000000000000000000000000000000000000000e+00
4.4129154882311061314226208196487277746201e-01
4.0904464817125330000635585747659206390381e-01
3.7331176217833406116852756895241327583790e-01
4.2077350567235355383033379439439158886671e-01
0.0000000000000000000000000000000000000000e+00
5.0815216571194998795846231587347574532032e-01
4.1692700251047520865199658146593719720840e-01
0.0000000000000000000000000000000000000000e+00
4.4418421070071067990880919751361943781376e-01
3.4079660393654681582731313937983941286802e-01
4.1033995494986097440914818434976041316986e-01
3.6564333577637364580681378356530331075191e-01
2.6482086111006564177472455412498675286770e-01
3.4413949614235928020633537016692571341991e-01
2.8672158006446596401062265613290946930647e-01
5.5266462746991451560063524084398522973061e-01
3.9894527257816114751420855100150220096111e-01
0.0000000000000000000000000000000000000000e+00
3.7114140819985486086096670987899415194988e-01
3.6002916438911236607367527540191076695919e-01
0.0000000000000000000000000000000000000000e+00
0.0000000000000000000000000000000000000000e+00
4.4129154882311061314226208196487277746201e-01
4.0904464817125330000635585747659206390381e-01
3.7331176217833406116852756895241327583790e-01
4.2077350567235355383033379439439158886671e-01
0.0000000000000000000000000000000000000000e+00
5.0815216571194998795846231587347574532032e-01
4.1692700251047520865199658146593719720840e-01
0.0000000000000000000000000000000000000000e+00
4.4418421070071067990880919751361943781376e-01
3.4079660393654681582731313937983941286802e-01
4.1033995494986097440914818434976041316986e-01
3.6564333577637364580681378356530331075191e-01
2.6482086111006564177472455412498675286770e-01
3.4413949614235928020633537016692571341991e-01
2.8672158006446596401062265613290946930647e-01
5.5266462746991451560063524084398522973061e-01
3.9894527257816114751420855100150220096111e-01
0.0000000000000000000000000000000000000000e+00
3.7114140819985486086096670987899415194988e-01
3.6002916438911236607367527540191076695919e-01
0.0000000000000000000000000000000000000000e+00
0.0000000000000000000000000000000000000000e+00
0.0000000000000000000000000000000000000000e+00
8.6223990208078362229571212083101272583008e+01
7.1309750725237541768564142330433242022991e-01
