1
0
23
6.4766593616585599324508848440018482506275e-01
4.0120311576840039791136405256111174821854e-01
4.3364095812056369094733554447884671390057e-01
7.2024091183000304994266116409562528133392e-01
4.0375217831577497884509853065537754446268e-01
7.4280102869210729021887118506128899753094e-01
7.8272888817072239220351548283360898494720e-01
3.6521536140718413587791246754932217299938e-01
6.9259029451955178569022564261103980243206e-01
8.8039662424806486296091634358162991702557e-01
7.5434092773465588610548593351268209517002e-01
4.1003534358135790283128585542726796120405e-01
6.3710239194466755652257461406406946480274e-01
8.8994353336793929898362875974271446466446e-01
1.0000000000000000000000000000000000000000e+00
9.4671512357301002005272039241390302777290e-01
0.0000000000000000000000000000000000000000e+00
7.9679447466463970695116358911036513745785e-01
7.1259536931013156557668253299198113381863e-01
9.2055399441723317899288758781040087342262e-01
7.9809115883045866901568388129817321896553e-01
7.9236551531169763240569636764121241867542e-01
4.9989285890244683496774769082549028098583e-01
7.6162045447861725921967490648967213928699e-01
7.2024091183000560345561780195566825568676e-01
7.9089566986610870813478868512902408838272e-01
7.1156053895432980205271178419934585690498e-01
7.5811393321950026891187235378311015665531e-01
7.8434448837250225761152933046105317771435e-01
4.0638293493470839523595827813551295548677e-01
6.4734111568869490138666833445313386619091e-01
7.2024091183000304994266116409562528133392e-01
6.9683199139224316631668898480711504817009e-01
6.9814255812822756386282208040938712656498e-01
4.0042225542206377753018387011252343654633e-01
7.2024091183000493732180302686174400150776e-01
7.5884572804954597557980378041975200176239e-01
0.0000000000000000000000000000000000000000e+00
9.2142991226048864827902207252918742597103e-01
6.2168186784155898827464170608436688780785e-01
7.8272888817071828437832436975440941751003e-01
7.2903394411194410995591397295356728136539e-01
1.0000000000000000000000000000000000000000e+00
7.0200885467899731828822496026987209916115e-01
7.7663783419173704203330999007448554039001e-01
7.9951316706960728897257695280131883919239e-01
4.4172631401403350537293590605258941650391e-01
5.7628174093919348752734777008299715816975e-01
8.9973186405767346940365314367227256298065e-01
9.4894195485329846384559004945913329720497e-01
9.5159678458800012190721417937311343848705e-01
4.6503875289115104152415369753725826740265e-01
8.6914139163965697942870747283450327813625e-01
8.6914139163966985801579312465037219226360e-01
7.2508680647025847143538612726842984557152e-01
7.5526854432518308879451751636224798858166e-01
3.3945827685597323997157559460902120918036e-01
5.8622118229182784698849673077347688376904e-01
8.2964049294866071271314922341844066977501e-01
9.1121064672804175099685153327300213277340e-01
7.9951316706960728897257695280131883919239e-01
6.1781847182740545765256001686793752014637e-01
8.4744617335544669689539887258433736860752e-01
8.5017723437417147547279228092520497739315e-01
7.1992743976105877390381238001282326877117e-01
7.9951316706960728897257695280131883919239e-01
5.3865153537152055118752969065099023282528e-01
3.9985077177836564343849090619187336415052e-01
7.5159216702042286328833142761141061782837e-01
6.7375910945178862920812434822437353432178e-01
9.2196705008826396188226226513506844639778e-01
7.3283228729598337558570619876263663172722e-01
1.0000000000000000000000000000000000000000e+00
7.6008928838568223795846279244869947433472e-01
6.8505079099064658532114435729454271495342e-01
6.6331744645517609626494959229603409767151e-01
8.4618304839770941416787763955653645098209e-01
1.0000000000000000000000000000000000000000e+00
9.3505384680274683528722334813210181891918e-01
3.6395404051339325102176758264249656349421e-01
5.1918818126647736654888376506278291344643e-01
7.9140630239445064475489743927028030157089e-01
8.8711398022204324131934072283911518752575e-01
9.0690513814170070627795894324663095176220e-01
3.3083855756359636934860191104235127568245e-01
8.1273630911250382968802341565606184303761e-01
6.4373850493368145464501139940693974494934e-01
6.7078793817211812555711958339088596403599e-01
1.0000000000000000000000000000000000000000e+00
6.6457116798123938572473434760468080639839e-01
5.6168625345589173747384847956709563732147e-01
8.8727445742471700018683122834772802889347e-01
2.6172415575131802167874184306128881871700e-01
6.1764680615554878873041388942510820925236e-01
9.5193383220556160306813353599864058196545e-01
8.7421276232986455667628433729987591505051e-01
8.3216763815447014618342791436589322984219e-01
7.9069673257171235736251446724054403603077e-01
7.6731822579499375791556303738616406917572e-01
8.3606790920106011100187970441766083240509e-01
8.7125331071780121039438427033019252121449e-01
6.5461013454551519874513587637920863926411e-01
5.6238066529436936402674973578541539609432e-01
5.3865153537152055118752969065099023282528e-01
9.9433700320441964493056730134412646293640e-01
5.7001243388938016565248290135059505701065e-01
3.3957401373119816545553817377367522567511e-01
6.4734111568869534547587818451575003564358e-01
9.1235884215970064481382451049285009503365e-01
8.1711904755725883742201176573871634900570e-01
6.9873386338085874402992203613393940031528e-01
7.1272373659868337725242781743872910737991e-01
8.8198252434399648791440995410084724426270e-01
7.2807313622410141373819669752265326678753e-01
7.1850650625314249619890460962778888642788e-01
9.3045415588334678957949108735192567110062e-01
8.3985834499209588432933060175855644047260e-01
7.9247209746054314560836928649223409593105e-01
8.7124624174950970889597101631807163357735e-01
9.2906274210235728627793605483020655810833e-01
1.0000000000000000000000000000000000000000e+00
2.8240362421872289289126456424128264188766e-01
7.5613139288030084550484843930462375283241e-01
1.0000000000000000000000000000000000000000e+00
9.8341994463450921326597153893089853227139e-01
7.7576636660586184568444423348410055041313e-01
5.4383542676733909182473780674627050757408e-01
9.8603771162852371645612947759218513965607e-01
8.6914139163966985801579312465037219226360e-01
6.7362564212867481749924536416074261069298e-01
8.8227331452799295785638378220028243958950e-01
8.1906233163896235982548432730254717171192e-01
8.5366294354631810925582158233737573027611e-01
7.8437168924750622078789774604956619441509e-01
7.4829468463705139935626675651292316615582e-01
8.3714893203085982698041789262788370251656e-01
8.1906233163896235982548432730254717171192e-01
5.3333857597610068168592079018708318471909e-01
5.6026655953846904445470045175170525908470e-01
7.2117326288261174305205258860951289534569e-01
7.0343362102122131140902183688012883067131e-01
7.3217615887250342421310733698192052543163e-01
6.0420985648599012662884888413827866315842e-01
8.6987547881322635490164429938886314630508e-01
7.3217615887250342421310733698192052543163e-01
6.3357056666884192797084551784791983664036e-01
7.8377263946988784404368288960540667176247e-01
6.8271058052158906104267543923924677073956e-01
6.8774988500318501305486051933257840573788e-01
6.9632602615924221733934018629952333867550e-01
6.6457116798124182821538852294906973838806e-01
6.2699151829152732773309253389015793800354e-01
6.8002470058345820813627824463765136897564e-01
5.9436553066012853818733674415852874517441e-01
3.8800621921987044071755690310965292155743e-01
4.3364095812056369094733554447884671390057e-01
7.1369536922186682659230427816510200500488e-01
8.6510709097158622338241684701642952859402e-01
9.9777016009827856901637233022483997046947e-01
7.9877669834220377254041522974148392677307e-01
1.0000000000000000000000000000000000000000e+00
9.3673816216153749092399039000156335532665e-01
8.0808409509119150104794471189961768686771e-01
7.2329576668538075878700510656926780939102e-01
7.3101436758190685427649668781668879091740e-01
6.3961902952874316596876269613858312368393e-01
8.5469225385237623804357554035959765315056e-01
6.1131423750844060549525238457135856151581e-01
6.0581337978563132296017101907636970281601e-01
9.6025628273879681806590724590932950377464e-01
8.0889966147452474487522522395011037588120e-01
6.5424415689819903629853570237173698842525e-01
0.0000000000000000000000000000000000000000e+00
6.0407434509824642354658408294199034571648e-01
7.2024091183000282789805623906431719660759e-01
6.6128580647017387583730396727332845330238e-01
7.6111599091602055722205477650277316570282e-01
5.5165866268488761292587696516420692205429e-01
7.7384737038527962038614305129158310592175e-01
7.6327888843255331519088713321252726018429e-01
6.3039548752958618482722386033856309950352e-01
5.8409240705645082414321223041042685508728e-01
7.2831379301074106180635681084822863340378e-01
5.9748078189484499223027569314581342041492e-01
7.7532129694327178714985393526148982346058e-01
7.6098829963535641329741565641597844660282e-01
5.3990950067520726562975141860079020261765e-01
7.9200413150888759883372358672204427421093e-01
7.2835763236172301748894142292556352913380e-01
5.7025858474334845116260339636937715113163e-01
6.6649715772720330431155844053137116134167e-01
3.6785382195452648312894439186493400484324e-01
5.4981099737135918914532339840661734342575e-01
8.8507771923887945675346600182820111513138e-01
9.9279218211990782894105223022052086889744e-01
8.6325924894787897656556197034660726785660e-01
5.9555234425801584219328788094571791589260e-01
9.5795005400156130193067838263232260942459e-01
8.1427684203884764801983919824124313890934e-01
8.1805292093959414145842856669332832098007e-01
8.4786881866961871789811766575439833104610e-01
5.5990777094169452698935174339567311108112e-01
5.4981099737135918914532339840661734342575e-01
9.6122099794085835711143772641662508249283e-01
6.8467761245962210914228762703714892268181e-01
6.9220717194203107425209964276291429996490e-01
8.0160569353810451342923215634073130786419e-01
9.1045564384920618650198775867465883493423e-01
6.3152874146005166799966445978498086333275e-01
4.1063727186133475166585071747249457985163e-01
7.1152681301118703149910516003728844225407e-01
3.5052208046691551990292623486311640590429e-01
4.3364095812056369094733554447884671390057e-01
4.0375217831577497884509853065537754446268e-01
3.6521536140718413587791246754932217299938e-01
4.1003534358135790283128585542726796120405e-01
0.0000000000000000000000000000000000000000e+00
4.9989285890244683496774769082549028098583e-01
4.0638293493470839523595827813551295548677e-01
0.0000000000000000000000000000000000000000e+00
4.4172631401403350537293590605258941650391e-01
3.3945827685597323997157559460902120918036e-01
3.9985077177836564343849090619187336415052e-01
3.6395404051339325102176758264249656349421e-01
2.6172415575131802167874184306128881871700e-01
3.3957401373119816545553817377367522567511e-01
2.8240362421872289289126456424128264188766e-01
5.3333857597610068168592079018708318471909e-01
3.8800621921987044071755690310965292155743e-01
0.0000000000000000000000000000000000000000e+00
3.6785382195452648312894439186493400484324e-01
3.5052208046691551990292623486311640590429e-01
0.0000000000000000000000000000000000000000e+00
4.3364095812056369094733554447884671390057e-01
4.0375217831577497884509853065537754446268e-01
3.6521536140718413587791246754932217299938e-01
4.1003534358135790283128585542726796120405e-01
0.0000000000000000000000000000000000000000e+00
4.9989285890244683496774769082549028098583e-01
4.0638293493470839523595827813551295548677e-01
0.0000000000000000000000000000000000000000e+00
4.4172631401403350537293590605258941650391e-01
3.3945827685597323997157559460902120918036e-01
3.9985077177836564343849090619187336415052e-01
3.6395404051339325102176758264249656349421e-01
2.6172415575131802167874184306128881871700e-01
3.3957401373119816545553817377367522567511e-01
2.8240362421872289289126456424128264188766e-01
5.3333857597610068168592079018708318471909e-01
3.8800621921987044071755690310965292155743e-01
0.0000000000000000000000000000000000000000e+00
3.6785382195452648312894439186493400484324e-01
3.5052208046691551990292623486311640590429e-01
0.0000000000000000000000000000000000000000e+00
0.0000000000000000000000000000000000000000e+00
4.3364095812056369094733554447884671390057e-01
4.0375217831577497884509853065537754446268e-01
3.6521536140718413587791246754932217299938e-01
4.1003534358135790283128585542726796120405e-01
0.0000000000000000000000000000000000000000e+00
4.9989285890244683496774769082549028098583e-01
4.0638293493470839523595827813551295548677e-01
0.0000000000000000000000000000000000000000e+00
4.4172631401403350537293590605258941650391e-01
3.3945827685597323997157559460902120918036e-01
3.9985077177836564343849090619187336415052e-01
3.6395404051339325102176758264249656349421e-01
2.6172415575131802167874184306128881871700e-01
3.3957401373119816545553817377367522567511e-01
2.8240362421872289289126456424128264188766e-01
5.3333857597610068168592079018708318471909e-01
3.8800621921987044071755690310965292155743e-01
0.0000000000000000000000000000000000000000e+00
3.6785382195452648312894439186493400484324e-01
3.5052208046691551990292623486311640590429e-01
0.0000000000000000000000000000000000000000e+00
0.0000000000000000000000000000000000000000e+00
0.0000000000000000000000000000000000000000e+00
8.5948592411260705148379202000796794891357e+01
7.1789111775206237986424184782663360238075e-01
