1
0
23
6.4974210845960833626833164089475758373737e-01
3.9994319487418106273679541118326596915722e-01
4.3218327875640316637628757234779186546803e-01
7.1894700579328707501503004095866344869137e-01
4.0086037464154933296356375649338588118553e-01
7.3181103750720499778736893858877010643482e-01
7.7724215005691110746965932776220142841339e-01
3.6983169598738158123651942332799080759287e-01
6.8938064094536988246630926369107328355312e-01
8.8100738293303682002743926204857416450977e-01
7.4496033103350578485901678504887968301773e-01
4.0584348365700168015379745156678836792707e-01
6.3307502279973137948587691425927914679050e-01
8.8714851165042907243929448668495751917362e-01
1.0000000000000000000000000000000000000000e+00
9.4118330425790586168943718803348019719124e-01
0.0000000000000000000000000000000000000000e+00
7.8871859347216488611564955135690979659557e-01
7.0978223449434163505600281496299430727959e-01
9.1996208834935444542679761070758104324341e-01
7.8967474584326224906760671728989109396935e-01
7.8414150817374095314704618431278504431248e-01
4.9796060482248227785362360009457916021347e-01
7.6111979503818294467976102168904617428780e-01
7.1894700579328596479200541580212302505970e-01
7.8934968268121719070506969728739932179451e-01
7.0461241375200123204791680109337903559208e-01
7.6331046073906227977801108863786794245243e-01
7.8269474300300168057020755441044457256794e-01
4.0004959366235282036683429396362043917179e-01
6.4733957067899416948364432755624875426292e-01
7.1894700579328707501503004095866344869137e-01
6.8738930020318023128567119783838279545307e-01
6.9391779649460139101080358159379102289677e-01
4.1151551763164651021043027867563068866730e-01
7.1894700579328707501503004095866344869137e-01
7.5872982020877377529188834159867838025093e-01
0.0000000000000000000000000000000000000000e+00
9.2584862316052152220180460062692873179913e-01
6.2397563443255477100279904334456659853458e-01
7.7707069281304963492829074311885051429272e-01
7.2359364800268810569150446099229156970978e-01
1.0000000000000000000000000000000000000000e+00
7.0064732220027514664195678051328286528587e-01
7.7516401026444636812584576546214520931244e-01
7.9669851104065125824149617983493953943253e-01
4.4789452150433817223529331386089324951172e-01
5.7814231070318056193713118773302994668484e-01
9.0954727248478051127023036315222270786762e-01
9.6066104113665440333846845533116720616817e-01
9.5559991910737640541384507741895504295826e-01
4.7162672986519416085116063186433166265488e-01
8.6629534092603421857603507305611856281757e-01
8.6629534092603421857603507305611856281757e-01
7.2698180223763320118024466864881105720997e-01
7.5972154983327710997542681070626713335514e-01
3.4413409701381258987140654426184482872486e-01
5.8163707166142863957958297760342247784138e-01
8.3155433256399269303926757856970652937889e-01
9.0719707099193125365843570762081071734428e-01
7.9367511443745530907989405022817663848400e-01
6.1255918120751484678976339637301862239838e-01
8.4675201232093799674771616992074996232986e-01
8.5020390873339946047337889467598870396614e-01
7.1937979537415619457618731757975183427334e-01
7.9669851104065125824149617983493953943253e-01
5.4121067324603533421623069443739950656891e-01
3.9542310387267087801177467554225586354733e-01
7.4826599955176698042436100877239368855953e-01
6.7253524013182530705279305038857273757458e-01
9.1776809673931813993164041676209308207035e-01
7.3074900894870142842307814134983345866203e-01
1.0000000000000000000000000000000000000000e+00
7.5906883419505455368181401354377157986164e-01
6.8291818172227891636794083751738071441650e-01
6.6305625718535243784401700395392253994942e-01
8.4670088096050544201887078088475391268730e-01
1.0000000000000000000000000000000000000000e+00
9.2848991761013455192852461550501175224781e-01
3.6246628543433417890540226835582870990038e-01
5.1977760719161680835753713836311362683773e-01
7.8597199823050445388616935815662145614624e-01
8.7452972513463178572123979392927139997482e-01
9.0409171863581860861813765950500965118408e-01
3.3132338681688433545957650494528934359550e-01
8.2473746284037385834153610630892217159271e-01
6.4150213446914650106123190198559314012527e-01
6.6646367042090448595814677901216782629490e-01
1.0000000000000000000000000000000000000000e+00
6.6319544882868453061774971502018161118031e-01
5.6124095074009261452374630607664585113525e-01
8.8937019458588872922177870350424200296402e-01
2.6851550430882831221879314398393034934998e-01
6.2133554544266289543230641356785781681538e-01
9.4574010766281602080596258019795641303062e-01
8.7626063251458863323506420783814974129200e-01
8.3378838899482421442854729320970363914967e-01
7.7146252710812179831378898597904480993748e-01
7.6719694613290023710305831627920269966125e-01
8.4195469050453586312698917026864364743233e-01
8.7230803117086275211278234564815647900105e-01
6.5718261735842131709972591124824248254299e-01
5.7302044206813884663631597504718229174614e-01
5.4166181086999487526156826788792386651039e-01
9.8603590021080111949203228505211882293224e-01
5.8038815266714804952385975411743856966496e-01
3.4080652526867433182999889140774030238390e-01
6.4733957067899494663976156516582705080509e-01
9.0944927050168566928789459780091419816017e-01
8.1475637150927304741543366617406718432903e-01
7.0090468535006500427897435656632296741009e-01
7.1289153378236447267113362613599747419357e-01
8.7920795969952569848260282014962285757065e-01
7.2888549661013724012548209429951384663582e-01
7.2404550682245605308651192899560555815697e-01
9.2885002363604096675686605522059835493565e-01
8.4253266799956072485855429476941935718060e-01
7.9669851104065125824149617983493953943253e-01
8.6694177336287603363729203920229338109493e-01
9.1656535210048606376886937141534872353077e-01
1.0000000000000000000000000000000000000000e+00
2.8662608004817885509751818062795791774988e-01
7.4826599955176698042436100877239368855953e-01
1.0000000000000000000000000000000000000000e+00
9.6863036517440093131625644673476926982403e-01
7.7312211854258583443311181326862424612045e-01
5.4329652798183702966383634702651761472225e-01
9.7837849417593869549847340749693103134632e-01
8.5762972256391534209285509859910234808922e-01
6.7031147446226635455701625687652267515659e-01
8.8724565198885807504325384797994047403336e-01
8.1423057938791731924510486351209692656994e-01
8.4961722889698387817247748898807913064957e-01
7.7807629123858090824938926743925549089909e-01
7.4519825552829488390926826468785293400288e-01
8.3954649623209043340921198250725865364075e-01
8.0757615863060883132362732794717885553837e-01
5.1843914101904653435326508770231157541275e-01
5.5628659623957565916185785681591369211674e-01
7.2553930544643241429270119624561630189419e-01
7.0489713889765970300516073621110990643501e-01
7.3074900894870142842307814134983345866203e-01
6.0689224348207504444729920578538440167904e-01
8.6629534092604121298109021154232323169708e-01
7.3619189116474226253217238991055637598038e-01
6.3982583308197249483129098734934814274311e-01
7.8884256462451729507989739431650377810001e-01
6.8505551899860406273035096091916784644127e-01
6.8745745418686843297706445810035802423954e-01
6.9669259135921290937432104328763671219349e-01
6.6319544882868453061774971502018161118031e-01
6.3357196717452701761885691666975617408752e-01
6.8433036715468398281103645786060951650143e-01
5.9076060848595279839656768672284670174122e-01
3.8925851374823883244147282312042079865932e-01
4.3218327875640549784463928517652675509453e-01
7.1894700579328629785891280334908515214920e-01
8.2843540326553588570845931826625019311905e-01
9.9965967772463215634815014709602110087872e-01
7.2398011276625684473629007698036730289459e-01
1.0000000000000000000000000000000000000000e+00
9.3400243460775012049879251208039931952953e-01
8.3289733837714297060017543117282912135124e-01
7.2087515790765643863835521187866106629372e-01
7.4673743583415685964865815549273975193501e-01
6.3648131889118042536779285001102834939957e-01
8.4762826124634638169652589567704126238823e-01
6.2869953178653359415761769923847168684006e-01
6.0114671857110035801952108158729970455170e-01
9.5961014998110727436397837664117105305195e-01
7.9422429518938397752236824089777655899525e-01
6.4272392814989220966026550740934908390045e-01
0.0000000000000000000000000000000000000000e+00
6.0242411752263891333569745256681926548481e-01
7.1894700579328629785891280334908515214920e-01
6.7037952254581034683411644437001086771488e-01
7.5615236634875881982509326917352154850960e-01
5.5239542222459858678007549315225332975388e-01
7.7922638035937108469397571752779185771942e-01
7.6524575386129312093430598906707018613815e-01
6.2339062325887939497448542169877327978611e-01
5.7642856539289055728403354805777780711651e-01
7.2610953815471690475646937557030469179153e-01
5.9371874021137571730832860339432954788208e-01
7.7636632593188925621774387764162383973598e-01
7.5643492640884124611488914524670690298080e-01
5.4319672025485588040538686982472427189350e-01
7.9669851104064703939400260424008592963219e-01
7.2610953815471690475646937557030469179153e-01
5.7642856539288989115021877296385355293751e-01
6.6820203393680877024252140472526662051678e-01
3.6746898191045884729533099744003266096115e-01
5.4961927427048040684098850761074572801590e-01
8.8806553150774047988846859880140982568264e-01
9.9886794443794713060924550518393516540527e-01
8.5981743500580454231396743125515058636665e-01
6.0255537423590510570647893473505973815918e-01
9.4992747654107867472106363493367098271847e-01
8.1512732139598476077679833906586281955242e-01
8.1891933462575561275542668226989917457104e-01
8.3555569137768259668774817328085191547871e-01
5.6067235169584650478213916358072310686111e-01
5.4961927427048040684098850761074572801590e-01
9.5415152019773541436364894252619706094265e-01
6.8859351792671952274815794226014986634254e-01
7.0047383481907909974495396454585716128349e-01
8.0704720703075394361292183020850643515587e-01
9.0896445217337418220893141551641747355461e-01
6.3375730510963113051303707834449596703053e-01
4.1563907842310504614502519871166441589594e-01
7.1660675112720817470091105860774405300617e-01
3.4804346788654427768960886169224977493286e-01
4.3218327875640316637628757234779186546803e-01
4.0086037464154933296356375649338588118553e-01
3.6983169598738158123651942332799080759287e-01
4.0584348365700168015379745156678836792707e-01
0.0000000000000000000000000000000000000000e+00
4.9796060482248227785362360009457916021347e-01
4.0004959366235282036683429396362043917179e-01
0.0000000000000000000000000000000000000000e+00
4.4789452150433817223529331386089324951172e-01
3.4413409701381258987140654426184482872486e-01
3.9542310387267087801177467554225586354733e-01
3.6246628543433417890540226835582870990038e-01
2.6851550430882831221879314398393034934998e-01
3.4080652526867433182999889140774030238390e-01
2.8662608004817885509751818062795791774988e-01
5.1843914101904653435326508770231157541275e-01
3.8925851374823883244147282312042079865932e-01
0.0000000000000000000000000000000000000000e+00
3.6746898191045884729533099744003266096115e-01
3.4804346788654427768960886169224977493286e-01
0.0000000000000000000000000000000000000000e+00
4.3218327875640316637628757234779186546803e-01
4.0086037464154933296356375649338588118553e-01
3.6983169598738158123651942332799080759287e-01
4.0584348365700168015379745156678836792707e-01
0.0000000000000000000000000000000000000000e+00
4.9796060482248227785362360009457916021347e-01
4.0004959366235282036683429396362043917179e-01
0.0000000000000000000000000000000000000000e+00
4.4789452150433817223529331386089324951172e-01
3.4413409701381258987140654426184482872486e-01
3.9542310387267087801177467554225586354733e-01
3.6246628543433417890540226835582870990038e-01
2.6851550430882831221879314398393034934998e-01
3.4080652526867433182999889140774030238390e-01
2.8662608004817885509751818062795791774988e-01
5.1843914101904653435326508770231157541275e-01
3.8925851374823883244147282312042079865932e-01
0.0000000000000000000000000000000000000000e+00
3.6746898191045884729533099744003266096115e-01
3.4804346788654427768960886169224977493286e-01
0.0000000000000000000000000000000000000000e+00
0.0000000000000000000000000000000000000000e+00
4.3218327875640316637628757234779186546803e-01
4.0086037464154933296356375649338588118553e-01
3.6983169598738158123651942332799080759287e-01
4.0584348365700168015379745156678836792707e-01
0.0000000000000000000000000000000000000000e+00
4.9796060482248227785362360009457916021347e-01
4.0004959366235282036683429396362043917179e-01
0.0000000000000000000000000000000000000000e+00
4.4789452150433817223529331386089324951172e-01
3.4413409701381258987140654426184482872486e-01
3.9542310387267087801177467554225586354733e-01
3.6246628543433417890540226835582870990038e-01
2.6851550430882831221879314398393034934998e-01
3.4080652526867433182999889140774030238390e-01
2.8662608004817885509751818062795791774988e-01
5.1843914101904653435326508770231157541275e-01
3.8925851374823883244147282312042079865932e-01
0.0000000000000000000000000000000000000000e+00
3.6746898191045884729533099744003266096115e-01
3.4804346788654427768960886169224977493286e-01
0.0000000000000000000000000000000000000000e+00
0.0000000000000000000000000000000000000000e+00
0.0000000000000000000000000000000000000000e+00
8.6401468788249744079621450509876012802124e+01
7.2119512286774378750919822778087109327316e-01
