1
0
23
6.5985675721168046692355346749536693096161e-01
3.9970626568172640258325145623530261218548e-01
4.2536976037853296839230665682407561689615e-01
7.2796281226063142000271000142674893140793e-01
3.9699530260238141687878510310838464647532e-01
7.4774224825506496738825035208719782531261e-01
7.9685882529700047260945439120405353605747e-01
3.7817066169505819672735924541484564542770e-01
6.8499732389532974607959658897016197443008e-01
8.7021282172435032720159142627380788326263e-01
6.8787095688747135202589788605109788477421e-01
3.5781387218887555912161246851610485464334e-01
6.4831045983301005541932227060897275805473e-01
9.1319206477844439007185428636148571968079e-01
1.0000000000000000000000000000000000000000e+00
8.8099665572957752690541610718355514109135e-01
0.0000000000000000000000000000000000000000e+00
7.8044331623020624100206532602896913886070e-01
7.0668366052039122138239690684713423252106e-01
8.7550217209417502406409994364366866648197e-01
7.6599939055925825304171894458704628050327e-01
7.2808747329035405915220735550974495708942e-01
4.8175157931582557324645676999352872371674e-01
7.6894231453974459800093654848751612007618e-01
7.1071712706069667397912326123332604765892e-01
7.7113674326616610255058503753389231860638e-01
6.7942645646782728885426649867440573871136e-01
7.6456576899297756799711578423739410936832e-01
7.6284651908743239534516078492742963135242e-01
3.8273798980766315924739728870918042957783e-01
6.4831045983301005541932227060897275805473e-01
7.3667976294686665639233069668989628553391e-01
7.4611758015236284702353941611363552510738e-01
6.7942645646782151569453844786039553582668e-01
4.7299555030134854405332589522004127502441e-01
7.3694631714665814747888816782506182789803e-01
7.6894231453974459800093654848751612007618e-01
5.4472335371029710626711306531433365307748e-02
9.4149597918345995228861511350260116159916e-01
6.5996466863392688750877823622431606054306e-01
7.4448696267770386736373211533646099269390e-01
7.3395557752925899563933853642083704471588e-01
1.0000000000000000000000000000000000000000e+00
7.3018604776043893878068047342821955680847e-01
7.6894231453974459800093654848751612007618e-01
8.3474671909083364429449147792183794081211e-01
4.6225806981130768136267761292401701211929e-01
5.9692919160445689907845689958776347339153e-01
9.2369703810330616722268359808367677032948e-01
9.5632613593264292894957634416641667485237e-01
9.4435071973076567530824831919744610786438e-01
4.4166378317411103537892813619691878557205e-01
8.9036859338522222895306867940234951674938e-01
8.5926068670297195417617786006303504109383e-01
8.1287320983621913494943100886303000152111e-01
7.6078008188425005897670416743494570255280e-01
3.5594113545309641333247441252751741558313e-01
5.7706053625712050436646904927329160273075e-01
8.5043495076892750006436472176574170589447e-01
9.3823262591784295505448199037346057593822e-01
8.0861739547703637143172272772062569856644e-01
6.1926999949992367344719923494267277419567e-01
8.4143821947000541072725354752037674188614e-01
8.6852363405272681173840965129784308373928e-01
7.4392499785272703238803160274983383715153e-01
8.1487806374348292770548596308799460530281e-01
5.6854681163262188459128765316563658416271e-01
4.0377659386799230611941879942605737596750e-01
7.3993516961148808608328408809029497206211e-01
6.5996466863392777568719793634954839944839e-01
8.7138728618450855822885614543338306248188e-01
7.0835980963145983579920539341401308774948e-01
1.0000000000000000000000000000000000000000e+00
7.4731535126824566450665088268578983843327e-01
6.6248621773957372393937248489237390458584e-01
6.7757611430211017733427070197649300098419e-01
8.3421669509072637893609680759254842996597e-01
9.9848726068150284174151920524309389293194e-01
9.2873339183924741302433858436415903270245e-01
3.4011372986304172494342878962925169616938e-01
5.3054992427123470744021460632211528718472e-01
7.9973042599629984295006579486653208732605e-01
8.6160321551050511601488324231468141078949e-01
8.8038452440778669494392261185566894710064e-01
3.3321249673275588065735064446926116943359e-01
8.1187484713410318359905204488313756883144e-01
6.3930019958023109882816470417310483753681e-01
7.0898461037339111090460619379882700741291e-01
1.0000000000000000000000000000000000000000e+00
6.5264978262841311096309482309152372181416e-01
5.7831424096968397918772097909823060035706e-01
8.4291461798594646825932841238682158291340e-01
2.5570764040476245959609968849690631031990e-01
6.4989922128490462682748329825699329376221e-01
9.6564351217451704911809429177083075046539e-01
8.9784966776804053800731253431877121329308e-01
8.7021282172435032720159142627380788326263e-01
7.2622562955238278981084931729128584265709e-01
7.6658480044008869835892028277157805860043e-01
9.0205115938553193100091220912872813642025e-01
9.1070087838727342699485234334133565425873e-01
7.0032978321940897448172336225979961454868e-01
6.0450374604270595835231461023795418441296e-01
5.8599560574138664925669672811636701226234e-01
9.5620941471912201947702669713180512189865e-01
6.6457696299674751116981497034430503845215e-01
3.6638430998925203274652062646055128425360e-01
6.6530440265495183194133232973399572074413e-01
9.0320442017975410831098770358948968350887e-01
8.2302459967247021399572304289904423058033e-01
7.1542795817890414422635103619541041553020e-01
6.9243519498214689544823841060861013829708e-01
8.4662641322808218635742605329141952097416e-01
7.1833750483817260246155456115957349538803e-01
7.6890414663210060464137995950295589864254e-01
9.4719460219974593861991252197185531258583e-01
8.7526808229623398460716998670250177383423e-01
7.9905496100564143979738673806423321366310e-01
8.3738221000022650120087064351537264883518e-01
9.0244279103255808927031011990038678050041e-01
1.0000000000000000000000000000000000000000e+00
2.6628259542122634240257639248738996684551e-01
6.8743644087468391834505609949701465666294e-01
9.6564351217451704911809429177083075046539e-01
8.8418339635545617483103342237882316112518e-01
7.5423803165779834678517090651439502835274e-01
5.4689945028787456671182098943972960114479e-01
8.9036859338522222895306867940234951674938e-01
7.9855020537804699554129683747305534780025e-01
6.7167294556914181047346801278763450682163e-01
8.7676103088241308380901273267227225005627e-01
7.9918276689029532633412600262090563774109e-01
8.4129997241524101525556034175679087638855e-01
7.4079215742648085729626927786739543080330e-01
7.1897979874994566440449261790490709245205e-01
8.7458088198377426092378073008148930966854e-01
7.7775331686131121688987377638113684952259e-01
4.6394777481511595418339766183635219931602e-01
5.6943433621585870518799765704898163676262e-01
7.6122995267690163334606268108473159372807e-01
6.9567067870198384671454050476313568651676e-01
7.1542795817890414422635103619541041553020e-01
5.8027077259009618437346489372430369257927e-01
8.4701580275164400912757400874397717416286e-01
7.6284651908743306147897556002135388553143e-01
6.8063273691029613221559202429489232599735e-01
7.7543496958036406407899221449042670428753e-01
6.6603219540855340685681085233227349817753e-01
6.7574552444701108111502207975718192756176e-01
6.8118975856258368040130335430148988962173e-01
6.8118975856258368040130335430148988962173e-01
6.8063273691029646528249941184185445308685e-01
6.6603219540855340685681085233227349817753e-01
5.7466201730429344873840591390035115182400e-01
3.7779178421307391122496710522682406008244e-01
4.7365818188296193724795557500328868627548e-01
7.2429870956502939716159517047344706952572e-01
8.6264471370117068449445696387556381523609e-01
1.0000000000000000000000000000000000000000e+00
7.3277735792840648088031230145134031772614e-01
9.6556097357125747482342603689176030457020e-01
9.0649342109621500185312470421195030212402e-01
8.3670865392013937800186340609798207879066e-01
7.8008404939475517458902231737738475203514e-01
7.6644462439121285868282029696274548768997e-01
6.3828731763958235223554993353900499641895e-01
8.3518108581151706548695301535190083086491e-01
6.9567067870198384671454050476313568651676e-01
6.2442564058313143604550532472785562276840e-01
9.4753702370719938841148177743889391422272e-01
8.0478059325686712721648063961765728890896e-01
6.9567067870198384671454050476313568651676e-01
0.0000000000000000000000000000000000000000e+00
5.7925311855675631900197686263709329068661e-01
6.9995234462768662897502736086607910692692e-01
6.9324714531616804524816188859404064714909e-01
7.4038112966197922037991929755662567913532e-01
5.6791692227698575834438088349997997283936e-01
8.1175237278834788678949507811921648681164e-01
7.4038112966197922037991929755662567913532e-01
6.2484668139706633915864131267881020903587e-01
5.5212799440001958384272029434214346110821e-01
7.0579144926647208180270354205276817083359e-01
5.9461302502850266193945572013035416603088e-01
7.4509337410610165797208992444211617112160e-01
6.9995234462768662897502736086607910692692e-01
5.7923779508714512420652908986085094511509e-01
7.7049502622679610919220749565283767879009e-01
6.9324714531616804524816188859404064714909e-01
5.7923779508714512420652908986085094511509e-01
6.3828731763958213019094500850769691169262e-01
3.2190691660209169722151045789360068738461e-01
5.6291264630197590523863482303568162024021e-01
8.7342441953942218102469041696167550981045e-01
1.0000000000000000000000000000000000000000e+00
8.7136543973113034233790585858514532446861e-01
6.3668487730082812259269076093914918601513e-01
9.0342178154039254334151110015227459371090e-01
8.2829581652371486732988614676287397742271e-01
8.2795009246982287365312913607340306043625e-01
8.6014934655464203583363769212155602872372e-01
5.5905010128810572744839646475156769156456e-01
5.6291264630197590523863482303568162024021e-01
9.0857101761125569350241448773886077105999e-01
7.0435550089389165062669917460880242288113e-01
7.3412560821639882835398793758940882980824e-01
8.1591436973885367311964955661096610128880e-01
8.8499226001926822871013200710876844823360e-01
6.4640103632414813716877688420936465263367e-01
4.2051350207011956028324561884801369160414e-01
7.4071502558646418190591020902502350509167e-01
3.5326456736154759896706423205614555627108e-01
4.2536976037853296839230665682407561689615e-01
3.9699530260238141687878510310838464647532e-01
3.7817066169505819672735924541484564542770e-01
3.5781387218887555912161246851610485464334e-01
0.0000000000000000000000000000000000000000e+00
4.8175157931582557324645676999352872371674e-01
3.8273798980766315924739728870918042957783e-01
5.4472335371029710626711306531433365307748e-02
4.6225806981130768136267761292401701211929e-01
3.5594113545309641333247441252751741558313e-01
4.0377659386799230611941879942605737596750e-01
3.4011372986304172494342878962925169616938e-01
2.5570764040476245959609968849690631031990e-01
3.6638430998925203274652062646055128425360e-01
2.6628259542122634240257639248738996684551e-01
4.6394777481511595418339766183635219931602e-01
3.7779178421307391122496710522682406008244e-01
0.0000000000000000000000000000000000000000e+00
3.2190691660209169722151045789360068738461e-01
3.5326456736154759896706423205614555627108e-01
0.0000000000000000000000000000000000000000e+00
4.2536976037853296839230665682407561689615e-01
3.9699530260238141687878510310838464647532e-01
3.7817066169505819672735924541484564542770e-01
3.5781387218887555912161246851610485464334e-01
0.0000000000000000000000000000000000000000e+00
4.8175157931582557324645676999352872371674e-01
3.8273798980766315924739728870918042957783e-01
5.4472335371029710626711306531433365307748e-02
4.6225806981130768136267761292401701211929e-01
3.5594113545309641333247441252751741558313e-01
4.0377659386799230611941879942605737596750e-01
3.4011372986304172494342878962925169616938e-01
2.5570764040476245959609968849690631031990e-01
3.6638430998925203274652062646055128425360e-01
2.6628259542122634240257639248738996684551e-01
4.6394777481511595418339766183635219931602e-01
3.7779178421307391122496710522682406008244e-01
0.0000000000000000000000000000000000000000e+00
3.2190691660209169722151045789360068738461e-01
3.5326456736154759896706423205614555627108e-01
0.0000000000000000000000000000000000000000e+00
0.0000000000000000000000000000000000000000e+00
4.2536976037853296839230665682407561689615e-01
3.9699530260238141687878510310838464647532e-01
3.7817066169505819672735924541484564542770e-01
3.5781387218887555912161246851610485464334e-01
0.0000000000000000000000000000000000000000e+00
4.8175157931582557324645676999352872371674e-01
3.8273798980766315924739728870918042957783e-01
5.4472335371029710626711306531433365307748e-02
4.6225806981130768136267761292401701211929e-01
3.5594113545309641333247441252751741558313e-01
4.0377659386799230611941879942605737596750e-01
3.4011372986304172494342878962925169616938e-01
2.5570764040476245959609968849690631031990e-01
3.6638430998925203274652062646055128425360e-01
2.6628259542122634240257639248738996684551e-01
4.6394777481511595418339766183635219931602e-01
3.7779178421307391122496710522682406008244e-01
0.0000000000000000000000000000000000000000e+00
3.2190691660209169722151045789360068738461e-01
3.5326456736154759896706423205614555627108e-01
0.0000000000000000000000000000000000000000e+00
0.0000000000000000000000000000000000000000e+00
0.0000000000000000000000000000000000000000e+00
8.5544675642594924624972918536514043807983e+01
7.7800069641314395507691870079725049436092e-01
