1
0
23
6.6015312141978033100286893386510200798512e-01
3.9986783767870132111355019333132077008486e-01
4.2409099219108431499947187148791272193193e-01
7.2608217287231802128388835626537911593914e-01
3.9893200782223597888886956752685364335775e-01
7.3692341825523544063258896130719222128391e-01
7.9979198066153966983904410881223157048225e-01
3.8255150972144236209970813433756120502949e-01
6.7971308788330375705299957189708948135376e-01
8.7634972315568482326142429883475415408611e-01
6.9967132078655436266956257895799353718758e-01
3.5959119895592145388363292113353963941336e-01
6.5226503442357985917965379485394805669785e-01
9.1628213677345693444209473454975523054600e-01
1.0000000000000000000000000000000000000000e+00
9.0688473204182040721121893511735834181309e-01
0.0000000000000000000000000000000000000000e+00
7.8030283501190433881333774479571729898453e-01
7.1087280149119591587947297739447094500065e-01
8.8957247331365418840931624799850396811962e-01
7.6385000238226175017786090393201448023319e-01
7.5907532715898529129816552085685543715954e-01
4.9365218973975666383324778507812879979610e-01
7.6880415797795376153800361862522549927235e-01
7.1506661938051574445296409976435825228691e-01
7.8042236426316302644323741333209909498692e-01
6.8495120273150400524997394313686527311802e-01
7.5703478254294287452808021043892949819565e-01
7.7038391793385807559957356716040521860123e-01
3.8561408301338745419073461562220472842455e-01
6.5180988093699099295008636545389890670776e-01
7.3323668469416081183709366086986847221851e-01
7.3462671722182337763484838433214463293552e-01
6.7770553878227979271997583055053837597370e-01
4.7086294548588558672719273090478964149952e-01
7.4291098457150794853731667899410240352154e-01
7.6880415797795254029267653095303103327751e-01
4.7743098768624765704249313102991436608136e-02
9.3994011251100872961217191914329305291176e-01
6.5314901665443236833397122609312646090984e-01
7.3692341825522023057715159666258841753006e-01
7.2951015073135783151059285955852828919888e-01
1.0000000000000000000000000000000000000000e+00
7.2408165558931625316319014018517918884754e-01
7.6880415797795254029267653095303103327751e-01
8.2588548067701905708304366271477192640305e-01
4.7402244872204724046582668961491435766220e-01
5.9308953830688004860149931118940003216267e-01
9.2339963096811406018105117254890501499176e-01
9.5802773806006569223825408698758110404015e-01
9.4597557730370107620387898350600153207779e-01
4.5670269156465370663511293969349935650826e-01
8.8114765829573349353864841759786941111088e-01
8.6577331163390969237525496282614767551422e-01
7.9317139249124624100772962265182286500931e-01
7.5485967495900052615098729802411980926991e-01
3.5533214354616254881946701971173752099276e-01
5.7882622395618144039985963900107890367508e-01
8.4546829472011197914582680823514237999916e-01
9.2876328743364511275615313934395089745522e-01
7.9656792271900167534681713732425123453140e-01
6.1546272106416155533992196069448255002499e-01
8.4441540315433882835094436813960783183575e-01
8.5998910167703734863664521981263533234596e-01
7.3323668469415881343564933558809570968151e-01
8.0791172795014831731208460041671060025692e-01
5.6189143470778357691841620180639438331127e-01
3.9293744545809849988415862753754481673241e-01
7.3692341825523544063258896130719222128391e-01
6.6065185134706605474264051736099645495415e-01
8.9015049970966064751820567835238762199879e-01
7.0591327596551189937912340610637329518795e-01
1.0000000000000000000000000000000000000000e+00
7.4430231733482499212328775683999992907047e-01
6.7144734503546332771151128326891921460629e-01
6.8038950180922008748041207581991329789162e-01
8.3612088889712110617580265170545317232609e-01
1.0000000000000000000000000000000000000000e+00
9.2947845329777467604515095445094630122185e-01
3.4958137083083701268648724180820863693953e-01
5.2827226843962948876765040040481835603714e-01
7.8728669935282136194132363016251474618912e-01
8.5752905705283444248721025360282510519028e-01
8.6549461372677793935537238212418742477894e-01
3.3631572011789179210694555877125822007656e-01
8.3222825159727620292215988229145295917988e-01
6.3551663803071201108707555249566212296486e-01
7.0094070150245890715723362518474459648132e-01
1.0000000000000000000000000000000000000000e+00
6.5877624195621009572931825459818355739117e-01
5.7240731202603367666625899801147170364857e-01
8.4995771312662049545849640708183869719505e-01
2.5746607421394129833203123780549503862858e-01
6.5025261463912731318970372740295715630054e-01
9.6490258415826102300627553631784394383430e-01
9.0693036155156070421412550786044448614120e-01
8.6139733119079842094123478091205470263958e-01
7.3440963903573819315795390139101073145866e-01
7.6589888680779405483178834401769563555717e-01
8.9669004715624778256710669666063040494919e-01
9.0903252237461507068161381539539434015751e-01
6.8370096142539837913432165805716067552567e-01
6.0454256559397223647067676211008802056313e-01
5.7876690862698654260753983180620707571507e-01
9.7369266449003866181755029174382798373699e-01
6.6453843766173636975480576438712887465954e-01
3.6546005939397319117745155381271615624428e-01
6.6386946375731503700023949932074174284935e-01
9.0142169814246242420807675443938933312893e-01
8.1508908008387359611646161283715628087521e-01
7.0591327596551189937912340610637329518795e-01
6.9304141397967500282106811937410384416580e-01
8.5923330637535810794247481680940836668015e-01
7.1685546611021611074221482340362854301929e-01
7.6582703900779824923716887496993876993656e-01
9.5124439765075863295606950487126596271992e-01
8.6587985712983794872599219161202199757099e-01
7.9772363860766259957557622328749857842922e-01
8.4162071992785147944715617995825596153736e-01
9.2565938524784641128206885696272365748882e-01
1.0000000000000000000000000000000000000000e+00
2.7314941372958778664781220868462696671486e-01
7.0364024570565841809610674317809753119946e-01
9.7458096653292081157360371435061097145081e-01
9.0106760644019112671543325632228516042233e-01
7.5307535240691669820023435022449120879173e-01
5.2569327214693106764542562814312987029552e-01
9.0933910514311377948359904621611349284649e-01
8.1191220610479819530524991932907141745090e-01
6.7049873867696929696791130481869913637638e-01
8.9238342497781752982177749800030142068863e-01
8.0366959262566650679104895971249788999557e-01
8.4366910500453595744829726754687726497650e-01
7.5307535240691558797720972506795078516006e-01
7.2242590790394412003649904363555833697319e-01
8.7646774195725374312360145268030464649200e-01
7.8401149638399969532542854722123593091965e-01
4.7906041856988634819458638958167284727097e-01
5.6802100467786442727913254202576354146004e-01
7.5039072346893398446354694897308945655823e-01
6.9469807407087791339961313497042283415794e-01
7.0952313285480350657508097356185317039490e-01
5.7813867327377088667361704210634343326092e-01
8.5804461863769831975190527373342774808407e-01
7.6116600784937704649024681202718056738377e-01
6.7592715862088592615464222035370767116547e-01
7.7357813215132564810261328602791763842106e-01
6.7343509697721615214760504386504180729389e-01
6.6982524008792454495164747640956193208694e-01
6.8676888536058378065263241296634078025818e-01
6.7142683178396256327147284537204541265965e-01
6.6982524008792454495164747640956193208694e-01
6.6982524008792454495164747640956193208694e-01
5.7764196401468648200960842586937360465527e-01
3.7550202466303650439272132643964141607285e-01
4.4249307979054847139721573512360919266939e-01
7.2608217287231802128388835626537911593914e-01
8.5473177263095823086302971205441281199455e-01
1.0000000000000000000000000000000000000000e+00
7.1139835699228837206931075343163684010506e-01
9.7097864581002124584330204015714116394520e-01
9.1123390999122322320147304708370938897133e-01
8.4511871285760198357905892407870851457119e-01
7.4671386316117072112774621928110718727112e-01
7.6110866444183400414402740352670662105083e-01
6.3406373342163790951531154860276728868484e-01
8.4511871285759621041933087326469831168652e-01
6.7509563348860091025471774628385901451111e-01
6.2685507779659777050085267546819522976875e-01
9.6609159334668792684652771640685386955738e-01
7.9839475891922839778658271825406700372696e-01
6.9469807407087780237731067245476879179478e-01
0.0000000000000000000000000000000000000000e+00
5.7882622395618144039985963900107890367508e-01
7.0355925195148827366864452415029518306255e-01
6.8183228894524894325712693898822180926800e-01
7.3394550126196600459138608130160719156265e-01
5.5282173788230004607413548001204617321491e-01
7.9610441849460089613899071991909295320511e-01
7.3394550126196600459138608130160719156265e-01
6.2958330326765921114429147564806044101715e-01
5.3786016754493437552753221098100766539574e-01
7.0355925195149293660534794980776496231556e-01
5.9170349707666602956379620081861503422260e-01
7.4433110062506269155591098751756362617016e-01
7.0370734255061584416779396633501164615154e-01
5.7876690862698654260753983180620707571507e-01
7.6629057281147439084634243045002222061157e-01
7.0113328082577552891052619088441133499146e-01
5.7833330934193061256820556081947870552540e-01
6.3448432985066760547709918682812713086605e-01
3.2081066617101244853316188709868583828211e-01
5.5949898467091185860766699988744221627712e-01
8.7164554902034740990757200052030384540558e-01
1.0000000000000000000000000000000000000000e+00
8.5717557718995818216711768400273285806179e-01
6.2997948648229906698503555162460543215275e-01
9.1171374843210406524462996458169072866440e-01
8.3110894445440186562024109662161208689213e-01
8.2896784000672607550797010844689793884754e-01
8.5470967392582886112961659819120541214943e-01
5.6189143470778357691841620180639438331127e-01
5.5949898467091185860766699988744221627712e-01
9.1460019324394026263291834766278043389320e-01
7.0383905773911437098178112137247808277607e-01
7.2759082167022792742017145428690128028393e-01
8.1309135900596007928697872557677328586578e-01
8.9413784265508355897367209763615392148495e-01
6.4332532843749568041147313124383799731731e-01
4.1790526127410848600263193475257139652967e-01
7.3128946442051001586293068612576462328434e-01
3.5265831511667322661907064684783108532429e-01
4.2409099219108431499947187148791272193193e-01
3.9893200782223597888886956752685364335775e-01
3.8255150972144236209970813433756120502949e-01
3.5959119895592145388363292113353963941336e-01
0.0000000000000000000000000000000000000000e+00
4.9365218973975666383324778507812879979610e-01
3.8561408301338745419073461562220472842455e-01
4.7743098768624765704249313102991436608136e-02
4.7402244872204724046582668961491435766220e-01
3.5533214354616254881946701971173752099276e-01
3.9293744545809849988415862753754481673241e-01
3.4958137083083701268648724180820863693953e-01
2.5746607421394129833203123780549503862858e-01
3.6546005939397319117745155381271615624428e-01
2.7314941372958778664781220868462696671486e-01
4.7906041856988634819458638958167284727097e-01
3.7550202466303650439272132643964141607285e-01
0.0000000000000000000000000000000000000000e+00
3.2081066617101244853316188709868583828211e-01
3.5265831511667322661907064684783108532429e-01
0.0000000000000000000000000000000000000000e+00
4.2409099219108431499947187148791272193193e-01
3.9893200782223597888886956752685364335775e-01
3.8255150972144236209970813433756120502949e-01
3.5959119895592145388363292113353963941336e-01
0.0000000000000000000000000000000000000000e+00
4.9365218973975666383324778507812879979610e-01
3.8561408301338745419073461562220472842455e-01
4.7743098768624765704249313102991436608136e-02
4.7402244872204724046582668961491435766220e-01
3.5533214354616254881946701971173752099276e-01
3.9293744545809849988415862753754481673241e-01
3.4958137083083701268648724180820863693953e-01
2.5746607421394129833203123780549503862858e-01
3.6546005939397319117745155381271615624428e-01
2.7314941372958778664781220868462696671486e-01
4.7906041856988634819458638958167284727097e-01
3.7550202466303650439272132643964141607285e-01
0.0000000000000000000000000000000000000000e+00
3.2081066617101244853316188709868583828211e-01
3.5265831511667322661907064684783108532429e-01
0.0000000000000000000000000000000000000000e+00
0.0000000000000000000000000000000000000000e+00
4.2409099219108431499947187148791272193193e-01
3.9893200782223597888886956752685364335775e-01
3.8255150972144236209970813433756120502949e-01
3.5959119895592145388363292113353963941336e-01
0.0000000000000000000000000000000000000000e+00
4.9365218973975666383324778507812879979610e-01
3.8561408301338745419073461562220472842455e-01
4.7743098768624765704249313102991436608136e-02
4.7402244872204724046582668961491435766220e-01
3.5533214354616254881946701971173752099276e-01
3.9293744545809849988415862753754481673241e-01
3.4958137083083701268648724180820863693953e-01
2.5746607421394129833203123780549503862858e-01
3.6546005939397319117745155381271615624428e-01
2.7314941372958778664781220868462696671486e-01
4.7906041856988634819458638958167284727097e-01
3.7550202466303650439272132643964141607285e-01
0.0000000000000000000000000000000000000000e+00
3.2081066617101244853316188709868583828211e-01
3.5265831511667322661907064684783108532429e-01
0.0000000000000000000000000000000000000000e+00
0.0000000000000000000000000000000000000000e+00
0.0000000000000000000000000000000000000000e+00
8.6003671970624296250207407865673303604126e+01
7.6276293999109712196116106497356668114662e-01
