1
0
23
6.6122805399254525049457242857897654175758e-01
4.4168568683279113562534234915801789611578e-01
5.1370412532710452158113412224338389933109e-01
8.2045075358475916260658777900971472263336e-01
3.9813917225566863855590327148092910647392e-01
8.4537858643137275826973109360551461577415e-01
7.9342721216669997996717711430392228066921e-01
4.1032130133454269849124784741434268653393e-01
8.4805361969884807127328940623556263744831e-01
8.6264441812091319228272823238512501120567e-01
6.9875606670284329258180378019460476934910e-01
3.8312304209631181661777077351871412247419e-01
7.8695871742981160501528847817098721861839e-01
8.9900610321463458873836316342931240797043e-01
9.8610067294568026774470581585774198174477e-01
1.0000000000000000000000000000000000000000e+00
0.0000000000000000000000000000000000000000e+00
8.4182565332784964340362421353347599506378e-01
7.2024858532654600917766174461576156318188e-01
8.1214295157683846770879654286545701324940e-01
7.6669801871567677675756158350850455462933e-01
1.0000000000000000000000000000000000000000e+00
3.9102382907312493998119862226303666830063e-01
8.1598241519490866124897365807555615901947e-01
7.6421354181385203752085999440168961882591e-01
7.6995204279725226736985632669529877603054e-01
7.0281219829113061869918510637944564223289e-01
9.6528772610784030483443984849145635962486e-01
6.9600420912315175137052847276208922266960e-01
4.4511555751440495809490016654308419674635e-01
7.4481014052465288610704874372459016740322e-01
8.6608014594631699267779367801267653703690e-01
8.1164905177799107072189599421108141541481e-01
8.1048857893406511809786252342746593058109e-01
7.8933273639660261888906234162277542054653e-01
8.4934504066935834210028133384184911847115e-01
8.7370559414108739382243129512062296271324e-01
3.3156749746946123647006743340170942246914e-01
8.9208466975676181665022568267886526882648e-01
7.4786768671680559084080641696345992386341e-01
7.1505430471969089190054091886850073933601e-01
8.3308108197500785330191774846753105521202e-01
1.0000000000000000000000000000000000000000e+00
7.1687464106358267379448534484254196286201e-01
7.6421354181385314774388461955823004245758e-01
9.0577679864502691486904950579628348350525e-01
3.6630984637521213365118910587625578045845e-01
7.9831385557310774458983360091224312782288e-01
9.4496149198637791055688239794108085334301e-01
9.6785540423651550412387223332189023494720e-01
9.7451256653328055534757368150167167186737e-01
6.6066610982884510505641628697048872709274e-01
9.6741157840831559777683423817506991326809e-01
9.6233380190993389469156227278290316462517e-01
9.8922903097585324072582579901791177690029e-01
9.5195634055050692978738879901356995105743e-01
4.5780922031441922959160706341208424419165e-01
7.9620158485761827193982753669843077659607e-01
9.0233873532157604646641857470967806875706e-01
1.0000000000000000000000000000000000000000e+00
9.5811447520616632722578742686891928315163e-01
7.9540352335823749641008362232241779565811e-01
9.0233873532157604646641857470967806875706e-01
9.2940055646232599961820142198121175169945e-01
9.3591218806236209371007817026111297309399e-01
9.3550721058768426807716878101928159594536e-01
6.7231744288634853745634245569817721843719e-01
4.8994939604240861363848580367630347609520e-01
7.9620158485763214972763535115518607199192e-01
6.5335389117885767085169845813652500510216e-01
8.2095146143246111591906810645014047622681e-01
7.9895755088671327470706273743417114019394e-01
9.2274451299287529870696289435727521777153e-01
7.0789962623533297936262442817678675055504e-01
7.0789962623533597696479091609944589436054e-01
8.3521605819254018943098571980954147875309e-01
8.3521605819253663671730691930861212313175e-01
9.6785540423651550412387223332189023494720e-01
9.5783466928230720505155204591574147343636e-01
4.2548843110969636338580812662257812917233e-01
7.4365938436664957844612899862113408744335e-01
8.6608014594631699267779367801267653703690e-01
9.2091187820951714293471468408824875950813e-01
1.0000000000000000000000000000000000000000e+00
7.4129500240322954152105694447527639567852e-01
8.5651942888820697952212412928929552435875e-01
8.5485255625480172092522934690350666642189e-01
8.6608014594631699267779367801267653703690e-01
8.4648195062596109927710585907334461808205e-01
6.6689950687213850333279197002411819994450e-01
6.4776903728670098825404011222417466342449e-01
8.5485255625480172092522934690350666642189e-01
3.6371329073309599522190183051861822605133e-01
8.1696786083387429311386540575767867267132e-01
9.3559905558540201742090403058682568371296e-01
9.7843005505953861700163542991504073143005e-01
9.4672057882632998371263965964317321777344e-01
9.4683938493088959376109414733946323394775e-01
9.2220421024916365837498233304359018802643e-01
9.8032539921341088628992110898252576589584e-01
1.0000000000000000000000000000000000000000e+00
8.5797469039887053199322508589830249547958e-01
7.3873418766342835439786540518980473279953e-01
6.8741912804568727768383951115538366138935e-01
9.5089284467656465249518760174396447837353e-01
7.9124668737065462220670042370329611003399e-01
3.7632454220301786440572300307394471019506e-01
7.8517058327004396467430069606052711606026e-01
9.1257042750176664558381389724672771990299e-01
9.0296376623965668439808496259502135217190e-01
8.2084194833066703722579404711723327636719e-01
8.8200916343582125289657369648921303451061e-01
8.5761279832375203469041480275336652994156e-01
8.3478553096648810960545006309985183179379e-01
8.7423053152745255900413212657440453767776e-01
8.9359183855753432368373978533782064914703e-01
9.4401026654385866709873198487912304699421e-01
9.3277580449953212404778923882986418902874e-01
8.3521605819254296498854728270089253783226e-01
9.4248182314997852593307925417320802807808e-01
1.0000000000000000000000000000000000000000e+00
2.9250150879247999169407989938918035477400e-01
7.0543182961785555473710473961546085774899e-01
8.3384822321276652612453972324146889150143e-01
7.5722318327176418861768070200923830270767e-01
7.8419113017794206399457834777422249317169e-01
7.4374828799576064852772105950862169265747e-01
8.1291430746973236676211627127486281096935e-01
7.9157510153243715311788264443748630583286e-01
7.6151820544743342722426859836559742689133e-01
8.3521605819253663671730691930861212313175e-01
9.4496149198637680033385777278454042971134e-01
9.2173581530685633200761230909847654402256e-01
7.7803613010957251017174485241412185132504e-01
8.5485255625480616181732784752966836094856e-01
9.4496149198637680033385777278454042971134e-01
7.9218708251866931657758641449618153274059e-01
4.8232651932331799260467164458532352000475e-01
7.1822157406583564398516728033428080379963e-01
8.2534280823485506317638282780535519123077e-01
7.6955946111669981668512718897545710206032e-01
8.3302690841815962841110376757569611072540e-01
6.9153665239727679647785407723858952522278e-01
8.1976592107206758264226209576008841395378e-01
8.1598241519490910533818350813817232847214e-01
8.1547271088104755776271304057445377111435e-01
8.4313488446219297944850268322625197470188e-01
7.8596449732806294985465456193196587264538e-01
8.1547271088100270475251818425022065639496e-01
7.8596449732806294985465456193196587264538e-01
7.8783254120645385132348792467382736504078e-01
8.2534280823485506317638282780535519123077e-01
8.0313068013181088122820483476971276104450e-01
6.8148824917189099181769051938317716121674e-01
4.4506662216969639089825250266585499048233e-01
8.7050030657755961271959677105769515037537e-01
8.3836348391774029309431170986499637365341e-01
9.2534928635977387045841169310733675956726e-01
1.0000000000000000000000000000000000000000e+00
8.9652638663040473687715348205529153347015e-01
9.1041070005963353750644273532088845968246e-01
9.3780974147389173367628245614469051361084e-01
9.1555595288498992090353567618876695632935e-01
9.2714484354288462242266177781857550144196e-01
8.6529863921437122353808035768452100455761e-01
8.0137537507033362871311510389205068349838e-01
9.1988571392071161181291927277925424277782e-01
8.6498759319118245780799725253018550574780e-01
6.9436288309180027589206929405918344855309e-01
1.0000000000000000000000000000000000000000e+00
9.2668445784281694432849008080665953457355e-01
8.6498759319119522537278044183040037751198e-01
0.0000000000000000000000000000000000000000e+00
8.4244680492965862139698174360091798007488e-01
8.6720713658200954121468839730368927121162e-01
8.6441853981888416846857126074610278010368e-01
8.9749620805556673541758527790079824626446e-01
7.4170033072275565189102053409442305564880e-01
8.5136597769661093160209475172450765967369e-01
8.6235207553728854268371151192695833742619e-01
8.9223358569734845247012344771064817905426e-01
6.3236750313034584269900051367585547268391e-01
8.3303759802991561578267010190756991505623e-01
8.0430816858488052289999359345529228448868e-01
8.6441853981888416846857126074610278010368e-01
7.9124668737065184664913886081194505095482e-01
6.3549600598363653602973499801009893417358e-01
9.1669870598012870299697851805831305682659e-01
8.6331176478424631604013939067954197525978e-01
7.8596449732806294985465456193196587264538e-01
5.9979704945464051846215625118929892778397e-01
3.8103158452073226936107630535843782126904e-01
7.0155497791000454022025678568752482533455e-01
9.3792616638925629946044182361220009624958e-01
9.7340128457856012200721806948422454297543e-01
9.5431688328099817386629410975729115307331e-01
7.9540352335823738538778115980676375329494e-01
8.7202253286903652629291627818020060658455e-01
9.2510734627130597473865236679557710886002e-01
9.5431688328099817386629410975729115307331e-01
9.3792616638925629946044182361220009624958e-01
6.0261377317690922872372993879253044724464e-01
6.8344388521969945404777035946608521044254e-01
9.0890893534298566880380576549214310944080e-01
7.6621153767286620528409457620000466704369e-01
8.1357995678398031813571833481546491384506e-01
9.1669870598013292184447209365316666662693e-01
8.8644834253969972959197320960811339318752e-01
7.6655223128180982605783810868160799145699e-01
7.2857851932805928196756894976715557277203e-01
8.7594400271041861216758661612402647733688e-01
4.5707390492998639652810766165202949196100e-01
5.1370412532710452158113412224338389933109e-01
3.9813917225566863855590327148092910647392e-01
4.1032130133454269849124784741434268653393e-01
3.8312304209631181661777077351871412247419e-01
0.0000000000000000000000000000000000000000e+00
3.9102382907312493998119862226303666830063e-01
4.4511555751440495809490016654308419674635e-01
3.3156749746946123647006743340170942246914e-01
3.6630984637521213365118910587625578045845e-01
4.5780922031441922959160706341208424419165e-01
4.8994939604240861363848580367630347609520e-01
4.2548843110969636338580812662257812917233e-01
3.6371329073309599522190183051861822605133e-01
3.7632454220301786440572300307394471019506e-01
2.9250150879247999169407989938918035477400e-01
4.8232651932331799260467164458532352000475e-01
4.4506662216969639089825250266585499048233e-01
0.0000000000000000000000000000000000000000e+00
3.8103158452073226936107630535843782126904e-01
4.5707390492998639652810766165202949196100e-01
0.0000000000000000000000000000000000000000e+00
5.1370412532710452158113412224338389933109e-01
3.9813917225566863855590327148092910647392e-01
4.1032130133454269849124784741434268653393e-01
3.8312304209631181661777077351871412247419e-01
0.0000000000000000000000000000000000000000e+00
3.9102382907312493998119862226303666830063e-01
4.4511555751440495809490016654308419674635e-01
3.3156749746946123647006743340170942246914e-01
3.6630984637521213365118910587625578045845e-01
4.5780922031441922959160706341208424419165e-01
4.8994939604240861363848580367630347609520e-01
4.2548843110969636338580812662257812917233e-01
3.6371329073309599522190183051861822605133e-01
3.7632454220301786440572300307394471019506e-01
2.9250150879247999169407989938918035477400e-01
4.8232651932331799260467164458532352000475e-01
4.4506662216969639089825250266585499048233e-01
0.0000000000000000000000000000000000000000e+00
3.8103158452073226936107630535843782126904e-01
4.5707390492998639652810766165202949196100e-01
0.0000000000000000000000000000000000000000e+00
0.0000000000000000000000000000000000000000e+00
5.1370412532710452158113412224338389933109e-01
3.9813917225566863855590327148092910647392e-01
4.1032130133454269849124784741434268653393e-01
3.8312304209631181661777077351871412247419e-01
0.0000000000000000000000000000000000000000e+00
3.9102382907312493998119862226303666830063e-01
4.4511555751440495809490016654308419674635e-01
3.3156749746946123647006743340170942246914e-01
3.6630984637521213365118910587625578045845e-01
4.5780922031441922959160706341208424419165e-01
4.8994939604240861363848580367630347609520e-01
4.2548843110969636338580812662257812917233e-01
3.6371329073309599522190183051861822605133e-01
3.7632454220301786440572300307394471019506e-01
2.9250150879247999169407989938918035477400e-01
4.8232651932331799260467164458532352000475e-01
4.4506662216969639089825250266585499048233e-01
0.0000000000000000000000000000000000000000e+00
3.8103158452073226936107630535843782126904e-01
4.5707390492998639652810766165202949196100e-01
0.0000000000000000000000000000000000000000e+00
0.0000000000000000000000000000000000000000e+00
0.0000000000000000000000000000000000000000e+00
8.2331701346389309037476778030395507812500e+01
1.4463094653387351673501370896701700985432e+00
