1
0
23
6.5796957131388933426308085472555831074715e-01
4.0731241105309456962402236968046054244041e-01
4.4598574610073521418129871562996413558722e-01
7.4038136983773139565556675734114833176136e-01
3.8108506805946795736872445559129118919373e-01
7.7634822019159077655103828874416649341583e-01
7.9619734475651493532666336250258609652519e-01
3.8777998040029038051557108701672405004501e-01
7.1840260062550997943731090344954282045364e-01
8.7958565106853370263451097343931905925274e-01
7.0286367267757299259756109677255153656006e-01
3.7206188595550621078800190844049211591482e-01
6.3954330501388745311430739093339070677757e-01
9.1562576756348246220795772387646138668060e-01
1.0000000000000000000000000000000000000000e+00
8.5519944863191366124510750523768365383148e-01
0.0000000000000000000000000000000000000000e+00
8.0884471855129391748562284192303195595741e-01
7.0828267391788213291903275603544898331165e-01
8.6624930113492648597883771799388341605663e-01
7.6824800281479554975305745756486430764198e-01
6.8015950428537808036821843415964394807816e-01
4.6556460726525689119981166186335030943155e-01
7.8245843703233752819414803525432944297791e-01
7.1431261865441486591521424998063594102859e-01
7.6838528010691919956087758691865019500256e-01
6.8893920295993105185061722295358777046204e-01
7.8245843703233730614954311022302135825157e-01
7.7075646861235258544553516912856139242649e-01
3.8924748598553227107998964129365049302578e-01
6.6799354397689247875291584932710975408554e-01
7.4755376319867616885517236369196325540543e-01
7.7116350637008013180206944525707513093948e-01
7.0454571329462323259207323644659481942654e-01
5.1336311550732294239907105293241329491138e-01
7.4740462852062850007683891817578114569187e-01
7.8655910461105715825169681920669972896576e-01
9.4261044371454619228423155163909541442990e-02
9.4601220980032030283268795756157487630844e-01
6.6990912920844092326433383277617394924164e-01
7.3433950712991125087114596681203693151474e-01
7.5972713044582718122654796388815157115459e-01
1.0000000000000000000000000000000000000000e+00
7.3032322753234102385988535388605669140816e-01
7.8245843703233752819414803525432944297791e-01
8.6388702611878198656114591358345933258533e-01
4.6436698382127161721655284054577350616455e-01
6.2944971026900597976805329381022602319717e-01
9.3469678041770110077379740687320008873940e-01
9.5904029548675728822360042613581754267216e-01
9.7256365555444423964814859573380090296268e-01
4.5410630504788951355976678314618766307831e-01
9.0698767446786177082174162933370098471642e-01
8.7813200900801635651049537045764736831188e-01
8.6476823565316285336024293428636156022549e-01
7.6974691719075372109415411614463664591312e-01
3.8083565562920468350327496409590821713209e-01
6.0013314671018280765935060117044486105442e-01
8.5927842553697775240806322472053579986095e-01
9.6160060548251036216527154465438798069954e-01
8.4639567229602652442821408840245567262173e-01
6.2402870460664094931502177132642827928066e-01
8.4461007857179848379303166439058259129524e-01
8.7620867978007577203669598020496778190136e-01
7.7516088631552382270939460795489139854908e-01
8.2651339521466038462449432699941098690033e-01
5.9484121885570062637782484671333804726601e-01
4.2282697761491999655092399734712671488523e-01
7.4038136983773139565556675734114833176136e-01
6.6567022092532013299859272592584602534771e-01
8.6999849469721313166559184537618421018124e-01
7.3147930075734135524356815949431620538235e-01
1.0000000000000000000000000000000000000000e+00
7.5460250403934658880444885653560049831867e-01
6.6499543612072675724533610264188610017300e-01
6.9297380522591067730786562606226652860641e-01
8.3057257809602114129177152790362015366554e-01
9.9091376549221532599176498479209840297699e-01
9.5796444874588981832630452117882668972015e-01
3.5812007438809601023166351296822540462017e-01
5.6081227788839882464344555046409368515015e-01
8.2089715384148409516029687438276596367359e-01
8.6911782438461271382834638643544167280197e-01
9.2152677490180723296475662209559231996536e-01
3.6407087083075240219187662660260684788227e-01
8.1896493500306133395127972107729874551296e-01
6.5919880925945106842078757836134172976017e-01
7.4170828459157278622626563446829095482826e-01
9.7949967650484670578237000881927087903023e-01
6.5919880925945106842078757836134172976017e-01
5.9484121885570062637782484671333804726601e-01
8.6678860069643448582610290031880140304565e-01
2.7261351968076308338595481473021209239960e-01
6.8219768303450445401381330157164484262466e-01
9.7282445625660551868918446416500955820084e-01
9.3356727418496354697907690933789126574993e-01
8.9862498222244435730488021363271400332451e-01
7.8197944192731438928234410923323594033718e-01
7.7245988480932781250487551005790010094643e-01
9.2875132835454365931582287885248661041260e-01
9.3513796624595380002631372917676344513893e-01
7.3089144562291652462704405479598790407181e-01
6.3836051911035029959862185933161526918411e-01
6.1980041467253865761222186847589910030365e-01
9.4571759891199613790035982674453407526016e-01
7.0370064146639721425202651516883634030819e-01
3.8128127835984648719147571682697162032127e-01
6.8219768303450445401381330157164484262466e-01
9.0918454455845731931873388020903803408146e-01
8.5068402605851400899439340719254687428474e-01
7.3765206359839674554734756384277716279030e-01
7.2375109601297826777965838118689134716988e-01
8.5316804954348246514683751229313202202320e-01
7.3447579691990416694835630551096983253956e-01
7.8610438269189653048840682458830997347832e-01
9.4454057182439532525108916161116212606430e-01
8.8270583914698497185469250325695611536503e-01
8.1276595252293015736455572550767101347446e-01
8.4438193457218702064892568159848451614380e-01
8.8566255892565948215633397921919822692871e-01
1.0000000000000000000000000000000000000000e+00
2.8294701571781510907044321356806904077530e-01
6.8219768303449945801020248836721293628216e-01
9.2467145882086310137992768432013690471649e-01
8.5880319838060015236180788633646443486214e-01
7.5464524848701908243953084820532239973545e-01
5.6488282327187822051683951940503902733326e-01
8.6857049776772077276376649024314247071743e-01
7.8425465595314369782187213786528445780277e-01
6.9641368731282771165069789276458323001862e-01
8.7165915374285374284113458998035639524460e-01
8.1845459253746644101568108453648164868355e-01
8.5880319838060015236180788633646443486214e-01
7.4312708534551474848228735936572775244713e-01
7.4170828459157278622626563446829095482826e-01
8.8836198053574955135758273172541521489620e-01
7.7153434266934750596078629314433783292770e-01
4.4729493689747018558833246970607433468103e-01
5.9115804722073361787693102087359875440598e-01
7.8995981716933905136812654745881445705891e-01
7.0175376562082358855576558198663406074047e-01
7.3682878991222278131090206443332135677338e-01
5.8322337068554341854564881941769272089005e-01
8.5094998268517973993851910563535057008266e-01
7.8245843703233752819414803525432944297791e-01
6.9827817041900241967766760353697463870049e-01
7.9508439596122260084598565299529582262039e-01
6.7714447727163018520002424338599666953087e-01
6.9550198197376289499516133219003677368164e-01
6.9486250878898914162817845863173715770245e-01
6.8240459062813130231006653048098087310791e-01
7.1069399954634659977159572008531540632248e-01
6.7669850933212438715003145262016914784908e-01
5.7559008927911758934925501307589001953602e-01
3.8624993362792303663866277929628267884254e-01
5.2441452430128820960675284368335269391537e-01
7.1580920750531407126260319273569621145725e-01
8.7222248203967567281580386406858451664448e-01
1.0000000000000000000000000000000000000000e+00
7.8685252987090648080226173988194204866886e-01
9.0698767446785977242029730405192822217941e-01
8.9713876010633031299335016228724271059036e-01
8.4374717938946486306406313815386965870857e-01
8.1248884126275244810244657855946570634842e-01
7.8752964544590642326227225566981360316277e-01
6.3920700749106362792417712626047432422638e-01
8.3038326105189441683762652246514335274696e-01
6.9046610160437205117034409340703859925270e-01
6.4234441693506605375318940787110477685928e-01
9.7615124321132795692790296016028150916100e-01
7.8806865648910862098830421018647029995918e-01
7.1580920750531884522160908090882003307343e-01
0.0000000000000000000000000000000000000000e+00
6.1513015337073773114440200515673495829105e-01
7.1117074139045732827923984586959704756737e-01
7.4215586264137589633804736877209506928921e-01
7.7264508618342386814248357040924020111561e-01
5.8742642765304742269449889136012643575668e-01
8.3224176728349930076689133784384466707706e-01
7.3781746326282704462329320449498482048512e-01
6.6853758891634618155563885011360980570316e-01
5.6848107127696168028307965869316831231117e-01
7.3330178393690470528554214979521930217743e-01
6.4009000432582052741992129085701890289783e-01
7.7316161036115360616349789779633283615112e-01
7.2380888224410822040510993247153237462044e-01
6.1254884154214561675644290517084300518036e-01
8.0170790000522429430418469564756378531456e-01
7.3255739122172347510542067539063282310963e-01
6.1513015337074028465735864301677793264389e-01
6.2152476991884242352170986123383045196533e-01
3.3395899169640097525757482799235731363297e-01
5.7820571872869253038373926756321452558041e-01
8.7958565106853370263451097343931905925274e-01
1.0000000000000000000000000000000000000000e+00
8.9848251629107356297510023068753071129322e-01
6.6667251190702581098435075546149164438248e-01
8.9527480629850630933219690632540732622147e-01
8.4723264108485074608267950679874047636986e-01
8.6276604884031449227421717296238057315350e-01
8.6276604884032004338934029874508269131184e-01
5.7429079093759427543375295499572530388832e-01
5.8510683336524027531311276106862351298332e-01
9.2002923252350932159515650710090994834900e-01
7.0370064146639721425202651516883634030819e-01
7.5712107460602084962886237917700782418251e-01
8.3598916721361216097818669368280097842216e-01
8.8836198053574955135758273172541521489620e-01
6.5960888270332973526421938004205003380775e-01
4.1719670188225382867486246141197625547647e-01
7.7768999024455531809962849365547299385071e-01
3.7263037030080670142240251152543351054192e-01
4.4598574610073521418129871562996413558722e-01
3.8108506805946795736872445559129118919373e-01
3.8777998040029038051557108701672405004501e-01
3.7206188595550621078800190844049211591482e-01
0.0000000000000000000000000000000000000000e+00
4.6556460726525689119981166186335030943155e-01
3.8924748598553227107998964129365049302578e-01
9.4261044371454619228423155163909541442990e-02
4.6436698382127161721655284054577350616455e-01
3.8083565562920468350327496409590821713209e-01
4.2282697761491999655092399734712671488523e-01
3.5812007438809601023166351296822540462017e-01
2.7261351968076308338595481473021209239960e-01
3.8128127835984648719147571682697162032127e-01
2.8294701571781510907044321356806904077530e-01
4.4729493689747018558833246970607433468103e-01
3.8624993362792303663866277929628267884254e-01
0.0000000000000000000000000000000000000000e+00
3.3395899169640097525757482799235731363297e-01
3.7263037030080670142240251152543351054192e-01
0.0000000000000000000000000000000000000000e+00
4.4598574610073521418129871562996413558722e-01
3.8108506805946795736872445559129118919373e-01
3.8777998040029038051557108701672405004501e-01
3.7206188595550621078800190844049211591482e-01
0.0000000000000000000000000000000000000000e+00
4.6556460726525689119981166186335030943155e-01
3.8924748598553227107998964129365049302578e-01
9.4261044371454619228423155163909541442990e-02
4.6436698382127161721655284054577350616455e-01
3.8083565562920468350327496409590821713209e-01
4.2282697761491999655092399734712671488523e-01
3.5812007438809601023166351296822540462017e-01
2.7261351968076308338595481473021209239960e-01
3.8128127835984648719147571682697162032127e-01
2.8294701571781510907044321356806904077530e-01
4.4729493689747018558833246970607433468103e-01
3.8624993362792303663866277929628267884254e-01
0.0000000000000000000000000000000000000000e+00
3.3395899169640097525757482799235731363297e-01
3.7263037030080670142240251152543351054192e-01
0.0000000000000000000000000000000000000000e+00
0.0000000000000000000000000000000000000000e+00
4.4598574610073521418129871562996413558722e-01
3.8108506805946795736872445559129118919373e-01
3.8777998040029038051557108701672405004501e-01
3.7206188595550621078800190844049211591482e-01
0.0000000000000000000000000000000000000000e+00
4.6556460726525689119981166186335030943155e-01
3.8924748598553227107998964129365049302578e-01
9.4261044371454619228423155163909541442990e-02
4.6436698382127161721655284054577350616455e-01
3.8083565562920468350327496409590821713209e-01
4.2282697761491999655092399734712671488523e-01
3.5812007438809601023166351296822540462017e-01
2.7261351968076308338595481473021209239960e-01
3.8128127835984648719147571682697162032127e-01
2.8294701571781510907044321356806904077530e-01
4.4729493689747018558833246970607433468103e-01
3.8624993362792303663866277929628267884254e-01
0.0000000000000000000000000000000000000000e+00
3.3395899169640097525757482799235731363297e-01
3.7263037030080670142240251152543351054192e-01
0.0000000000000000000000000000000000000000e+00
0.0000000000000000000000000000000000000000e+00
0.0000000000000000000000000000000000000000e+00
8.5648714810281546760961646214127540588379e+01
8.1672971785412262768488744768546894192696e-01
